aaron 2,995732 0,000636
abate 1,108663 0,000235
abdiel 3,218876 0,000683
abel 2,120264 0,000450
abhor 1,203973 0,000256
abhorred 1,560648 0,000331
abib 3,506558 0,000744
abide 0,248461 0,000105
abiezer 3,506558 0,000744
abigail 3,218876 0,000683
ability 0,478036 0,000101
abner 2,659260 0,000564
abode 0,579818 0,000123
abominable 0,867501 0,000184
abominably 1,897120 0,000403
abomination 1,609438 0,000683
abraham 1,386294 0,000294
abram 2,813411 0,000597
absalom 2,407946 0,000511
absent 0,371064 0,000079
abundance 0,843970 0,000179
abundant 0,867501 0,000184
abundantly 1,272966 0,000270
abuse 0,562119 0,000119
abused 0,843970 0,000179
accept 0,061875 0,000026
acceptable 0,967584 0,000205
accompany 0,094311 0,000020
accomplish 0,634878 0,000135
accomplished 0,385662 0,000082
accord 0,527633 0,000112
account 0,010050 0,000004
accursed 1,108663 0,000235
accusation 0,891598 0,000189
achar 3,506558 0,000744
achor 3,506558 0,000744
acknowledge 0,274437 0,000116
acquaintance 0,248461 0,000053
acre 0,776529 0,000165
action 0,094311 0,000020
activity 0,415515 0,000088
acts 1,966113 0,000417
adam 0,941609 0,000200
adar 3,506558 0,000744
add 0,094311 0,000020
adder 2,207275 0,000468
addition 0,116534 0,000049
adiel 3,506558 0,000744
adin 3,506558 0,000744
adjure 2,302585 0,000977
adlai 3,506558 0,000744
adoniram 2,813411 0,000597
adrammelech 3,506558 0,000744
adullam 3,218876 0,000683
adullamite 3,506558 0,000744
adulterer 2,302585 0,000489
adulteress 2,813411 0,000597
adultery 1,832581 0,000389
advance 0,061875 0,000013
adventure 0,301105 0,000128
adversary 0,867501 0,000368
adversity 1,560648 0,000662
advertise 1,108663 0,000235
advice 0,186330 0,000040
advise 0,301105 0,000064
advisement 3,506558 0,000744
afar 0,994252 0,000211
affair 0,094311 0,000020
affection 0,235722 0,000050
affinity 1,427116 0,000303
afflict 0,597837 0,000254
affliction 0,798508 0,000169
affright 1,609438 0,000683
afore 1,609438 0,000342
afraid 0,105361 0,000022
afternoon 0,274437 0,000058
afterward 1,139434 0,000242
agag 3,506558 0,000744
agate 2,659260 0,000564
age 0,040822 0,000009
aged 0,198451 0,000042
agee 3,506558 0,000744
agone 2,659260 0,000564
agreement 0,210721 0,000045
ague 1,609438 0,000342
ahab 2,525729 0,000536
ahi 3,506558 0,000744
aid 0,210721 0,000045
ain 2,525729 0,000536
air 0,061875 0,000013
akan 3,506558 0,000744
alamoth 3,506558 0,000744
alarm 0,314711 0,000067
alas 0,462035 0,000098
algum 3,506558 0,000744
alien 1,272966 0,000270
alike 0,287682 0,000061
alive 0,051293 0,000011
allowance 0,713350 0,000151
almighty 1,108663 0,000235
almon 3,506558 0,000744
almond 1,897120 0,000403
almug 3,506558 0,000744
aloe 2,659260 0,000564
aloud 0,301105 0,000064
altar 0,755023 0,000320
alter 0,235722 0,000050
altogether 0,198451 0,000042
alvah 3,506558 0,000744
alvan 3,506558 0,000744
alway 2,659260 0,000564
amal 3,506558 0,000744
amalekite 3,506558 0,000744
amazed 0,634878 0,000135
ambassador 1,108663 0,000235
ambush 1,309333 0,000278
ambushment 3,218876 0,000683
amen 1,237874 0,000263
amend 0,820981 0,000348
amerce 3,506558 0,000744
amethyst 2,407946 0,000511
ami 2,207275 0,000468
amiss 0,798508 0,000169
ammonite 2,995732 0,000636
ammonites 3,218876 0,000683
ammonitess 3,506558 0,000744
amorite 3,506558 0,000744
amos 3,218876 0,000683
ancestor 0,462035 0,000098
ancient 0,198451 0,000042
ancients 1,347074 0,000286
angel 0,579818 0,000123
angels 0,776529 0,000165
anger 0,287682 0,000061
angry 0,174353 0,000037
anguish 0,579818 0,000123
anim 3,218876 0,000683
anoint 1,309333 0,000834
answer 0,020203 0,000009
answerable 1,660731 0,000352
apace 1,771957 0,000376
ape 1,203973 0,000256
apiece 1,309333 0,000278
apothecary 1,609438 0,000683
apparel 1,171183 0,000497
appearance 0,072571 0,000015
appease 0,941609 0,000200
appertain 1,832581 0,000778
apple 0,494296 0,000105
appoint 0,328504 0,000139
appointment 0,579818 0,000123
approach 0,040822 0,000017
apron 1,203973 0,000256
apt 0,579818 0,000123
ara 3,506558 0,000744
arab 1,386294 0,000294
arabia 2,120264 0,000450
arabian 1,203973 0,000256
arad 3,506558 0,000744
aramitess 3,506558 0,000744
arba 3,506558 0,000744
archer 1,560648 0,000662
ark 1,560648 0,000331
arkite 3,218876 0,000683
arm 0,030459 0,000013
armed 0,385662 0,000082
armenia 2,813411 0,000597
armour 1,514128 0,000321
armourbearer 3,506558 0,000744
army 0,356675 0,000151
array 0,248461 0,000105
arrogancy 2,659260 0,000564
arrow 0,510826 0,000217
art 0,127833 0,000027
artificer 1,897120 0,000805
artillery 1,386294 0,000294
asa 2,813411 0,000597
asahel 3,506558 0,000744
asaph 2,995732 0,000636
ascend 0,430783 0,000274
ascent 0,994252 0,000211
ascribe 1,272966 0,000540
ash 0,400478 0,000085
ashamed 0,248461 0,000053
asher 3,218876 0,000683
asherites 3,506558 0,000744
ashtoreth 3,506558 0,000744
ashur 3,506558 0,000744
asleep 0,162519 0,000034
asp 2,525729 0,000536
ass 0,916291 0,000389
assay 2,525729 0,000536
assemble 0,462035 0,000196
assembling 1,714798 0,000364
assembly 0,798508 0,000169
assent 0,579818 0,000123
assign 0,597837 0,000127
assurance 0,430783 0,000091
assure 0,127833 0,000027
assuredly 0,967584 0,000205
asswage 3,218876 0,000683
assyria 2,407946 0,000511
assyrians 2,302585 0,000489
astonish 0,261365 0,000055
astonishment 0,301105 0,000064
astray 1,078810 0,000229
asunder 1,108663 0,000235
athirst 2,525729 0,000536
atonement 1,427116 0,000606
attain 0,328504 0,000070
attendance 0,776529 0,000165
attent 2,813411 0,000597
attire 0,916291 0,000194
audience 0,733969 0,000156
augment 1,139434 0,000242
aul 3,506558 0,000744
aunt 0,798508 0,000169
ava 2,995732 0,000636
avenge 0,891598 0,000568
avenger 1,560648 0,000331
avoid 0,105361 0,000022
avouch 2,995732 0,000636
awake 0,150823 0,000096
axe 1,049822 0,000223
axis 1,237874 0,000263
axletree 3,218876 0,000683
baal 2,995732 0,000636
baalath 3,506558 0,000744
baalim 3,218876 0,000683
babe 1,272966 0,000270
babel 1,714798 0,000364
babylon 1,771957 0,000376
babylonish 3,506558 0,000744
backbone 1,966113 0,000417
backside 2,302585 0,000489
bad 0,020203 0,000009
badger 2,525729 0,000536
badness 2,040221 0,000433
bag 0,446287 0,000189
bake 1,897120 0,000403
baked 1,237874 0,000263
bakemeat 3,506558 0,000744
baken 3,506558 0,000744
baker 1,203973 0,000511
balaam 2,659260 0,000564
balak 3,506558 0,000744
balance 0,342490 0,000073
bald 0,967584 0,000205
baldness 2,813411 0,000597
balm 1,560648 0,000331
bamoth 3,506558 0,000744
band 0,342490 0,000145
bani 3,506558 0,000744
banish 0,562119 0,000119
bank 0,210721 0,000089
bar 0,235722 0,000100
bare 0,150823 0,000064
barefoot 1,609438 0,000342
barley 1,609438 0,000342
barrel 0,673345 0,000286
barren 0,713350 0,000151
base 0,094311 0,000020
basis 0,673345 0,000143
basket 0,579818 0,000246
bason 3,218876 0,000683
bastard 1,560648 0,000331
bat 1,272966 0,000270
bath 0,274437 0,000058
bathe 1,139434 0,000242
batter 0,891598 0,000189
battle 0,235722 0,000100
battlement 2,995732 0,000636
bay 0,510826 0,000108
bdellium 3,506558 0,000744
beam 0,430783 0,000183
bean 1,309333 0,000278
bear 0,000000 0,000000
beard 0,527633 0,000224
bearer 0,776529 0,000165
beast 0,235722 0,000100
beat 0,083382 0,000053
beautiful 0,083382 0,000018
beauty 0,162519 0,000034
becher 3,218876 0,000683
bed 0,051293 0,000022
bedad 2,995732 0,000636
bedchamber 1,897120 0,000403
bedstead 1,237874 0,000263
bee 0,673345 0,000143
beer 0,941609 0,000200
beerothite 3,506558 0,000744
beetle 1,514128 0,000321
beeves 2,813411 0,000597
befall 0,527633 0,000336
beforetime 3,506558 0,000744
beget 1,171183 0,000746
beggar 0,597837 0,000127
beguile 1,386294 0,000294
behalf 0,713350 0,000151
behave 0,462035 0,000196
behaviour 0,941609 0,000200
behead 1,897120 0,000403
behold 0,235722 0,000100
bekah 3,506558 0,000744
bela 3,218876 0,000683
belah 3,506558 0,000744
belaites 3,506558 0,000744
belial 2,659260 0,000564
bell 0,301105 0,000128
belly 0,798508 0,000169
belong 0,072571 0,000046
beloved 0,415515 0,000088
ben 1,609438 0,000342
beneath 0,198451 0,000042
benefit 0,356675 0,000076
benjamin 1,714798 0,000364
benjamite 3,218876 0,000683
beno 3,506558 0,000744
bereave 1,832581 0,000389
beri 3,218876 0,000683
berith 3,506558 0,000744
beryl 2,659260 0,000564
beseech 0,891598 0,000189
beset 0,941609 0,000200
besiege 1,272966 0,000540
besought 1,309333 0,000278
bestir 2,120264 0,000450
bestow 0,430783 0,000183
bethel 2,995732 0,000636
bethink 1,272966 0,000270
bethlehem 2,659260 0,000564
bethlehemite 3,506558 0,000744
bethuel 3,506558 0,000744
betime 1,771957 0,000376
betray 0,301105 0,000064
betroth 1,660731 0,000705
betwixt 1,514128 0,000321
bewail 1,469676 0,000624
beware 0,820981 0,000174
bezaleel 3,218876 0,000683
bible 0,755023 0,000160
bid 0,186330 0,000158
bier 2,040221 0,000433
bind 0,030459 0,000013
binding 0,867501 0,000184
bird 0,150823 0,000064
birth 0,301105 0,000064
birthday 1,108663 0,000235
birthright 2,040221 0,000433
bit 0,139262 0,000030
bite 0,371064 0,000079
bitter 0,210721 0,000045
bitterly 0,579818 0,000123
bitterness 0,634878 0,000135
black 0,061875 0,000013
blade 0,616186 0,000131
blain 3,506558 0,000744
blame 0,162519 0,000034
blameless 1,469676 0,000312
blaspheme 1,832581 0,000778
blasphemy 1,427116 0,000303
blast 0,462035 0,000196
blasting 2,407946 0,000511
bleat 1,514128 0,000321
blemish 1,660731 0,000705
bless 0,415515 0,000088
blessed 0,356675 0,000076
blessing 0,415515 0,000176
blind 0,174353 0,000037
blindness 0,994252 0,000211
blood 0,116534 0,000025
bloody 0,527633 0,000112
bloom 0,527633 0,000112
blossom 0,673345 0,000286
blot 0,820981 0,000174
blow 0,061875 0,000039
blue 0,174353 0,000037
board 0,261365 0,000111
boast 0,328504 0,000070
boat 0,446287 0,000095
body 0,010050 0,000004
boil 0,385662 0,000246
boldly 0,462035 0,000098
boll 3,218876 0,000683
bolster 2,040221 0,000433
bolt 0,494296 0,000210
bond 0,478036 0,000203
bondage 1,203973 0,000256
bondmaid 3,506558 0,001488
bondman 3,218876 0,000683
bondmen 2,813411 0,000597
bondservant 3,506558 0,000744
bondwoman 2,995732 0,001272
bone 0,198451 0,000084
bonnet 0,994252 0,000211
book 0,040822 0,000009
booth 1,427116 0,000303
booty 1,309333 0,000278
border 0,400478 0,000170
bore 0,820981 0,000174
borrow 0,462035 0,000196
bosom 0,446287 0,000095
botch 2,407946 0,000511
bottle 0,430783 0,000183
bough 0,916291 0,000389
bound 0,301105 0,000064
bounty 1,309333 0,000278
bow 0,127833 0,000109
bowels 1,309333 0,000278
bowl 0,616186 0,000262
box 0,248461 0,000053
boy 0,105361 0,000022
bracelet 1,309333 0,000556
brake 1,514128 0,000321
bramble 1,714798 0,000364
branch 0,186330 0,000079
brand 0,733969 0,000156
brasen 3,506558 0,000744
brass 0,462035 0,000098
breach 0,274437 0,000116
bread 0,248461 0,000053
breadth 0,653926 0,000139
break 0,010050 0,000006
breast 0,198451 0,000084
breastplate 2,659260 0,000564
breath 0,174353 0,000037
breathe 0,261365 0,000111
breeches 1,203973 0,000256
breed 0,342490 0,000145
brethren 0,916291 0,000194
bribe 0,891598 0,000378
brick 0,653926 0,000278
bridle 0,916291 0,000194
brier 2,302585 0,000489
bright 0,094311 0,000020
brightness 0,634878 0,000135
brim 0,994252 0,000211
brimstone 1,966113 0,000417
bring 0,000000 0,000000
bringer 2,813411 0,000597
bringeth 2,525729 0,000536
brink 1,139434 0,000242
broad 0,127833 0,000027
broider 2,813411 0,000597
brook 0,994252 0,000211
brooks 1,714798 0,000364
broth 1,832581 0,000389
brother 0,127833 0,000027
brothers 0,356675 0,000076
brown 0,274437 0,000058
bruise 0,673345 0,000286
bucket 1,049822 0,000223
buckler 1,897120 0,000805
bud 0,867501 0,000368
build 0,094311 0,000060
builder 1,108663 0,000235
building 0,210721 0,000045
bul 3,506558 0,000744
bull 0,430783 0,000091
bullock 1,714798 0,000728
bulrush 2,407946 0,000511
bulwark 1,386294 0,000294
bunch 0,776529 0,000330
bundle 0,653926 0,000278
burden 0,198451 0,000084
burial 0,941609 0,000200
burn 0,061875 0,000053
bury 0,186330 0,000119
bush 0,430783 0,000091
business 0,040822 0,000009
busy 0,210721 0,000089
butler 1,139434 0,000484
butlership 3,506558 0,000744
butter 0,798508 0,000169
buttock 2,525729 0,000536
buz 3,506558 0,000744
byway 2,302585 0,000489
byword 3,506558 0,000744
cab 1,272966 0,000270
cain 1,660731 0,000352
cake 0,733969 0,000312
calamity 0,755023 0,000160
calamus 3,218876 0,000683
caldron 2,525729 0,001072
caleb 2,813411 0,000597
calf 0,798508 0,000339
calling 0,733969 0,000156
camel 1,309333 0,000556
camp 0,544727 0,000347
canaan 2,659260 0,000564
canaanite 3,218876 0,000683
canaanites 3,506558 0,000744
canaanitess 3,506558 0,000744
canaanitish 3,506558 0,000744
candlestick 1,427116 0,000606
canst 1,514128 0,000321
caphtor 3,218876 0,000683
caphtorim 3,506558 0,000744
captain 0,328504 0,000139
captive 0,755023 0,000320
captivity 1,714798 0,000364
carbuncle 2,207275 0,000468
carcase 1,897120 0,000805
care 0,000000 0,000000
careful 0,174353 0,000037
carefully 0,139262 0,000030
careless 0,494296 0,000105
carmel 2,813411 0,000597
carmelite 2,813411 0,000597
carmelitess 3,506558 0,000744
carnally 3,506558 0,000744
carpenter 0,891598 0,000189
carriage 0,356675 0,000076
carry 0,010050 0,000006
cart 0,597837 0,000127
carve 1,272966 0,000270
carved 0,843970 0,000179
carving 2,525729 0,000536
cassia 2,995732 0,000636
cast 0,116534 0,000025
casting 0,544727 0,000116
castle 0,755023 0,000320
catch 0,072571 0,000031
cattle 0,544727 0,000116
caul 3,218876 0,000683
causeless 2,207275 0,000468
causeway 2,302585 0,000489
cave 0,653926 0,000278
cease 0,061875 0,000039
cedar 1,386294 0,000588
ceiling 0,510826 0,000108
celebrate 0,967584 0,000205
cellar 0,798508 0,000169
censer 2,407946 0,000511
censers 2,813411 0,000597
ceremony 0,446287 0,000095
certainty 0,342490 0,000073
certify 1,771957 0,000376
chafe 1,021651 0,000217
chain 0,174353 0,000074
chamber 0,328504 0,000139
chamberlain 1,771957 0,000376
chameleon 2,813411 0,000597
chamoix 1,714798 0,000364
champaign 2,995732 0,000636
champion 0,916291 0,000194
chance 0,061875 0,000013
change 0,010050 0,000006
channel 0,544727 0,000116
chapiter 3,506558 0,001488
chapman 2,407946 0,000511
charge 0,040822 0,000026
chargeable 2,407946 0,000511
charger 2,302585 0,000977
chariot 1,139434 0,000484
charmer 2,207275 0,000468
chase 0,430783 0,000274
chasten 1,771957 0,000752
chastise 1,560648 0,000662
chastisement 1,771957 0,000376
checker 2,659260 0,000564
cheek 0,261365 0,000111
cheer 0,356675 0,000076
cheese 0,967584 0,000411
cherish 0,653926 0,000278
cherub 1,897120 0,000403
chesil 3,506558 0,000744
chest 0,342490 0,000073
chestnut 1,108663 0,000235
chew 0,967584 0,000411
chide 1,771957 0,000376
chiding 2,207275 0,000468
chief 0,094311 0,000040
child 0,040822 0,000017
childhood 0,527633 0,000112
childless 1,966113 0,000417
chilion 3,506558 0,000744
choice 0,150823 0,000032
choose 0,020203 0,000013
chronicle 1,139434 0,000242
chun 3,506558 0,000744
churlish 2,407946 0,000511
cinnamon 1,966113 0,000417
circuit 0,867501 0,000184
circumcise 2,813411 0,001791
circumcision 2,207275 0,000468
circumspect 1,897120 0,000403
cistern 1,560648 0,000331
city 0,051293 0,000022
clap 0,755023 0,000160
claw 0,798508 0,000169
clay 0,494296 0,000105
clean 0,210721 0,000045
cleanness 2,813411 0,000597
cleanse 1,237874 0,000525
cleansing 1,832581 0,000389
clearness 1,049822 0,000223
cleave 1,309333 0,000834
cleft 1,237874 0,000263
cliff 0,916291 0,000194
clift 3,506558 0,000744
climb 0,400478 0,000085
close 0,010050 0,000004
cloth 0,356675 0,000076
clothe 0,287682 0,000183
clothes 0,127833 0,000027
cloths 1,560648 0,000331
cloud 0,150823 0,000064
cloudy 1,078810 0,000229
clout 2,407946 0,000511
cloven 2,040221 0,000433
cluster 0,693147 0,000294
coal 0,527633 0,000224
coast 0,544727 0,000231
coat 0,235722 0,000100
coffer 1,660731 0,000352
coffin 1,021651 0,000217
cold 0,040822 0,000009
collar 0,634878 0,000135
collection 0,162519 0,000034
college 0,693147 0,000147
colossians 2,995732 0,000636
colour 0,510826 0,000217
colt 1,560648 0,000662
comely 1,171183 0,000249
cometh 1,897120 0,000403
comfort 0,105361 0,000045
comfortable 0,261365 0,000055
comfortably 0,693147 0,000147
comforter 1,469676 0,000312
command 0,116534 0,000074
commandment 1,514128 0,000643
commend 0,798508 0,000169
commit 0,116534 0,000049
common 0,072571 0,000015
commune 1,560648 0,000994
communication 0,510826 0,000108
companion 0,150823 0,000064
company 0,020203 0,000009
compare 0,162519 0,000069
comparison 0,446287 0,000095
compass 0,579818 0,000246
compassing 2,525729 0,000536
compassion 0,820981 0,000174
compel 0,385662 0,000164
complain 0,198451 0,000084
complaint 0,478036 0,000101
complete 0,105361 0,000022
composition 0,798508 0,000169
compound 1,021651 0,000217
conceal 0,198451 0,000042
conceive 0,223144 0,000095
conception 0,562119 0,000119
concubine 1,771957 0,000752
condemn 0,446287 0,000284
condition 0,051293 0,000011
conduct 0,094311 0,000040
conduit 2,302585 0,000489
coney 3,218876 0,000683
confection 2,813411 0,000597
confectionary 3,218876 0,000683
confederate 1,771957 0,000376
confer 0,820981 0,000174
confess 0,127833 0,000027
confession 0,579818 0,000123
confidence 0,139262 0,000030
confirm 0,139262 0,000059
confound 0,430783 0,000183
confusion 0,287682 0,000061
congeal 1,386294 0,000294
congratulate 0,798508 0,000169
congregation 1,272966 0,000270
consecrate 1,832581 0,000389
consecrated 1,309333 0,000278
consecration 2,207275 0,000937
consent 0,223144 0,000095
conspiracy 1,078810 0,000229
conspirator 1,832581 0,000389
conspire 1,427116 0,000303
constant 0,051293 0,000011
constrain 0,733969 0,000156
consult 0,400478 0,000085
consulter 2,995732 0,000636
consume 0,462035 0,000294
consumption 1,139434 0,000242
contend 0,597837 0,000127
content 0,174353 0,000037
contents 0,094311 0,000020
continual 0,693147 0,000147
continually 0,446287 0,000095
continuance 1,237874 0,000263
continue 0,186330 0,000040
continued 0,072571 0,000015
contrary 0,198451 0,000042
controversy 1,386294 0,000588
conversant 1,609438 0,000342
convey 0,287682 0,000061
convocation 2,995732 0,001272
cook 0,223144 0,000095
cool 0,248461 0,000053
cope 1,171183 0,000249
copulation 2,995732 0,000636
cord 0,693147 0,000294
coriander 3,506558 0,000744
corinthian 2,040221 0,000433
cormorant 2,407946 0,000511
corn 0,527633 0,000112
corner 0,072571 0,000031
cornet 2,407946 0,001022
corpse 0,616186 0,000131
corrupt 0,235722 0,000100
corruption 0,820981 0,000174
corruptly 2,995732 0,000636
cost 0,105361 0,000022
costly 0,916291 0,000194
cote 2,659260 0,000564
couch 0,579818 0,000369
coulter 3,218876 0,001366
counsel 0,462035 0,000196
counsellor 0,994252 0,000422
count 0,116534 0,000049
countenance 0,371064 0,000079
country 0,010050 0,000004
couple 0,248461 0,000105
coupling 2,407946 0,001022
courage 0,150823 0,000032
courageous 1,171183 0,000249
courageously 2,207275 0,000468
court 0,094311 0,000040
covenant 1,469676 0,000624
cover 0,223144 0,000095
covered 0,139262 0,000030
covering 0,415515 0,000088
covert 1,609438 0,000342
covet 0,967584 0,000411
covetousness 1,771957 0,000376
cow 0,653926 0,000139
coz 3,506558 0,000744
cracknel 3,506558 0,000744
craftsman 2,525729 0,001072
create 0,094311 0,000020
creature 0,116534 0,000025
creditor 1,237874 0,000263
creep 0,198451 0,000084
crimson 0,891598 0,000189
crooked 0,755023 0,000160
crop 0,653926 0,000139
crouch 0,941609 0,000200
crown 0,210721 0,000045
cruel 0,261365 0,000055
cruelty 0,462035 0,000098
cruse 3,218876 0,000683
crush 0,274437 0,000058
crying 1,560648 0,000331
cubit 2,120264 0,000900
cucumber 1,897120 0,000403
cud 2,120264 0,000450
cumbrance 3,218876 0,000683
cunning 0,462035 0,000098
cup 0,342490 0,000145
cupbearer 2,813411 0,000597
curious 0,261365 0,000055
current 0,116534 0,000025
curse 0,342490 0,000218
cursing 1,203973 0,000256
curtain 0,328504 0,000139
cush 3,506558 0,000744
custody 1,560648 0,000331
custom 0,210721 0,000045
customs 0,713350 0,000151
cut 0,030459 0,000013
cutting 2,659260 0,000564
cymbal 2,040221 0,000433
cyrus 1,832581 0,000389
dagger 1,139434 0,000242
dagon 2,813411 0,000597
daily 0,248461 0,000053
dainty 0,634878 0,000135
dale 1,714798 0,000364
dam 1,203973 0,000256
damascus 2,525729 0,000536
damsel 1,237874 0,000525
dan 1,897120 0,000403
dance 0,235722 0,000150
dancing 0,371064 0,000079
daniel 1,427116 0,000303
darius 2,302585 0,000489
dark 0,051293 0,000011
darken 0,634878 0,000135
darkish 2,995732 0,000636
darkness 0,186330 0,000040
darts 1,386294 0,000294
dash 0,400478 0,000170
daub 1,660731 0,000352
daughter 0,174353 0,000074
david 0,597837 0,000127
dawn 0,314711 0,000067
day 0,000000 0,000000
dead 0,072571 0,000015
deadly 0,478036 0,000101
deaf 0,634878 0,000135
deal 0,061875 0,000039
dealings 1,237874 0,000263
dearth 1,966113 0,000417
death 0,020203 0,000004
deborah 3,506558 0,000744
debt 0,494296 0,000105
decay 0,544727 0,000116
deceitfully 2,813411 0,000597
deceive 0,261365 0,000111
deceiver 2,040221 0,000433
decide 0,040822 0,000009
declare 0,139262 0,000059
decline 0,356675 0,000151
decrease 1,272966 0,000270
decree 0,673345 0,000143
dedan 2,995732 0,000636
dedicate 0,967584 0,000616
dedication 1,832581 0,000389
deed 0,287682 0,000122
deep 0,020203 0,000009
deer 0,867501 0,000184
defeat 0,634878 0,000135
defence 0,527633 0,000112
defend 0,301105 0,000128
defer 0,941609 0,000200
defile 1,078810 0,000458
defraud 1,897120 0,000805
defy 0,693147 0,000294
degree 0,150823 0,000064
delay 0,186330 0,000079
delicate 0,301105 0,000064
delicately 1,171183 0,000249
delicateness 3,506558 0,000744
delight 0,150823 0,000064
delighted 0,287682 0,000061
delilah 2,995732 0,000636
deliver 0,223144 0,000095
deliverance 0,941609 0,000200
deliverer 1,897120 0,000403
demand 0,051293 0,000011
den 0,693147 0,000147
denounce 1,078810 0,000229
deny 0,072571 0,000031
depart 0,162519 0,000103
deprive 0,415515 0,000088
depths 0,446287 0,000095
depute 2,525729 0,000536
deputy 1,272966 0,000270
descend 0,174353 0,000111
description 0,248461 0,000053
descry 1,469676 0,000312
desert 0,314711 0,000067
deserving 0,891598 0,000189
desire 0,051293 0,000022
desolate 0,733969 0,000156
desolation 0,916291 0,000194
despair 0,174353 0,000037
despise 0,342490 0,000145
destitute 0,916291 0,000194
destroy 0,061875 0,000039
destroyer 1,427116 0,000303
destruction 0,342490 0,000073
detain 0,544727 0,000231
determine 0,061875 0,000026
detest 0,891598 0,000189
deuteronomy 2,995732 0,000636
device 0,597837 0,000127
devil 0,301105 0,000064
devise 0,733969 0,000312
devote 0,673345 0,000143
devoted 0,301105 0,000064
devour 0,462035 0,000294
dew 0,755023 0,000160
dial 1,897120 0,000403
diamond 0,673345 0,000143
didst 1,660731 0,000352
die 0,010050 0,000006
difference 0,174353 0,000074
dig 0,356675 0,000151
dignity 0,314711 0,000067
diligent 1,469676 0,000312
diligently 1,203973 0,000256
dim 0,356675 0,000076
diminish 0,776529 0,000165
diminished 0,776529 0,000165
dinah 3,218876 0,000683
dine 0,562119 0,000119
dip 0,673345 0,000286
direct 0,040822 0,000009
direction 0,051293 0,000011
dirt 0,544727 0,000116
disallow 2,659260 0,001129
discern 0,634878 0,000269
discharge 0,478036 0,000101
discomfited 1,966113 0,000417
discomfiture 1,660731 0,000352
discontent 0,616186 0,000131
discourage 0,693147 0,000294
discover 0,030459 0,000013
discreet 0,843970 0,000179
disdain 0,673345 0,000143
disease 0,328504 0,000139
diseased 1,237874 0,000263
disguise 0,494296 0,000210
dish 0,478036 0,000203
disinherit 2,207275 0,000468
dismay 0,597837 0,000127
dismiss 0,430783 0,000091
disobedient 1,966113 0,000417
disobey 1,108663 0,000235
disperse 0,776529 0,000330
displease 1,021651 0,000217
displeased 1,108663 0,000235
displeasure 0,941609 0,000200
dispossess 2,120264 0,000450
dispossessed 2,525729 0,000536
disquiet 1,309333 0,000278
dissemble 1,609438 0,000342
distant 0,162519 0,000034
distil 1,514128 0,000321
distress 0,274437 0,000058
distressed 0,673345 0,000143
distribute 0,210721 0,000089
ditch 0,994252 0,000211
diver 1,021651 0,000217
diverse 1,514128 0,000321
divide 0,150823 0,000096
divination 1,966113 0,000417
divine 0,356675 0,000076
diviner 2,120264 0,000450
division 0,527633 0,000224
divorce 1,237874 0,000263
divorcement 3,506558 0,000744
doctrine 0,616186 0,000131
dodo 2,813411 0,000597
doeg 3,506558 0,000744
doer 1,832581 0,000778
doest 2,659260 0,000564
doeth 2,525729 0,000536
dog 0,186330 0,000079
doings 0,967584 0,000205
domain 0,328504 0,000070
dominion 0,941609 0,000200
door 0,000000 0,000000
dor 3,506558 0,000744
dost 1,237874 0,000263
doth 1,049822 0,000223
double 0,139262 0,000059
doubt 0,040822 0,000009
doubtless 0,430783 0,000091
dough 1,897120 0,000403
dove 0,916291 0,000194
downward 0,798508 0,000169
dowry 1,714798 0,000364
dragon 1,021651 0,000217
dram 1,832581 0,000389
draught 0,527633 0,000112
drave 2,659260 0,000564
draw 0,020203 0,000017
drawer 0,820981 0,000348
dread 0,248461 0,000053
dreadful 0,342490 0,000073
dream 0,083382 0,000053
dreamer 1,771957 0,000376
dress 0,162519 0,000034
dressed 0,261365 0,000055
dresser 1,771957 0,000376
drink 0,072571 0,000031
drinking 0,371064 0,000079
drive 0,030459 0,000026
driver 0,713350 0,000151
dromedaries 2,995732 0,000636
drop 0,061875 0,000026
drought 2,120264 0,000450
drove 2,120264 0,000450
drown 0,314711 0,000067
drunk 0,415515 0,000088
drunkard 0,994252 0,000211
drunken 0,820981 0,000174
drunkenness 1,237874 0,000263
dry 0,116534 0,000049
duke 0,967584 0,000411
dumb 0,562119 0,000119
dung 1,469676 0,000312
dungeon 1,237874 0,000263
dunghill 2,407946 0,000511
dust 0,162519 0,000034
duty 0,061875 0,000013
dwarf 1,021651 0,000217
dwell 0,342490 0,000218
dwelling 0,494296 0,000105
dwellings 1,514128 0,000321
dye 1,049822 0,000223
eagle 0,755023 0,000320
ear 0,061875 0,000026
eared 2,120264 0,000450
earing 3,506558 0,000744
earnestly 0,415515 0,000088
earring 1,660731 0,000705
earth 0,051293 0,000011
earthen 1,897120 0,000403
earthquake 1,021651 0,000217
ease 0,150823 0,000032
east 0,235722 0,000050
eastward 1,203973 0,000256
easy 0,000000 0,000000
eat 0,040822 0,000017
eater 1,469676 0,000312
eating 0,235722 0,000050
ebenezer 2,813411 0,000597
ecclesiastes 2,525729 0,000536
eden 1,771957 0,000376
edge 0,150823 0,000064
edition 0,287682 0,000122
edomite 3,218876 0,000683
eggs 0,776529 0,000165
egypt 0,891598 0,000189
egyptian 1,108663 0,000471
eighteen 0,462035 0,000098
eighteenth 1,203973 0,000256
eighth 0,798508 0,000169
eightieth 2,407946 0,000511
eker 3,506558 0,000744
ekron 3,506558 0,000744
eld 0,385662 0,000164
elder 1,139434 0,000242
eleazar 3,218876 0,000683
eleventh 1,347074 0,000286
eli 2,995732 0,000636
elihu 3,506558 0,000744
elijah 2,120264 0,000450
eliphalet 3,506558 0,000744
elisha 2,659260 0,000564
elishah 3,506558 0,000744
elkanah 3,506558 0,000744
ellasar 3,506558 0,000744
elon 3,506558 0,000744
eloquent 0,820981 0,000174
embalm 2,302585 0,000489
embalmed 1,966113 0,000417
embrace 0,235722 0,000100
embroider 1,049822 0,000223
embroiderer 2,813411 0,000597
emerald 1,309333 0,000278
emerod 3,506558 0,000744
employ 0,235722 0,000100
enam 3,506558 0,000744
encamp 1,560648 0,000662
encamping 2,995732 0,000636
enchanter 2,120264 0,000450
enchantment 1,139434 0,000484
encourage 0,301105 0,000128
endow 0,673345 0,000143
endue 1,832581 0,000389
endure 0,210721 0,000045
enemy 0,105361 0,000045
engine 0,776529 0,000165
engrave 1,237874 0,000263
engraver 2,659260 0,000564
engraving 1,660731 0,000352
enjoy 0,072571 0,000031
enlarge 0,673345 0,000286
enlighten 0,562119 0,000119
enmity 1,171183 0,000249
enoch 2,813411 0,000597
enos 3,218876 0,000683
enquire 1,771957 0,000752
enrich 0,941609 0,000200
ensign 1,469676 0,000312
entangle 1,078810 0,000229
enter 0,020203 0,000013
entice 1,386294 0,000294
entrance 0,210721 0,000045
entreat 0,713350 0,000151
entry 0,776529 0,000165
environ 1,832581 0,000389
envy 0,446287 0,000095
ephah 3,506558 0,000744
ephesians 2,302585 0,000489
ephod 2,995732 0,000636
ephraim 2,813411 0,000597
ephraimite 3,506558 0,000744
ephrathite 3,506558 0,000744
equally 0,223144 0,000047
ere 0,634878 0,000135
erect 0,446287 0,000095
err 0,733969 0,000312
errand 0,733969 0,000156
error 0,072571 0,000015
esau 2,207275 0,000468
escape 0,061875 0,000026
espouse 1,469676 0,000312
espy 1,966113 0,000835
establish 0,579818 0,000123
established 0,301105 0,000064
establishment 0,673345 0,000143
estate 0,478036 0,000101
esteemed 0,916291 0,000194
esther 2,407946 0,000511
estimate 0,653926 0,000139
estimation 1,139434 0,000484
eternal 0,415515 0,000088
ethan 3,506558 0,000744
ethanim 3,506558 0,000744
ether 1,832581 0,000389
ethiopia 2,302585 0,000489
ethiopian 2,302585 0,000977
eunuch 1,966113 0,000417
euphrates 2,207275 0,000468
eve 0,673345 0,000143
evening 0,072571 0,000015
eventide 2,120264 0,000450
everlasting 0,891598 0,000189
evil 0,150823 0,000064
ewe 2,407946 0,001022
exact 0,274437 0,000116
exalt 0,597837 0,000254
exceed 0,462035 0,000294
exceedingly 0,462035 0,000098
excel 0,994252 0,000422
excellency 1,347074 0,000286
exchange 0,210721 0,000045
execute 0,527633 0,000336
exempt 0,314711 0,000067
exile 0,776529 0,000165
exodus 2,040221 0,000433
expel 1,203973 0,000511
experience 0,072571 0,000015
expert 1,021651 0,000217
expire 0,916291 0,000194
expound 1,309333 0,000556
express 0,072571 0,000015
expressly 0,820981 0,000174
extreme 0,186330 0,000040
eye 0,000000 0,000000
eyebrow 0,673345 0,000143
eyed 0,597837 0,000127
ezekiel 2,207275 0,000468
ezra 2,813411 0,000597
fade 0,371064 0,000079
fail 0,072571 0,000046
faint 0,186330 0,000079
fainthearted 3,218876 0,000683
faintness 1,714798 0,000364
fair 0,051293 0,000022
faith 0,210721 0,000045
faithful 0,261365 0,000055
faithfully 0,755023 0,000160
faithfulness 2,040221 0,000433
fall 0,000000 0,000000
fallow 1,897120 0,000403
false 0,210721 0,000045
falsehood 0,693147 0,000147
falsely 1,171183 0,000249
fame 0,478036 0,000101
familiar 0,150823 0,000032
family 0,061875 0,000026
famine 1,049822 0,000223
famished 1,272966 0,000270
famous 0,261365 0,000055
fare 0,597837 0,000127
fashion 0,105361 0,000045
fast 0,030459 0,000013
fasten 0,478036 0,000203
fat 0,314711 0,000067
father 0,061875 0,000026
fatherless 1,966113 0,000417
fatling 3,218876 0,000683
fatness 2,207275 0,000468
fatted 2,525729 0,000536
fault 0,139262 0,000059
faulty 1,427116 0,000303
favour 0,544727 0,000116
favourable 0,776529 0,000165
favoured 1,021651 0,000217
fear 0,020203 0,000013
fearful 0,400478 0,000085
feast 0,430783 0,000183
feather 0,462035 0,000098
feeble 0,356675 0,000151
feed 0,248461 0,000105
feeding 0,616186 0,000131
feel 0,020203 0,000004
feign 0,776529 0,000330
fell 1,171183 0,000497
fellest 3,506558 0,000744
felloe 3,506558 0,000744
fellow 0,040822 0,000017
fellowship 1,237874 0,000263
female 0,385662 0,000082
fence 0,693147 0,000147
ferret 1,660731 0,000352
ferry 1,427116 0,000303
fetch 0,510826 0,000217
fetter 0,994252 0,000211
fever 0,342490 0,000073
fewness 3,218876 0,000683
field 0,094311 0,000040
fierce 0,415515 0,000176
fierceness 1,897120 0,000403
fiery 0,713350 0,000151
fifteenth 1,237874 0,000263
fiftieth 1,832581 0,000389
fig 1,203973 0,000511
fight 0,083382 0,000053
figure 0,051293 0,000022
file 0,223144 0,000047
fillet 2,302585 0,000977
filthiness 2,995732 0,000636
fin 1,832581 0,000389
fine 0,061875 0,000013
finger 0,150823 0,000064
finish 0,287682 0,000061
finished 0,162519 0,000034
fir 1,427116 0,000303
firebrand 2,120264 0,000900
firepan 3,506558 0,000744
firm 0,248461 0,000053
firmament 1,660731 0,000352
firstborn 3,218876 0,000683
firstling 2,525729 0,001072
fish 0,287682 0,000122
fist 0,597837 0,000127
fit 0,030459 0,000013
flag 0,653926 0,000139
flagon 2,302585 0,000489
flame 0,248461 0,000105
flank 0,941609 0,000200
flat 0,139262 0,000030
flax 2,120264 0,000450
flay 1,771957 0,000752
flea 1,832581 0,000389
flee 0,301105 0,000192
fleece 1,832581 0,000389
flesh 0,210721 0,000045
fleshhook 3,506558 0,000744
flight 0,287682 0,000061
flint 1,171183 0,000249
flinty 2,207275 0,000468
float 0,328504 0,000070
flock 0,385662 0,000164
flood 0,430783 0,000183
floor 0,174353 0,000074
flour 1,078810 0,000229
flow 0,174353 0,000074
flower 0,174353 0,000074
fly 0,116534 0,000074
flying 0,235722 0,000050
foal 2,120264 0,000900
foe 0,616186 0,000131
fold 0,287682 0,000061
folding 1,049822 0,000223
folk 0,527633 0,000112
follow 0,020203 0,000004
followeth 2,525729 0,000536
folly 0,274437 0,000058
food 0,127833 0,000027
fool 0,235722 0,000100
foolish 0,235722 0,000050
foolishly 1,139434 0,000242
foolishness 1,514128 0,000321
foot 0,051293 0,000022
footman 1,108663 0,000235
footstool 1,714798 0,000364
forasmuch 2,302585 0,000489
forbare 3,218876 0,000683
forbear 1,427116 0,000303
forbid 0,248461 0,000158
force 0,030459 0,000026
ford 1,560648 0,000662
forefront 2,995732 0,000636
forehead 0,400478 0,000085
foreigner 0,891598 0,000189
foremost 0,673345 0,000143
forepart 2,813411 0,000597
foreskin 3,218876 0,001366
forest 0,356675 0,000151
forgat 3,506558 0,000744
forget 0,010050 0,000006
forgive 0,314711 0,000200
fork 0,616186 0,000131
form 0,020203 0,000009
fornication 2,659260 0,000564
forsake 0,755023 0,000481
fort 1,171183 0,000249
fortieth 2,302585 0,000489
fortify 0,994252 0,000422
fortress 1,021651 0,000217
forts 1,660731 0,000352
foundation 0,127833 0,000054
founder 0,891598 0,000189
fountain 0,653926 0,000278
fourfold 2,659260 0,000564
fourscore 2,407946 0,000511
foursquare 3,506558 0,000744
fourteen 0,616186 0,000131
fourteenth 1,347074 0,000286
fourth 0,174353 0,000037
fowl 1,108663 0,000235
fowls 1,272966 0,000270
fox 0,798508 0,000169
frame 0,174353 0,000037
frankincense 2,207275 0,000468
fray 1,021651 0,000217
freckled 1,714798 0,000364
freedom 0,223144 0,000047
freely 0,105361 0,000022
freewill 2,995732 0,000636
fresh 0,105361 0,000022
fret 0,713350 0,000303
friend 0,000000 0,000000
friendly 0,248461 0,000053
fringe 0,798508 0,000339
fro 0,494296 0,000105
frog 1,139434 0,000242
frontlet 3,506558 0,000744
frost 0,653926 0,000139
froward 2,813411 0,000597
fruit 0,162519 0,000069
fruitful 1,171183 0,000249
frustrate 1,897120 0,000403
fry 1,171183 0,000249
fugitive 0,967584 0,000411
fulfil 0,385662 0,000164
fulness 1,386294 0,000294
furiously 0,755023 0,000160
furnace 0,967584 0,000205
furnish 0,527633 0,000112
furnished 0,328504 0,000070
furniture 0,415515 0,000088
fury 0,328504 0,000070
gad 2,207275 0,000468
gaddi 3,506558 0,000744
gadi 3,506558 0,000744
gadite 3,506558 0,000744
gain 0,040822 0,000009
galatians 2,813411 0,000597
galbanum 3,506558 0,000744
galilee 2,813411 0,000597
gall 1,386294 0,000294
gamaliel 3,218876 0,000683
garden 0,150823 0,000064
garment 0,400478 0,000170
garnish 1,714798 0,000364
garrison 1,309333 0,000556
gat 3,218876 0,000683
gate 0,210721 0,000089
gather 0,061875 0,000026
gathering 0,415515 0,000088
gaze 0,314711 0,000067
gazer 2,120264 0,000450
gederathite 3,506558 0,000744
gederite 3,506558 0,000744
gender 2,407946 0,000511
genealogy 1,714798 0,000728
generation 0,127833 0,000054
genesis 1,427116 0,000303
gentiles 2,040221 0,000433
gentleness 0,916291 0,000194
gently 0,235722 0,000050
gerah 3,506558 0,000744
gershom 3,218876 0,000683
gershon 3,506558 0,000744
gershonite 3,506558 0,000744
geshurites 3,506558 0,000744
gether 3,506558 0,000744
ghost 0,462035 0,000098
giant 0,562119 0,000239
gibbar 3,506558 0,000744
gibeonite 3,506558 0,000744
gideon 2,302585 0,000489
gift 0,210721 0,000089
gileadite 3,506558 0,000744
gird 1,427116 0,000606
girdle 1,078810 0,000458
girgashite 3,506558 0,000744
girgasite 3,506558 0,000744
girt 1,469676 0,000312
gittite 3,506558 0,000744
giveth 2,302585 0,000489
glad 0,072571 0,000015
gladness 1,049822 0,000223
glean 1,514128 0,000964
gleanings 3,218876 0,000683
glede 3,506558 0,000744
glister 2,659260 0,000564
glitter 0,579818 0,000123
glorify 1,272966 0,000270
glorious 0,462035 0,000098
gloriously 1,427116 0,000303
glory 0,301105 0,000064
glutton 1,714798 0,000364
goad 1,237874 0,000525
goat 1,021651 0,000217
goats 1,347074 0,000286
gob 3,218876 0,000683
god 0,083382 0,000035
goddess 1,049822 0,000223
gog 2,995732 0,000636
gold 0,083382 0,000018
golden 0,342490 0,000073
goliath 2,659260 0,000564
gomer 3,506558 0,000744
gomorrah 2,659260 0,000564
goodly 1,237874 0,000788
goodness 0,328504 0,000070
gopher 3,218876 0,000683
gore 1,514128 0,000643
goshen 2,995732 0,000636
gourd 2,407946 0,000511
govern 0,186330 0,000040
governor 0,733969 0,000312
grace 0,235722 0,000050
gracious 0,544727 0,000116
graciously 1,203973 0,000256
grant 0,061875 0,000026
grape 0,867501 0,000368
grass 0,301105 0,000064
grasshopper 1,966113 0,000835
grate 0,673345 0,000143
grave 0,116534 0,000099
graven 1,771957 0,000376
gray 0,733969 0,000156
greatly 0,210721 0,000045
greatness 0,693147 0,000147
greaves 2,407946 0,000511
green 0,105361 0,000022
greenish 1,832581 0,000389
greet 0,653926 0,000139
grief 0,356675 0,000076
grieve 0,673345 0,000286
grievous 0,967584 0,000205
grind 0,755023 0,000160
groan 0,446287 0,000095
grope 0,733969 0,000156
ground 0,030459 0,000006
grove 0,733969 0,000312
grow 0,010050 0,000006
grudge 0,994252 0,000211
guard 0,083382 0,000018
guest 0,235722 0,000050
guide 0,083382 0,000035
guile 1,514128 0,000321
guilt 0,544727 0,000116
guiltiness 3,218876 0,000683
guiltless 1,832581 0,000389
guilty 0,356675 0,000076
gur 3,506558 0,000744
gush 0,891598 0,000189
gutter 1,049822 0,000446
habakkuk 3,218876 0,000683
habergeon 2,813411 0,000597
habitation 1,021651 0,000434
hadst 1,714798 0,000364
haft 2,813411 0,000597
hagar 3,218876 0,000683
haggai 3,506558 0,000744
hail 0,415515 0,000088
hailstone 2,525729 0,000536
hair 0,072571 0,000031
hairy 1,078810 0,000229
hallow 2,407946 0,000511
hallowed 1,897120 0,000403
halt 0,733969 0,000156
halted 0,843970 0,000179
ham 1,139434 0,000242
hamathite 3,506558 0,000744
hammer 0,544727 0,000116
hamulites 3,506558 0,000744
hand 0,010050 0,000006
handbreadth 2,813411 0,000597
handful 0,776529 0,000330
handle 0,223144 0,000047
handmaid 1,660731 0,000705
handmaiden 2,659260 0,000564
hang 0,198451 0,000084
hanging 0,235722 0,000100
hap 2,040221 0,000433
haply 2,207275 0,000468
happen 0,030459 0,000013
happy 0,061875 0,000013
hard 0,040822 0,000009
harden 1,021651 0,000217
hardened 0,820981 0,000174
hare 1,203973 0,000256
harim 3,506558 0,000744
harlot 1,609438 0,000683
harm 0,210721 0,000045
harness 0,843970 0,000358
harp 0,843970 0,000358
harrow 1,771957 0,000376
hart 0,462035 0,000196
harvest 0,713350 0,000151
hast 0,891598 0,000189
haste 0,371064 0,000079
hasted 2,525729 0,000536
hasten 0,371064 0,000157
hastily 0,462035 0,000098
hate 0,150823 0,000096
hath 2,040221 0,000433
hatred 0,494296 0,000105
haughty 0,867501 0,000184
haunt 0,385662 0,000082
hawk 1,108663 0,000235
hazel 1,897120 0,000403
head 0,000000 0,000000
heal 0,867501 0,000368
health 0,198451 0,000042
heap 0,248461 0,000105
hear 0,010050 0,000004
hearing 0,139262 0,000030
hearken 1,714798 0,000728
heart 0,010050 0,000004
hearted 0,415515 0,000088
hearth 0,843970 0,000179
heat 0,198451 0,000042
heathen 1,203973 0,000256
heave 0,820981 0,000348
heaven 0,174353 0,000074
heavily 0,400478 0,000085
heavy 0,030459 0,000006
hebrew 1,203973 0,000256
hebrews 1,832581 0,000389
hedge 0,597837 0,000127
heed 0,510826 0,000108
heel 0,356675 0,000151
heifer 2,040221 0,000433
height 0,210721 0,000045
heir 0,527633 0,000112
helmet 1,427116 0,000606
helper 1,714798 0,000728
helve 3,218876 0,000683
hem 1,171183 0,000249
heman 3,506558 0,000744
hems 2,813411 0,000597
henceforth 0,867501 0,000184
henceforward 1,660731 0,000352
herb 0,843970 0,000358
herd 0,597837 0,000254
herdmen 3,506558 0,000744
heretofore 1,272966 0,000270
heritage 1,897120 0,000403
heron 1,771957 0,000376
heth 3,218876 0,000683
hew 1,427116 0,000909
hewer 2,995732 0,001272
hezekiah 2,995732 0,000636
hezron 3,506558 0,000744
hezronites 3,506558 0,000744
hide 0,072571 0,000031
highway 0,916291 0,000389
hill 0,150823 0,000064
hillel 3,506558 0,000744
hin 3,218876 0,000683
hind 1,171183 0,000249
hinder 0,579818 0,000123
hindermost 3,506558 0,000744
hindmost 2,120264 0,000450
hinds 2,407946 0,000511
hinge 0,916291 0,000194
hip 1,078810 0,000229
hiram 2,813411 0,000597
hire 0,733969 0,000312
hiss 0,653926 0,000278
hit 0,314711 0,000067
hitherto 0,385662 0,000082
hittite 3,218876 0,000683
hivite 3,506558 0,000744
ho 1,203973 0,000256
hoar 1,609438 0,000342
hoary 1,714798 0,000364
hod 2,995732 0,000636
hold 0,010050 0,000006
holden 2,659260 0,000564
hole 0,261365 0,000111
holiness 1,347074 0,000286
hollow 0,430783 0,000091
holy 0,371064 0,000079
homam 3,506558 0,000744
homeborn 3,506558 0,000744
homer 1,203973 0,000511
honey 0,755023 0,000160
honeycomb 2,407946 0,000511
honor 0,891598 0,000189
honour 0,494296 0,000210
honourable 0,941609 0,000200
hoof 0,867501 0,000184
hook 0,634878 0,000269
hope 0,000000 0,000000
hor 2,813411 0,000597
horn 0,478036 0,000203
hornet 2,525729 0,000536
hornets 2,995732 0,000636
horror 0,198451 0,000042
horse 0,139262 0,000059
horseback 0,843970 0,000179
horseman 0,967584 0,000411
hosea 3,218876 0,000683
host 0,446287 0,000189
hostage 2,525729 0,000536
hot 0,116534 0,000049
hotly 1,347074 0,000286
hough 3,506558 0,000744
house 0,020203 0,000004
household 0,430783 0,000183
houses 0,139262 0,000030
howl 0,527633 0,000112
howsoever 2,120264 0,000450
huge 0,400478 0,000085
huldah 3,506558 0,000744
humble 0,261365 0,000111
humbly 0,867501 0,000184
hundredfold 2,659260 0,000564
hundredth 1,309333 0,000278
hunger 0,478036 0,000101
hungry 0,314711 0,000067
hunt 0,371064 0,000079
hunter 0,579818 0,000123
hunting 0,462035 0,000098
huppah 3,506558 0,000744
hurl 0,798508 0,000339
hurt 0,150823 0,000064
husband 0,198451 0,000084
husbandman 2,120264 0,000450
husbandmen 2,120264 0,000450
husbandry 1,966113 0,000417
husk 1,897120 0,000403
hyssop 3,218876 0,000683
idle 0,261365 0,000055
idol 1,237874 0,000525
idolatrous 2,207275 0,000468
idolatry 1,966113 0,000417
ignorance 0,287682 0,000061
ignorantly 2,302585 0,000489
image 0,301105 0,000128
imagination 0,223144 0,000095
imagine 0,083382 0,000018
impoverished 1,897120 0,000403
impute 1,771957 0,000376
imputed 1,609438 0,000342
incense 0,755023 0,000160
incline 0,733969 0,000156
inclined 0,186330 0,000040
inclose 1,897120 0,000403
increase 0,061875 0,000026
incurable 1,386294 0,000294
indignation 0,510826 0,000108
industrious 1,078810 0,000229
infant 0,673345 0,000143
infirmity 1,049822 0,000223
inflammation 2,207275 0,000468
inform 0,198451 0,000042
ingather 3,506558 0,000744
inhabit 0,597837 0,000254
inhabitants 0,446287 0,000095
inherit 0,579818 0,000246
inheritance 0,798508 0,000339
iniquity 1,514128 0,000643
inn 0,713350 0,000151
innocency 2,995732 0,000636
innocent 0,186330 0,000040
inquisition 1,514128 0,000321
instruct 0,494296 0,000210
instructor 1,347074 0,000286
instrument 0,248461 0,000105
integrity 1,203973 0,000256
intend 0,094311 0,000020
intent 0,494296 0,000105
interpret 0,235722 0,000100
interpretation 0,994252 0,000422
interpreter 1,108663 0,000235
intreat 2,659260 0,001129
invade 0,755023 0,000320
invasion 1,427116 0,000303
invent 0,400478 0,000085
invite 0,261365 0,000055
inwards 1,966113 0,000417
ira 2,659260 0,000564
iron 0,162519 0,000034
isaac 1,609438 0,000342
isaiah 2,207275 0,000468
ishmael 2,813411 0,000597
ishmaelite 3,506558 0,000744
isles 1,560648 0,000331
israel 1,386294 0,000294
israelite 2,525729 0,000536
israelites 2,207275 0,000468
israelitish 3,218876 0,000683
issachar 3,218876 0,000683
issue 0,198451 0,000084
itch 1,771957 0,000376
ivory 0,820981 0,000174
jacob 1,427116 0,000303
james 0,673345 0,000143
japheth 3,506558 0,000744
jared 3,506558 0,000744
jasper 2,207275 0,000468
javan 2,995732 0,000636
javelin 2,120264 0,000450
jaw 0,544727 0,000116
jawbone 3,218876 0,000683
jealous 0,446287 0,000095
jealousy 0,430783 0,000183
jebus 3,506558 0,000744
jebusi 3,506558 0,000744
jebusite 3,506558 0,000744
jehoshaphat 3,218876 0,000683
jehovah 2,659260 0,000564
jehu 2,995732 0,000636
jeopard 3,506558 0,000744
jeopardy 2,207275 0,000468
jerahmeel 3,506558 0,000744
jerahmeelites 3,506558 0,000744
jeremiah 2,525729 0,000536
jericho 2,207275 0,000468
jeroboam 2,995732 0,000636
jerusalem 1,237874 0,000263
jesse 2,995732 0,000636
jethro 3,506558 0,000744
jewel 0,634878 0,000135
jews 1,078810 0,000229
jezebel 3,506558 0,000744
jezreelite 3,506558 0,000744
job 0,597837 0,000127
joel 2,813411 0,000597
john 0,328504 0,000070
joined 2,995732 0,000636
joining 2,995732 0,000636
joint 0,446287 0,000189
jonah 2,525729 0,000536
jonathan 2,120264 0,000450
joram 3,506558 0,000744
jordan 1,966113 0,000417
joseph 0,994252 0,000211
joshua 2,040221 0,000433
josiah 2,525729 0,000536
journey 0,150823 0,000128
journeying 3,218876 0,000683
joy 0,127833 0,000027
joyful 0,798508 0,000169
joyfulness 2,995732 0,000636
jubile 3,506558 0,000744
judah 2,302585 0,000489
jude 3,218876 0,000683
judge 0,061875 0,000039
judging 0,713350 0,000151
judgment 0,198451 0,000084
judith 2,120264 0,000450
juniper 2,407946 0,000511
justice 0,162519 0,000034
justify 0,562119 0,000239
kedar 3,506558 0,000744
keeper 0,820981 0,000348
kernel 2,207275 0,000468
keros 3,218876 0,000683
kettle 1,108663 0,000235
key 0,342490 0,000073
kick 0,314711 0,000134
kid 1,203973 0,000511
kidney 2,525729 0,000536
kill 0,083382 0,000053
kiln 2,525729 0,000536
kin 1,139434 0,000242
kinah 3,506558 0,000744
kindle 0,693147 0,000294
kindly 0,223144 0,000047
kindness 0,274437 0,000058
kindred 0,994252 0,000422
kine 2,207275 0,000468
king 0,210721 0,000089
kingdom 0,462035 0,000196
kinsman 1,469676 0,000624
kinswoman 2,525729 0,000536
kinswomen 3,218876 0,000683
kish 3,506558 0,000744
kishon 3,218876 0,000683
kiss 0,356675 0,000151
kite 1,832581 0,000389
knead 1,966113 0,000835
knee 0,150823 0,000064
kneel 0,478036 0,000304
knife 0,287682 0,000122
knit 0,673345 0,000143
knop 3,218876 0,001366
knoweth 2,120264 0,000450
knowledge 0,061875 0,000013
korah 3,218876 0,000683
korahite 3,506558 0,000744
kore 3,506558 0,000744
laban 3,218876 0,000683
labour 0,562119 0,000239
lace 0,867501 0,000184
lack 0,371064 0,000236
lad 0,653926 0,000278
ladder 0,616186 0,000131
lade 2,995732 0,001272
laden 0,673345 0,000143
lady 0,162519 0,000034
lamb 0,693147 0,000294
lame 0,798508 0,000169
lament 0,713350 0,000303
lamentation 1,078810 0,000458
lamp 0,400478 0,000170
lancet 2,302585 0,000489
land 0,051293 0,000022
landmark 1,832581 0,000389
language 0,072571 0,000015
lap 0,527633 0,000224
lapwing 3,218876 0,000683
largeness 1,897120 0,000403
lattice 1,609438 0,000342
laugh 0,094311 0,000040
laver 3,218876 0,001366
law 0,020203 0,000009
lawgiver 1,771957 0,000376
lay 0,030459 0,000019
lead 0,020203 0,000009
leader 0,356675 0,000151
leadeth 2,407946 0,000511
leaf 0,446287 0,000095
league 0,653926 0,000139
leah 2,813411 0,000597
lean 0,127833 0,000054
leap 0,287682 0,000183
learn 0,020203 0,000009
leather 0,527633 0,000112
leave -0,009950 -0,000004
leaven 1,897120 0,000805
lebanon 2,659260 0,000564
ledge 1,049822 0,000223
leek 3,218876 0,000683
left 0,000000 0,000000
leg 0,235722 0,000050
lehi 3,506558 0,000744
lend 0,430783 0,000183
lengthen 0,994252 0,000422
leper 1,966113 0,000835
leprosy 2,207275 0,000468
leprous 2,407946 0,000511
letter 0,072571 0,000031
levi 2,813411 0,000597
levite 3,218876 0,000683
leviticus 2,813411 0,000597
levy 1,469676 0,000312
lewdness 2,659260 0,000564
liar 1,021651 0,000217
liberally 1,347074 0,000286
liberty 0,198451 0,000042
lice 1,966113 0,000417
lick 0,673345 0,000286
lid 0,597837 0,000127
lie 0,020203 0,000021
lien 3,218876 0,000683
lier 3,506558 0,000744
liest 2,995732 0,000636
life -0,009950 -0,000004
lifetime 0,843970 0,000179
lift 0,116534 0,000074
light 0,000000 0,000000
lighted 0,261365 0,000055
lighten 0,597837 0,000127
lightly 0,430783 0,000091
lightning 0,430783 0,000183
ligure 3,506558 0,000744
likeness 0,673345 0,000143
lily 1,272966 0,000540
linen 0,527633 0,000112
linger 0,446287 0,000095
lintel 2,525729 0,000536
lion 0,579818 0,000246
lionlike 3,218876 0,000683
lip 0,127833 0,000054
liquor 0,798508 0,000339
liv 1,832581 0,000389
live 0,010050 0,000004
lively 0,385662 0,000082
liver 1,171183 0,000249
liveth 2,302585 0,000489
living 0,020203 0,000004
lizard 1,560648 0,000331
lo 0,916291 0,000194
loaf 0,867501 0,000368
loan 1,427116 0,000303
loathsome 1,078810 0,000229
lock 0,162519 0,000069
locust 1,514128 0,000643
lod 3,506558 0,000744
lodge 0,494296 0,000210
lodging 0,776529 0,000165
lodgings 1,078810 0,000229
loft 1,771957 0,000376
log 0,798508 0,000169
loin 1,427116 0,000303
longing 0,653926 0,000139
longsuffering 3,218876 0,000683
loop 1,272966 0,000270
loose 0,094311 0,000040
lord 0,223144 0,000047
lordly 1,832581 0,000389
lords 0,843970 0,000179
lose 0,000000 0,000000
loss 0,083382 0,000018
lot 0,051293 0,000022
lotan 3,506558 0,000744
loud 0,105361 0,000045
love 0,030459 0,000013
lovely 0,462035 0,000098
lover 0,356675 0,000076
lowing 2,407946 0,000511
lucre 1,966113 0,000417
lud 3,218876 0,000683
luke 1,897120 0,000403
lump 0,916291 0,000194
lurk 0,616186 0,000131
lust 0,820981 0,000523
lusty 1,832581 0,000389
machi 3,506558 0,000744
mad 0,235722 0,000050
madness 0,597837 0,000127
magician 1,386294 0,000294
magistrate 0,820981 0,000174
magnifical 3,506558 0,000744
magnify 0,994252 0,000422
magog 3,506558 0,000744
maid 0,415515 0,000176
maiden 0,673345 0,000286
maidservant 2,525729 0,001072
mail 0,820981 0,000174
maim 1,272966 0,000270
maintain 0,094311 0,000020
majesty 0,510826 0,000108
malachi 2,995732 0,000636
male 0,562119 0,000239
manasseh 3,218876 0,000683
mandrake 3,506558 0,000744
mankind 0,478036 0,000101
manna 2,120264 0,000450
manner 0,040822 0,000009
manners 0,274437 0,000058
manservant 2,525729 0,001072
manslayer 3,506558 0,000744
mantle 0,776529 0,000165
mar 1,108663 0,000235
mara 3,218876 0,000683
marah 3,506558 0,000744
marble 0,562119 0,000119
march 0,223144 0,000047
mark 0,105361 0,000045
marked 0,061875 0,000013
marriage 0,314711 0,000134
married 0,248461 0,000053
marry 0,356675 0,000076
marvel 0,693147 0,000294
marvellous 0,891598 0,000189
marvellously 1,660731 0,000352
mash 1,897120 0,000403
mashal 3,506558 0,000744
mason 1,560648 0,000331
massa 2,659260 0,000564
master 0,072571 0,000015
mastery 1,171183 0,000249
matrix 3,218876 0,000683
matter 0,000000 0,000000
matthew 1,714798 0,000364
mattock 1,966113 0,000835
maw 1,966113 0,000417
mayest 2,407946 0,000511
meadow 0,733969 0,000312
meal 0,261365 0,000055
mealtime 2,813411 0,000597
measure 0,127833 0,000081
meat 0,356675 0,000076
meddle 0,994252 0,000211
meddling 1,609438 0,000342
meditate 0,733969 0,000156
meek 1,272966 0,000270
meet 0,010050 0,000004
meeting 0,162519 0,000034
melchizedek 3,506558 0,000744
melon 1,966113 0,000417
melt 0,385662 0,000164
memorial 1,139434 0,000242
mend 0,653926 0,000139
mention 0,105361 0,000045
merchandise 1,469676 0,000312
merchant 0,494296 0,000210
merchantman 2,207275 0,000468
merciful 0,994252 0,000211
mercy 0,210721 0,000089
mered 3,506558 0,000744
merry 0,634878 0,000135
meshech 3,506558 0,000744
mesopotamia 2,525729 0,000536
mess 0,867501 0,000368
message 0,356675 0,000076
messenger 0,562119 0,000239
mete 2,302585 0,000489
meteyard 3,506558 0,000744
methuselah 2,659260 0,000564
micah 3,506558 0,000744
michael 0,400478 0,000085
midday 1,108663 0,000235
middle 0,030459 0,000006
midianite 3,506558 0,000744
midianitish 3,506558 0,000744
midnight 0,328504 0,000070
midst 0,287682 0,000061
midwife 2,525729 0,001072
mightily 1,469676 0,000312
mighty 0,328504 0,000209
milch 3,218876 0,000683
mildew 1,966113 0,000417
milk 0,400478 0,000085
millstone 2,302585 0,000489
mind 0,020203 0,000009
minded 0,400478 0,000085
mindful 1,514128 0,000321
mingle 0,356675 0,000076
minish 3,506558 0,000744
minister 0,562119 0,000358
ministers 0,776529 0,000165
ministry 1,660731 0,000352
minstrel 1,832581 0,000389
miracle 0,597837 0,000254
mire 1,049822 0,000223
miriam 2,813411 0,000597
mirth 0,776529 0,000165
mischief 0,494296 0,000210
misery 0,248461 0,000053
mist 0,430783 0,000091
mistress 0,478036 0,000101
misuse 1,714798 0,000364
mitre 2,040221 0,000433
mix 0,274437 0,000058
mixt 2,995732 0,000636
mizpah 3,506558 0,000744
mizraim 3,506558 0,000744
moabite 3,506558 0,000744
moabitess 3,506558 0,000744
moabitish 3,506558 0,000744
mock 0,478036 0,000304
modify 0,356675 0,000076
moist 0,843970 0,000179
mole 1,203973 0,000256
molten 1,560648 0,000331
moment 0,010050 0,000002
money 0,051293 0,000011
month 0,040822 0,000017
moon 0,261365 0,000111
mordecai 2,813411 0,000597
morning 0,040822 0,000009
morrow 0,328504 0,000070
morsel 1,021651 0,000217
mortally 1,514128 0,000321
mortar 1,272966 0,000270
moses 1,139434 0,000242
mother 0,072571 0,000015
mouldy 2,407946 0,000511
mount 0,210721 0,000045
mountain 0,400478 0,000085
mountains 0,400478 0,000085
mourn 0,994252 0,000422
mourner 1,309333 0,000278
mourning 0,673345 0,000143
mouse 0,776529 0,000330
mouth 0,061875 0,000026
mulberry 1,966113 0,000417
mule 0,967584 0,000411
multiply 0,776529 0,000494
multitude 0,385662 0,000082
murderer 0,733969 0,000156
murderers 1,386294 0,000294
murmur 0,287682 0,000122
murrain 3,218876 0,000683
musical 0,579818 0,000123
mustered 1,832581 0,000389
muzzle 1,171183 0,000249
myrrh 2,207275 0,000468
naam 3,506558 0,000744
naaman 3,506558 0,000744
nabal 3,218876 0,000683
naboth 3,506558 0,000744
nahor 3,506558 0,000744
nahum 3,506558 0,000744
nail 0,356675 0,000151
naked 0,274437 0,000058
nakedness 1,560648 0,000331
naomi 2,995732 0,000636
naphtali 3,218876 0,000683
narrow 0,094311 0,000040
nathan 2,525729 0,000536
nation 0,579818 0,000123
nations 0,673345 0,000143
nativity 2,040221 0,000433
natural 0,094311 0,000020
naught 1,347074 0,000286
naughtiness 2,407946 0,000511
nave 2,525729 0,000536
navy 1,237874 0,000263
nazarite 3,218876 0,000683
nearer 0,400478 0,000085
nebaioth 3,218876 0,000683
nebuchadnezzar 2,525729 0,000536
neck 0,174353 0,000074
necromancer 2,407946 0,000511
needlework 1,966113 0,000417
needy 1,660731 0,000352
negligent 1,609438 0,000342
nehemiah 3,506558 0,000744
neighbour 0,510826 0,000217
nephew 0,891598 0,000189
nest 0,579818 0,000123
nether 1,832581 0,000389
nethermost 2,659260 0,000564
network 0,415515 0,000176
newly 0,494296 0,000105
nigh 0,843970 0,000179
night 0,010050 0,000004
nimrod 2,407946 0,000511
nimshi 3,506558 0,000744
nineteen 1,108663 0,000235
nineteenth 1,171183 0,000249
ninth 0,994252 0,000211
noah 1,514128 0,000321
nob 2,659260 0,000564
noble 0,198451 0,000042
nod 0,371064 0,000079
noise 0,139262 0,000030
noised 2,525729 0,000536
noon 0,430783 0,000091
noonday 1,660731 0,000352
north 0,083382 0,000018
northward 1,203973 0,000256
nose 0,261365 0,000055
nostril 0,798508 0,000169
note 0,094311 0,000020
notice 0,020203 0,000004
nought 1,609438 0,000342
nourish 0,916291 0,000389
nourisher 3,218876 0,000683
numbering 2,302585 0,000489
nun 1,427116 0,000303
nurse 0,301105 0,000128
nursing 0,867501 0,000184
nut 0,820981 0,000174
oak 0,673345 0,000143
oath 0,385662 0,000082
obadiah 3,218876 0,000683
obedient 0,544727 0,000116
obeisance 1,897120 0,000403
obey 0,223144 0,000142
oblation 2,207275 0,000937
observe 0,094311 0,000040
observer 0,820981 0,000348
obstinate 0,713350 0,000151
occasion 0,105361 0,000067
occupation 0,371064 0,000079
occupy 0,174353 0,000037
occurrent 3,506558 0,000744
odd 0,385662 0,000082
odious 0,941609 0,000200
odour 1,021651 0,000217
offence 0,527633 0,000112
offended 0,616186 0,000131
offender 1,386294 0,000294
offer 0,020203 0,000013
offering 1,609438 0,000342
office 0,072571 0,000031
officer 0,314711 0,000134
oft 1,347074 0,000286
og 3,218876 0,000683
oil 0,446287 0,000189
ointment 1,966113 0,000417
olive 0,994252 0,000211
olives 1,897120 0,000403
olivet 3,506558 0,000744
omar 2,525729 0,000536
omer 3,218876 0,001366
onan 3,506558 0,000744
onion 1,203973 0,000256
ono 3,506558 0,000744
onward 1,108663 0,000235
onycha 3,506558 0,000744
onyx 3,218876 0,000683
openly 0,494296 0,000105
ophir 3,218876 0,000683
opinion 0,105361 0,000022
oppress 1,309333 0,000278
oppressed 0,693147 0,000147
oppression 0,916291 0,000194
oracle 1,237874 0,000263
ordain 0,891598 0,000378
ordinance 1,514128 0,000643
organ 0,634878 0,000135
ornament 0,527633 0,000112
oshea 3,506558 0,000744
ossifrage 3,506558 0,000744
ouch 2,813411 0,000597
outgoing 2,525729 0,000536
outlive 1,560648 0,000331
outmost 2,995732 0,000636
outstretched 1,108663 0,000235
outward 0,579818 0,000123
oven 1,386294 0,000588
overcome 0,198451 0,000042
overdrive 3,218876 0,000683
overflow 0,616186 0,000131
overfly 3,218876 0,000683
overlay 2,207275 0,000937
overlaying 3,506558 0,000744
overlive 3,218876 0,000683
overplus 2,659260 0,000564
overrun 1,469676 0,000312
oversee 2,040221 0,000433
overseer 1,897120 0,000805
oversight 2,040221 0,000433
overspread 1,272966 0,000270
overtake 0,400478 0,000170
overthrow 0,967584 0,000616
overturn 0,994252 0,000211
owl 1,078810 0,000229
owner 0,083382 0,000018
ox 0,941609 0,000200
oxen 1,427116 0,000303
pace 0,186330 0,000040
paddle 1,386294 0,000294
pain 0,051293 0,000011
painstakingly 2,995732 0,000636
paint 0,274437 0,000058
palace 0,494296 0,000210
pallu 3,506558 0,000744
palluites 3,506558 0,000744
palm 0,494296 0,000105
palms 0,820981 0,000174
pan 0,755023 0,000320
parable 1,609438 0,000342
parcel 0,867501 0,000184
parched 1,203973 0,000256
pardon 0,287682 0,000122
pare 1,966113 0,000417
parlour 1,469676 0,000624
partition 1,139434 0,000242
partridge 1,427116 0,000303
party 0,030459 0,000006
pass 0,020203 0,000009
passage 0,105361 0,000045
passing 0,094311 0,000020
passover 3,218876 0,001366
pasture 1,108663 0,000471
path 0,150823 0,000032
pathrusim 3,506558 0,000744
patrimony 2,040221 0,000433
pattern 0,597837 0,000127
pau 2,813411 0,000597
paved 1,108663 0,000235
pavement 0,755023 0,000160
pavilion 1,560648 0,000331
paw 1,021651 0,000434
pay 0,030459 0,000006
peace 0,094311 0,000020
peaceable 1,347074 0,000286
peaceably 1,714798 0,000364
peacock 1,469676 0,000312
peculiar 0,223144 0,000047
pedigree 1,897120 0,000403
pelican 2,407946 0,000511
pen 0,235722 0,000050
peradventure 2,525729 0,000536
perceive 0,198451 0,000084
perfect 0,061875 0,000026
perform 0,072571 0,000046
perfume 0,941609 0,000200
perish 0,462035 0,000196
perpetual 0,478036 0,000101
perpetually 1,078810 0,000229
persecute 0,994252 0,000211
persia 1,966113 0,000417
person -0,009950 -0,000006
persuade 0,223144 0,000095
pertain 1,832581 0,001167
perverse 1,237874 0,000263
perversely 2,525729 0,000536
perverseness 2,040221 0,000433
pervert 1,897120 0,000403
perverted 1,347074 0,000286
pestilence 1,386294 0,000294
peter 0,798508 0,000169
petition 0,941609 0,000200
pharaoh 2,207275 0,000468
philemon 3,218876 0,000683
philippians 2,813411 0,000597
philistine 2,407946 0,000511
philistines 2,407946 0,000511
phut 2,995732 0,000636
physicians 1,272966 0,000270
picture 0,139262 0,000030
piece 0,020203 0,000009
pierce 0,356675 0,000151
pigeon 1,108663 0,000471
pilgrimage 1,427116 0,000303
pill 1,560648 0,000331
pillar 0,597837 0,000254
pillow 0,544727 0,000231
pin 0,478036 0,000203
pine 0,462035 0,000098
pinon 3,506558 0,000744
pipe 0,385662 0,000246
pisgah 2,813411 0,000597
piss 2,995732 0,000636
pit 0,597837 0,000254
pitch 0,261365 0,000111
pitcher 1,560648 0,000662
pity 0,139262 0,000030
plague 0,673345 0,000429
plain 0,040822 0,000009
plainly 0,261365 0,000055
plains 0,967584 0,000205
plaister 3,506558 0,001488
planet 1,021651 0,000217
plank 0,673345 0,000143
plant 0,186330 0,000119
plat 2,525729 0,000536
plate 0,314711 0,000134
play 0,040822 0,000026
player 0,713350 0,000151
plea 1,049822 0,000223
plead 0,400478 0,000170
pleasant 0,162519 0,000034
pleased 0,150823 0,000032
pleasure 0,051293 0,000011
pledge 0,634878 0,000269
plenteous 2,407946 0,000511
plenteousness 3,218876 0,000683
plenty 0,235722 0,000050
plow 1,897120 0,001208
pluck 0,371064 0,000157
plummet 2,407946 0,000511
poison 0,371064 0,000079
pole 0,494296 0,000105
poll 2,207275 0,001405
pollute 1,427116 0,000606
pomegranate 2,040221 0,000866
pommel 2,120264 0,000450
pond 0,994252 0,000211
pool 0,693147 0,000294
poor 0,020203 0,000013
poplar 1,386294 0,000294
populous 1,386294 0,000294
porch 0,891598 0,000189
porter 0,941609 0,000400
portion 0,301105 0,000128
possess 0,061875 0,000026
possession 0,083382 0,000035
possessor 0,994252 0,000211
post 0,051293 0,000022
posterity 1,139434 0,000242
pot 0,478036 0,000203
pottage 3,218876 0,000683
potter 1,171183 0,000249
pound 0,314711 0,000067
pour 0,116534 0,000049
poverty 0,446287 0,000095
powder 0,597837 0,000127
power 0,030459 0,000006
practise 0,510826 0,000108
praise 0,274437 0,000233
pray 0,261365 0,000166
prayer 0,287682 0,000061
precious 0,162519 0,000034
preparation 0,328504 0,000070
prepare 0,116534 0,000025
prepared 0,105361 0,000022
presence 0,094311 0,000020
presently 0,385662 0,000082
preserve 0,083382 0,000035
pressed 0,274437 0,000058
presume 0,462035 0,000196
presumptuously 2,995732 0,000636
prevail 0,287682 0,000122
prevent 0,040822 0,000009
previous 0,094311 0,000020
prey 0,478036 0,000101
price 0,314711 0,000067
prick 0,843970 0,000179
pride 0,150823 0,000032
priest 0,616186 0,000262
priesthood 1,897120 0,000403
prince 0,462035 0,000196
princess 1,237874 0,000263
principal 0,287682 0,000061
print 0,116534 0,000049
prison 0,248461 0,000053
prisoner 0,356675 0,000076
privily 2,659260 0,000564
privy 1,660731 0,000352
proceed 0,116534 0,000049
process 0,400478 0,000085
proclaim 0,527633 0,000224
proclamation 1,609438 0,000342
profane 1,021651 0,000434
profess 0,616186 0,000131
profit 0,083382 0,000018
progenitor 2,040221 0,000433
project -0,009950 -0,000002
prolong 1,237874 0,000263
prolonged 0,597837 0,000127
promise 0,051293 0,000022
promote 0,274437 0,000058
promoted 1,237874 0,000263
pronounce 0,798508 0,000339
proper 0,061875 0,000013
prophecy 1,021651 0,000217
prophesy 1,309333 0,000834
prophet 0,867501 0,000368
prophetess 2,995732 0,000636
proportion 0,235722 0,000050
prosper 1,171183 0,000497
prosperity 0,820981 0,000174
prosperous 0,891598 0,000189
prosperously 2,525729 0,000536
prostitute 1,966113 0,000417
protection 0,314711 0,000067
protest 0,342490 0,000145
proudly 0,733969 0,000156
prove 0,083382 0,000035
provender 2,407946 0,000511
proverb 1,108663 0,000235
proverbs 1,897120 0,000403
provide 0,127833 0,000027
province 0,776529 0,000330
provision 0,094311 0,000020
provocation 1,049822 0,000446
provoke 0,510826 0,000217
provoking 1,078810 0,000229
prudence 0,713350 0,000151
prudent 0,616186 0,000131
prune 2,525729 0,000536
psalm 1,514128 0,000321
psalmist 2,525729 0,000536
psalms 1,609438 0,000342
psaltery 3,218876 0,001366
pua 3,218876 0,000683
public 0,083382 0,000018
publish 0,478036 0,000101
pul 3,506558 0,000744
pull 0,127833 0,000054
pulse 0,733969 0,000156
punish 0,314711 0,000134
punishment 0,287682 0,000061
purchase 0,400478 0,000170
pure 0,139262 0,000030
purge 1,427116 0,000606
purification 1,771957 0,000376
purify 0,916291 0,000583
purple 0,616186 0,000131
purpose 0,040822 0,000009
purposed 1,832581 0,000389
purposing 2,525729 0,000536
pursue 0,186330 0,000119
pursuer 1,272966 0,000270
purtenance 3,506558 0,000744
push 0,139262 0,000030
pygarg 3,506558 0,000744
quail 1,469676 0,000312
quake 1,832581 0,000389
quarrel 0,287682 0,000061
quarry 1,171183 0,000249
quarter 0,105361 0,000045
queen 0,415515 0,000088
quench 0,941609 0,000400
question 0,020203 0,000009
quick 0,127833 0,000027
quiet 0,094311 0,000020
quietly 0,261365 0,000055
quietness 1,832581 0,000389
quit 0,462035 0,000098
quiver 0,494296 0,000105
rachel 2,120264 0,000450
rage 0,139262 0,000030
rail 0,579818 0,000246
raiment 1,660731 0,000352
rain 0,150823 0,000064
raise 0,020203 0,000009
raisin 1,714798 0,000364
ram 0,994252 0,000422
rameses 2,995732 0,000636
range 0,328504 0,000070
rank 0,223144 0,000095
ransom 1,386294 0,000294
rate 0,261365 0,000055
raven 1,386294 0,000294
ravens 1,897120 0,000403
ravin 3,218876 0,000683
raw 0,713350 0,000151
razor 1,609438 0,000342
reach 0,000000 0,000000
read 0,020203 0,000004
ready 0,030459 0,000006
realm 0,867501 0,000184
reap 0,673345 0,000286
reaper 1,966113 0,000417
rear 0,371064 0,000157
reason 0,010050 0,000002
rebekah 3,506558 0,000744
rebel 0,733969 0,000467
rebellion 0,941609 0,000200
rebellious 1,049822 0,000223
rebuke 0,843970 0,000537
receive 0,040822 0,000026
reckon 0,385662 0,000164
reckoning 0,843970 0,000179
recompence 2,813411 0,000597
recompense 1,139434 0,000725
reconcile 0,597837 0,000254
reconciliation 1,021651 0,000217
record 0,223144 0,000047
recorder 2,525729 0,000536
recover 0,127833 0,000054
red 0,061875 0,000013
reddish 1,386294 0,000294
redeem 0,776529 0,000330
redeeming 1,771957 0,000376
redemption 1,272966 0,000270
reed 0,941609 0,000200
refine 0,755023 0,000160
reform 0,891598 0,000189
refrain 0,597837 0,000254
refresh 0,446287 0,000189
refuge 0,446287 0,000095
refuse 0,083382 0,000035
regard 0,083382 0,000035
region 0,462035 0,000098
register 0,287682 0,000061
rehearse 1,832581 0,000778
rehoboam 2,995732 0,000636
rehoboth 3,218876 0,000683
rei 2,813411 0,000597
reign 0,430783 0,000274
reject 0,478036 0,000101
rejoice 0,400478 0,000255
release 0,105361 0,000022
relieve 0,198451 0,000042
rely 0,579818 0,000246
remain 0,040822 0,000026
remainder 0,597837 0,000127
remedy 0,150823 0,000032
remember 0,030459 0,000013
remembrance 0,733969 0,000156
remnant 1,049822 0,000223
remove 0,040822 0,000026
rend 0,994252 0,000211
render 0,186330 0,000079
renew 0,314711 0,000134
renown 1,309333 0,000278
renowned 1,171183 0,000249
rent 0,510826 0,000108
repair 0,342490 0,000218
repay 0,673345 0,000143
repent 0,634878 0,000269
rephael 3,506558 0,000744
replenish 1,203973 0,000256
report 0,051293 0,000011
reproach 0,301105 0,000128
reprove 1,237874 0,000525
request 0,105361 0,000045
require 0,051293 0,000011
required 0,083382 0,000018
requite 1,771957 0,001128
rereward 3,506558 0,000744
rescue 0,494296 0,000210
resemble 0,400478 0,000085
residue 2,207275 0,000468
resort 0,733969 0,000156
respect 0,040822 0,000009
respite 1,427116 0,000303
rest 0,010050 0,000009
restitution 2,207275 0,000468
restore 0,223144 0,000095
restorer 2,525729 0,000536
restrained 0,776529 0,000165
restraint 0,713350 0,000151
retain 0,235722 0,000050
retire 0,415515 0,000088
retired 0,342490 0,000073
return 0,010050 0,000004
reuben 3,218876 0,000683
reubenites 3,506558 0,000744
reuel 3,506558 0,000744
reveal 0,223144 0,000047
revelation 0,693147 0,000147
revenge 0,462035 0,000098
revenger 3,506558 0,001488
reverence 0,579818 0,000123
reverse 0,527633 0,000112
revile 1,560648 0,000331
revive 0,510826 0,000108
revolt 0,967584 0,000411
reward 0,174353 0,000111
rib 0,843970 0,000358
ribband 3,218876 0,000683
rich 0,116534 0,000025
riches 0,798508 0,000169
rid 0,223144 0,000047
riddance 2,813411 0,000597
riddle 0,891598 0,000189
ride 0,261365 0,000222
rider 0,967584 0,000411
rie 3,506558 0,000744
righteous 1,203973 0,000256
righteously 2,813411 0,000597
righteousness 1,427116 0,000303
rightly 0,430783 0,000091
rigour 1,832581 0,000389
ringstraked 3,506558 0,000744
rinse 1,897120 0,000403
rip 1,021651 0,000434
ripe 0,820981 0,000174
rise 0,030459 0,000026
rite 0,994252 0,000211
river 0,174353 0,000037
rivers 0,713350 0,000151
road 0,116534 0,000025
roar 0,356675 0,000151
roast 0,798508 0,000169
roasted 1,272966 0,000270
rob 0,356675 0,000151
robe 0,673345 0,000286
rock 0,186330 0,000079
rod 0,616186 0,000262
roe 2,525729 0,001072
roebuck 3,218876 0,001366
roll 0,150823 0,000064
roman 0,713350 0,000151
roof 0,186330 0,000040
root 0,235722 0,000150
rope 0,430783 0,000091
rot 0,798508 0,000169
rough 0,186330 0,000040
roughly 0,544727 0,000116
rouse 0,494296 0,000105
rover 1,832581 0,000389
row 0,385662 0,000164
royal 0,400478 0,000085
ruddy 0,967584 0,000205
ruin 0,116534 0,000025
ruinous 1,386294 0,000294
rule 0,030459 0,000013
ruler 0,891598 0,000378
ruling 1,171183 0,000249
rumour 1,078810 0,000229
rump 2,407946 0,000511
running 0,967584 0,000205
rush 0,127833 0,000027
ruth 2,659260 0,000564
sabbath 1,469676 0,000624
sack 0,653926 0,000278
sackcloth 2,407946 0,000511
sacrifice 0,210721 0,000179
sad 0,223144 0,000047
saddle 0,755023 0,000320
sadly 0,510826 0,000108
safe 0,116534 0,000025
safeguard 1,609438 0,000342
safely 0,371064 0,000079
safety 0,356675 0,000076
saints 1,049822 0,000223
saith 1,714798 0,000364
sake 0,083382 0,000035
sale 0,776529 0,000165
salem 2,407946 0,000511
salma 3,506558 0,000744
salmon 1,660731 0,000352
salt 0,105361 0,000022
salute 0,634878 0,000269
salvation 0,798508 0,000169
samaria 2,659260 0,000564
samaritan 2,302585 0,000489
samson 2,120264 0,000450
samuel 1,237874 0,000263
sanctify 1,386294 0,000588
sanctuary 1,237874 0,000525
sand 0,494296 0,000105
sapphire 1,832581 0,000389
sarah 2,040221 0,000433
sardius 3,218876 0,000683
satan 1,237874 0,000263
satisfaction 0,186330 0,000040
satisfy 0,061875 0,000013
saul 1,966113 0,000417
save 0,010050 0,000006
saviour 1,203973 0,000256
savour 1,514128 0,000321
savoury 1,832581 0,000389
scab 2,525729 0,001072
scaffold 1,514128 0,000321
scale 0,274437 0,000058
scall 3,506558 0,000744
scapegoat 2,659260 0,000564
scarce 0,653926 0,000139
scarceness 3,506558 0,000744
scarlet 0,798508 0,000169
scatter 0,693147 0,000147
scattered 0,139262 0,000030
sceptre 2,120264 0,000450
scholar 0,579818 0,000123
scorn 0,446287 0,000095
scorpion 1,966113 0,000417
scour 1,203973 0,000256
scourge 1,049822 0,000446
scrabble 2,525729 0,000536
scrape 0,634878 0,000269
scribe 1,771957 0,000752
scrip 2,659260 0,000564
scurvy 2,407946 0,000511
sea 0,116534 0,000025
seal 0,371064 0,000157
search 0,040822 0,000026
searching 3,506558 0,000744
seas 0,916291 0,000194
season 0,235722 0,000100
seat 0,051293 0,000022
seba 3,218876 0,000683
secret 0,051293 0,000022
secretly 0,597837 0,000127
secure 0,061875 0,000013
seduce 1,171183 0,000249
seed 0,510826 0,000217
seedtime 3,218876 0,000683
seek 0,083382 0,000035
seer 1,609438 0,000683
seethe 2,207275 0,000468
seething 1,966113 0,000417
seize 0,116534 0,000025
selah 3,218876 0,000683
select 0,301105 0,000064
selfsame 2,207275 0,000468
sell 0,210721 0,000089
selvedge 3,218876 0,000683
senaah 3,506558 0,000744
send 0,020203 0,000009
sentence 0,094311 0,000020
separate 0,094311 0,000040
separation 0,755023 0,000160
sepharvites 3,506558 0,000744
sepulchre 1,771957 0,000376
sered 3,506558 0,000744
serpent 0,693147 0,000294
servant 0,105361 0,000045
serve 0,051293 0,000033
service 0,072571 0,000015
servile 1,309333 0,000278
servitor 2,525729 0,000536
servitude 1,272966 0,000270
set 0,010050 0,000002
seth 2,995732 0,000636
setting 2,813411 0,000597
settle 0,083382 0,000035
sevenfold 2,659260 0,000564
seventeen 0,693147 0,000147
seventeenth 1,427116 0,000303
seventh 0,562119 0,000119
sever 0,941609 0,000400
sew 0,994252 0,000211
shadow 0,162519 0,000034
shaft 0,713350 0,000151
shake 0,072571 0,000046
shalt 1,171183 0,000249
shama 3,506558 0,000744
shame 0,223144 0,000095
shamelessly 2,302585 0,000489
shamer 3,506558 0,000744
shamir 3,506558 0,000744
share 0,030459 0,000006
sharezer 3,506558 0,000744
sharon 3,218876 0,000683
sharp 0,139262 0,000030
sharpen 1,386294 0,000294
sharply 0,510826 0,000108
shaul 3,506558 0,000744
shave 0,916291 0,000389
shaven 1,514128 0,000321
sheaf 1,714798 0,000728
shear 1,386294 0,000294
shearer 2,995732 0,000636
shearing 2,525729 0,000536
sheath 1,347074 0,000286
shechem 3,506558 0,000744
shechemites 3,218876 0,000683
sheep 0,371064 0,000079
sheepcote 3,218876 0,000683
sheepfold 3,218876 0,000683
sheepmaster 3,506558 0,000744
sheet 0,314711 0,000067
shekel 2,995732 0,001272
shelah 3,506558 0,000744
shem 3,218876 0,000683
shema 3,506558 0,000744
sheminith 3,506558 0,000744
shen 3,506558 0,000744
shepherd 0,843970 0,000358
sheth 3,506558 0,000744
sheva 3,506558 0,000744
shew 2,120264 0,000900
shewbread 3,506558 0,000744
shewing 2,995732 0,000636
shibboleth 2,995732 0,000636
shield 0,634878 0,000269
shiloh 2,995732 0,000636
shimei 3,506558 0,000744
shine 0,150823 0,000128
ship 0,198451 0,000042
shipman 3,506558 0,000744
shittim 3,506558 0,000744
shock 0,235722 0,000050
shoe 0,314711 0,000200
shoot 0,385662 0,000082
shooter 2,120264 0,000450
shooting 0,634878 0,000135
shore 0,287682 0,000061
short 0,020203 0,000004
shortly 0,462035 0,000098
shot 0,223144 0,000047
shoulder 0,139262 0,000059
shouldest 2,659260 0,000564
shout 0,186330 0,000119
shovel 1,347074 0,000286
shower 0,544727 0,000116
shred 1,108663 0,000235
shrink 0,462035 0,000098
shrub 1,237874 0,000263
shunammite 3,506558 0,000744
shut 0,051293 0,000022
sibboleth 3,506558 0,000744
sick 0,150823 0,000032
sickle 2,040221 0,000433
sickness 0,478036 0,000203
siege 0,941609 0,000200
sigh 0,235722 0,000050
sight 0,040822 0,000009
sign 0,051293 0,000022
signet 1,966113 0,000835
silence 0,051293 0,000011
silent 0,051293 0,000011
silver 0,210721 0,000045
simeon 2,525729 0,000536
similitude 2,207275 0,000468
simplicity 0,527633 0,000112
sin 0,314711 0,000267
sincerely 0,867501 0,000184
sincerity 0,653926 0,000139
sinew 1,427116 0,000303
sinful 1,309333 0,000278
sing 0,261365 0,000111
singer 1,049822 0,000446
singing 0,371064 0,000079
singular 0,430783 0,000091
sinite 3,218876 0,000683
sink 0,072571 0,000031
sinner 0,867501 0,000184
sion 2,302585 0,000489
sir 0,150823 0,000032
sister 0,223144 0,000095
sit 0,010050 0,000006
situate 2,659260 0,000564
situation 0,198451 0,000042
sixscore 3,506558 0,000744
sixteen 0,653926 0,000139
sixteenth 1,171183 0,000249
sixth 0,446287 0,000095
size 0,223144 0,000047
skilful 0,967584 0,000205
skill 0,287682 0,000061
skin 0,174353 0,000074
skirt 0,527633 0,000112
skull 0,843970 0,000179
sky 0,186330 0,000079
slack 1,171183 0,000249
slander 1,609438 0,000683
slang 1,832581 0,000389
slaughter 0,820981 0,000174
slay 0,733969 0,000312
slayer 1,832581 0,000389
slaying 1,714798 0,000364
sleep 0,051293 0,000033
slew 1,386294 0,000294
slide 0,713350 0,000151
slime 1,386294 0,000294
sling 1,309333 0,000556
slingers 2,813411 0,000597
slip 0,150823 0,000064
slothful 1,897120 0,000403
slow 0,139262 0,000030
smell 0,261365 0,000111
smite 1,237874 0,000525
smith 0,820981 0,000348
smitten 1,171183 0,000249
smoke 0,186330 0,000079
smooth 0,235722 0,000050
smote 1,021651 0,000217
snail 1,660731 0,000352
snare 1,171183 0,000746
sneeze 1,203973 0,000256
snow 0,478036 0,000101
snowy 1,272966 0,000270
snuffer 2,813411 0,000597
socket 1,309333 0,000556
sod 2,207275 0,000468
sodden 1,714798 0,000364
sodom 2,040221 0,000433
sodomite 2,995732 0,001272
soever 1,966113 0,000417
softly 0,400478 0,000085
sojourn 1,139434 0,000725
sojourner 3,218876 0,000683
sojourners 3,218876 0,000683
soldier 0,415515 0,000088
sole 0,301105 0,000128
solemn 0,301105 0,000064
solemnity 0,843970 0,000179
solemnly 0,579818 0,000123
solomon 1,203973 0,000256
son 0,083382 0,000035
song 0,261365 0,000111
soothsayer 2,407946 0,000511
sorcerer 1,897120 0,000403
sore 0,527633 0,000112
sorely 1,049822 0,000223
sorrow 0,248461 0,000105
sorrowful 1,021651 0,000217
sort 0,072571 0,000031
soul 0,083382 0,000035
sound 0,010050 0,000006
south 0,235722 0,000050
southward 1,609438 0,000342
sow 0,579818 0,000492
space 0,105361 0,000022
span 1,237874 0,000263
spare 0,116534 0,000049
speak 0,030459 0,000019
speaking 0,072571 0,000015
spear 0,967584 0,000411
special 0,083382 0,000018
specially 0,820981 0,000174
speckled 1,560648 0,000331
speech 0,139262 0,000059
speed 0,274437 0,000116
speedily 0,713350 0,000151
spend 0,051293 0,000022
spice 1,108663 0,000471
spicery 3,218876 0,000683
spill 0,843970 0,000358
spin 0,510826 0,000217
spirit 0,051293 0,000022
spit 0,843970 0,000179
spittle 2,407946 0,000511
spoil 0,274437 0,000175
spoiler 2,813411 0,000597
spoke 2,040221 0,000433
spokesman 2,302585 0,000489
spoon 1,021651 0,000434
sport 0,446287 0,000095
sporting 1,427116 0,000303
spot 0,150823 0,000064
spotted 0,994252 0,000211
spread 0,051293 0,000022
spring 0,051293 0,000044
sprinkle 0,776529 0,000330
spue 3,218876 0,001366
spy 0,579818 0,000369
square 0,223144 0,000047
stable 0,478036 0,000101
stablish 2,813411 0,001194
stack 1,272966 0,000270
stacte 3,506558 0,000744
staff 0,261365 0,000055
stair 0,415515 0,000088
stalk 0,755023 0,000320
stall 1,139434 0,000242
stamp 0,261365 0,000111
stand -0,009950 -0,000006
standard 0,544727 0,000231
standeth 2,525729 0,000536
star 0,261365 0,000111
start -0,009950 -0,000002
stature 0,867501 0,000184
statute 1,469676 0,000624
stave 1,427116 0,000303
stay 0,061875 0,000039
stead 1,139434 0,000484
steady 0,301105 0,000064
steal 0,105361 0,000089
stealth 1,660731 0,000352
stedfastly 3,506558 0,000744
steel 0,494296 0,000105
step 0,030459 0,000013
steward 1,078810 0,000458
stick 0,174353 0,000074
sticks 0,733969 0,000156
stiff 0,430783 0,000091
stiffen 1,078810 0,000229
stink 1,469676 0,000624
stir 0,210721 0,000089
stock 0,235722 0,000050
stone 0,094311 0,000080
stool 0,653926 0,000278
stoop 0,400478 0,000085
store 0,061875 0,000013
storehouse 1,966113 0,000417
stork 2,207275 0,000468
story 0,030459 0,000013
straight 0,105361 0,000022
straightway 1,347074 0,000286
strait 1,049822 0,000223
straitly 3,218876 0,000683
straitness 2,813411 0,000597
strake 3,506558 0,000744
strange 0,061875 0,000013
strangely 0,579818 0,000123
stranger 0,139262 0,000030
strangers 0,356675 0,000076
straw 0,342490 0,000145
stream 0,139262 0,000059
street 0,116534 0,000049
strength 0,030459 0,000006
strengthen 0,478036 0,000203
stretch 0,116534 0,000049
stricken 0,653926 0,000139
strife 0,994252 0,000211
strike 0,020203 0,000009
strip 0,385662 0,000164
stripe 1,171183 0,000497
stripling 2,302585 0,000489
stript 2,407946 0,000511
strive 0,385662 0,000164
striving 2,995732 0,000636
stroke 0,301105 0,000064
strong 0,020203 0,000009
strow 2,995732 0,000636
struggle 0,127833 0,000027
stubble 1,609438 0,000342
stubborn 0,843970 0,000179
stubbornness 2,120264 0,000450
stuff 0,223144 0,000047
stumble 0,562119 0,000119
stump 0,994252 0,000211
subdue 0,941609 0,000200
subdued 0,494296 0,000105
submit 0,430783 0,000183
substance 0,415515 0,000088
subtilly 3,506558 0,000744
subtilty 2,407946 0,000511
suburb 1,078810 0,000229
succeed 0,105361 0,000045
success 0,162519 0,000034
succoth 3,218876 0,000683
succour 1,560648 0,000662
suck 0,597837 0,000254
suckling 2,120264 0,000900
suddenly 0,040822 0,000009
suffer 0,061875 0,000026
suffice 0,544727 0,000231
sufficient 0,139262 0,000030
suit 0,198451 0,000042
sum 0,261365 0,000055
summer 0,186330 0,000040
sun 0,072571 0,000015
sunrising 3,506558 0,000744
superfluous 0,867501 0,000184
supplant 1,771957 0,000376
supplication 1,108663 0,000471
suppose 0,020203 0,000004
sur 2,040221 0,000433
surely 0,186330 0,000040
surety 2,040221 0,000433
susi 3,506558 0,000744
sustain 0,314711 0,000134
sustenance 1,469676 0,000312
swallow 0,261365 0,000111
swan 1,171183 0,000249
sware 3,506558 0,000744
swarm 0,634878 0,000269
swear 0,261365 0,000111
swearing 0,994252 0,000211
sweat 0,562119 0,000119
sweep 0,274437 0,000058
sweet 0,139262 0,000059
sweetness 0,673345 0,000143
swell 0,186330 0,000040
swift 0,385662 0,000164
swim 0,478036 0,000101
swine 1,347074 0,000286
sword 0,430783 0,000183
sycomore 3,506558 0,000744
syria 2,120264 0,000450
syrian 2,207275 0,000937
tabernacle 1,897120 0,000805
table 0,083382 0,000035
tablets 2,040221 0,000433
tabor 3,218876 0,000683
tabret 3,506558 0,000744
tach 3,218876 0,000683
tail 0,356675 0,000151
taketh 2,302585 0,000489
tale 0,248461 0,000053
talebearer 3,506558 0,000744
talent 0,385662 0,000164
talk 0,061875 0,000026
talking 0,150823 0,000032
tall 0,198451 0,000084
tanach 3,506558 0,000744
tare 2,813411 0,000597
tarea 3,506558 0,000744
target 1,514128 0,000643
tarry 1,386294 0,000588
tartan 3,218876 0,000683
task 0,248461 0,000105
taskmaster 2,995732 0,000636
taste 0,105361 0,000045
tax 0,248461 0,000053
taxation 1,966113 0,000417
teach 0,083382 0,000053
teacher 0,415515 0,000088
tear 0,030459 0,000019
telling 1,560648 0,000331
tema 3,506558 0,000744
teman 3,506558 0,000744
tempered 0,653926 0,000139
temple 0,314711 0,000134
tempt 0,415515 0,000176
temptation 0,430783 0,000091
tender 0,301105 0,000064
tenderhearted 2,995732 0,000636
tenderness 0,616186 0,000131
tenon 3,218876 0,000683
tenor 1,078810 0,000229
tent 0,713350 0,000303
tenth 0,733969 0,000156
teraphim 3,506558 0,000744
terrace 1,139434 0,000242
terrible 0,186330 0,000040
terribleness 2,995732 0,000636
terrify 0,579818 0,000123
terror 0,162519 0,000069
testify 0,820981 0,000348
testimony 0,562119 0,000239
thanksgiving 1,469676 0,000312
thee 0,597837 0,000127
theft 1,237874 0,000263
thenceforth 1,560648 0,000331
thereat 2,207275 0,000468
therefrom 1,771957 0,000376
thereon 1,469676 0,000312
thereout 3,506558 0,000744
thereunto 2,813411 0,000597
therewith 1,560648 0,000331
thessalonians 3,218876 0,000683
thicket 0,967584 0,000411
thickness 1,386294 0,000294
thief 0,462035 0,000098
thigh 1,078810 0,000458
thine 1,139434 0,000242
thinking 0,274437 0,000058
thirst 0,494296 0,000210
thirsty 0,820981 0,000174
thirteen 0,579818 0,000123
thirteenth 1,203973 0,000256
thirtieth 1,714798 0,000364
thistle 2,040221 0,000866
thither 0,579818 0,000123
thitherward 2,525729 0,000536
thorn 0,967584 0,000205
thread 0,342490 0,000073
threescore 2,120264 0,000450
thresh 2,302585 0,000489
threshing 2,207275 0,000468
threshold 0,562119 0,000119
thrice 0,755023 0,000160
throne 0,733969 0,000156
throw 0,010050 0,000009
thrust 0,287682 0,000061
thumb 0,916291 0,000389
thunder 0,430783 0,000274
thy 0,634878 0,000135
thyself 1,272966 0,000270
tidal 2,659260 0,000564
tiding 1,139434 0,000242
tie 0,105361 0,000045
tillage 1,966113 0,000417
tiller 2,207275 0,000468
timber 0,798508 0,000169
timbrel 3,218876 0,000683
timbrels 3,218876 0,000683
time -0,009950 -0,000004
timothy 2,995732 0,000636
tin 0,755023 0,000160
tingle 1,469676 0,000312
tired 0,198451 0,000042
tirshatha 3,506558 0,000744
tithe 1,832581 0,000778
tithing 3,506558 0,000744
title 0,116534 0,000025
titus 2,040221 0,000433
tob 3,506558 0,000744
tobiah 3,506558 0,000744
toe 0,616186 0,000262
toi 2,995732 0,000636
toil 0,430783 0,000091
token 0,693147 0,000294
tola 3,218876 0,000683
tomorrow 0,755023 0,000160
tong 1,347074 0,000286
tongue 0,139262 0,000059
tool 0,478036 0,000101
tooth 0,186330 0,000079
topaz 2,525729 0,000536
tortoise 1,514128 0,000321
tou 3,506558 0,000744
touch 0,010050 0,000006
tow 1,560648 0,000331
tower 0,314711 0,000134
town 0,094311 0,000040
trade 0,287682 0,000061
traffick 3,506558 0,000744
train 0,162519 0,000069
trance 1,469676 0,000312
transgress 1,386294 0,000883
transgression 1,560648 0,000662
translate 0,634878 0,000135
trap 0,527633 0,000112
travail 1,897120 0,000805
traveller 0,755023 0,000320
treacherously 2,207275 0,000468
treachery 0,755023 0,000160
tread 0,328504 0,000070
treason 1,514128 0,000321
treasure 0,261365 0,000111
treasurer 1,966113 0,000417
treasury 1,237874 0,000525
tree 0,061875 0,000026
tremble 0,174353 0,000111
trench 1,347074 0,000286
trespass 1,609438 0,000683
trespassing 3,218876 0,000683
tribe 0,693147 0,000294
tribulation 1,897120 0,000805
tributary 1,966113 0,000417
tribute 1,021651 0,000217
trimmed 1,237874 0,000263
triumph 0,261365 0,000111
trodden 1,237874 0,000263
trode 2,995732 0,000636
troop 0,843970 0,000179
trouble 0,010050 0,000006
troubler 3,506558 0,000744
trough 1,272966 0,000540
true 0,020203 0,000004
trumpet 0,843970 0,000358
trumpeter 2,813411 0,000597
trust 0,061875 0,000026
truth 0,030459 0,000006
tubal 3,218876 0,000683
tumble 0,494296 0,000105
tumult 0,798508 0,000169
turtle 1,609438 0,000342
turtledove 3,218876 0,001366
twain 1,660731 0,000352
twelfth 1,237874 0,000263
twentieth 1,108663 0,000235
twilight 0,733969 0,000156
twin 1,108663 0,000235
twine 1,139434 0,000242
tyre 2,207275 0,000468
ulla 3,506558 0,000744
unawares 1,237874 0,000263
uncircumcised 3,506558 0,000744
uncle 0,544727 0,000116
unclean 1,386294 0,000294
uncleanness 2,407946 0,000511
uncover 0,916291 0,000389
understand 0,020203 0,000009
understanding 0,223144 0,000047
undo 0,693147 0,000147
undressed 1,386294 0,000294
ungird 3,218876 0,000683
ungodly 2,040221 0,000433
unholy 1,469676 0,000312
unicorn 2,525729 0,001072
united 0,094311 0,000020
unleavened 3,218876 0,000683
unmindful 1,966113 0,000417
unoccupied 1,560648 0,000331
unrighteous 1,966113 0,000417
unrighteously 3,218876 0,000683
unrighteousness 2,659260 0,000564
unsavoury 2,659260 0,000564
unstable 2,040221 0,000433
unwalled 3,218876 0,000683
unweighed 3,506558 0,000744
unwise 1,469676 0,000312
unwittingly 1,660731 0,000352
upbraid 1,386294 0,000294
upper 0,314711 0,000067
uppermost 1,237874 0,000263
upright 0,301105 0,000064
uprightness 1,771957 0,000376
uproar 1,021651 0,000217
upside 1,347074 0,000286
upward 0,579818 0,000123
ur 2,813411 0,000597
urge 0,274437 0,000058
urgent 0,798508 0,000169
uri 3,218876 0,000683
uriah 2,995732 0,000636
uriel 2,995732 0,000636
urim 3,218876 0,000683
usurer 2,302585 0,000489
usury 2,207275 0,000468
utmost 0,356675 0,000076
utter 0,162519 0,000069
utterly 0,371064 0,000079
uttermost 2,040221 0,000433
vagabond 1,203973 0,000256
vail 2,659260 0,000564
vain 0,116534 0,000025
vale 1,347074 0,000286
valiant 1,309333 0,000278
valiantly 2,040221 0,000433
valley 0,544727 0,000231
valour 1,560648 0,000331
vanity 0,400478 0,000170
vaunt 1,771957 0,000376
vengeance 0,579818 0,000123
venison 1,771957 0,000376
venom 1,714798 0,000364
venture 0,223144 0,000047
verification 2,120264 0,000450
verify 1,171183 0,000249
verily 1,139434 0,000242
verse 0,478036 0,000101
version 0,342490 0,000145
vessel 0,446287 0,000189
vestment 1,771957 0,000376
vestry 2,207275 0,000468
vesture 2,207275 0,000937
vex 0,579818 0,000246
vexation 0,820981 0,000348
vial 2,120264 0,000450
victory 0,356675 0,000076
victual 2,813411 0,000597
victuals 2,120264 0,000450
view 0,040822 0,000017
vile 0,634878 0,000135
vilely 2,120264 0,000450
villages 0,820981 0,000174
vine 0,867501 0,000368
vinegar 1,078810 0,000229
vineyard 1,237874 0,000525
vintage 1,660731 0,000352
violence 0,248461 0,000053
violent 0,223144 0,000047
violently 0,462035 0,000098
virgin 0,755023 0,000320
virginity 2,120264 0,000450
virtuous 0,653926 0,000139
vision 0,301105 0,000128
visit 0,030459 0,000019
visitation 1,514128 0,000321
voice 0,020203 0,000009
void 0,261365 0,000055
voluntary 0,843970 0,000179
vow 0,616186 0,000392
vulture 1,427116 0,000303
wafer 2,207275 0,000937
wages 0,916291 0,000194
wagon 1,078810 0,000458
wait 0,061875 0,000026
waiting 0,083382 0,000018
walk 0,000000 0,000000
wall 0,094311 0,000040
walled 1,347074 0,000286
wallow 1,309333 0,000278
wander 0,116534 0,000074
war 0,139262 0,000118
ward 0,755023 0,000320
wardrobe 1,078810 0,000229
warfare 1,272966 0,000270
warm 0,116534 0,000025
warn 0,287682 0,000122
warp 1,771957 0,000376
warrior 1,108663 0,000235
wash 0,210721 0,000134
wast 2,120264 0,000450
waste 0,127833 0,000054
watch 0,020203 0,000009
watchman 1,427116 0,000303
watchmen 2,120264 0,000450
water 0,040822 0,000026
watercourse 2,407946 0,000511
watering 1,347074 0,000286
wave 0,210721 0,000134
wax 0,446287 0,000189
waxen 1,514128 0,000321
wayfaring 2,813411 0,000597
wayside 1,714798 0,000364
weak 0,105361 0,000045
weaken 0,562119 0,000119
wealth 0,287682 0,000061
wean 1,966113 0,000417
weapon 0,400478 0,000170
wear 0,083382 0,000035
wearied 0,820981 0,000174
weary 0,186330 0,000040
weasel 2,407946 0,000511
weave 0,693147 0,000294
weaver 1,832581 0,000389
wedge 1,203973 0,000256
week 0,127833 0,000054
weep 0,356675 0,000227
weigh 0,162519 0,000103
weight 0,116534 0,000049
welfare 0,916291 0,000194
wen 2,813411 0,000597
wench 1,714798 0,000364
west 0,083382 0,000018
western 0,616186 0,000131
westward 1,139434 0,000242
whale 1,469676 0,000312
whatsoever 0,287682 0,000061
wheat 0,994252 0,000211
wheaten 2,659260 0,000564
wheel 0,274437 0,000116
whelp 1,897120 0,000805
whensoever 2,659260 0,000564
whereabout 2,813411 0,000597
wherefore 1,139434 0,000242
whereinto 3,506558 0,000744
whereof 1,237874 0,000263
whereon 1,309333 0,000278
wheresoever 2,207275 0,000468
whereunto 2,525729 0,000536
wherewith 1,514128 0,000321
whet 1,966113 0,000417
whip 0,400478 0,000085
whirlwind 1,514128 0,000321
whisper 0,248461 0,000053
whit 1,171183 0,000249
white 0,051293 0,000011
whithersoever 2,525729 0,000536
wholly 0,400478 0,000085
whomsoever 1,897120 0,000403
whore 2,407946 0,000511
whoredom 3,218876 0,001366
whoring 2,995732 0,000636
whoso 2,207275 0,000468
whosoever 1,714798 0,000364
wicked 0,328504 0,000070
wickedly 1,966113 0,000417
wickedness 0,916291 0,000194
wide 0,030459 0,000006
widow 0,510826 0,000217
widowhood 2,407946 0,000511
wife 0,083382 0,000035
wild 0,051293 0,000011
wilderness 0,673345 0,000143
wiles 1,771957 0,000376
wilily 3,506558 0,000744
willingly 0,527633 0,000112
willow 1,171183 0,000249
wilt 2,040221 0,000433
win 0,356675 0,000076
wind 0,094311 0,000040
window 0,162519 0,000069
wine 0,235722 0,000050
winepress 3,218876 0,000683
wing 0,314711 0,000134
winged 1,272966 0,000270
winter 0,198451 0,000042
wipe 0,415515 0,000176
wire 0,867501 0,000184
wisdom 0,287682 0,000061
wise 0,094311 0,000040
wisely 0,653926 0,000139
wist 2,995732 0,000636
wit 0,198451 0,000042
witch 1,203973 0,000256
witchcraft 1,714798 0,000364
withal 1,347074 0,000286
withdraw 0,210721 0,000089
withered 0,843970 0,000179
withhold 0,820981 0,000348
withholden 3,506558 0,000744
withstand 1,021651 0,000434
witness 0,116534 0,000074
wittingly 2,813411 0,000597
wizard 1,897120 0,000805
woe 0,673345 0,000143
wolf 0,597837 0,000127
woman 0,030459 0,000013
womankind 2,040221 0,000433
womb 1,272966 0,000540
wonderful 0,162519 0,000034
wonderfully 0,510826 0,000108
wondrous 1,203973 0,000256
wood 0,083382 0,000018
woof 2,525729 0,000536
wool 1,049822 0,000223
woollen 1,660731 0,000352
word 0,020203 0,000004
worker 0,941609 0,000400
workman 0,755023 0,000320
workmanship 1,272966 0,000270
worm 0,733969 0,000156
worms 1,078810 0,000229
wormwood 1,966113 0,000417
worship 0,415515 0,000265
worshipper 1,514128 0,000321
worth 0,061875 0,000013
worthily 1,897120 0,000403
worthy 0,186330 0,000040
wot 2,040221 0,000433
wotteth 3,506558 0,000744
wouldest 3,218876 0,000683
wound 0,198451 0,000126
wounded 0,274437 0,000058
wrap 0,400478 0,000085
wrath 0,634878 0,000135
wreath 0,867501 0,000368
wreathen 3,506558 0,000744
wrest 1,203973 0,000256
wrestle 1,049822 0,000223
wrestling 2,813411 0,000597
wretchedness 1,139434 0,000242
wring 0,798508 0,000339
write 0,020203 0,000013
writer 0,328504 0,000070
writing 0,061875 0,000013
wrong 0,072571 0,000015
wroth 2,302585 0,000489
yarn 1,609438 0,000342
yea 1,897120 0,000403
yearly 1,203973 0,000256
yearn 1,609438 0,000683
yellow 0,314711 0,000067
yesterday 0,301105 0,000064
yesternight 2,525729 0,000536
yield 0,174353 0,000111
yoke 0,994252 0,000211
yonder 0,843970 0,000179
youth 0,139262 0,000030
zachariah 3,218876 0,000683
zeal 0,579818 0,000123
zealous 1,049822 0,000223
zebulun 3,506558 0,000744
zechariah 3,506558 0,000744
zephaniah 3,506558 0,000744
zer 3,218876 0,000683
zillah 3,218876 0,000683
zilpah 3,506558 0,000744
zion 2,995732 0,000636
