absolutely 0,287682 0,000344
absorb 0,446287 0,000534
absurd 0,430783 0,000515
account 0,010050 0,000012
add 0,094311 0,000113
admirable 0,527633 0,000631
advice 0,186330 0,000223
afraid 0,105361 0,000126
air 0,061875 0,000074
airy 1,237874 0,001481
ale 1,660731 0,001987
alive 0,051293 0,000061
alternation 2,120264 0,002536
amazement 0,446287 0,000534
analyze 1,771957 0,002120
ancestral 2,040221 0,002440
angle 0,478036 0,000572
angry 0,174353 0,000209
appetite 0,314711 0,000376
arabesque 2,302585 0,002754
arbor 1,966113 0,002352
arm 0,030459 0,000036
arrange 0,198451 0,000237
artistic 1,049822 0,001256
asleep 0,162519 0,000194
assure 0,127833 0,000306
astonish 0,261365 0,000313
atrocious 1,427116 0,001707
awake 0,150823 0,000180
awful 0,328504 0,000393
axe 1,049822 0,001256
baby 0,653926 0,000782
bad 0,020203 0,000072
bar 0,235722 0,000564
bare 0,150823 0,000180
bargain 0,527633 0,000631
basely 1,966113 0,002352
bay 0,510826 0,000611
beautiful 0,083382 0,000100
bed 0,051293 0,000123
bedstead 1,237874 0,001481
beg 0,116534 0,000139
belong 0,072571 0,000087
betray 0,301105 0,000360
bit 0,139262 0,000167
blackberry 2,525729 0,003021
blame 0,162519 0,000194
blank 0,527633 0,000631
bless 0,415515 0,000497
blessed 0,356675 0,000427
bloated 1,660731 0,001987
boat 0,446287 0,000534
body 0,010050 0,000012
border 0,400478 0,000479
box 0,248461 0,000297
boy 0,105361 0,000126
breadth 0,653926 0,001564
break 0,010050 0,000024
bright 0,094311 0,000113
bring 0,000000 0,000000
brother 0,127833 0,000153
bud 0,867501 0,001038
bulbous 3,218876 0,003850
burden 0,198451 0,000237
bureau 1,832581 0,002192
burn 0,061875 0,000074
bush 0,430783 0,000515
buttercup 2,525729 0,003021
candlelight 2,813411 0,003365
canvas 0,916291 0,001096
care 0,000000 0,000000
careful 0,174353 0,000209
carriage 0,356675 0,000427
carry 0,010050 0,000012
catch 0,072571 0,000087
caution 0,478036 0,000572
cellar 0,798508 0,000955
centre 0,385662 0,000461
chair 0,261365 0,000313
change 0,010050 0,000024
charlotte 1,897120 0,002269
chase 0,430783 0,000515
cheaply 1,966113 0,002352
check 0,072571 0,000087
child 0,040822 0,000098
chintz 2,407946 0,002880
clean 0,210721 0,000252
clever 0,371064 0,000444
climb 0,400478 0,000479
close 0,010050 0,000012
clothes 0,127833 0,000153
cloud 0,150823 0,000180
cod 1,897120 0,002269
cold 0,040822 0,000049
colonial 2,040221 0,002440
color 0,967584 0,001157
column 0,562119 0,000672
comfort 0,105361 0,000126
comfortable 0,261365 0,000313
command 0,116534 0,000139
commit 0,116534 0,000279
common 0,072571 0,000087
companionship 0,967584 0,001157
company 0,020203 0,000024
comparative 0,994252 0,001189
conclusion 0,210721 0,000252
condition 0,051293 0,000061
confess 0,127833 0,000153
confuse 1,714798 0,002051
confusion 0,287682 0,000344
congenial 1,309333 0,001566
connect 0,891598 0,001067
conscientiously 1,609438 0,001925
conspicuous 0,916291 0,001096
constant 0,051293 0,000061
constantly 0,371064 0,000444
contradiction 0,713350 0,000853
control 0,223144 0,000267
convince 0,198451 0,000237
convolution 3,506558 0,004194
corner 0,072571 0,000087
count 0,116534 0,000139
country 0,010050 0,000012
cousin 0,597837 0,000715
covered 0,139262 0,000167
crawl 0,494296 0,001774
creep 0,198451 0,000712
creepy 2,995732 0,003583
cultivate 0,462035 0,000553
curve 0,916291 0,001096
damp 0,400478 0,000479
danger 0,105361 0,000126
dangerous 0,150823 0,000180
dark 0,051293 0,000061
darling 0,916291 0,001096
day 0,000000 0,000000
daylight 0,446287 0,000534
daytime 1,560648 0,001867
dead 0,072571 0,000087
deal 0,061875 0,000074
dearly 0,776529 0,000929
debased 2,040221 0,002440
deceit 0,967584 0,001157
decide 0,040822 0,000049
declare 0,139262 0,000333
deep 0,020203 0,000024
defiance 0,713350 0,000853
delicious 0,713350 0,000853
delirium 1,203973 0,001440
depend 0,040822 0,000049
depress 0,616186 0,000737
depression 0,967584 0,001157
derision 1,108663 0,001326
design 0,287682 0,000344
desperate 0,328504 0,000393
destroy 0,061875 0,000074
determine 0,061875 0,000148
development 0,693147 0,000829
diagonally 2,525729 0,003021
dig 0,356675 0,000427
dim 0,356675 0,000427
dining 0,510826 0,000611
dinner 0,186330 0,000223
direction 0,051293 0,000061
disagree 1,469676 0,001758
discourage 0,693147 0,000829
discover 0,030459 0,000036
distance 0,105361 0,000126
distinguish 0,314711 0,000376
distraction 0,994252 0,001189
disturb 0,198451 0,000237
dizzy 1,386294 0,001658
doctor 0,400478 0,000479
door 0,000000 0,000000
downstairs 1,049822 0,001256
draught 0,527633 0,000631
dreadfully 1,021651 0,001222
dream 0,083382 0,000100
dress 0,162519 0,000194
dull 0,174353 0,000209
duty 0,061875 0,000074
dwell 0,342490 0,000410
earnest 0,261365 0,000313
east 0,235722 0,000282
easy 0,000000 0,000000
eat 0,040822 0,000049
effort 0,094311 0,000113
elm 1,609438 0,001925
endless 0,478036 0,000572
endure 0,210721 0,000252
english 0,094311 0,000113
enjoy 0,072571 0,000174
enter 0,020203 0,000024
entertain 0,579818 0,000694
entertainment 0,798508 0,000955
enthusiastic 1,021651 0,001222
equal 0,162519 0,000194
escape 0,061875 0,000074
estate 0,478036 0,000572
evening 0,072571 0,000087
everlastingness 3,912023 0,004679
excited 0,248461 0,000297
excitement 0,415515 0,000497
exciting 0,693147 0,000829
excuse 0,139262 0,000167
exercise 0,235722 0,000282
exhaust 1,560648 0,001867
expect 0,051293 0,000123
expression 0,116534 0,000139
extreme 0,186330 0,000223
eye 0,000000 0,000000
fade 0,371064 0,000888
faint 0,186330 0,000446
faith 0,210721 0,000252
fall 0,000000 0,000000
false 0,210721 0,000252
fancy 0,162519 0,000389
fascinating 1,139434 0,001363
fashion 0,105361 0,000126
fast 0,030459 0,000073
fasten 0,478036 0,000572
fate 0,174353 0,000209
fatuity 2,525729 0,003021
feel 0,020203 0,000024
feeling 0,072571 0,000087
felicity 1,272966 0,001523
fierce 0,415515 0,000497
figure 0,051293 0,000123
finally 0,150823 0,000180
finish 0,287682 0,000344
finished 0,162519 0,000194
fit 0,030459 0,000036
flamboyant 3,506558 0,004194
flesh 0,210721 0,000252
floor 0,174353 0,000209
florid 1,560648 0,001867
flourish 0,562119 0,000672
flourishing 1,021651 0,001222
flower 0,174353 0,000209
fog 0,653926 0,000782
follow 0,020203 0,000024
fond 0,261365 0,000313
food 0,127833 0,000153
foolish 0,235722 0,000282
forbid 0,248461 0,000297
forget 0,010050 0,000012
form 0,020203 0,000024
formless 2,040221 0,002440
fortunate 0,415515 0,000497
foul 0,616186 0,000737
fourth 0,174353 0,000209
fretful 2,207275 0,002640
friend 0,000000 0,000000
frieze 2,407946 0,002880
frighten 0,733969 0,000878
fun 0,798508 0,000955
fungus 2,120264 0,002536
funny 1,021651 0,001222
furniture 0,415515 0,000497
gain 0,040822 0,000049
galore 3,912023 0,004679
garden 0,150823 0,000180
gardener 0,994252 0,001189
gate 0,210721 0,000504
gather 0,061875 0,000074
gentle 0,274437 0,000657
gently 0,235722 0,000282
ghostliness 3,218876 0,003850
girl 0,198451 0,000237
glad 0,072571 0,000087
gloomily 1,386294 0,001658
gnarly 3,912023 0,004679
gnaw 0,967584 0,001157
god 0,083382 0,000100
goose 0,755023 0,000903
gouge 2,813411 0,003365
grape 0,867501 0,001038
green 0,105361 0,000126
greenhouse 2,659260 0,003181
grotesque 1,021651 0,001222
ground 0,030459 0,000036
growth 0,430783 0,000515
guess 0,223144 0,000267
gymnasium 1,966113 0,002352
gymnastics 2,525729 0,003021
habit 0,162519 0,000194
hair 0,072571 0,000087
hall 0,274437 0,000657
hand 0,010050 0,000024
hanging 0,235722 0,000564
happy 0,061875 0,000074
hard 0,040822 0,000049
hate 0,150823 0,000541
hatred 0,494296 0,000591
haunt 0,385662 0,000461
head 0,000000 0,000000
headlong 0,843970 0,001010
hear 0,010050 0,000024
heart 0,010050 0,000012
heavy 0,030459 0,000036
hedge 0,597837 0,000715
height 0,210721 0,000252
heir 0,527633 0,000631
henry 0,713350 0,000853
hereditary 1,108663 0,001326
hide 0,072571 0,000174
hideous 0,527633 0,000631
hiding 0,616186 0,000737
hinder 0,579818 0,000694
hold 0,010050 0,000012
hop 1,108663 0,001326
hope 0,000000 0,000000
horizontal 1,514128 0,001811
horizontally 1,832581 0,002192
horribly 0,916291 0,001096
horrid 0,713350 0,000853
horror 0,198451 0,000237
hour 0,061875 0,000148
house 0,020203 0,000024
housekeeper 1,139434 0,001363
houses 0,139262 0,000167
hover 0,653926 0,000782
hug 0,967584 0,001157
humiliating 1,427116 0,001707
hurrah 1,386294 0,001658
hurt 0,150823 0,000180
husband 0,198451 0,000237
hypothesis 1,237874 0,001481
hysterical 1,469676 0,001758
idea 0,083382 0,000199
imaginative 1,609438 0,001925
imagine 0,083382 0,000100
immovable 1,203973 0,001440
impertinence 1,469676 0,001758
impressionable 2,525729 0,003021
improper 1,139434 0,001363
improve 0,385662 0,000461
inanimate 1,237874 0,001481
inexplicable 1,171183 0,001401
influence 0,198451 0,000237
infuriating 3,912023 0,004679
inharmonious 2,813411 0,003365
innocent 0,186330 0,000223
instant 0,210721 0,000252
intact 1,609438 0,001925
intense 0,430783 0,000515
intention 0,127833 0,000153
interminable 1,237874 0,001481
irritant 3,912023 0,004679
irritate 1,660731 0,001987
irritating 1,272966 0,001523
isolated 0,994252 0,001189
jane 1,832581 0,002192
jennie 3,912023 0,004679
john 0,328504 0,000393
joint 0,446287 0,000534
journey 0,150823 0,000180
judge 0,061875 0,000074
julia 2,120264 0,002536
july 0,616186 0,000737
jump 0,430783 0,000515
key 0,342490 0,000410
kindly 0,223144 0,000267
knob 1,427116 0,001707
knock 0,287682 0,000344
lack 0,371064 0,000444
lame 0,798508 0,000955
lamplight 2,120264 0,002536
lane 0,653926 0,000782
laugh 0,094311 0,000338
law 0,020203 0,000048
lay 0,030459 0,000073
lazy 0,616186 0,000737
lead 0,020203 0,000024
leaf 0,446287 0,000534
lease 1,714798 0,002051
leave -0,009950 -0,000012
left 0,000000 0,000000
legal 0,261365 0,000313
lie 0,020203 0,000048
life -0,009950 -0,000012
lift 0,116534 0,000139
light 0,000000 0,000000
live 0,010050 0,000012
liver 1,171183 0,001401
living 0,020203 0,000024
lock 0,162519 0,000389
loll 1,771957 0,002120
lose 0,000000 0,000000
lot 0,051293 0,000123
love 0,030459 0,000036
lovely 0,462035 0,000553
loving 0,478036 0,000572
lucky 0,494296 0,000591
lurid 1,609438 0,001925
manner 0,040822 0,000049
mansion 0,820981 0,000982
mark 0,105361 0,000126
marked 0,061875 0,000074
marriage 0,314711 0,000376
mary 0,693147 0,000829
master 0,072571 0,000087
match 0,301105 0,000360
matter 0,000000 0,000000
mattress 1,237874 0,001481
meadow 0,733969 0,000878
meal 0,261365 0,000313
meat 0,356675 0,000427
meet 0,010050 0,000024
mention 0,105361 0,000126
mere 0,094311 0,000113
merrily 1,272966 0,001523
mile 0,174353 0,000209
mind 0,020203 0,000024
misconstrue 3,218876 0,003850
mitchell 2,525729 0,003021
moment 0,010050 0,000024
month 0,040822 0,000049
moon 0,261365 0,000313
moonlight 0,673345 0,000805
mopboard 3,912023 0,004679
morning 0,040822 0,000049
morrow 0,328504 0,000393
mother 0,072571 0,000087
mysterious 0,314711 0,000376
nail 0,356675 0,000427
nap 1,469676 0,001758
neck 0,174353 0,000209
neglect 0,274437 0,000328
nellie 3,912023 0,004679
nervous 0,494296 0,000591
nervousness 1,714798 0,002051
nice 0,371064 0,000444
night 0,010050 0,000024
normal 1,237874 0,001481
notice 0,020203 0,000048
numerous 0,235722 0,000282
nursery 1,347074 0,001611
occasionally 0,371064 0,000444
occupy 0,174353 0,000209
odor 1,386294 0,001658
oil 0,446287 0,000534
openly 0,494296 0,000591
opposition 0,494296 0,000591
optic 3,506558 0,004194
orange 0,776529 0,000929
ordinary 0,186330 0,000223
outline 0,579818 0,000694
outrageous 1,386294 0,001658
pain 0,051293 0,000061
paint 0,274437 0,000328
paper 0,083382 0,000100
parlor 1,660731 0,001987
patch 0,616186 0,000737
patent 0,941609 0,001126
path 0,150823 0,000361
patience 0,139262 0,000167
patient 0,274437 0,000328
pattern 0,597837 0,001430
peculiar 0,223144 0,000267
peculiarity 0,755023 0,000903
peel 1,139434 0,001363
perfect 0,061875 0,000074
perplexing 1,560648 0,001867
perseverance 1,108663 0,001326
person -0,009950 -0,000024
personally 0,798508 0,000955
phosphate 3,506558 0,004194
physician 0,693147 0,000829
piazza 2,120264 0,002536
pick 0,223144 0,000267
piece 0,020203 0,000024
pillow 0,544727 0,000652
plain 0,040822 0,000049
plantain 3,506558 0,004194
plaster 0,916291 0,001096
playground 2,813411 0,003365
playroom 3,218876 0,003850
pleasant 0,162519 0,000194
pleased 0,150823 0,000180
plunge 0,314711 0,000753
pointless 2,207275 0,002640
poor 0,020203 0,000024
porch 0,891598 0,001067
positively 0,776529 0,000929
pound 0,314711 0,000376
power 0,030459 0,000036
practical 0,494296 0,000591
prescription 1,469676 0,001758
press 0,105361 0,000126
pretend 0,186330 0,000223
pretty 0,150823 0,000180
principle 0,274437 0,000328
private 0,198451 0,000237
privately 1,171183 0,001401
profession 0,446287 0,000534
professional 0,820981 0,000982
project -0,009950 -0,000012
pronounced 0,446287 0,000534
proper 0,061875 0,000074
proudly 0,733969 0,000878
provoke 0,510826 0,000611
provoking 1,078810 0,001290
pull 0,127833 0,000153
pure 0,139262 0,000167
push 0,139262 0,000167
puzzling 1,560648 0,001867
queer 0,776529 0,000929
querulous 2,120264 0,002536
question 0,020203 0,000024
quiet 0,094311 0,000113
quietly 0,261365 0,000313
radiation 2,813411 0,003365
rain 0,150823 0,000180
rare 0,261365 0,000313
ravages 1,832581 0,002192
ray 0,462035 0,000553
reach 0,000000 0,000000
read 0,020203 0,000024
ready 0,030459 0,000036
real 0,040822 0,000049
realize 0,693147 0,000829
reason 0,010050 0,000012
reasonable 0,116534 0,000139
recurrent 2,995732 0,003583
relative 0,462035 0,000553
relief 0,186330 0,000223
relieve 0,198451 0,000237
remember 0,030459 0,000036
remind 0,301105 0,000360
renovate 2,659260 0,003181
rental 2,525729 0,003021
repair 0,342490 0,000410
repaper 3,912023 0,004679
repeat 0,051293 0,000061
repellant 3,218876 0,003850
repetition 0,713350 0,000853
report 0,051293 0,000061
reproachful 1,309333 0,001566
rest 0,010050 0,000012
restrained 0,776529 0,000929
revolting 1,560648 0,001867
ride 0,261365 0,000313
riotous 1,897120 0,002269
road 0,116534 0,000139
romanesque 3,912023 0,004679
romantic 0,891598 0,001067
rope 0,430783 0,000515
rose 0,941609 0,001126
rub 0,342490 0,000410
rush 0,127833 0,000153
safe 0,116534 0,000139
sake 0,083382 0,000100
satisfy 0,061875 0,000074
save 0,010050 0,000012
schedule 2,995732 0,003583
school 0,150823 0,000180
scientific 0,776529 0,000929
scoff 1,514128 0,001811
score 0,446287 0,000534
scratch 0,544727 0,000652
seat 0,051293 0,000061
seaweed 2,120264 0,002536
secretly 0,597837 0,000715
secure 0,061875 0,000074
securely 0,916291 0,001096
seldom 0,301105 0,000360
send 0,020203 0,000024
sense 0,051293 0,000061
sensitive 0,693147 0,000829
separate 0,094311 0,000113
separately 1,108663 0,001326
sequence 1,560648 0,001867
servant 0,105361 0,000126
sha 1,309333 0,001566
shade 0,223144 0,000534
shades 0,916291 0,001096
shadow 0,162519 0,000194
shady 0,967584 0,001157
shake 0,072571 0,000260
shame 0,223144 0,000267
shape 0,150823 0,000361
shine 0,150823 0,000361
shoot 0,385662 0,000461
short 0,020203 0,000024
shoulder 0,139262 0,000167
shriek 0,634878 0,000759
shut 0,051293 0,000061
sick 0,150823 0,000180
sickly 0,891598 0,001067
sideways 1,139434 0,001363
silence 0,051293 0,000061
silly 0,400478 0,000479
sin 0,314711 0,000376
sister 0,223144 0,000267
sit 0,010050 0,000036
skulk 1,771957 0,002120
slant 1,203973 0,001440
slap 0,798508 0,000955
sleep 0,051293 0,000184
slight 0,072571 0,000087
slow 0,139262 0,000167
slowly 0,150823 0,000180
sly 0,713350 0,000853
smell 0,261365 0,000625
smooch 3,912023 0,009359
smoothly 1,021651 0,001222
smoulder 1,514128 0,001811
society 0,210721 0,000252
softly 0,400478 0,000479
solely 0,733969 0,000878
somersault 2,407946 0,002880
sort 0,072571 0,000174
soul 0,083382 0,000100
sound 0,010050 0,000012
special 0,083382 0,000100
spend 0,051293 0,000061
spite 0,139262 0,000167
splintered 2,040221 0,002440
spoil 0,274437 0,000328
spot 0,150823 0,000361
sprawl 1,139434 0,001363
sprout 1,514128 0,001811
stain 0,478036 0,000572
stair 0,415515 0,000497
stand -0,009950 -0,000048
stare 0,328504 0,000393
start -0,009950 -0,000024
stay 0,061875 0,000074
steal 0,105361 0,000126
step 0,030459 0,000073
stern 0,478036 0,000572
sticks 0,733969 0,000878
stimulate 1,021651 0,001222
stimulus 1,560648 0,001867
stir 0,210721 0,000252
stoop 0,400478 0,000479
store 0,061875 0,000074
story 0,030459 0,000036
straight 0,105361 0,000126
strange 0,061875 0,000148
strangely 0,579818 0,000694
strangle 0,843970 0,002019
streak 0,820981 0,000982
strength 0,030459 0,000036
strike 0,020203 0,000024
string 0,371064 0,000444
strip 0,385662 0,000923
strong 0,020203 0,000024
study 0,094311 0,000226
subdued 0,494296 0,000591
subtle 0,713350 0,000853
suddenly 0,040822 0,000049
suffer 0,061875 0,000074
suicide 1,049822 0,001256
sulk 2,120264 0,002536
sulphur 1,609438 0,001925
summer 0,186330 0,000223
sun 0,072571 0,000087
sunlight 0,843970 0,001010
sunshine 0,616186 0,000737
superstition 0,798508 0,000955
suppose 0,020203 0,000024
surprise 0,150823 0,000180
suspect 0,162519 0,000194
symmetry 1,514128 0,001811
talk 0,061875 0,000074
tear 0,030459 0,000073
temperament 0,967584 0,001157
temporary 0,713350 0,000853
tendency 0,527633 0,000631
terror 0,162519 0,000194
thousandth 1,897120 0,002269
throw 0,010050 0,000012
tie 0,105361 0,000126
time -0,009950 -0,000024
tint 1,272966 0,001523
tired 0,198451 0,000237
tiresome 1,078810 0,001290
toadstool 2,659260 0,006362
tonic 2,120264 0,002536
tooth 0,186330 0,000223
torture 0,371064 0,000444
touch 0,010050 0,000024
town 0,094311 0,000113
toy 0,733969 0,000878
tramples 2,995732 0,003583
tree 0,061875 0,000074
trip 0,510826 0,000611
trouble 0,010050 0,000024
trust 0,061875 0,000074
twilight 0,733969 0,000878
unblinking 2,813411 0,003365
uncertain 0,301105 0,000360
unclean 1,386294 0,001658
uncomfortable 0,798508 0,000955
undertaking 0,693147 0,000829
undoubtedly 0,634878 0,000759
undulating 1,560648 0,001867
ungrateful 0,798508 0,000955
unheard 0,994252 0,001189
unreasonably 2,040221 0,002440
unreliable 2,302585 0,002754
untenanted 2,040221 0,002440
upside 1,347074 0,001611
upstairs 0,891598 0,001067
velvet 0,891598 0,001067
verily 1,139434 0,001363
vicious 0,653926 0,000782
view 0,040822 0,000049
village 0,356675 0,000427
vine 0,867501 0,001038
visit 0,030459 0,000036
voice 0,020203 0,000024
waddle 2,659260 0,003181
wait 0,061875 0,000074
wake 0,223144 0,000534
waken 1,139434 0,001363
walk 0,000000 0,000000
wall 0,094311 0,000226
wallow 1,309333 0,001566
wallpaper 3,218876 0,003850
war 0,139262 0,000167
watch 0,020203 0,000072
wave 0,210721 0,000252
weakness 0,248461 0,000297
weather 0,248461 0,000297
week 0,127833 0,000306
weigh 0,162519 0,000194
weir 2,995732 0,003583
wharf 1,427116 0,001707
white 0,051293 0,000061
whitewashed 1,660731 0,001987
wind 0,094311 0,000226
window 0,162519 0,000389
wine 0,235722 0,000282
wink 0,597837 0,000715
wise 0,094311 0,000113
woman 0,030459 0,000073
wonderfully 0,510826 0,000611
word 0,020203 0,000024
worth 0,061875 0,000074
write 0,020203 0,000024
writing 0,061875 0,000074
yard 0,223144 0,000267
yellow 0,314711 0,000376
