abandon 0,223144 0,000106
abate 1,108663 0,000263
abduction 2,302585 0,000546
abide 0,248461 0,000059
ability 0,478036 0,000227
abrupt 0,994252 0,000236
abruptly 0,843970 0,000200
absence 0,274437 0,000065
absent 0,371064 0,000088
absolute 0,400478 0,000095
absolutely 0,287682 0,000068
absorb 0,446287 0,000106
abundance 0,843970 0,000200
abuse 0,562119 0,000133
accept 0,061875 0,000059
acceptable 0,967584 0,000229
access 0,314711 0,000149
accessible 0,446287 0,000106
accommodate 0,916291 0,000217
accompany 0,094311 0,000045
accost 1,049822 0,000249
account 0,010050 0,000002
accumulate 0,891598 0,000422
accusation 0,891598 0,000422
accuse 0,385662 0,000091
ach 2,813411 0,000667
ache 0,733969 0,000174
achieve 0,597837 0,000283
achievement 1,171183 0,000277
acknowledge 0,274437 0,000195
acknowledgement 2,813411 0,000667
acquaintance 0,248461 0,000118
acquire 0,371064 0,000176
acquisitive 3,506558 0,000831
acquit 1,021651 0,000484
acquittal 2,302585 0,001091
action 0,094311 0,000045
active 0,127833 0,000030
activity 0,415515 0,000197
actor 0,755023 0,000179
actual 0,174353 0,000041
acumen 2,659260 0,000630
add 0,094311 0,000045
addition 0,116534 0,000055
additional 0,198451 0,000047
address 0,072571 0,000034
adjoin 0,798508 0,000189
adjust 0,891598 0,000211
admiration 0,342490 0,000081
admit 0,116534 0,000083
ado 1,514128 0,000359
adopt 0,673345 0,000160
adroit 2,120264 0,000502
advance 0,061875 0,000015
advantage 0,127833 0,000061
advantageous 1,237874 0,000293
adverse 1,514128 0,000359
adversely 3,912023 0,000927
advice 0,186330 0,000044
advise 0,301105 0,000143
adviser 1,560648 0,000370
advisor 3,912023 0,000927
advocate 0,867501 0,000206
afar 0,994252 0,000236
affair 0,094311 0,000045
affect 0,478036 0,000113
affection 0,235722 0,000056
affirmation 2,207275 0,000523
afford 0,186330 0,000044
afraid 0,105361 0,000025
afternoon 0,274437 0,000065
age 0,040822 0,000010
aged 0,198451 0,000047
agenda 3,912023 0,000927
agent 0,223144 0,000053
aghast 1,272966 0,000302
agitated 0,693147 0,000164
agitation 0,673345 0,000160
agree 0,051293 0,000024
agreement 0,210721 0,000050
aimlessly 1,897120 0,000449
air 0,061875 0,000015
aisle 1,832581 0,000434
alarm 0,314711 0,000075
alarming 0,867501 0,000206
albeit 2,207275 0,000523
albert 1,832581 0,000434
album 2,120264 0,000502
alert 0,843970 0,000200
alive 0,051293 0,000012
allocate 3,912023 0,001854
allure 1,386294 0,000328
alright 3,506558 0,000831
altar 0,755023 0,000358
alter 0,235722 0,000112
alteration 0,261365 0,000062
alternate 0,261365 0,000062
altogether 0,198451 0,000047
aluminium 3,506558 0,000831
amazed 0,634878 0,000150
amazement 0,446287 0,000106
ambush 1,309333 0,000310
amend 0,820981 0,000194
amiss 0,798508 0,000189
amuse 0,371064 0,000088
anaemic 3,506558 0,000831
ancient 0,198451 0,000047
angels 0,776529 0,000184
anger 0,287682 0,000068
angle 0,478036 0,000113
angry 0,174353 0,000041
anguish 0,579818 0,000137
angular 2,407946 0,000570
animal 0,223144 0,000053
animatedly 3,912023 0,000927
anna 1,832581 0,000434
annoyed 0,733969 0,000174
answer 0,020203 0,000014
answering 0,510826 0,000121
anticipate 0,616186 0,000146
anticipation 0,733969 0,000174
anxiety 0,287682 0,000068
anxious 0,261365 0,000062
anxiously 0,693147 0,000164
apathetic 2,120264 0,000502
apologetic 2,525729 0,000598
apologise 1,714798 0,001219
apology 0,527633 0,000125
apparent 0,314711 0,000075
appeals 0,916291 0,000217
appearance 0,072571 0,000034
applaud 1,021651 0,000484
applause 0,916291 0,000217
apple 0,494296 0,000117
applicable 0,400478 0,000095
applicant 2,302585 0,000546
application 0,653926 0,000155
apply 0,116534 0,000083
appointment 0,579818 0,000137
apprentice 1,427116 0,000338
approach 0,040822 0,000039
apron 1,203973 0,000570
archive 0,544727 0,000129
argue 0,371064 0,000088
argument 0,287682 0,000068
arithmetic 1,203973 0,000285
arm 0,030459 0,000014
armchair 1,660731 0,000787
armour 1,514128 0,000359
armpit 2,207275 0,000523
armrest 3,506558 0,001661
army 0,356675 0,000085
arouse 0,653926 0,000155
arrange 0,198451 0,000047
arrangement 0,274437 0,000065
array 0,248461 0,000059
arrest 0,544727 0,000387
arrival 0,328504 0,000078
arrive 0,083382 0,000040
arrogance 1,714798 0,000406
arrogant 1,347074 0,000319
art 0,127833 0,000030
artificially 1,771957 0,000420
artistic 1,049822 0,000249
artistically 2,207275 0,000523
ascertain 0,597837 0,000142
ascii 0,562119 0,000133
ashamed 0,248461 0,000059
asleep 0,162519 0,000039
aspect 0,446287 0,000106
assemble 0,462035 0,000219
assembly 0,798508 0,000189
assert 0,462035 0,000109
assertion 0,891598 0,000422
assessment 2,302585 0,000546
assist 0,328504 0,000078
assistance 0,105361 0,000025
assistant 0,755023 0,000358
assume 0,162519 0,000077
astonish 0,261365 0,000062
astonishing 0,653926 0,000155
astonishment 0,301105 0,000071
astounded 1,427116 0,000338
astute 1,609438 0,000381
atmosphere 0,579818 0,000137
attach 0,116534 0,000083
attack 0,198451 0,000141
attain 0,328504 0,000156
attempt 0,051293 0,000049
attend 0,127833 0,000030
attendant 0,616186 0,000146
attention 0,083382 0,000020
attentive 0,713350 0,000169
attentively 0,755023 0,000179
attic 1,237874 0,000293
attorney 1,560648 0,000370
attract 0,261365 0,000124
attractive 0,820981 0,000194
audience 0,733969 0,000174
augment 1,139434 0,000540
aunt 0,798508 0,000189
author 0,116534 0,000028
authority 0,223144 0,000106
automatically 2,659260 0,000630
autumn 0,653926 0,000155
average 0,733969 0,000174
avoid 0,105361 0,000075
awake 0,150823 0,000036
aware 0,223144 0,000053
awareness 3,506558 0,000831
awful 0,328504 0,000078
awkward 0,544727 0,000129
babble 1,427116 0,000338
baby 0,653926 0,000155
background 0,867501 0,000206
backrest 3,912023 0,000927
bad 0,020203 0,000014
badge 1,469676 0,000696
badly 0,446287 0,000106
balance 0,342490 0,000162
bald 0,967584 0,000229
ball 0,287682 0,000136
balustrade 1,771957 0,000420
ban 1,660731 0,000393
bank 0,210721 0,000050
banknote 2,659260 0,000630
bar 0,235722 0,000112
bare 0,150823 0,000036
barely 0,798508 0,000189
bark 0,478036 0,000113
barrack 2,302585 0,000546
barrister 2,659260 0,000630
base 0,094311 0,000045
basic 2,995732 0,000710
basically 3,218876 0,000763
basis 0,673345 0,000160
bastard 1,560648 0,000370
bath 0,274437 0,000065
batter 0,891598 0,000211
beam 0,430783 0,000102
bear 0,000000 0,000000
beard 0,527633 0,000250
bearer 0,776529 0,000184
bearing 1,427116 0,000338
beat 0,083382 0,000059
beautiful 0,083382 0,000020
beckon 0,867501 0,000617
bed 0,051293 0,000024
bedclothes 1,966113 0,000466
bedding 1,771957 0,000420
bedpost 2,525729 0,000598
bedroom 0,798508 0,000189
bedside 1,171183 0,000277
bedspread 3,912023 0,000927
beg 0,116534 0,000083
beggar 0,597837 0,000283
behalf 0,713350 0,000169
behave 0,462035 0,000438
behaviour 0,941609 0,000223
belief 0,198451 0,000094
bell 0,301105 0,000071
belly 0,798508 0,000189
belong 0,072571 0,000069
beloved 0,415515 0,000098
belt 0,653926 0,000155
bench 0,544727 0,000258
bend 0,314711 0,000149
beneath 0,198451 0,000047
benefit 0,356675 0,000085
bent 0,174353 0,000041
berthold 3,912023 0,000927
bet 0,967584 0,000229
betray 0,301105 0,000143
bicycle 2,525729 0,000598
binary 0,562119 0,000133
bind 0,030459 0,000007
binding 0,867501 0,000206
birth 0,301105 0,000071
birthday 1,108663 0,000263
bit 0,139262 0,000033
bite 0,371064 0,000176
bitter 0,210721 0,000050
black 0,061875 0,000015
blade 0,616186 0,000146
blame 0,162519 0,000039
bland 2,040221 0,000483
blanket 0,891598 0,000211
blankly 2,207275 0,000523
blatantly 3,912023 0,000927
blindfold 1,897120 0,000449
blink 0,994252 0,000471
block 0,494296 0,000234
bloke 3,218876 0,000763
blonde 2,120264 0,000502
blood 0,116534 0,000028
bloody 0,527633 0,000125
bloom 0,527633 0,000125
blot 0,820981 0,000194
blouse 2,120264 0,000502
blow 0,061875 0,000059
blubber 2,040221 0,000483
blue 0,174353 0,000041
board 0,261365 0,000062
boat 0,446287 0,000106
bodily 0,673345 0,000160
body 0,010050 0,000005
bold 0,223144 0,000053
bony 1,469676 0,000348
boo 2,659260 0,000630
booing 3,218876 0,000763
book 0,040822 0,000019
bookshelf 2,302585 0,000546
bore 0,820981 0,000194
borrow 0,462035 0,000109
bother 0,843970 0,000400
bottle 0,430783 0,000204
boundary 1,049822 0,000249
bow 0,127833 0,000091
box 0,248461 0,000059
boy 0,105361 0,000025
brace 0,891598 0,000211
branch 0,186330 0,000044
brat 1,897120 0,000449
bravo 1,771957 0,000420
brazenly 3,218876 0,000763
breach 0,274437 0,000065
bread 0,248461 0,000059
breadth 0,653926 0,000155
break 0,010050 0,000010
breakfast 0,342490 0,000081
breast 0,198451 0,000047
breath 0,174353 0,000041
breathe 0,261365 0,000124
breathing 0,462035 0,000109
bribe 0,891598 0,000634
bride 0,798508 0,000189
bridge 0,430783 0,000204
briefcase 3,912023 0,000927
bright 0,094311 0,000022
brighten 0,673345 0,000160
brightness 0,634878 0,000150
bring 0,000000 0,000000
briskly 0,967584 0,000229
broad 0,127833 0,000030
brow 0,446287 0,000211
brown 0,274437 0,000065
brush 0,478036 0,000113
bucket 1,049822 0,000249
buckle 1,309333 0,000310
build 0,094311 0,000022
building 0,210721 0,000050
bulb 2,302585 0,000546
bulge 1,347074 0,000319
bunch 0,776529 0,000552
bundle 0,653926 0,000155
burden 0,198451 0,000047
burn 0,061875 0,000029
burns 1,203973 0,000285
bury 0,186330 0,000044
bush 0,430783 0,000102
bushy 1,272966 0,000302
business 0,040822 0,000010
businessman 2,995732 0,001419
bustle 0,693147 0,000164
busy 0,210721 0,000050
butcher 0,891598 0,000211
butter 0,798508 0,000189
button 0,693147 0,000493
cab 1,272966 0,000302
calculate 0,116534 0,000055
calculation 0,713350 0,000169
calm 0,274437 0,000195
calmly 0,510826 0,000121
calmness 1,203973 0,000285
canal 1,171183 0,000277
candle 0,415515 0,000197
cane 0,843970 0,000200
canvas 0,916291 0,000217
capable 0,261365 0,000062
captain 0,328504 0,000078
captivate 1,609438 0,000381
car 0,820981 0,000194
card 0,139262 0,000066
care 0,000000 0,000000
career 0,478036 0,000227
careful 0,174353 0,000041
carefully 0,139262 0,000033
carelessly 0,776529 0,000184
carer 3,912023 0,000927
caricature 1,514128 0,000359
carpet 0,462035 0,000109
carry 0,010050 0,000007
cart 0,597837 0,000142
carved 0,843970 0,000200
cassock 2,302585 0,000546
casting 0,544727 0,000129
casually 1,386294 0,000328
catch 0,072571 0,000052
cathedral 1,237874 0,000293
caution 0,478036 0,000113
cautious 0,673345 0,000160
cautiously 0,867501 0,000206
cease 0,061875 0,000015
ceiling 0,510826 0,000121
celebrate 0,967584 0,000229
central 0,733969 0,000174
centre 0,385662 0,000091
cereal 2,525729 0,000598
certainty 0,342490 0,000081
certificate 1,514128 0,000359
chain 0,174353 0,000041
chair 0,261365 0,000124
chance 0,061875 0,000015
change 0,010050 0,000007
chaos 1,078810 0,000256
chapel 1,078810 0,000256
chaplain 1,714798 0,000406
chapter 0,328504 0,000078
character 0,061875 0,000015
characterless 3,218876 0,000763
charge 0,040822 0,000019
charitable 0,287682 0,000068
charity 0,186330 0,000088
charming 0,527633 0,000125
chase 0,430783 0,000306
chaser 2,813411 0,000667
chat 0,867501 0,000617
chatter 0,713350 0,000169
cheap 0,579818 0,000137
cheaply 1,966113 0,000466
cheat 0,776529 0,000552
cheating 2,040221 0,000483
check 0,072571 0,000069
cheek 0,261365 0,000124
cheerfully 0,820981 0,000194
chest 0,342490 0,000081
chief 0,094311 0,000022
child 0,040822 0,000019
childish 0,713350 0,000169
childishness 2,407946 0,000570
chill 0,597837 0,000142
chilly 1,237874 0,000293
chimney 0,634878 0,000150
chin 0,478036 0,000227
chit 2,813411 0,000667
chocolate 1,514128 0,000717
choice 0,150823 0,000036
choir 1,347074 0,000319
choke 0,446287 0,000106
choose 0,020203 0,000014
christ 0,867501 0,000206
christian 0,385662 0,000091
chronic 1,966113 0,000466
church 0,261365 0,000062
cigar 0,994252 0,000236
circle 0,150823 0,000071
circling 1,203973 0,000285
circumstance 0,116534 0,000028
cite 1,469676 0,000348
city 0,051293 0,000012
civil 0,544727 0,000129
civilian 1,897120 0,000449
claim 0,083382 0,000020
clamber 1,272966 0,000302
clap 0,755023 0,000358
clasped 0,843970 0,000200
class 0,248461 0,000059
claw 0,798508 0,000568
clean 0,210721 0,000100
cleaning 1,049822 0,000249
cleanliness 1,237874 0,000293
clearing 1,386294 0,000328
clenched 1,049822 0,000249
clerk 0,562119 0,000133
clever 0,371064 0,000088
client 1,347074 0,000638
climb 0,400478 0,000285
clock 0,510826 0,000121
close 0,010050 0,000007
closely 0,223144 0,000053
closing 0,446287 0,000106
cloth 0,356675 0,000085
clothes 0,127833 0,000030
clothing 0,776529 0,000184
clumsy 0,994252 0,000236
coach 0,755023 0,000179
coarse 0,478036 0,000113
coat 0,235722 0,000112
code 0,287682 0,000068
coffee 0,562119 0,000133
coincidence 1,078810 0,000256
cold 0,040822 0,000010
collapse 1,108663 0,000263
collar 0,634878 0,000301
colleague 1,427116 0,000338
collect 0,248461 0,000118
collection 0,162519 0,000039
coloration 3,506558 0,000831
colour 0,510826 0,000121
coloured 0,693147 0,000164
column 0,562119 0,000133
comb 0,916291 0,000217
combat 0,820981 0,000194
combination 0,634878 0,000150
comfort 0,105361 0,000025
comfortable 0,261365 0,000062
comfortably 0,693147 0,000164
command 0,116534 0,000055
commendable 2,120264 0,000502
comment 0,478036 0,000340
commentator 1,897120 0,000449
commercial 0,274437 0,000065
commit 0,116534 0,000028
committee 1,272966 0,000302
common 0,072571 0,000017
communicate 0,446287 0,000106
companion 0,150823 0,000036
company 0,020203 0,000010
comparatively 0,634878 0,000150
compare 0,162519 0,000116
compassionate 1,272966 0,000302
competent 1,139434 0,000270
compilation 0,478036 0,000113
compile 1,966113 0,000466
complacency 1,427116 0,000338
complain 0,198451 0,000094
complaint 0,478036 0,000227
complete 0,105361 0,000050
completely 0,274437 0,000065
completeness 1,966113 0,000466
complexity 2,302585 0,000546
compliance 0,342490 0,000081
complicated 0,798508 0,000189
compliment 0,462035 0,000219
comply 0,287682 0,000136
compose 0,287682 0,000068
compressed 0,342490 0,000081
compunction 1,660731 0,000393
comradeship 2,525729 0,000598
conceal 0,198451 0,000094
concede 1,272966 0,000603
conceited 1,139434 0,000270
conceivable 1,386294 0,000328
concentrate 1,386294 0,000328
concentrated 0,867501 0,000206
concept 0,527633 0,000125
concern 0,342490 0,000162
concerned 0,287682 0,000068
conclude 0,235722 0,000056
conclusion 0,210721 0,000100
conclusive 1,427116 0,000338
condescension 1,309333 0,000310
condition 0,051293 0,000024
conduct 0,094311 0,000067
confess 0,127833 0,000061
confession 0,579818 0,000137
confidence 0,139262 0,000033
confident 0,510826 0,000121
confirm 0,139262 0,000099
confirmation 0,356675 0,000085
confuse 1,714798 0,000406
confused 0,248461 0,000059
confusion 0,287682 0,000068
congregation 1,272966 0,000302
connect 0,891598 0,000211
connected 0,415515 0,000098
connection 0,446287 0,000211
conscientious 1,272966 0,000302
conscious 0,314711 0,000075
consciousness 0,371064 0,000088
consequence 0,186330 0,000044
consequential 0,478036 0,000113
considerable 0,105361 0,000025
considerate 1,469676 0,000348
consideration 0,223144 0,000106
consist 0,314711 0,000224
console 0,673345 0,000319
conspicuous 0,916291 0,000217
conspicuously 1,771957 0,000420
constant 0,051293 0,000012
constitute 0,597837 0,000142
constrain 0,733969 0,000174
construction 0,733969 0,000174
consultation 0,916291 0,000217
contact 0,210721 0,000200
contempt 0,446287 0,000106
contemptible 1,078810 0,000256
contemptuous 1,049822 0,000249
content 0,174353 0,000041
contented 0,400478 0,000095
continually 0,446287 0,000106
continue 0,186330 0,000088
continued 0,072571 0,000017
continuous 0,867501 0,000206
continuously 1,469676 0,000348
contract 0,139262 0,000033
contradict 0,798508 0,000568
contradiction 0,713350 0,000338
contradictory 1,272966 0,000302
contrary 0,198451 0,000047
contrast 0,385662 0,000091
contribute 0,510826 0,000121
contribution 0,371064 0,000088
contrived 0,713350 0,000169
control 0,223144 0,000053
convenience 0,673345 0,000160
convenient 0,462035 0,000109
conversation 0,186330 0,000088
convert 0,186330 0,000044
convey 0,287682 0,000068
convict 0,941609 0,000223
conviction 0,430783 0,000102
convince 0,198451 0,000094
cook 0,223144 0,000106
cool 0,248461 0,000059
cope 1,171183 0,000277
copper 0,713350 0,000169
copying 0,494296 0,000117
copyright 0,415515 0,000098
corner 0,072571 0,000034
corporation 0,400478 0,000095
correct 0,235722 0,000112
correctly 0,843970 0,000200
corridor 1,108663 0,000525
corrupt 0,235722 0,000056
corruptible 2,525729 0,000598
cost 0,105361 0,000050
costly 0,916291 0,000217
costume 1,021651 0,000242
cosy 2,302585 0,000546
couch 0,579818 0,000137
cough 0,733969 0,000174
counsel 0,462035 0,000109
count 0,116534 0,000083
counter 0,733969 0,000348
counterpart 1,560648 0,000370
countless 1,203973 0,000285
country 0,010050 0,000005
countryside 1,832581 0,000434
couple 0,248461 0,000059
courage 0,150823 0,000036
court 0,094311 0,000045
courtesy 0,693147 0,000328
courtroom 2,995732 0,001419
cover 0,223144 0,000106
covered 0,139262 0,000033
covering 0,415515 0,000098
coward 0,776529 0,000184
cower 1,427116 0,000338
crack 0,478036 0,000113
crashing 1,386294 0,000328
crate 2,407946 0,000570
crawl 0,494296 0,000234
crayon 2,525729 0,001197
crease 1,714798 0,000813
create 0,094311 0,000067
creation 0,198451 0,000047
creature 0,116534 0,000028
credit 0,094311 0,000022
creep 0,198451 0,000094
crime 0,261365 0,000062
criminal 0,673345 0,000160
critical 0,235722 0,000056
criticise 1,514128 0,000717
crony 2,302585 0,000546
crooked 0,755023 0,000179
cross 0,083382 0,000059
crossly 2,302585 0,000546
crouching 1,049822 0,000249
crowd 0,174353 0,000083
crowded 0,301105 0,000071
crucial 2,407946 0,000570
crude 1,347074 0,000319
crumb 1,427116 0,000338
crush 0,274437 0,000195
cultural 3,912023 0,000927
cum 1,966113 0,000466
cup 0,342490 0,000081
cupboard 1,078810 0,000511
curiosity 0,210721 0,000050
curious 0,261365 0,000062
curiously 0,776529 0,000184
current 0,116534 0,000028
curse 0,342490 0,000243
cursing 1,203973 0,000285
curt 2,120264 0,000502
curtain 0,328504 0,000078
curtly 2,207275 0,000523
curtsey 2,407946 0,000570
curved 1,171183 0,000277
cushion 0,820981 0,000194
custody 1,560648 0,000370
cut 0,030459 0,000007
damage 0,223144 0,000106
damages 0,400478 0,000095
damaging 1,966113 0,000466
damned 1,139434 0,000270
damp 0,400478 0,000095
dance 0,235722 0,000056
danger 0,105361 0,000050
dangerous 0,150823 0,000036
dangle 1,966113 0,000466
daresay 1,714798 0,000406
dark 0,051293 0,000024
darkness 0,186330 0,000044
dash 0,400478 0,000095
datum 0,494296 0,000117
daughter 0,174353 0,000041
david 0,597837 0,000142
day 0,000000 0,000000
daydream 2,659260 0,000630
daytime 1,560648 0,000370
dazzle 1,272966 0,000302
deal 0,061875 0,000044
death 0,020203 0,000005
decay 0,544727 0,000129
deceit 0,967584 0,000229
deceive 0,261365 0,000186
decent 0,693147 0,000164
decide 0,040822 0,000039
decision 0,544727 0,000258
decisive 0,867501 0,000206
decisively 1,897120 0,000449
declare 0,139262 0,000033
decorate 0,891598 0,000211
decoration 1,309333 0,000310
deductible 0,562119 0,000133
deem 0,562119 0,000266
deep 0,020203 0,000014
deeply 0,261365 0,000062
defect 0,261365 0,000124
defective 0,356675 0,000085
defence 0,527633 0,000125
defend 0,301105 0,000214
defendant 2,207275 0,001046
deference 0,967584 0,000229
deferentially 2,407946 0,000570
deferment 3,912023 0,000927
defiance 0,713350 0,000169
deficiency 1,203973 0,000285
definable 3,218876 0,000763
definite 0,755023 0,000179
deflect 2,525729 0,000598
degeneracy 2,302585 0,000546
degenerate 1,078810 0,000256
degree 0,150823 0,000036
delay 0,186330 0,000177
delegate 1,469676 0,000348
deletion 0,562119 0,000133
deliberate 0,673345 0,000160
deliberately 0,693147 0,000164
delighted 0,287682 0,000068
delivery 0,994252 0,000236
delude 1,347074 0,000319
demand 0,051293 0,000012
demeanour 1,469676 0,000348
dement 2,813411 0,000667
demur 1,771957 0,000420
densely 1,832581 0,000434
deny 0,072571 0,000052
department 0,916291 0,000434
depend 0,040822 0,000019
dependent 0,820981 0,000194
depict 1,237874 0,000880
depiction 3,506558 0,000831
depraved 1,560648 0,000370
depravity 1,560648 0,000370
depress 0,616186 0,000146
depression 0,967584 0,000229
deprive 0,415515 0,000098
depths 0,446287 0,000106
deputy 1,272966 0,000302
derivative 0,510826 0,000121
derive 0,210721 0,000100
description 0,248461 0,000059
deserve 0,314711 0,000075
desire 0,051293 0,000012
desk 0,867501 0,000411
despair 0,174353 0,000041
desperately 0,843970 0,000200
despise 0,342490 0,000081
destination 1,078810 0,000256
destroy 0,061875 0,000044
detach 0,287682 0,000068
detailed 1,469676 0,000348
detain 0,544727 0,000129
determine 0,061875 0,000044
develop 0,891598 0,000422
developed 0,544727 0,000129
development 0,693147 0,000164
device 0,597837 0,000142
devoid 1,309333 0,000310
devote 0,673345 0,000160
devotion 0,510826 0,000121
dialect 1,171183 0,000277
dialogue 1,049822 0,000249
dictionary 1,347074 0,000319
die 0,010050 0,000005
difference 0,174353 0,000041
difficult 0,116534 0,000028
difficulty 0,116534 0,000055
dignified 0,755023 0,000179
dignity 0,314711 0,000075
dim 0,356675 0,000085
diminish 0,776529 0,000184
dining 0,510826 0,000121
dinner 0,186330 0,000044
dip 0,673345 0,000160
direct 0,040822 0,000029
direction 0,051293 0,000024
directive 3,506558 0,000831
director 0,733969 0,000174
dirt 0,544727 0,000129
dirty 0,544727 0,000129
disadvantage 0,843970 0,000400
disagree 1,469676 0,000348
disappear 0,223144 0,000159
disappointed 0,415515 0,000098
disappointment 0,462035 0,000109
disapprovingly 2,525729 0,000598
disarray 2,813411 0,000667
discipline 0,634878 0,000150
disclaim 0,462035 0,000109
disclaimer 0,562119 0,000266
discomfort 1,108663 0,000263
disconcert 1,171183 0,000277
discontinue 0,510826 0,000121
discourteous 2,659260 0,000630
discover 0,030459 0,000014
discovery 0,287682 0,000068
discuss 0,400478 0,000190
discussion 0,597837 0,000283
disengage 0,843970 0,000200
disentangle 2,040221 0,000483
disfavoured 3,912023 0,000927
disgrace 0,462035 0,000219
disgracefully 2,407946 0,000570
disgusted 0,820981 0,000194
disgusting 1,272966 0,000302
dish 0,478036 0,000227
disheartening 2,207275 0,000523
dishevelled 2,207275 0,000523
dishonest 1,560648 0,000370
dishonourable 2,040221 0,000483
disinterested 1,386294 0,000328
disk 0,415515 0,000098
dislike 0,478036 0,000113
dismal 0,843970 0,000200
dismiss 0,430783 0,000204
dismissal 1,832581 0,000434
disorder 0,544727 0,000129
dispatch 0,967584 0,000229
dispensable 3,506558 0,000831
dispirited 1,771957 0,000420
display 0,162519 0,000116
disposal 0,916291 0,000217
disposed 0,385662 0,000091
disposition 0,371064 0,000088
disprove 1,714798 0,000813
dispute 0,446287 0,000106
disrupt 3,218876 0,000763
disruption 3,218876 0,000763
dissatisfied 1,021651 0,000242
dissuade 1,309333 0,000620
distance 0,105361 0,000025
distinction 0,356675 0,000085
distinctly 0,478036 0,000113
distinguish 0,314711 0,000075
distinguished 0,301105 0,000071
distract 0,510826 0,000242
distribute 0,210721 0,000150
distribution 0,430783 0,000102
distributor 0,544727 0,000129
disturb 0,198451 0,000141
disturbance 0,713350 0,000169
disturbingly 3,912023 0,000927
diverse 1,514128 0,000359
divert 0,634878 0,000150
divide 0,150823 0,000036
division 0,527633 0,000125
dizzy 1,386294 0,000328
doctor 0,400478 0,000095
document 1,021651 0,000484
dog 0,186330 0,000044
domain 0,328504 0,000078
dominate 1,386294 0,000328
donate 0,544727 0,000129
donation 0,446287 0,000211
donor 0,478036 0,000113
door 0,000000 0,000000
doorkeeper 3,218876 0,000763
doorman 3,912023 0,000927
doorstep 1,714798 0,000406
doorway 0,733969 0,000348
double 0,139262 0,000033
doubt 0,040822 0,000019
download 0,562119 0,000133
downright 1,272966 0,000302
downstairs 1,049822 0,000249
drag 0,248461 0,000118
draught 0,527633 0,000250
draw 0,020203 0,000024
drawer 0,820981 0,000389
dreadful 0,342490 0,000081
dream 0,083382 0,000040
dress 0,162519 0,000077
dressed 0,261365 0,000062
drink 0,072571 0,000034
drinking 0,371064 0,000088
drip 1,427116 0,000338
drive 0,030459 0,000022
driver 0,713350 0,000169
droop 0,798508 0,000189
drop 0,061875 0,000029
drown 0,314711 0,000075
drum 0,843970 0,000200
drunken 0,820981 0,000194
dry 0,116534 0,000028
dull 0,174353 0,000083
dumb 0,562119 0,000133
dust 0,162519 0,000039
duty 0,061875 0,000015
ear 0,061875 0,000015
earn 0,446287 0,000106
earnestly 0,415515 0,000098
ease 0,150823 0,000071
easel 2,525729 0,000598
easily 0,072571 0,000017
easy 0,000000 0,000000
eat 0,040822 0,000039
eating 0,235722 0,000056
ecstatic 1,309333 0,000310
edge 0,150823 0,000107
edition 0,287682 0,000136
educational 0,446287 0,000106
effective 0,967584 0,000229
efficient 1,309333 0,000310
effort 0,094311 0,000045
eggs 0,776529 0,000184
eighteen 0,462035 0,000109
elbow 0,494296 0,000234
elderly 0,843970 0,000200
elect 0,210721 0,000050
electric 1,171183 0,000277
electronic 0,544727 0,000129
electronically 0,544727 0,000129
elegance 0,994252 0,000236
elegant 0,634878 0,000150
elegantly 1,714798 0,000406
elicit 1,272966 0,000302
elsa 3,218876 0,000763
email 0,562119 0,000133
embarrassed 0,916291 0,000217
embarrassing 1,514128 0,000359
embarrassment 0,994252 0,000236
embittered 1,897120 0,000449
embrace 0,235722 0,000112
employ 0,235722 0,000112
employee 0,510826 0,000242
employment 0,527633 0,000125
enchanted 1,078810 0,000256
encode 0,653926 0,000155
encompass 1,203973 0,000285
encounter 0,446287 0,000106
encourage 0,301105 0,000143
encouragement 0,755023 0,000179
encouraging 0,798508 0,000189
endless 0,478036 0,000113
endure 0,210721 0,000050
enemy 0,105361 0,000025
energy 0,371064 0,000088
engaged 0,198451 0,000047
english 0,094311 0,000022
engross 1,386294 0,000328
engrossing 2,120264 0,000502
enjoy 0,072571 0,000052
enormous 0,430783 0,000102
enquiry 2,207275 0,000523
enrage 0,916291 0,000217
ensure 0,342490 0,000081
entail 1,309333 0,000310
enter 0,020203 0,000014
entertain 0,579818 0,000275
enthusiasm 0,653926 0,000155
enthusiastically 1,771957 0,000420
entire 0,274437 0,000065
entity 0,544727 0,000129
entrance 0,210721 0,000100
entrap 2,407946 0,000570
entry 0,776529 0,000184
envy 0,446287 0,000106
equal 0,162519 0,000039
equally 0,223144 0,000053
equip 0,967584 0,000229
equipment 0,415515 0,000098
erase 1,660731 0,000393
erect 0,446287 0,000106
error 0,072571 0,000034
escape 0,061875 0,000029
escort 0,755023 0,000179
essence 0,693147 0,000164
essential 0,544727 0,000129
establish 0,579818 0,000137
established 0,301105 0,000071
esteem 0,478036 0,000113
estimate 0,653926 0,000155
eternal 0,415515 0,000098
evade 0,891598 0,000211
evasively 2,040221 0,000483
evening 0,072571 0,000034
evenness 2,813411 0,000667
event 0,150823 0,000071
eventually 1,171183 0,000277
evidence 0,235722 0,000056
exact 0,274437 0,000065
exactitude 2,302585 0,000546
exaggerate 1,139434 0,000540
exaggerated 0,843970 0,000200
exaggeration 1,237874 0,000293
examination 0,385662 0,000183
examine 0,150823 0,000107
exceedingly 0,462035 0,000109
exception 0,446287 0,000211
exceptional 1,386294 0,000328
exceptionally 1,897120 0,000449
excessive 0,597837 0,000142
exchange 0,210721 0,000150
excited 0,248461 0,000059
excitement 0,415515 0,000098
exclaim 0,287682 0,000068
exclamation 0,755023 0,000179
exclude 0,755023 0,000179
exclusion 0,371064 0,000088
exclusive 1,203973 0,000285
excuse 0,139262 0,000132
executioner 1,427116 0,000338
exempt 0,314711 0,000075
exercise 0,235722 0,000056
exertion 0,693147 0,000328
exhausted 0,400478 0,000095
exhort 1,171183 0,000277
exist 0,072571 0,000017
existence 0,150823 0,000036
exit 1,347074 0,000319
expect 0,051293 0,000049
expectation 0,356675 0,000085
expend 0,301105 0,000143
expense 0,127833 0,000061
experience 0,072571 0,000034
experienced 0,356675 0,000085
expertise 3,506558 0,000831
explain 0,116534 0,000110
explanation 0,139262 0,000066
explicit 1,347074 0,000319
exploit 0,867501 0,000617
export 0,446287 0,000106
expose 0,597837 0,000142
exposed 0,301105 0,000071
express 0,072571 0,000034
expression 0,116534 0,000055
extend 0,261365 0,000124
extent 0,083382 0,000020
external 0,562119 0,000133
extinguish 0,562119 0,000133
extract 0,544727 0,000258
extraordinarily 1,714798 0,000406
extraordinary 0,371064 0,000088
extremely 0,385662 0,000091
eye 0,000000 0,000000
eyebrow 0,673345 0,000160
eyesight 1,771957 0,000420
fabric 1,237874 0,000293
faced 0,820981 0,000194
facility 0,342490 0,000081
faction 1,897120 0,000449
factions 1,832581 0,000434
factor 1,171183 0,000277
fade 0,371064 0,000088
fail 0,072571 0,000034
faith 0,210721 0,000050
faithful 0,261365 0,000062
fall 0,000000 0,000000
falls 0,328504 0,000078
false 0,210721 0,000050
familiar 0,150823 0,000036
family 0,061875 0,000029
farewell 0,634878 0,000150
farth 1,049822 0,000249
fashion 0,105361 0,000025
fast 0,030459 0,000014
fasten 0,478036 0,000227
fastidiously 3,218876 0,000763
fat 0,314711 0,000075
fate 0,174353 0,000041
father 0,061875 0,000015
fault 0,139262 0,000033
favour 0,544727 0,000129
favourable 0,776529 0,000184
favourably 1,771957 0,000420
favourite 0,653926 0,000155
fear 0,020203 0,000014
fearful 0,400478 0,000095
feature 0,261365 0,000062
febrile 3,506558 0,000831
federal 0,527633 0,000125
fee 0,301105 0,000143
feed 0,248461 0,000059
feel 0,020203 0,000010
feeling 0,072571 0,000034
fellow 0,040822 0,000010
fend 2,659260 0,000630
fetch 0,510826 0,000242
field 0,094311 0,000022
fight 0,083382 0,000020
figure 0,051293 0,000024
file 0,223144 0,000106
final 0,342490 0,000081
finally 0,150823 0,000036
financial 0,415515 0,000098
finding 1,272966 0,000302
fine 0,061875 0,000015
finger 0,150823 0,000071
finish 0,287682 0,000068
finished 0,162519 0,000039
firm 0,248461 0,000118
firmly 0,342490 0,000081
firstly 1,897120 0,000449
fist 0,597837 0,000283
fit 0,030459 0,000029
fitness 0,446287 0,000106
fitting 2,407946 0,000570
fixture 2,040221 0,000483
flagstone 2,659260 0,000630
flake 1,427116 0,000338
flame 0,248461 0,000059
flap 0,891598 0,000634
flat 0,139262 0,000066
flattery 0,867501 0,000206
flea 1,832581 0,000434
flee 0,301105 0,000071
fleshy 1,771957 0,000420
flick 2,207275 0,000523
flicker 0,755023 0,000537
flight 0,287682 0,000068
fling 0,462035 0,000109
flog 1,469676 0,001045
floor 0,174353 0,000041
flow 0,174353 0,000083
flower 0,174353 0,000083
fly 0,116534 0,000028
flying 0,235722 0,000056
flypaper 3,912023 0,000927
foe 0,616186 0,000146
fog 0,653926 0,000155
foible 2,120264 0,000502
fold 0,287682 0,000136
foliage 0,916291 0,000217
follow 0,020203 0,000005
fond 0,261365 0,000062
foodstuff 2,995732 0,000710
fool 0,235722 0,000056
fooling 1,966113 0,000466
foot 0,051293 0,000024
footed 1,049822 0,000249
footstep 0,430783 0,000102
forbid 0,248461 0,000177
force 0,030459 0,000029
forcefully 2,995732 0,000710
forcibly 0,820981 0,000194
forefinger 1,272966 0,000302
forehead 0,400478 0,000095
foreign 0,301105 0,000071
foresee 0,494296 0,000117
foretaste 1,714798 0,000406
forewent 3,218876 0,000763
forget 0,010050 0,000012
forgetful 1,347074 0,000319
forgetfulness 0,916291 0,000217
forgivable 3,506558 0,000831
forgive 0,314711 0,000224
forgiveness 0,916291 0,000217
forgo 2,302585 0,000546
form 0,020203 0,000019
formal 0,673345 0,000160
formality 1,078810 0,000256
formally 1,386294 0,000328
format 0,562119 0,000266
formulate 2,040221 0,000967
forthcoming 2,120264 0,000502
fortunately 0,579818 0,000137
forwards 1,237874 0,000293
foul 0,616186 0,000146
foundation 0,127833 0,000030
fours 1,771957 0,000420
fourth 0,174353 0,000041
fragment 0,597837 0,000142
frame 0,174353 0,000041
framework 1,560648 0,000370
frankly 0,798508 0,000189
franz 2,813411 0,000667
fraud 1,078810 0,000256
freak 1,514128 0,000359
freedom 0,223144 0,000053
freely 0,105361 0,000025
french 0,342490 0,000081
frequent 0,287682 0,000068
frequently 0,287682 0,000068
fresh 0,105361 0,000050
freshness 1,021651 0,000242
friend 0,000000 0,000000
friendliness 1,560648 0,000370
friendly 0,248461 0,000118
friendship 0,261365 0,000062
frighten 0,733969 0,000174
frightened 0,301105 0,000071
frightening 1,514128 0,000359
fro 0,494296 0,000117
frock 1,021651 0,000242
frost 0,653926 0,000155
frown 0,673345 0,000160
fuggy 3,912023 0,000927
fulfil 0,385662 0,000274
fun 0,798508 0,000189
function 0,820981 0,000389
functionary 1,966113 0,000466
fur 0,994252 0,000236
furious 0,430783 0,000102
furniture 0,415515 0,000098
fuss 1,203973 0,000285
futility 1,966113 0,000466
future 0,105361 0,000025
gain 0,040822 0,000019
gallery 0,693147 0,000164
gangway 2,040221 0,000483
gap 0,843970 0,000400
gas 1,139434 0,000270
gate 0,210721 0,000050
gateway 1,309333 0,000310
gather 0,061875 0,000029
gathering 0,415515 0,000098
gaze 0,314711 0,000075
generalise 3,218876 0,000763
generation 0,127833 0,000030
gentle 0,274437 0,000065
gentleman 0,223144 0,000106
gently 0,235722 0,000056
genuflect 3,506558 0,000831
german 0,478036 0,000113
gesture 0,510826 0,000484
ghost 0,462035 0,000109
gift 0,210721 0,000100
gilded 1,171183 0,000277
girl 0,198451 0,000094
giver 1,609438 0,000381
glad 0,072571 0,000017
gladly 0,544727 0,000129
glance 0,186330 0,000177
glass 0,174353 0,000083
glassful 2,659260 0,000630
glazed 1,660731 0,000393
glee 1,309333 0,000310
glimmer 0,967584 0,000229
glimpse 0,462035 0,000219
glitter 0,579818 0,000275
gloomy 0,462035 0,000109
glove 0,597837 0,000142
glower 2,207275 0,000523
goal 0,274437 0,000065
goatee 2,813411 0,000667
god 0,083382 0,000020
goddess 1,049822 0,000249
gold 0,083382 0,000020
golden 0,342490 0,000081
goodbye 2,407946 0,000570
gout 1,966113 0,000466
govern 0,186330 0,000044
governing 1,714798 0,000406
gown 0,616186 0,000146
grab 1,514128 0,000717
grade 1,347074 0,000319
gradually 0,328504 0,000078
grammar 1,171183 0,000277
gramophone 2,995732 0,000710
grand 0,342490 0,000081
grant 0,061875 0,000029
grasp 0,274437 0,000130
grass 0,301105 0,000071
grate 0,673345 0,000160
grateful 0,446287 0,000106
gratefully 0,415515 0,000098
gratitude 0,478036 0,000113
gravel 1,203973 0,000285
greatly 0,210721 0,000050
greedily 1,078810 0,000256
green 0,105361 0,000025
greet 0,653926 0,000310
greeting 0,798508 0,000189
grete 3,912023 0,000927
grey 0,562119 0,000133
grin 0,733969 0,000348
grip 0,798508 0,000378
groan 0,446287 0,000106
grope 0,733969 0,000174
gross 0,235722 0,000056
grossly 1,386294 0,000328
ground 0,030459 0,000007
grounds 0,446287 0,000106
grow 0,010050 0,000007
grumble 0,867501 0,000411
guarantee 1,203973 0,000570
guard 0,083382 0,000040
guardian 0,597837 0,000142
guess 0,223144 0,000106
guest 0,235722 0,000112
guidance 0,776529 0,000184
guide 0,083382 0,000040
guilt 0,544727 0,000129
guilty 0,356675 0,000085
gulp 1,386294 0,000328
gush 0,891598 0,000422
habit 0,162519 0,000077
haggle 2,207275 0,000523
hair 0,072571 0,000017
haired 0,820981 0,000194
hairline 3,912023 0,000927
hall 0,274437 0,000065
hallway 2,659260 0,000630
halt 0,733969 0,000174
hammer 0,544727 0,000129
hand 0,010050 0,000007
handbag 2,813411 0,000667
handcart 3,912023 0,000927
handkerchief 0,616186 0,000292
handle 0,223144 0,000106
handrail 2,995732 0,000710
handshake 2,813411 0,000667
hang 0,198451 0,000047
hanging 0,235722 0,000056
hangman 2,207275 0,000523
hans 2,302585 0,000546
happen 0,030459 0,000022
happiness 0,150823 0,000036
happy 0,061875 0,000015
harass 1,078810 0,000256
hard 0,040822 0,000029
hardened 0,820981 0,000194
harm 0,210721 0,000100
harmless 0,248461 0,000059
harsh 0,462035 0,000109
hart 0,462035 0,000109
hat 0,446287 0,000211
hatch 1,347074 0,000319
haul 0,941609 0,000223
haunt 0,385662 0,000091
haze 1,514128 0,000359
head 0,000000 0,000000
headache 1,514128 0,000717
health 0,198451 0,000047
heap 0,248461 0,000059
hear 0,010050 0,000005
hearing 0,139262 0,000066
heart 0,010050 0,000002
hearted 0,415515 0,000098
hearty 0,616186 0,000146
heat 0,198451 0,000047
heavily 0,400478 0,000095
heavy 0,030459 0,000014
heed 0,510826 0,000121
heel 0,356675 0,000085
hefty 3,912023 0,000927
height 0,210721 0,000100
helpful 1,560648 0,000370
helpless 0,328504 0,000078
helplessness 1,386294 0,000328
heroic 0,891598 0,000211
hesitantly 3,218876 0,000763
hesitate 0,314711 0,000149
hesitatingly 1,714798 0,000406
hesitation 0,616186 0,000146
hide 0,072571 0,000034
hideous 0,527633 0,000125
hiding 0,616186 0,000146
hierarchy 2,120264 0,000502
highly 0,261365 0,000062
hinder 0,579818 0,000137
hinge 0,916291 0,000217
hint 0,301105 0,000214
hip 1,078810 0,000511
hiss 0,653926 0,000155
history 0,186330 0,000044
hit 0,314711 0,000149
hold 0,010050 0,000007
holder 0,430783 0,000102
hole 0,261365 0,000062
holiday 0,713350 0,000169
honest 0,235722 0,000056
honesty 0,733969 0,000174
honeypot 3,506558 0,000831
honour 0,494296 0,000117
hook 0,634878 0,000301
hooked 1,469676 0,000348
hope 0,000000 0,000000
hopeless 0,510826 0,000121
horrible 0,356675 0,000085
horse 0,139262 0,000033
hot 0,116534 0,000028
hour 0,061875 0,000029
house 0,020203 0,000005
houses 0,139262 0,000033
huddle 1,078810 0,000256
human 0,072571 0,000017
humaneness 3,912023 0,000927
humble 0,261365 0,000124
humbly 0,867501 0,000206
humiliate 1,469676 0,000696
humiliating 1,427116 0,000338
humiliation 0,916291 0,000217
hunch 1,771957 0,000420
hunchback 2,207275 0,000523
hunchbacked 2,995732 0,000710
hung 0,174353 0,000041
hungry 0,314711 0,000075
hunt 0,371064 0,000088
hurriedly 0,891598 0,000211
hurry 0,162519 0,000116
hurt 0,150823 0,000071
husband 0,198451 0,000047
idea 0,083382 0,000040
identifiable 2,995732 0,000710
identification 0,527633 0,000125
identify 0,342490 0,000081
identity 1,021651 0,000242
ignorant 0,301105 0,000071
ignore 1,309333 0,000620
illness 0,616186 0,000146
illuminate 0,941609 0,000446
illusion 0,994252 0,000236
illustration 0,867501 0,000206
imagine 0,083382 0,000059
imitate 0,579818 0,000137
immaculate 1,714798 0,000406
immensely 1,171183 0,000277
immerse 1,427116 0,000338
immobile 3,218876 0,000763
impartial 1,237874 0,000293
impartiality 1,966113 0,000466
impatience 0,634878 0,000150
impatient 0,371064 0,000088
impatiently 0,634878 0,000150
impede 1,309333 0,000310
impediment 1,560648 0,000739
imperfection 1,272966 0,000302
implore 0,776529 0,000184
imploringly 1,771957 0,000420
imply 0,235722 0,000112
impolite 2,995732 0,000710
importantly 3,506558 0,000831
importunate 1,609438 0,000381
impose 0,162519 0,000077
impossible 0,094311 0,000022
impress 0,634878 0,000150
impressed 0,510826 0,000121
impression 0,210721 0,000050
impressive 1,237874 0,000293
improper 1,139434 0,000270
improve 0,385662 0,000274
improvement 0,616186 0,000146
inaccessible 1,427116 0,000338
inaccurate 0,510826 0,000121
inadequate 1,237874 0,000293
inappropriate 2,120264 0,000502
inattentive 2,302585 0,000546
incalculable 1,832581 0,000434
incapable 0,562119 0,000133
incessant 0,941609 0,000223
incident 0,356675 0,000169
incidental 0,446287 0,000106
incidentally 1,609438 0,000381
incline 0,733969 0,000174
inclined 0,186330 0,000044
include 0,072571 0,000069
income 0,798508 0,000189
incomparably 2,120264 0,000502
incompatible 1,771957 0,000420
incomplete 0,301105 0,000071
incomprehensible 1,108663 0,000263
inconsistency 1,171183 0,000277
inconvenient 1,237874 0,000293
incorrectly 2,813411 0,000667
increase 0,061875 0,000029
indecent 2,120264 0,000502
indecisively 3,912023 0,000927
indemnify 0,446287 0,000106
indemnity 0,527633 0,000125
independent 0,510826 0,000121
independently 1,427116 0,000338
indict 2,995732 0,000710
indictment 2,120264 0,000502
indifference 0,527633 0,000125
indifferent 0,400478 0,000095
indirect 0,446287 0,000106
indirectly 0,371064 0,000088
indisputable 1,966113 0,000466
indistinct 1,139434 0,000270
individual 0,139262 0,000066
induce 0,328504 0,000156
industrious 1,078810 0,000256
industry 0,843970 0,000200
inept 2,659260 0,000630
inexplicable 1,171183 0,000277
inextinguishable 2,302585 0,000546
infer 0,891598 0,000211
inferior 0,579818 0,000137
inflated 1,966113 0,000466
influence 0,198451 0,000094
influential 1,832581 0,000434
inform 0,198451 0,000094
infrequent 2,120264 0,000502
infringement 0,544727 0,000129
ing 2,120264 0,000502
ingenuously 2,659260 0,000630
inherit 0,579818 0,000137
inhumane 3,506558 0,000831
initial 0,994252 0,000236
initiate 1,309333 0,000310
injunction 1,108663 0,000263
injustice 0,653926 0,000155
ink 0,916291 0,000217
inkling 1,427116 0,000338
innocence 0,634878 0,000150
innocent 0,186330 0,000044
inquisitively 2,040221 0,000483
inquisitiveness 2,659260 0,000630
insatiable 1,427116 0,000338
insight 1,171183 0,000277
insinuate 1,203973 0,000285
insist 0,223144 0,000159
insistent 2,407946 0,000570
inspection 0,798508 0,000189
instance 0,116534 0,000028
instant 0,210721 0,000050
instantly 0,356675 0,000085
instruct 0,494296 0,000117
instruction 0,328504 0,000078
instrument 0,248461 0,000059
insult 0,415515 0,000197
insulting 1,203973 0,000285
intact 1,609438 0,000381
intellectual 0,235722 0,000056
intend 0,094311 0,000067
intent 0,494296 0,000117
intention 0,127833 0,000061
intercede 1,832581 0,000434
intercom 3,506558 0,000831
interfere 0,415515 0,000295
interment 2,120264 0,000502
intermingle 1,714798 0,000406
internal 0,261365 0,000062
international 0,494296 0,000117
interpret 0,235722 0,000112
interpretation 0,994252 0,000236
interrogation 1,897120 0,000449
interrupt 0,562119 0,000266
interrupted 0,301105 0,000071
interruption 0,634878 0,000150
interval 0,301105 0,000071
intervention 1,514128 0,000359
interview 0,634878 0,000150
interwoven 1,897120 0,000449
intimate 0,430783 0,000102
intimately 1,309333 0,000310
intonation 1,660731 0,000393
introduce 0,261365 0,000124
introduction 0,385662 0,000091
intrude 1,108663 0,000263
intrusive 2,407946 0,000570
invalid 1,078810 0,000256
invalidity 0,527633 0,000125
invent 0,400478 0,000095
investigate 0,820981 0,000389
investigation 0,713350 0,000169
invigorate 1,714798 0,000406
invisible 0,562119 0,000133
invitation 0,494296 0,000117
invite 0,261365 0,000248
involuntarily 1,139434 0,000270
involuntary 1,021651 0,000242
involve 0,820981 0,000389
involved 0,579818 0,000137
irksome 1,469676 0,000348
iron 0,162519 0,000039
irrefutable 2,813411 0,000667
irrelevant 2,120264 0,000502
irrevocable 1,609438 0,000381
irritated 1,078810 0,000256
irritating 1,272966 0,000302
irritation 1,108663 0,000263
irs 0,562119 0,000133
island 0,400478 0,000095
isolated 0,994252 0,000236
issue 0,198451 0,000094
italian 0,653926 0,000155
italy 0,820981 0,000194
item 1,139434 0,000540
jabbed 2,995732 0,000710
jacket 0,755023 0,000179
january 0,693147 0,000164
jealous 0,446287 0,000106
jest 0,616186 0,000146
job 0,597837 0,000283
joiner 2,525729 0,000598
joint 0,446287 0,000106
joke 0,356675 0,000254
jolly 0,994252 0,000236
journey 0,150823 0,000036
joy 0,127833 0,000030
judge 0,061875 0,000044
judgement 2,120264 0,000502
judging 0,713350 0,000169
judiciary 3,506558 0,000831
jump 0,430783 0,000204
jumping 0,798508 0,000189
junior 1,272966 0,000302
junk 2,407946 0,000570
jurisprudence 2,525729 0,000598
justice 0,162519 0,000039
justification 1,139434 0,000270
justify 0,562119 0,000133
kafka 3,912023 0,000927
karl 2,813411 0,000667
keen 0,371064 0,000088
kennel 1,660731 0,000393
key 0,342490 0,000081
keyhole 1,469676 0,000348
kick 0,314711 0,000075
kid 1,203973 0,000285
kill 0,083382 0,000040
kiss 0,356675 0,000169
kitchen 0,562119 0,000133
knee 0,150823 0,000071
kneed 2,813411 0,000667
kneel 0,478036 0,000340
knife 0,287682 0,000068
knight 1,272966 0,000302
knit 0,673345 0,000160
knock 0,287682 0,000273
knowledge 0,061875 0,000015
knuckle 1,427116 0,000676
laced 1,771957 0,000420
lack 0,371064 0,000176
lad 0,653926 0,000310
lady 0,162519 0,000039
lake 0,162519 0,000039
lamp 0,400478 0,000095
land 0,051293 0,000012
landing 0,544727 0,000129
landlady 1,514128 0,000359
landlord 0,941609 0,000223
landscape 0,820981 0,000389
language 0,072571 0,000017
lap 0,527633 0,000125
lapping 2,302585 0,000546
lassitude 1,897120 0,000449
late 0,094311 0,000022
lateness 2,207275 0,000523
latin 0,653926 0,000155
laugh 0,094311 0,000089
laughable 1,897120 0,000449
laughter 0,274437 0,000065
law 0,020203 0,000010
lawyer 0,673345 0,000319
lay 0,030459 0,000022
layabout 3,912023 0,000927
laziness 1,714798 0,000406
lazy 0,616186 0,000146
lead 0,020203 0,000010
leader 0,356675 0,000085
leading 0,139262 0,000033
lean 0,127833 0,000061
leap 0,287682 0,000136
leapt 1,560648 0,000370
learn 0,020203 0,000019
leather 0,527633 0,000125
leave -0,009950 -0,000007
lecture 0,673345 0,000160
ledge 1,049822 0,000249
left 0,000000 0,000000
leg 0,235722 0,000112
legal 0,261365 0,000062
legally 0,342490 0,000081
legend 0,820981 0,000194
lend 0,430783 0,000102
lesson 0,287682 0,000068
lethargically 3,912023 0,000927
letter 0,072571 0,000034
level 0,210721 0,000100
liability 0,462035 0,000109
liable 0,235722 0,000056
liar 1,021651 0,000242
liberation 1,832581 0,000434
liberty 0,198451 0,000047
library 0,223144 0,000053
license 0,301105 0,000071
licensed 0,430783 0,000102
lie 0,020203 0,000024
lieu 0,415515 0,000098
life -0,009950 -0,000005
lifeless 1,108663 0,000263
lifespan 3,912023 0,000927
lift 0,116534 0,000055
light 0,000000 0,000000
lightly 0,430783 0,000102
liking 1,021651 0,000242
limit 0,287682 0,000136
limitation 0,371064 0,000088
limited 0,261365 0,000062
limp 1,108663 0,000525
linen 0,527633 0,000125
link 0,174353 0,000083
lip 0,127833 0,000061
liquid 0,843970 0,000200
list 0,301105 0,000071
listen 0,105361 0,000075
literally 0,713350 0,000169
literary 0,287682 0,000068
litigant 3,506558 0,000831
live 0,010050 0,000005
lively 0,385662 0,000183
living 0,020203 0,000005
local 0,713350 0,000169
locate 0,371064 0,000176
location 0,494296 0,000117
lock 0,162519 0,000077
lodging 0,776529 0,000184
lodgings 1,078810 0,000256
lofty 0,494296 0,000117
logic 1,049822 0,000249
loose 0,094311 0,000022
loosely 1,347074 0,000319
loosen 0,891598 0,000211
lord 0,223144 0,000053
lordship 1,609438 0,000381
lose 0,000000 0,000000
loss 0,083382 0,000020
lot 0,051293 0,000024
loud 0,105361 0,000050
loudly 0,400478 0,000095
loudness 2,207275 0,000523
lout 2,525729 0,000598
love 0,030459 0,000022
lovely 0,462035 0,000109
lover 0,356675 0,000085
lowly 1,771957 0,000420
luck 0,446287 0,000106
lucky 0,494296 0,000117
lump 0,916291 0,000217
lure 1,108663 0,000263
lurk 0,616186 0,000146
lush 2,813411 0,000667
machine 0,210721 0,000050
mad 0,235722 0,000056
madly 1,272966 0,000302
magistrate 0,820981 0,000194
maid 0,415515 0,000098
mail 0,820981 0,000194
main 0,127833 0,000030
maintain 0,094311 0,000067
major 1,108663 0,000263
majority 0,597837 0,000142
malevolent 1,966113 0,000466
manage 0,261365 0,000124
management 0,843970 0,000200
manager 0,597837 0,000142
manner 0,040822 0,000010
manners 0,274437 0,000065
manufacturer 1,966113 0,000466
marble 0,562119 0,000133
marked 0,061875 0,000015
married 0,248461 0,000059
mary 0,693147 0,000164
mass 0,210721 0,000050
massive 1,049822 0,000249
mat 0,820981 0,000194
match 0,301105 0,000071
material 0,261365 0,000124
matter 0,000000 0,000000
maximum 0,478036 0,000113
meaning 0,186330 0,000044
mechanical 0,843970 0,000200
mechanically 1,078810 0,000256
medicine 0,562119 0,000133
mediocre 2,407946 0,000570
medium 0,223144 0,000053
meet 0,010050 0,000005
meeting 0,162519 0,000077
melt 0,385662 0,000091
mental 0,430783 0,000102
mention 0,105361 0,000075
merchantability 0,994252 0,000236
mercy 0,210721 0,000050
mere 0,094311 0,000022
mess 0,867501 0,000206
message 0,356675 0,000085
messenger 0,562119 0,000133
metal 0,527633 0,000125
metamorphosis 2,813411 0,000667
method 0,094311 0,000045
michael 0,400478 0,000095
midday 1,108663 0,000263
middle 0,030459 0,000007
military 0,616186 0,000146
mind 0,020203 0,000005
minded 0,400478 0,000095
minor 0,713350 0,000169
minute 0,150823 0,000071
mirror 0,579818 0,000137
misfortune 0,400478 0,000095
misjudge 1,897120 0,000449
misjudgement 3,912023 0,000927
mislay 2,120264 0,000502
mislead 0,994252 0,000471
misleading 2,207275 0,000523
misshapen 1,966113 0,000466
mission 0,210721 0,000050
mississippi 0,415515 0,000098
mistake 0,186330 0,000088
mistaken 0,261365 0,000062
mistakenly 2,813411 0,000667
misunderstand 1,237874 0,000587
misunderstanding 1,469676 0,000348
mix 0,274437 0,000130
mixing 1,272966 0,000302
mixture 0,597837 0,000142
mock 0,478036 0,000113
modest 0,371064 0,000088
modification 0,478036 0,000113
modify 0,356675 0,000085
moment 0,010050 0,000005
money 0,051293 0,000012
monotonous 1,078810 0,000256
month 0,040822 0,000019
monument 0,776529 0,000368
mood 0,462035 0,000109
moon 0,261365 0,000062
moonlight 0,673345 0,000160
moorland 2,525729 0,000598
morning 0,040822 0,000019
motionless 0,544727 0,000129
motionlessness 3,912023 0,000927
moustache 1,514128 0,000359
mouth 0,061875 0,000015
movement 0,287682 0,000136
murderous 1,078810 0,000256
muscle 0,755023 0,000179
muster 1,078810 0,000256
mute 0,776529 0,000184
muttering 1,049822 0,000249
mutual 0,510826 0,000121
mutually 1,386294 0,000328
nail 0,356675 0,000085
naked 0,274437 0,000065
narrow 0,094311 0,000022
nasty 1,139434 0,000270
natural 0,094311 0,000022
naturally 0,210721 0,000050
nature 0,094311 0,000045
nave 2,525729 0,001197
nearby 2,659260 0,000630
necessity 0,210721 0,000050
neck 0,174353 0,000083
needless 1,049822 0,000249
neglect 0,274437 0,000130
neglectful 2,525729 0,000598
negligence 0,415515 0,000098
negligent 1,609438 0,000381
negotiate 1,771957 0,000840
negotiation 1,560648 0,000370
neighbour 0,510826 0,000242
nephew 0,891598 0,000211
nervous 0,494296 0,000117
nervously 1,203973 0,000285
network 0,415515 0,000098
news 0,210721 0,000050
newsletter 0,562119 0,000133
newspaper 0,693147 0,000164
nice 0,371064 0,000176
niche 1,714798 0,000406
night 0,010050 0,000005
nightshirt 2,525729 0,000598
nod 0,371064 0,000264
noise 0,139262 0,000033
nonproprietary 0,562119 0,000133
nonsense 0,478036 0,000113
nonsensical 2,302585 0,000546
normal 1,237874 0,000293
north 0,083382 0,000020
nose 0,261365 0,000062
note 0,094311 0,000045
notebook 1,966113 0,000466
notice 0,020203 0,000019
noticeable 1,309333 0,000310
notification 2,813411 0,000667
notify 0,371064 0,000264
nowadays 1,139434 0,000270
nudge 1,714798 0,000406
nuisance 1,309333 0,000310
numb 1,514128 0,000359
nurse 0,301105 0,000071
oafish 3,912023 0,000927
obedient 0,544727 0,000129
obediently 1,469676 0,000348
obey 0,223144 0,000106
object 0,105361 0,000025
objection 0,400478 0,000190
objective 1,660731 0,000393
obligation 0,597837 0,000283
obliquely 2,120264 0,000502
obscure 0,478036 0,000113
observation 0,446287 0,000106
observations 0,867501 0,000206
observe 0,094311 0,000067
obsolete 0,446287 0,000106
obvious 0,415515 0,000098
occasion 0,105361 0,000050
occasionally 0,371064 0,000088
occupy 0,174353 0,000124
occur 0,083382 0,000040
odd 0,385662 0,000091
oddly 1,469676 0,000348
offence 0,527633 0,000125
offend 0,798508 0,000189
offended 0,616186 0,000146
offensive 0,693147 0,000164
offer 0,020203 0,000019
office 0,072571 0,000034
officer 0,314711 0,000149
official 0,223144 0,000106
officially 1,966113 0,000466
oil 0,446287 0,000106
ominously 1,966113 0,000466
omniscience 2,995732 0,000710
oneself 1,386294 0,000328
online 0,510826 0,000121
onlooker 2,407946 0,000570
opener 2,407946 0,000570
openly 0,494296 0,000117
openness 2,040221 0,000483
opinion 0,105361 0,000050
opportune 2,120264 0,000502
opportunity 0,061875 0,000029
oppose 0,579818 0,000137
opposed 0,653926 0,000155
oppressive 1,171183 0,000277
optimistic 2,659260 0,000630
oration 1,560648 0,000370
orator 1,171183 0,000277
orderly 0,941609 0,000223
ordinary 0,186330 0,000044
organ 0,634878 0,000150
organisation 2,407946 0,000570
organise 1,966113 0,000932
organism 1,832581 0,000434
organized 0,356675 0,000085
original 0,105361 0,000025
originally 0,673345 0,000160
originator 0,478036 0,000113
ostensible 2,207275 0,000523
ostensibly 2,659260 0,000630
ottoman 2,207275 0,000523
outbreak 1,427116 0,000338
outburst 1,272966 0,000302
outcome 1,714798 0,000406
outcry 1,272966 0,000302
outdated 0,562119 0,000133
outer 0,510826 0,000121
outlive 1,560648 0,000370
outlying 2,659260 0,000630
outrage 0,891598 0,000211
outstretched 1,108663 0,000263
outweigh 1,469676 0,000348
overcoat 1,609438 0,000381
overcome 0,198451 0,000047
overcrowded 2,659260 0,000630
overlook 0,527633 0,000250
overly 3,912023 0,000927
oversleep 2,407946 0,000570
owe 0,105361 0,000025
owner 0,083382 0,000020
pace 0,186330 0,000088
pack 0,579818 0,000137
package 1,560648 0,000370
packed 0,616186 0,000146
pad 1,560648 0,000370
pain 0,051293 0,000012
pained 1,203973 0,000285
painful 0,328504 0,000078
painstaking 2,207275 0,000523
paint 0,274437 0,000130
paintbrush 3,912023 0,000927
painter 0,755023 0,000179
painting 0,713350 0,000338
pair 0,210721 0,000100
pale 0,186330 0,000044
pan 0,755023 0,000179
panama 2,407946 0,000570
pane 1,078810 0,000256
paper 0,083382 0,000040
paperwork 0,562119 0,000133
paragraph 0,328504 0,000156
pardon 0,287682 0,000068
partially 0,967584 0,000229
participant 2,407946 0,000570
partly 0,301105 0,000071
partner 0,510826 0,000121
party 0,030459 0,000007
pass 0,020203 0,000014
passage 0,105361 0,000025
passageway 2,659260 0,000630
passing 0,094311 0,000022
passive 0,941609 0,000223
passivity 2,995732 0,000710
pastel 3,912023 0,000927
pat 0,776529 0,000368
path 0,150823 0,000036
patience 0,139262 0,000033
patient 0,274437 0,000065
patiently 0,733969 0,000174
pause 0,314711 0,000149
pay 0,030459 0,000022
payment 0,274437 0,000130
peace 0,094311 0,000022
peaceful 0,478036 0,000113
peacefully 1,108663 0,000263
peculiar 0,223144 0,000053
peculiarity 0,755023 0,000179
peculiarly 0,755023 0,000179
pedantic 1,660731 0,000393
pen 0,235722 0,000056
pencil 0,616186 0,000146
penny 0,634878 0,000150
pensively 2,120264 0,000502
pepper 1,171183 0,000277
perceive 0,198451 0,000047
perfect 0,061875 0,000029
perfectly 0,162519 0,000039
perform 0,072571 0,000052
performance 0,127833 0,000061
perfumed 1,427116 0,000338
period 0,235722 0,000056
periodic 0,544727 0,000129
permanent 0,223144 0,000053
permanently 1,386294 0,000328
permission 0,150823 0,000036
permit 0,094311 0,000045
persecute 0,994252 0,000236
persecution 1,108663 0,000263
person -0,009950 -0,000005
personal 0,223144 0,000053
personally 0,798508 0,000189
perspective 1,609438 0,000381
persuade 0,223144 0,000159
petty 0,776529 0,000184
pew 1,966113 0,000932
phenomenon 0,820981 0,000194
philanthropic 2,040221 0,000483
phone 3,912023 0,000927
photograph 1,347074 0,000638
phrase 0,139262 0,000066
physical 0,198451 0,000047
piano 1,078810 0,000256
pick 0,223144 0,000159
picking 0,634878 0,000150
picture 0,139262 0,000066
piece 0,020203 0,000010
pierce 0,356675 0,000085
pile 0,328504 0,000156
pillow 0,544727 0,000258
pin 0,478036 0,000113
pinafore 2,525729 0,000598
pinch 0,843970 0,000400
pipe 0,385662 0,000091
pitiful 0,798508 0,000189
pity 0,139262 0,000033
plain 0,040822 0,000010
plan 0,198451 0,000141
plank 0,673345 0,000160
plant 0,186330 0,000044
plate 0,314711 0,000075
plausible 1,078810 0,000256
play 0,040822 0,000029
playpen 3,912023 0,000927
plead 0,400478 0,000190
pleasant 0,162519 0,000039
pleasantly 0,820981 0,000194
pleased 0,150823 0,000036
pleasing 0,653926 0,000155
pleasure 0,051293 0,000012
plenty 0,235722 0,000056
plump 1,021651 0,000242
pocket 0,371064 0,000176
podium 3,912023 0,000927
pointless 2,207275 0,000523
pointlessness 3,506558 0,000831
pole 0,494296 0,000117
police 0,755023 0,000179
policeman 1,237874 0,000587
polite 0,693147 0,000164
politely 1,078810 0,000256
politeness 0,798508 0,000189
political 0,562119 0,000133
poor 0,020203 0,000014
popular 0,430783 0,000102
porcelain 1,771957 0,000420
porter 0,941609 0,000223
portrait 0,597837 0,000283
pose 1,021651 0,000484
posing 2,407946 0,000570
position 0,162519 0,000116
possess 0,061875 0,000015
possession 0,083382 0,000040
possibility 0,150823 0,000071
post 0,051293 0,000024
posture 0,967584 0,000229
pot 0,478036 0,000113
pour 0,116534 0,000028
poverty 0,446287 0,000106
power 0,030459 0,000014
powerful 0,223144 0,000053
powerless 1,139434 0,000270
practical 0,494296 0,000117
practically 0,235722 0,000056
practice 0,116534 0,000028
practise 0,510826 0,000121
praise 0,274437 0,000130
prayer 0,287682 0,000068
preach 0,755023 0,000179
preacher 1,049822 0,000249
precaution 0,733969 0,000348
precise 0,776529 0,000184
precisely 0,510826 0,000121
precondition 3,506558 0,000831
prefer 0,174353 0,000083
preliminary 0,941609 0,000223
preoccupy 1,386294 0,000328
preparation 0,328504 0,000078
prepare 0,116534 0,000055
prepared 0,105361 0,000025
presence 0,094311 0,000022
preservation 1,049822 0,000249
preserve 0,083382 0,000020
president 1,049822 0,000249
press 0,105361 0,000050
pressed 0,274437 0,000065
pressure 0,527633 0,000125
presume 0,462035 0,000219
presumption 0,994252 0,000236
presuppose 2,040221 0,000483
pretence 0,891598 0,000211
pretend 0,186330 0,000132
pretty 0,150823 0,000036
prevent 0,040822 0,000019
previous 0,094311 0,000022
price 0,314711 0,000075
pride 0,150823 0,000036
priest 0,616186 0,000146
principle 0,274437 0,000065
print 0,116534 0,000055
prison 0,248461 0,000059
prisoner 0,356675 0,000085
private 0,198451 0,000047
privilege 0,527633 0,000125
probable 0,494296 0,000117
procedure 1,832581 0,000868
proceed 0,116534 0,000028
proceeding 0,510826 0,000121
proceedings 0,713350 0,000169
proceeds 0,916291 0,000217
process 0,400478 0,000190
processing 0,562119 0,000133
produce 0,061875 0,000029
production 0,274437 0,000065
profession 0,446287 0,000106
professional 0,820981 0,000194
professor 0,261365 0,000062
profit 0,083382 0,000020
progress 0,162519 0,000116
prohibition 0,415515 0,000098
project -0,009950 -0,000002
prominently 0,494296 0,000117
promise 0,051293 0,000024
promising 0,430783 0,000102
promote 0,274437 0,000065
promotion 0,342490 0,000081
prompt 0,478036 0,000113
pronouncement 2,659260 0,000630
pronunciation 1,609438 0,000381
proof 0,274437 0,000130
proofread 0,562119 0,000133
prop 0,941609 0,000223
propel 1,714798 0,000406
proper 0,061875 0,000015
properly 0,385662 0,000091
property 0,127833 0,000030
proprietary 0,562119 0,000133
prosecution 1,203973 0,000285
prospect 0,430783 0,000102
prospective 1,832581 0,000434
prospects 1,203973 0,000285
protect 0,139262 0,000066
protection 0,314711 0,000075
protest 0,342490 0,000081
prove 0,083382 0,000040
provide 0,127833 0,000061
provision 0,094311 0,000045
provisionally 2,813411 0,000667
provoke 0,510826 0,000242
provoking 1,078810 0,000256
pub 3,218876 0,000763
public 0,083382 0,000020
publicly 0,994252 0,000236
pull 0,127833 0,000121
pulpit 1,171183 0,000277
pump 1,108663 0,000263
punctual 1,309333 0,000310
punish 0,314711 0,000149
punishment 0,287682 0,000068
punitive 0,562119 0,000133
puppy 1,386294 0,000328
purpose 0,040822 0,000019
purse 0,562119 0,000400
push 0,139262 0,000099
puzzled 0,494296 0,000117
quality 0,186330 0,000044
quarrel 0,287682 0,000068
quarry 1,171183 0,000277
query 1,609438 0,000381
question 0,020203 0,000014
questionable 1,714798 0,000406
questioning 0,755023 0,000179
questioningly 2,659260 0,000630
quick 0,127833 0,000091
quiet 0,094311 0,000045
quietly 0,261365 0,000062
quietness 1,832581 0,000434
quilt 1,609438 0,000381
quiver 0,494296 0,000234
quivery 3,506558 0,000831
quizzically 3,506558 0,000831
radiate 1,897120 0,000449
raff 2,813411 0,000667
rage 0,139262 0,000066
rail 0,579818 0,000137
railing 1,237874 0,000293
rain 0,150823 0,000071
rainy 0,967584 0,000229
raise 0,020203 0,000014
ramification 2,813411 0,000667
range 0,328504 0,000078
rank 0,223144 0,000106
rap 1,021651 0,000242
rare 0,261365 0,000062
rash 0,891598 0,000211
rat 0,867501 0,000206
reach 0,000000 0,000000
read 0,020203 0,000010
readable 0,510826 0,000121
ready 0,030459 0,000007
real 0,040822 0,000010
realisation 1,966113 0,000466
realise 1,021651 0,000484
rear 0,371064 0,000088
reason 0,010050 0,000007
reasonable 0,116534 0,000028
reassure 0,820981 0,000583
rebel 0,733969 0,000174
receipt 0,261365 0,000062
receive 0,040822 0,000039
receiver 1,832581 0,000434
reception 0,693147 0,000164
reckon 0,385662 0,000091
recognise 0,843970 0,000400
recommendation 1,237874 0,000587
reconcile 0,597837 0,000142
reconciliation 1,021651 0,000242
reconsider 2,040221 0,000483
record 0,223144 0,000106
recover 0,127833 0,000030
rectangular 2,813411 0,000667
recurrence 1,771957 0,000420
red 0,061875 0,000015
redbeard 3,912023 0,000927
reddish 1,386294 0,000328
redistribute 0,544727 0,000129
redistributing 0,562119 0,000133
redistribution 0,562119 0,000133
reduce 0,314711 0,000075
reference 0,198451 0,000047
reflection 0,274437 0,000065
reflex 2,525729 0,000598
refresh 0,446287 0,000106
refund 0,562119 0,000133
refuse 0,083382 0,000040
refute 1,469676 0,000348
regard 0,083382 0,000020
register 0,287682 0,000068
regret 0,342490 0,000325
regrettable 2,813411 0,000667
regular 0,287682 0,000136
regularly 0,616186 0,000146
regulate 0,210721 0,000050
reinforce 1,771957 0,000420
reinstate 2,120264 0,000502
reject 0,478036 0,000113
rejection 1,609438 0,000381
relation 0,223144 0,000053
relationship 0,867501 0,000411
relaxed 0,994252 0,000236
release 0,105361 0,000050
relevance 3,506558 0,000831
relevant 2,659260 0,000630
relief 0,186330 0,000044
relieve 0,198451 0,000047
reluctance 1,049822 0,000249
rely 0,579818 0,000275
remain 0,040822 0,000029
remains 0,150823 0,000036
remark 0,223144 0,000106
remarkable 0,235722 0,000056
remarkably 0,733969 0,000174
remarks 0,462035 0,000109
remedy 0,150823 0,000036
remember 0,030459 0,000014
remind 0,301105 0,000143
remove 0,040822 0,000019
rename 0,544727 0,000129
renew 0,314711 0,000075
renown 1,309333 0,000310
repair 0,342490 0,000081
repay 0,673345 0,000160
repeat 0,051293 0,000036
repeatedly 1,108663 0,000263
repel 0,967584 0,000229
replace 0,198451 0,000047
replacement 0,544727 0,000129
reply 0,105361 0,000075
report 0,051293 0,000049
represent 0,210721 0,000150
representation 0,261365 0,000124
representative 0,820981 0,000194
reprimand 1,386294 0,000328
reproach 0,301105 0,000143
reproachful 1,309333 0,000310
repulsive 1,049822 0,000249
reputation 0,342490 0,000081
request 0,105361 0,000075
require 0,051293 0,000024
required 0,083382 0,000020
requirement 0,400478 0,000095
resentment 0,798508 0,000189
resist 0,274437 0,000130
resistance 0,430783 0,000102
resolve 0,287682 0,000068
resound 0,916291 0,000217
resource 0,544727 0,000129
respect 0,040822 0,000019
respectful 0,755023 0,000179
respects 0,527633 0,000125
respond 0,693147 0,000328
response 0,843970 0,000200
responsibility 0,733969 0,000174
responsible 0,693147 0,000164
rest 0,010050 0,000007
restore 0,223144 0,000053
restrict 1,427116 0,000338
restriction 0,371064 0,000088
result 0,174353 0,000041
retain 0,235722 0,000112
retaliation 1,609438 0,000381
retinue 1,714798 0,000406
retired 0,342490 0,000081
retort 0,820981 0,000194
retreat 0,342490 0,000081
return 0,010050 0,000010
reveal 0,223144 0,000053
revelation 0,693147 0,000164
revenge 0,462035 0,000109
revenue 0,342490 0,000081
reverse 0,527633 0,000125
revolt 0,967584 0,000229
revolting 1,560648 0,000370
reward 0,174353 0,000041
rich 0,116534 0,000028
rid 0,223144 0,000053
ride 0,261365 0,000124
ridiculous 0,478036 0,000113
riff 3,506558 0,000831
rightly 0,430783 0,000102
rinse 1,897120 0,000449
rise 0,030459 0,000022
riser 2,813411 0,000667
risk 0,301105 0,000071
road 0,116534 0,000028
rob 0,356675 0,000169
robber 0,653926 0,000155
robe 0,673345 0,000160
rock 0,186330 0,000044
rod 0,616186 0,000146
role 1,609438 0,000381
roll 0,150823 0,000036
roof 0,186330 0,000044
rope 0,430783 0,000102
rough 0,186330 0,000044
roughly 0,544727 0,000129
route 0,713350 0,000169
row 0,385662 0,000183
royalty 0,371064 0,000176
rub 0,342490 0,000162
rudeness 1,203973 0,000285
ruffle 0,941609 0,000223
rule 0,030459 0,000014
rumour 1,078810 0,000511
running 0,967584 0,000229
rush 0,127833 0,000061
rustling 1,203973 0,000285
sack 0,653926 0,000310
sacrifice 0,210721 0,000100
sad 0,223144 0,000053
sadly 0,510826 0,000121
safe 0,116534 0,000028
sailing 0,653926 0,000155
sailor 0,544727 0,000129
saint 0,673345 0,000160
sake 0,083382 0,000020
salt 0,105361 0,000025
salute 0,634878 0,000150
satisfactorily 1,272966 0,000302
satisfy 0,061875 0,000029
saturday 0,843970 0,000200
save 0,010050 0,000002
scabbard 1,714798 0,000406
scale 0,274437 0,000065
scan 1,237874 0,000293
scarcely 0,301105 0,000071
scattered 0,139262 0,000033
scene 0,127833 0,000030
schnapps 2,813411 0,000667
school 0,150823 0,000036
schoolgirl 2,525729 0,000598
schoolmaster 1,272966 0,000302
scientific 0,776529 0,000184
scoundrel 1,078810 0,000256
scowl 1,049822 0,000249
scrap 0,820981 0,000194
scratch 0,544727 0,000129
scratching 1,108663 0,000263
scream 0,462035 0,000438
screech 1,609438 0,000381
scribe 1,771957 0,000420
scrutinise 2,207275 0,000523
scrutinize 1,714798 0,000406
sculpt 3,506558 0,000831
scurry 1,966113 0,000466
sea 0,116534 0,000028
search 0,040822 0,000019
seat 0,051293 0,000012
secondary 1,347074 0,000319
secret 0,051293 0,000024
secretly 0,597837 0,000142
secure 0,061875 0,000015
security 0,478036 0,000113
seek 0,083382 0,000059
select 0,301105 0,000071
sell 0,210721 0,000100
send 0,020203 0,000010
senile 3,218876 0,000763
senior 1,309333 0,000310
sense 0,051293 0,000012
sensibly 1,139434 0,000270
sensitive 0,693147 0,000164
sentence 0,094311 0,000022
separate 0,094311 0,000045
separately 1,108663 0,000263
series 0,494296 0,000117
sermon 0,891598 0,000211
servant 0,105361 0,000050
serve 0,051293 0,000036
service 0,072571 0,000034
servitor 2,525729 0,001197
session 1,560648 0,000739
set 0,010050 0,000005
setback 2,995732 0,000710
settle 0,083382 0,000040
severe 0,301105 0,000071
shade 0,223144 0,000106
shading 1,560648 0,000370
shadow 0,162519 0,000039
shaft 0,713350 0,000169
shake 0,072571 0,000069
shame 0,223144 0,000106
shamefully 1,660731 0,000393
shape 0,150823 0,000036
share 0,030459 0,000022
sharp 0,139262 0,000066
sharply 0,510826 0,000121
sharpness 1,660731 0,000393
shawl 1,021651 0,000242
sheath 1,347074 0,000319
shelf 0,634878 0,000150
shelter 0,301105 0,000071
shine 0,150823 0,000143
ship 0,198451 0,000047
shirt 0,527633 0,000125
shiver 0,478036 0,000340
shock 0,235722 0,000168
shockingly 2,659260 0,000630
shop 0,494296 0,000117
shops 0,843970 0,000200
short 0,020203 0,000010
shortcoming 1,897120 0,000899
shortly 0,462035 0,000109
shot 0,223144 0,000053
shoulder 0,139262 0,000066
shout 0,186330 0,000177
shove 0,967584 0,000688
shrug 0,994252 0,000236
shuffle 1,427116 0,000338
shuffling 1,347074 0,000319
shut 0,051293 0,000012
shy 0,673345 0,000160
sick 0,150823 0,000036
sickly 0,891598 0,000211
sickness 0,478036 0,000113
sideways 1,139434 0,000270
sigh 0,235722 0,000168
sight 0,040822 0,000019
sign 0,051293 0,000024
signature 1,386294 0,000657
significance 1,021651 0,000242
signify 0,634878 0,000150
silence 0,051293 0,000012
silent 0,051293 0,000012
silently 0,544727 0,000129
silk 0,478036 0,000113
sill 1,309333 0,000620
silly 0,400478 0,000095
silver 0,210721 0,000050
similarity 1,386294 0,000328
simple 0,094311 0,000045
simplicity 0,527633 0,000125
simply 0,150823 0,000036
sin 0,314711 0,000075
sincerely 0,867501 0,000206
single 0,083382 0,000020
sink 0,072571 0,000052
sir 0,150823 0,000036
siren 2,207275 0,000523
sister 0,223144 0,000053
sit 0,010050 0,000010
situated 0,733969 0,000174
situation 0,198451 0,000047
sixth 0,446287 0,000106
size 0,223144 0,000106
sized 1,237874 0,000293
sketch 0,653926 0,000155
skill 0,287682 0,000068
skin 0,174353 0,000041
skirt 0,527633 0,000250
skylight 1,966113 0,000466
slam 1,309333 0,000310
slap 0,798508 0,000189
sleep 0,051293 0,000036
sleeve 0,579818 0,000137
slender 0,693147 0,000164
slight 0,072571 0,000034
slim 1,139434 0,000270
slip 0,150823 0,000071
slow 0,139262 0,000066
slowly 0,150823 0,000036
sly 0,713350 0,000169
smash 1,021651 0,000242
smell 0,261365 0,000062
smile 0,150823 0,000107
smoke 0,186330 0,000088
smooth 0,235722 0,000168
smoothly 1,021651 0,000242
snap 0,733969 0,000174
snatch 0,462035 0,000109
sniff 1,272966 0,000302
snoop 3,912023 0,000927
snow 0,478036 0,000113
snowfall 2,995732 0,000710
snuff 1,171183 0,000277
social 0,371064 0,000088
society 0,210721 0,000050
sofa 0,967584 0,000229
soft 0,210721 0,000050
solely 0,733969 0,000174
solemnity 0,843970 0,000200
solicit 0,314711 0,000075
solicitation 0,430783 0,000102
solid 0,274437 0,000065
solution 0,755023 0,000179
solve 0,478036 0,000113
sombre 1,171183 0,000277
son 0,083382 0,000020
soot 1,609438 0,000381
sorely 1,049822 0,000249
sorrow 0,248461 0,000059
sort 0,072571 0,000052
soul 0,083382 0,000020
sound 0,010050 0,000007
soup 1,078810 0,000256
source 0,274437 0,000065
south 0,235722 0,000056
space 0,105361 0,000050
span 1,237874 0,000293
spare 0,116534 0,000055
spasm 1,469676 0,000348
speak 0,030459 0,000022
speaker 0,634878 0,000150
speaking 0,072571 0,000017
special 0,083382 0,000020
specially 0,820981 0,000194
specific 0,820981 0,000194
spectacle 0,544727 0,000129
speech 0,139262 0,000066
speed 0,274437 0,000065
spend 0,051293 0,000036
spin 0,510826 0,000121
spirit 0,051293 0,000024
spite 0,139262 0,000033
spoil 0,274437 0,000065
spoon 1,021651 0,000242
spot 0,150823 0,000036
spread 0,051293 0,000036
spring 0,051293 0,000024
spy 0,579818 0,000137
spyhole 3,912023 0,000927
squander 1,469676 0,000348
square 0,223144 0,000053
squashed 2,813411 0,000667
squeeze 0,798508 0,000568
squirt 2,813411 0,000667
stab 0,967584 0,000229
staff 0,261365 0,000062
stage 0,186330 0,000088
stagger 0,527633 0,000125
stain 0,478036 0,000113
stair 0,415515 0,000197
staircase 0,820981 0,000194
stairway 1,897120 0,000449
stairwell 3,912023 0,000927
stall 1,139434 0,000270
stamp 0,261365 0,000062
stand -0,009950 -0,000009
stare 0,328504 0,000233
start -0,009950 -0,000009
startle 1,347074 0,000319
startled 0,415515 0,000098
statement 0,186330 0,000088
statue 0,634878 0,000150
status 0,446287 0,000106
stay 0,061875 0,000059
steal 0,105361 0,000050
steam 0,579818 0,000137
step 0,030459 0,000029
stick 0,174353 0,000124
stiff 0,430783 0,000102
stiffly 1,469676 0,000348
stifle 0,967584 0,000229
stipulate 1,609438 0,000381
stipulation 2,407946 0,000570
stir 0,210721 0,000050
stock 0,235722 0,000056
stocking 0,843970 0,000400
stone 0,094311 0,000022
stonework 3,506558 0,000831
stool 0,653926 0,000155
store 0,061875 0,000015
storeroom 2,302585 0,000546
storm 0,274437 0,000065
stormy 0,755023 0,000179
story 0,030459 0,000007
stout 0,527633 0,000125
stove 1,108663 0,000525
straight 0,105361 0,000025
straighten 0,967584 0,000229
strain 0,248461 0,000059
strand 0,820981 0,000194
strange 0,061875 0,000015
stranger 0,139262 0,000033
strangers 0,356675 0,000085
stratagem 1,469676 0,000696
straw 0,342490 0,000081
street 0,116534 0,000055
strength 0,030459 0,000007
strengthen 0,478036 0,000113
stress 0,891598 0,000211
stretch 0,116534 0,000055
strict 0,186330 0,000044
strictly 0,579818 0,000137
stride 0,616186 0,000146
strike 0,020203 0,000005
striking 0,274437 0,000065
strip 0,385662 0,000091
stroke 0,301105 0,000285
strong 0,020203 0,000010
structure 0,634878 0,000150
struggle 0,127833 0,000061
strut 1,514128 0,000359
stubborn 0,843970 0,000200
student 0,579818 0,000137
studio 1,966113 0,000466
study 0,094311 0,000067
stuffiness 3,912023 0,000927
stuffy 2,120264 0,000502
stumble 0,562119 0,000133
stupefied 1,714798 0,000406
stupid 0,478036 0,000227
stupidity 0,916291 0,000217
sturdy 1,108663 0,000263
style 0,261365 0,000062
subdued 0,494296 0,000117
subject 0,061875 0,000015
subjugate 2,407946 0,000570
submit 0,430783 0,000306
subordinate 0,967584 0,000229
subscribe 0,342490 0,000081
substantial 0,755023 0,000179
substantiate 2,659260 0,000630
substitute 0,713350 0,000169
substitution 1,966113 0,000466
suburb 1,078810 0,000256
succeed 0,105361 0,000050
success 0,162519 0,000077
successful 0,478036 0,000113
successive 0,891598 0,000211
sudden 0,072571 0,000017
suddenly 0,040822 0,000010
suddenness 1,469676 0,000348
suffer 0,061875 0,000029
suffering 0,210721 0,000050
suffice 0,544727 0,000129
sugar 0,776529 0,000184
suggestion 0,356675 0,000169
suit 0,198451 0,000047
suitable 0,462035 0,000109
suited 0,597837 0,000142
sum 0,261365 0,000124
summer 0,186330 0,000044
summon 0,544727 0,000258
summons 0,867501 0,000206
sun 0,072571 0,000017
sunday 0,494296 0,000117
sundays 1,309333 0,000310
sunset 0,798508 0,000189
superficial 1,108663 0,000263
superfluous 0,867501 0,000206
superior 0,261365 0,000124
superiority 0,673345 0,000160
superstition 0,798508 0,000378
superstitious 1,108663 0,000263
supervise 2,207275 0,000523
supervisor 3,218876 0,001525
supple 1,171183 0,000277
support 0,094311 0,000067
suppose 0,020203 0,000014
supposedly 3,218876 0,000763
supposition 0,776529 0,000184
suppress 0,446287 0,000106
surgeon 0,891598 0,000211
surprise 0,150823 0,000071
surprised 0,210721 0,000050
surprising 0,544727 0,000129
surprisingly 1,966113 0,000466
surround 0,162519 0,000077
survive 0,186330 0,000044
suspect 0,162519 0,000039
suspension 1,966113 0,000466
suspicion 0,210721 0,000100
suspicious 0,579818 0,000137
sustain 0,314711 0,000075
swallow 0,261365 0,000062
swamp 0,287682 0,000068
swang 3,912023 0,000927
sway 0,494296 0,000117
swear 0,261365 0,000062
sweat 0,562119 0,000133
sweet 0,139262 0,000066
swiftly 0,713350 0,000169
swing 0,430783 0,000102
swinging 0,798508 0,000189
swirl 1,897120 0,000449
sword 0,430783 0,000102
sympathy 0,314711 0,000075
symptom 0,693147 0,000164
symptomatic 3,912023 0,000927
synonymous 0,446287 0,000106
table 0,083382 0,000040
tablecloth 1,966113 0,000466
tailor 1,108663 0,000263
talent 0,385662 0,000183
talk 0,061875 0,000044
talkative 1,514128 0,000359
talking 0,150823 0,000036
tall 0,198451 0,000094
tan 1,272966 0,000302
tangible 1,560648 0,000370
tangled 1,108663 0,000263
tap 0,798508 0,000568
tartar 1,660731 0,000393
task 0,248461 0,000118
taut 2,207275 0,000523
tax 0,248461 0,000118
taxi 3,506558 0,000831
tea 0,579818 0,000137
teach 0,083382 0,000020
teacher 0,415515 0,000098
tear 0,030459 0,000029
telegram 1,609438 0,000381
telephone 2,120264 0,001507
temerity 1,966113 0,000466
temper 0,261365 0,000062
temple 0,314711 0,000149
temporarily 1,560648 0,000370
temporary 0,713350 0,000169
tempt 0,415515 0,000098
temptation 0,430783 0,000102
tempting 0,967584 0,000229
tenant 1,108663 0,000525
tendency 0,527633 0,000125
tender 0,301105 0,000071
tenderly 0,916291 0,000217
tenement 1,660731 0,000393
tenor 1,078810 0,000256
tense 1,386294 0,000328
tension 1,514128 0,000359
term 0,061875 0,000029
terrace 1,139434 0,000270
terrible 0,186330 0,000044
theatre 0,820981 0,000194
theme 0,891598 0,000211
theory 0,400478 0,000095
thief 0,462035 0,000109
thieve 2,040221 0,000483
thigh 1,078810 0,000256
thinking 0,274437 0,000065
thirsty 0,820981 0,000194
thirteen 0,579818 0,000137
thirtieth 1,714798 0,000406
thoughtfully 0,994252 0,000236
thoughtless 1,108663 0,000263
thread 0,342490 0,000162
threat 0,634878 0,000301
threaten 0,186330 0,000132
throat 0,223144 0,000053
throne 0,733969 0,000174
throttle 2,120264 0,000502
throw 0,010050 0,000010
thrust 0,287682 0,000068
thug 3,218876 0,000763
thumb 0,916291 0,000434
thump 1,203973 0,000856
thundering 1,237874 0,000293
ticket 1,021651 0,000242
tidy 1,171183 0,000832
tight 0,494296 0,000117
tightly 0,867501 0,000206
time -0,009950 -0,000005
timid 0,544727 0,000129
timidly 1,171183 0,000277
tin 0,755023 0,000179
tiny 0,820981 0,000389
tiptoe 0,941609 0,000223
tire 0,941609 0,000446
tired 0,198451 0,000047
tiredness 3,218876 0,000763
tireless 2,207275 0,000523
tiring 2,659260 0,000630
title 0,116534 0,000028
togetherness 3,506558 0,000831
tolerate 1,078810 0,000511
tomorrow 0,755023 0,000179
tone 0,198451 0,000047
tong 1,347074 0,000319
tongue 0,139262 0,000033
tooth 0,186330 0,000044
torch 0,713350 0,000169
torrent 0,713350 0,000169
torture 0,371064 0,000176
torturer 2,659260 0,000630
total 0,579818 0,000137
totally 0,916291 0,000217
touch 0,010050 0,000007
tour 0,916291 0,000217
tourist 2,207275 0,000523
town 0,094311 0,000022
trace 0,198451 0,000047
track 0,415515 0,000098
trade 0,287682 0,000068
trademark 0,562119 0,000133
tradesman 1,139434 0,000270
tradition 0,755023 0,000179
train 0,162519 0,000039
tram 2,813411 0,000667
transcribe 0,462035 0,000109
transcription 0,527633 0,000125
transition 1,272966 0,000302
translate 0,634878 0,000150
translation 0,891598 0,000211
translator 1,347074 0,000319
trap 0,527633 0,000125
trapped 2,040221 0,000483
travelling 0,693147 0,000164
treat 0,127833 0,000091
treatment 0,127833 0,000030
tree 0,061875 0,000015
tremble 0,174353 0,000041
trial 0,261365 0,000124
triangle 1,427116 0,000338
triangular 1,832581 0,000434
trick 0,274437 0,000130
trip 0,510826 0,000121
trot 0,867501 0,000206
trouble 0,010050 0,000002
troublesome 0,843970 0,000200
trouser 2,040221 0,000483
trousers 0,843970 0,000200
true 0,020203 0,000010
trundle 3,218876 0,000763
trunk 0,579818 0,000137
trust 0,061875 0,000029
trustee 2,207275 0,000523
trustingly 3,506558 0,000831
trustworthiness 3,506558 0,000831
truth 0,030459 0,000007
tub 1,203973 0,000285
tune 0,616186 0,000146
twist 0,314711 0,000149
twitching 1,469676 0,000348
type 0,174353 0,000041
typist 3,912023 0,000927
tyranny 1,108663 0,000263
ugly 0,385662 0,000091
unabashed 2,659260 0,000630
unable 0,248461 0,000059
unambiguous 3,506558 0,000831
unambiguously 3,912023 0,000927
unassailable 2,407946 0,000570
unattainable 1,609438 0,000381
unavoidable 1,049822 0,000249
unaware 1,469676 0,000348
unawares 1,237874 0,000293
unbearable 1,560648 0,000370
unbuttoned 1,966113 0,000466
uncertain 0,301105 0,000071
uncertainty 0,776529 0,000184
unchanged 0,994252 0,000236
unchanging 2,120264 0,000502
uncle 0,544727 0,000129
unclear 3,912023 0,000927
uncomfortable 0,798508 0,000189
uncomprehending 3,218876 0,000763
unconscious 0,400478 0,000095
unconsciously 0,634878 0,000150
uncontrollable 1,347074 0,000319
uncouth 1,347074 0,000319
underclothes 2,659260 0,000630
understand 0,020203 0,000014
understandable 2,995732 0,000710
understanding 0,223144 0,000053
undertake 0,385662 0,000183
undertaking 0,693147 0,000164
undervalue 2,207275 0,000523
underway 3,912023 0,000927
undirected 3,506558 0,000831
undisturbed 1,049822 0,000249
undressed 1,386294 0,000328
unease 3,912023 0,000927
uneasily 1,347074 0,000319
uneasy 0,544727 0,000129
unenforceability 0,562119 0,000133
unexpected 0,430783 0,000102
unexpectedly 0,916291 0,000217
unfaithful 1,966113 0,000466
unfamiliar 1,386294 0,000328
unfavourable 1,514128 0,000359
unfavourably 2,659260 0,000630
unfinished 1,049822 0,000249
unflattering 2,995732 0,000710
unfortunate 0,314711 0,000075
unframed 3,912023 0,000927
ungenerous 1,832581 0,000434
unhappy 0,400478 0,000095
unhealthy 1,309333 0,000310
unheard 0,994252 0,000236
uniform 0,210721 0,000100
unimportant 1,386294 0,000328
unintentionally 1,966113 0,000466
unit 1,771957 0,000420
united 0,094311 0,000022
unknown 0,105361 0,000025
unlink 0,562119 0,000133
unlit 3,506558 0,000831
unlock 0,755023 0,000358
unlucky 1,139434 0,000270
unmistakably 1,832581 0,000434
unnecessary 0,653926 0,000155
unneeded 3,506558 0,000831
unnoticed 1,514128 0,000359
unobjectionable 2,995732 0,000710
unobtrusive 2,207275 0,000523
unpainted 2,995732 0,000710
unpleasant 0,562119 0,000133
unpleasantness 1,832581 0,000434
unpractised 2,407946 0,000570
unprepared 1,514128 0,000359
unprincipled 1,966113 0,000466
unprotected 0,673345 0,000160
unrealistic 3,912023 0,000927
unselfish 1,609438 0,000381
unsolicited 0,510826 0,000121
unspeaking 3,912023 0,000927
unsuitable 1,609438 0,000381
unsure 3,218876 0,000763
unsuspecting 2,407946 0,000570
unsuspicious 2,120264 0,000502
untidy 1,660731 0,000393
untried 1,966113 0,000466
unusable 3,218876 0,000763
unusual 0,415515 0,000098
unusually 0,891598 0,000211
unwelcome 1,469676 0,000348
unwell 1,771957 0,000420
unyielding 2,525729 0,000598
update 0,510826 0,000121
uphold 1,237874 0,000293
upper 0,314711 0,000075
upright 0,301105 0,000071
upset 0,755023 0,000179
upstairs 0,891598 0,000211
urge 0,274437 0,000130
urgency 1,660731 0,000393
urgent 0,798508 0,000189
usable 3,912023 0,000927
usage 0,733969 0,000174
useless 0,235722 0,000056
user 0,544727 0,000129
usher 0,867501 0,000206
usual 0,139262 0,000033
ut 0,510826 0,000121
utter 0,162519 0,000039
vague 0,579818 0,000137
vaguely 0,967584 0,000229
vain 0,116534 0,000028
valuable 0,342490 0,000081
vanilla 0,544727 0,000129
vanish 0,314711 0,000075
variety 0,150823 0,000036
vary 0,342490 0,000162
vault 0,798508 0,000189
veil 0,510826 0,000121
ventilate 2,302585 0,000546
ventilation 2,207275 0,000523
verbally 2,995732 0,000710
verdict 1,237874 0,000293
version 0,342490 0,000162
victory 0,356675 0,000085
view 0,040822 0,000039
vigilance 1,309333 0,000310
vigorous 0,544727 0,000129
vigorously 1,021651 0,000242
vigour 0,843970 0,000200
vindictive 1,714798 0,000406
violate 0,342490 0,000243
violently 0,462035 0,000109
virgin 0,755023 0,000179
virtually 1,897120 0,000449
virus 0,527633 0,000125
visible 0,235722 0,000056
visibly 0,916291 0,000217
vision 0,301105 0,000071
visit 0,030459 0,000029
visitor 0,446287 0,000211
voice 0,020203 0,000005
void 0,261365 0,000062
volunteer 0,314711 0,000075
volunteers 0,430783 0,000102
vulnerable 2,120264 0,000502
wage 1,203973 0,000285
wagon 1,078810 0,000256
wail 0,798508 0,000189
waistcoat 0,941609 0,000223
wait 0,061875 0,000044
waiting 0,083382 0,000020
waitress 3,218876 0,000763
wake 0,223144 0,000159
walk 0,000000 0,000000
wall 0,094311 0,000045
wallet 2,407946 0,000570
wardrobe 1,078810 0,000256
warehouse 1,309333 0,000620
warm 0,116534 0,000028
warmth 0,579818 0,000137
warn 0,287682 0,000136
warning 0,235722 0,000056
warrant 0,562119 0,000266
warranty 0,544727 0,000258
wary 1,171183 0,000277
wash 0,210721 0,000100
washerwoman 2,302585 0,000546
waste 0,127833 0,000091
watch 0,020203 0,000019
water 0,040822 0,000010
wave 0,210721 0,000150
wax 0,446287 0,000106
weak 0,105361 0,000050
weaken 0,562119 0,000266
weakling 1,966113 0,000466
weakly 1,309333 0,000310
weakness 0,248461 0,000059
wear 0,083382 0,000099
weather 0,248461 0,000059
week 0,127833 0,000030
weekday 2,995732 0,000710
weigh 0,162519 0,000039
weight 0,116534 0,000028
west 0,083382 0,000020
wet 0,261365 0,000062
whatsoever 0,287682 0,000068
wheeze 2,407946 0,000570
whine 1,272966 0,000302
whip 0,400478 0,000190
whirl 0,527633 0,000125
whisper 0,248461 0,000118
whispering 0,798508 0,000189
white 0,051293 0,000012
whitish 2,120264 0,000502
wholly 0,400478 0,000095
wick 1,771957 0,000420
wide 0,030459 0,000014
widespread 0,916291 0,000217
wife 0,083382 0,000020
wild 0,051293 0,000012
win 0,356675 0,000085
wince 1,469676 0,000348
window 0,162519 0,000116
windowless 2,995732 0,000710
wine 0,235722 0,000056
wing 0,314711 0,000075
winter 0,198451 0,000047
wipe 0,415515 0,000197
wit 0,198451 0,000047
witch 1,203973 0,000285
withdraw 0,210721 0,000200
witness 0,116534 0,000028
witted 1,609438 0,000381
witty 1,139434 0,000270
wizened 2,813411 0,000667
woman 0,030459 0,000014
wood 0,083382 0,000020
wooden 0,415515 0,000098
word 0,020203 0,000005
workday 3,506558 0,000831
worker 0,941609 0,000446
workings 1,609438 0,000381
workplace 3,912023 0,000927
workshop 1,609438 0,000381
worm 0,733969 0,000174
worry 0,544727 0,000516
worth 0,061875 0,000015
worthless 0,843970 0,000200
worthwhile 2,813411 0,000667
worthy 0,186330 0,000044
wound 0,198451 0,000047
wrap 0,400478 0,000190
wrench 0,967584 0,000229
wretched 0,328504 0,000078
wringing 1,609438 0,000381
wrist 0,776529 0,000184
write 0,020203 0,000019
writer 0,328504 0,000078
writing 0,061875 0,000015
wrong 0,072571 0,000017
yank 2,995732 0,001419
yard 0,223144 0,000053
yeah 3,912023 0,000927
yell 0,798508 0,000189
yellow 0,314711 0,000149
yellowish 1,897120 0,000449
yelping 2,040221 0,000483
yesterday 0,301105 0,000071
yield 0,174353 0,000041
youth 0,139262 0,000066
zone 1,660731 0,000393
