abortion 2,120264 0,002819
absence 0,274437 0,000365
absentee 2,995732 0,003984
accident 0,274437 0,000365
accidentally 0,820981 0,001092
account 0,010050 0,000013
acquaintance 0,248461 0,000330
add 0,094311 0,000125
addition 0,116534 0,000155
additional 0,198451 0,000264
admirable 0,527633 0,000702
admit 0,116534 0,000155
advance 0,061875 0,000165
advantage 0,127833 0,000340
advise 0,301105 0,000400
affair 0,094311 0,000125
age 0,040822 0,000054
aged 0,198451 0,000264
agree 0,051293 0,000068
agriculture 1,771957 0,002356
alas 0,462035 0,000614
alive 0,051293 0,000068
alms 1,309333 0,001741
altogether 0,198451 0,000264
american 0,634878 0,000844
animosity 1,427116 0,001898
annual 1,171183 0,001557
annually 1,771957 0,002356
annum 2,040221 0,002713
answer 0,020203 0,000027
appoint 0,328504 0,000437
apprehend 0,798508 0,001062
apt 0,579818 0,000771
arm 0,030459 0,000041
arrive 0,083382 0,000111
art 0,127833 0,000170
artificially 1,771957 0,002356
assembly 0,798508 0,001062
assure 0,127833 0,000170
attempt 0,051293 0,000068
author 0,116534 0,000310
avoid 0,105361 0,000280
babe 1,272966 0,001693
bacon 0,994252 0,001322
bad 0,020203 0,000027
baked 1,237874 0,001646
barbadoes 2,659260 0,003536
barrel 0,673345 0,000895
bastard 1,560648 0,002075
bear 0,000000 0,000000
beat 0,083382 0,000111
beef 0,916291 0,001218
beg 0,116534 0,000310
beggar 0,597837 0,001590
beneficial 1,272966 0,001693
bent 0,174353 0,000232
black 0,061875 0,000082
body 0,010050 0,000027
boil 0,385662 0,000513
bold 0,223144 0,000297
boot 0,430783 0,000573
border 0,400478 0,000533
boy 0,105361 0,000140
breast 0,198451 0,000264
breed 0,342490 0,000455
breeder 2,120264 0,002819
brevity 1,560648 0,002075
bring 0,000000 0,000000
build 0,094311 0,000125
bulk 0,820981 0,001092
burden 0,198451 0,000264
butcher 0,891598 0,001186
calculate 0,116534 0,000155
calf 0,798508 0,001062
carcass 1,171183 0,003115
care 0,000000 0,000000
cattle 0,544727 0,000724
cautious 0,673345 0,000895
censure 1,078810 0,001435
chair 0,261365 0,000348
charge 0,040822 0,000054
charity 0,186330 0,000248
cheap 0,579818 0,001542
cheat 0,776529 0,001033
child 0,040822 0,000109
choose 0,020203 0,000027
circulate 1,078810 0,001435
circumstance 0,116534 0,000155
city 0,051293 0,000068
clothes 0,127833 0,000170
clothing 0,776529 0,001033
cold 0,040822 0,000054
collateral 2,525729 0,003359
commodity 1,771957 0,002356
common 0,072571 0,000097
commonwealth 1,832581 0,002437
comparable 2,040221 0,002713
computation 1,609438 0,002140
compute 1,771957 0,004713
conceive 0,223144 0,000297
concern 0,342490 0,000455
condition 0,051293 0,000068
confess 0,127833 0,000340
confine 0,223144 0,000297
conscience 0,301105 0,000801
considerable 0,105361 0,000140
consideration 0,223144 0,000297
consistence 2,525729 0,003359
constant 0,051293 0,000068
continual 0,693147 0,000922
continuance 1,237874 0,001646
contradiction 0,713350 0,000949
contrary 0,198451 0,000264
contribute 0,510826 0,000679
contrive 0,994252 0,001322
convenient 0,462035 0,000614
conversation 0,186330 0,000248
cook 0,223144 0,000297
corn 0,527633 0,000702
cottager 2,407946 0,003202
country 0,010050 0,000027
county 0,941609 0,001252
couple 0,248461 0,000330
court 0,094311 0,000125
cover 0,223144 0,000297
cows 0,867501 0,001154
creature 0,116534 0,000155
crowded 0,301105 0,000400
crown 0,210721 0,000560
crucify 1,560648 0,002075
cruelty 0,462035 0,000614
cultivate 0,462035 0,000614
curate 1,714798 0,002280
cure 0,314711 0,000418
custom 0,210721 0,000280
customer 1,139434 0,001515
dainty 0,634878 0,000844
dam 1,203973 0,001601
danger 0,105361 0,000140
dangerous 0,150823 0,000201
day 0,000000 0,000000
deal 0,061875 0,000082
death 0,020203 0,000027
debt 0,494296 0,000657
deer 0,867501 0,001154
deference 0,967584 0,001287
degree 0,150823 0,000201
delicious 0,713350 0,000949
deliver 0,223144 0,000593
demand 0,051293 0,000068
deny 0,072571 0,000097
deplorable 1,386294 0,001843
deserve 0,314711 0,000418
deserving 0,891598 0,001186
design 0,287682 0,000383
desire 0,051293 0,000136
despairing 0,798508 0,001062
desponding 1,832581 0,002437
destroy 0,061875 0,000082
destruction 0,342490 0,000455
devour 0,462035 0,000614
die 0,010050 0,000027
digress 2,120264 0,002819
dine 0,562119 0,001495
disagreeable 0,733969 0,000976
discoursing 1,897120 0,002523
disease 0,328504 0,000437
diseased 1,237874 0,001646
dish 0,478036 0,001271
dislike 0,478036 0,000636
disobliging 2,813411 0,003741
disposed 0,385662 0,000513
distress 0,274437 0,000730
door 0,000000 0,000000
doubt 0,040822 0,000054
dress 0,162519 0,000216
dressed 0,261365 0,000348
dropt 2,120264 0,002819
dublin 2,207275 0,002935
earnestly 0,415515 0,000553
earth 0,051293 0,000068
ease 0,150823 0,000201
easy 0,000000 0,000000
eat 0,040822 0,000054
eating 0,235722 0,000313
effectual 1,203973 0,001601
eminent 0,967584 0,001287
emperor 0,916291 0,001218
employ 0,235722 0,000313
emulation 1,897120 0,002523
encourage 0,301105 0,000400
encrease 3,506558 0,004663
endeavour 0,713350 0,000949
enemy 0,105361 0,000140
enforce 0,941609 0,001252
england 0,385662 0,000513
entertainment 0,798508 0,001062
enumerate 1,108663 0,001474
episcopal 2,207275 0,002935
equally 0,223144 0,000297
esteem 0,478036 0,000636
evil 0,150823 0,000201
exact 0,274437 0,000365
exceed 0,462035 0,000614
excellent 0,150823 0,000201
exchange 0,210721 0,000280
executioner 1,427116 0,001898
exercise 0,235722 0,000313
expect 0,051293 0,000068
expedient 0,941609 0,002504
expensive 0,843970 0,001122
expensiveness 2,995732 0,003984
experience 0,072571 0,000097
exportation 2,407946 0,003202
extent 0,083382 0,000111
factions 1,832581 0,002437
fair 0,051293 0,000068
fall 0,000000 0,000000
family 0,061875 0,000165
famine 1,049822 0,001396
famous 0,261365 0,000348
farmer 0,653926 0,000870
farrow 3,218876 0,004280
fast 0,030459 0,000041
fat 0,314711 0,000837
father 0,061875 0,000082
fatten 1,386294 0,001843
fear 0,020203 0,000027
feast 0,430783 0,000573
feeding 0,616186 0,000819
female 0,385662 0,000513
females 1,309333 0,001741
fifthly 2,995732 0,003984
fight 0,083382 0,000111
figure 0,051293 0,000068
filth 1,139434 0,001515
fine 0,061875 0,000082
finery 1,966113 0,002615
fish 0,287682 0,000383
fit 0,030459 0,000041
flay 1,771957 0,002356
flesh 0,210721 0,000280
foal 2,120264 0,002819
fond 0,261365 0,000348
food 0,127833 0,000170
force 0,030459 0,000041
fore 0,755023 0,001004
foreign 0,301105 0,000400
fortunately 0,579818 0,000771
fortune 0,162519 0,000432
fourteen 0,616186 0,000819
fourth 0,174353 0,000232
fourthly 1,832581 0,002437
freely 0,105361 0,000140
french 0,342490 0,000455
frequent 0,287682 0,000765
frequently 0,287682 0,000383
friend 0,000000 0,000000
fruit 0,162519 0,000216
furniture 0,415515 0,000553
gain 0,040822 0,000054
gaming 2,207275 0,002935
gentleman 0,223144 0,000593
gibbet 2,120264 0,002819
girl 0,198451 0,000528
glad 0,072571 0,000097
glove 0,597837 0,000795
glut 2,040221 0,002713
goodness 0,328504 0,000437
grant 0,061875 0,000165
grave 0,116534 0,000155
greatly 0,210721 0,000280
grievance 1,108663 0,001474
grievous 0,967584 0,001287
groat 2,995732 0,003984
grossly 1,386294 0,001843
grow 0,010050 0,000027
growth 0,430783 0,000573
guest 0,235722 0,000313
handicraft 2,207275 0,002935
happen 0,030459 0,000041
happily 0,478036 0,000636
happiness 0,150823 0,000201
head 0,000000 0,000000
healthy 0,356675 0,000474
heart 0,010050 0,000013
hearty 0,616186 0,000819
heel 0,356675 0,000474
helpless 0,328504 0,000437
highly 0,261365 0,000348
hind 1,171183 0,001557
hire 0,733969 0,000976
hitherto 0,385662 0,000513
honest 0,235722 0,000313
honesty 0,733969 0,000976
hope 0,000000 0,000000
hopeful 0,916291 0,001218
horrid 0,713350 0,000949
hot 0,116534 0,000155
house 0,020203 0,000027
houses 0,139262 0,000185
humane 1,203973 0,001601
humble 0,261365 0,000348
humbly 0,867501 0,001154
idle 0,261365 0,000348
idleness 0,755023 0,001004
imperial 1,021651 0,001359
importune 1,714798 0,002280
impossibility 0,891598 0,001186
impossible 0,094311 0,000125
improbable 1,021651 0,001359
improvement 0,616186 0,000819
inclemency 2,525729 0,003359
include 0,072571 0,000097
incumbrance 2,207275 0,002935
incur 0,843970 0,001122
individual 0,139262 0,000185
inducement 1,237874 0,001646
industry 0,843970 0,001122
inevitable 0,544727 0,000724
infant 0,673345 0,000895
infants 1,171183 0,001557
inform 0,198451 0,000264
inhabitants 0,446287 0,000593
inhuman 1,108663 0,001474
innocent 0,186330 0,000248
instance 0,116534 0,000310
instrument 0,248461 0,000330
intend 0,094311 0,000125
intention 0,127833 0,000170
introduce 0,261365 0,000695
invite 0,261365 0,000348
ireland 1,514128 0,002013
island 0,400478 0,000533
jews 1,078810 0,001435
joint 0,446287 0,000593
jonathan 2,120264 0,002819
justify 0,562119 0,000747
justly 0,653926 0,000870
kick 0,314711 0,000418
kingdom 0,462035 0,000614
knife 0,287682 0,000383
knowing 2,525729 0,003359
knowledge 0,061875 0,000082
labour 0,562119 0,000747
labourer 1,309333 0,001741
lad 0,653926 0,000870
lady 0,162519 0,000216
land 0,051293 0,000068
landlord 0,941609 0,002504
laplanders 3,912023 0,005202
lastly 0,867501 0,001154
late 0,094311 0,000125
law 0,020203 0,000054
lawful 1,078810 0,001435
lean 0,127833 0,000170
learn 0,020203 0,000054
leave -0,009950 -0,000013
lend 0,430783 0,000573
lessen 0,713350 0,001897
lessening 1,660731 0,002208
liable 0,235722 0,000313
life -0,009950 -0,000026
list 0,301105 0,000400
livelihood 1,514128 0,002013
london 0,415515 0,000553
lord 0,223144 0,000297
loss 0,083382 0,000111
love 0,030459 0,000041
lover 0,356675 0,000474
luxury 0,462035 0,000614
magnificence 1,237874 0,001646
maiden 0,673345 0,000895
maim 1,272966 0,001693
maintain 0,094311 0,000251
majesty 0,510826 0,000679
male 0,562119 0,001495
mandarins 2,525729 0,003359
manner 0,040822 0,000054
manufacture 1,078810 0,001435
march 0,223144 0,000297
mare 1,203973 0,001601
market 0,510826 0,001359
marriage 0,314711 0,000418
married 0,248461 0,000330
material 0,261365 0,000348
matter 0,000000 0,000000
maturely 2,659260 0,003536
mayor 1,514128 0,002013
measure 0,127833 0,000170
meat 0,356675 0,000474
medium 0,223144 0,000297
meeting 0,162519 0,000216
melancholy 0,342490 0,000455
merchant 0,494296 0,000657
mercy 0,210721 0,000280
merry 0,634878 0,000844
method 0,094311 0,000251
milk 0,400478 0,000533
minister 0,562119 0,000747
miscarriage 2,407946 0,003202
miscarry 1,832581 0,002437
misery 0,248461 0,000330
misfortune 0,400478 0,000533
mistaken 0,261365 0,000348
modest 0,371064 0,000493
moment 0,010050 0,000013
money 0,051293 0,000068
month 0,040822 0,000109
mortal 0,314711 0,000418
mother 0,072571 0,000193
motive 0,356675 0,000474
mouth 0,061875 0,000082
murder 0,248461 0,000330
nation 0,579818 0,000771
nations 0,673345 0,000895
native 0,314711 0,000418
neat 0,653926 0,000870
nourish 0,916291 0,001218
nourishment 0,994252 0,001322
nurse 0,301105 0,000400
nursing 0,867501 0,001154
nutriment 2,207275 0,002935
nutritive 3,506558 0,004663
object 0,105361 0,000140
objection 0,400478 0,000533
oblige 0,210721 0,000280
observe 0,094311 0,000251
obvious 0,415515 0,000553
occupation 0,371064 0,000493
offer 0,020203 0,000081
omit 0,843970 0,001122
opinion 0,105361 0,000140
oppression 0,916291 0,001218
overrun 1,469676 0,001954
overture 1,347074 0,001791
pain 0,051293 0,000068
papists 3,506558 0,004663
parent 0,261365 0,000348
parish 0,916291 0,001218
parsimony 2,120264 0,002819
partly 0,301105 0,000400
party 0,030459 0,000041
passenger 0,653926 0,000870
patriot 1,560648 0,002075
pay 0,030459 0,000081
penalty 0,820981 0,001092
penny 0,634878 0,000844
pepper 1,171183 0,001557
perfection 0,446287 0,000593
perform 0,072571 0,000097
perpetual 0,478036 0,000636
person -0,009950 -0,000040
personal 0,223144 0,000297
physician 0,693147 0,000922
pick 0,223144 0,000297
piece 0,020203 0,000027
pig 0,544727 0,000724
pine 0,462035 0,000614
pity 0,139262 0,000185
playhouse 3,912023 0,005202
pleased 0,150823 0,000201
pleasure 0,051293 0,000068
plentiful 1,049822 0,001396
plentifully 1,660731 0,002208
plump 1,021651 0,001359
poison 0,371064 0,000493
politician 1,171183 0,001557
poor 0,020203 0,000054
popish 3,506558 0,004663
popular 0,430783 0,000573
pound 0,314711 0,000837
power 0,030459 0,000041
practice 0,116534 0,000155
pregnancy 2,120264 0,002819
prescribe 0,776529 0,001033
preserver 1,897120 0,002523
pretender 2,207275 0,002935
prevent 0,040822 0,000109
price 0,314711 0,000418
pride 0,150823 0,000201
prime 0,653926 0,000870
principal 0,287682 0,000383
probationer 3,506558 0,004663
procure 0,415515 0,000553
prodigious 1,021651 0,001359
produce 0,061875 0,000082
profess 0,616186 0,001639
profession 0,446287 0,000593
proficiency 1,660731 0,002208
profit 0,083382 0,000111
project -0,009950 -0,000013
projector 2,525729 0,003359
promote 0,274437 0,000365
propagation 2,040221 0,002713
proper 0,061875 0,000082
properly 0,385662 0,000513
proposal 0,733969 0,000976
propose 0,186330 0,000496
prospect 0,430783 0,000573
protest 0,342490 0,000455
protestant 1,514128 0,002013
provide 0,127833 0,000340
prudence 0,713350 0,000949
prudent 0,616186 0,000819
purpose 0,040822 0,000054
quality 0,186330 0,000248
quarter 0,105361 0,000140
question 0,020203 0,000027
quick 0,127833 0,000170
quit 0,462035 0,000614
rag 0,693147 0,000922
raiment 1,660731 0,002208
raise 0,020203 0,000027
reader 0,301105 0,000400
ready 0,030459 0,000041
real 0,040822 0,000054
rear 0,371064 0,000493
reason 0,010050 0,000013
reasonable 0,116534 0,000155
receipt 0,261365 0,000348
reckon 0,385662 0,001026
reckoning 0,843970 0,001122
recommend 0,400478 0,000533
refinement 1,049822 0,001396
regard 0,083382 0,000111
reject 0,478036 0,001271
relation 0,223144 0,000297
relieve 0,198451 0,000264
remain 0,040822 0,000109
remedy 0,150823 0,000201
render 0,186330 0,000248
renowned 1,171183 0,001557
rent 0,510826 0,000679
repeat 0,051293 0,000068
repine 1,560648 0,002075
require 0,051293 0,000068
resolution 0,385662 0,000513
rest 0,010050 0,000013
return 0,010050 0,000013
reward 0,174353 0,000232
rich 0,116534 0,000155
rid 0,223144 0,000297
road 0,116534 0,000155
roast 0,798508 0,001062
roasted 1,272966 0,001693
roman 0,713350 0,000949
rot 0,798508 0,001062
rudiment 1,560648 0,002075
sacrifice 0,210721 0,000280
sale 0,776529 0,001033
saleable 3,912023 0,005202
salt 0,105361 0,000140
savage 0,248461 0,000661
scene 0,127833 0,000170
scheme 0,462035 0,001229
schoolboy 1,272966 0,001693
scrap 0,820981 0,001092
scrupulous 1,139434 0,001515
season 0,235722 0,000313
seasoned 1,609438 0,002140
seize 0,116534 0,000155
seldom 0,301105 0,000400
sell 0,210721 0,000560
sentiment 0,356675 0,000474
serve 0,051293 0,000068
service 0,072571 0,000097
set 0,010050 0,000013
settlement 0,994252 0,001322
sex 0,462035 0,001229
shambles 2,813411 0,003741
shame 0,223144 0,000297
sheep 0,371064 0,000493
shilling 0,967584 0,001287
shopkeeper 1,660731 0,002208
sincerity 0,653926 0,000870
single 0,083382 0,000111
situation 0,198451 0,000264
sixthly 3,218876 0,004280
skilful 0,967584 0,001287
skill 0,287682 0,000383
skin 0,174353 0,000232
solar 1,660731 0,002208
solid 0,274437 0,000365
sort 0,072571 0,000097
soul 0,083382 0,000111
sound 0,010050 0,000013
sow 0,579818 0,000771
spain 0,994252 0,001322
spirit 0,051293 0,000068
squire 1,272966 0,001693
stand -0,009950 -0,000013
start -0,009950 -0,000013
starve 0,562119 0,000747
statue 0,634878 0,000844
stay 0,061875 0,000082
steal 0,105361 0,000140
sterling 1,560648 0,002075
stew 1,427116 0,001898
stir 0,210721 0,000280
stock 0,235722 0,000313
street 0,116534 0,000155
strength 0,030459 0,000041
strong 0,020203 0,000027
studious 1,386294 0,001843
subject 0,061875 0,000082
submission 0,776529 0,001033
subsistence 1,609438 0,002140
subtract 2,407946 0,003202
success 0,162519 0,000216
suck 0,597837 0,000795
sufficient 0,139262 0,000185
summer 0,186330 0,000248
supply 0,210721 0,000280
support 0,094311 0,000251
suppose 0,020203 0,000027
sustenance 1,469676 0,001954
swift 0,385662 0,000513
swine 1,347074 0,001791
table 0,083382 0,000222
talk 0,061875 0,000082
taste 0,105361 0,000140
tavern 1,021651 0,001359
tax 0,248461 0,000330
teach 0,083382 0,000111
tear 0,030459 0,000041
temperance 1,560648 0,002075
tenant 1,108663 0,001474
tender 0,301105 0,000400
tenderness 0,616186 0,000819
thief 0,462035 0,000614
thirdly 1,347074 0,001791
thrifty 1,897120 0,002523
time -0,009950 -0,000026
tithe 1,832581 0,002437
title 0,116534 0,000155
tolerably 0,994252 0,001322
tough 0,891598 0,001186
towardly 3,218876 0,004280
town 0,094311 0,000125
trade 0,287682 0,000383
travel 0,198451 0,000264
trouble 0,010050 0,000013
true 0,020203 0,000027
understand 0,020203 0,000027
unite 0,867501 0,001154
unjustly 1,108663 0,001474
unknown 0,105361 0,000140
urge 0,274437 0,000365
useless 0,235722 0,000313
usual 0,139262 0,000185
utterly 0,371064 0,000493
vain 0,116534 0,000155
valuable 0,342490 0,000455
vanity 0,400478 0,000533
vast 0,223144 0,000297
vein 0,446287 0,000593
venison 1,771957 0,002356
vermin 1,660731 0,002208
vintner 2,813411 0,003741
violently 0,462035 0,000614
virtue 0,287682 0,000383
visionary 1,427116 0,001898
voluntary 0,843970 0,001122
walk 0,000000 0,000000
wearied 0,820981 0,001092
weather 0,248461 0,000330
wedding 0,733969 0,000976
weigh 0,162519 0,000432
whereof 1,237874 0,001646
wholesome 0,867501 0,001154
wholly 0,400478 0,000533
wife 0,083382 0,000222
winter 0,198451 0,000264
wise 0,094311 0,000125
woman 0,030459 0,000041
worthy 0,186330 0,000248
yearling 2,995732 0,003984
yearly 1,203973 0,001601
yield 0,174353 0,000232
