abide 0,248461 0,000057
abolish 1,272966 0,000294
abortion 2,120264 0,000490
absence 0,274437 0,000063
absent 0,371064 0,000086
absolute 0,400478 0,000093
absolutely 0,287682 0,000066
absoluteness 3,506558 0,000810
absolve 1,514128 0,000350
absorb 0,446287 0,000103
abstract 0,733969 0,000339
abstraction 1,427116 0,000659
absurd 0,430783 0,000100
absurdity 1,049822 0,000485
absurdum 3,218876 0,000744
abundant 0,867501 0,000200
abuse 0,562119 0,000130
abused 0,843970 0,000195
accept 0,061875 0,000057
acceptance 0,967584 0,000224
access 0,314711 0,000145
accessible 0,446287 0,000103
accident 0,274437 0,000127
accidental 0,755023 0,000174
accidentally 0,820981 0,000190
accommodation 1,203973 0,000278
accompany 0,094311 0,000065
accomplish 0,634878 0,000147
accomplished 0,385662 0,000089
accord 0,527633 0,000244
accost 1,049822 0,000243
account 0,010050 0,000002
accurate 0,941609 0,000218
accurately 1,049822 0,000243
accuse 0,385662 0,000089
accustomed 0,287682 0,000066
ace 2,040221 0,000471
achievement 1,171183 0,000271
acknowledge 0,274437 0,000254
acquaint 0,342490 0,000079
acquaintance 0,248461 0,000057
acquiesce 1,021651 0,000236
acquire 0,371064 0,000257
acre 0,776529 0,000359
action 0,094311 0,000044
active 0,127833 0,000030
activity 0,415515 0,000096
actual 0,174353 0,000040
acuteness 1,427116 0,000330
adapt 0,653926 0,000302
adaptation 2,302585 0,000532
add 0,094311 0,000065
addition 0,116534 0,000054
additional 0,198451 0,000046
address 0,072571 0,000034
adequate 1,309333 0,000303
adequately 2,120264 0,000490
adhere 0,916291 0,000212
adjust 0,891598 0,000206
admiration 0,342490 0,000079
admission 0,693147 0,000320
admit 0,116534 0,000108
admixture 2,525729 0,000584
adopt 0,673345 0,000156
advance 0,061875 0,000043
advantage 0,127833 0,000059
adversary 0,867501 0,000401
advise 0,301105 0,000139
advocate 0,867501 0,000200
affect 0,478036 0,000110
affection 0,235722 0,000109
affidavit 2,813411 0,000650
affinity 1,427116 0,000330
affirm 0,843970 0,000780
afford 0,186330 0,000172
aforesaid 1,469676 0,000340
afraid 0,105361 0,000024
afresh 1,021651 0,000236
age 0,040822 0,000019
aged 0,198451 0,000046
agency 1,021651 0,000236
agent 0,223144 0,000103
aggregate 2,040221 0,000471
agora 2,995732 0,000692
agree 0,051293 0,000047
agreement 0,210721 0,000049
aid 0,210721 0,000049
aim 0,287682 0,000133
air 0,061875 0,000014
ak 1,347074 0,000311
akin 1,203973 0,000278
alas 0,462035 0,000107
algebraical 3,912023 0,000904
alien 1,272966 0,000294
alike 0,287682 0,000066
alive 0,051293 0,000012
allay 1,272966 0,000294
alliance 1,108663 0,000256
allude 0,891598 0,000206
allusion 0,755023 0,000174
ally 0,713350 0,000165
almighty 1,108663 0,000256
aloof 1,309333 0,000303
aloud 0,301105 0,000070
alphabet 1,609438 0,000372
alter 0,235722 0,000054
alteration 0,261365 0,000060
alternate 0,261365 0,000060
alternately 1,021651 0,000236
alternative 0,994252 0,000459
altogether 0,198451 0,000046
amass 1,560648 0,000361
amaze 1,660731 0,000384
amazed 0,634878 0,000147
ambiguity 1,897120 0,000438
ambiguous 1,771957 0,000409
ambitious 0,891598 0,000206
ambush 1,309333 0,000303
amend 0,820981 0,000190
amiable 0,755023 0,000174
amiss 0,798508 0,000184
amphitryon 2,813411 0,000650
amuse 0,371064 0,000086
amusing 0,693147 0,000160
analogous 2,120264 0,000490
analogy 1,660731 0,000767
analyse 1,609438 0,000372
analysis 1,347074 0,000311
analyze 1,771957 0,001638
ancestor 0,462035 0,000214
ancient 0,198451 0,000046
ancients 1,347074 0,000311
anew 0,867501 0,000200
angels 0,776529 0,000179
angle 0,478036 0,000110
angry 0,174353 0,000040
anim 3,218876 0,000744
animal 0,223144 0,000103
animalize 3,506558 0,000810
anoint 1,309333 0,000303
answer 0,020203 0,000014
answering 0,510826 0,000118
antaeus 2,813411 0,000650
antagonism 1,966113 0,000454
antagonist 1,139434 0,000263
antagonistic 1,966113 0,000454
antecedent 1,660731 0,000767
anticipation 0,733969 0,000170
antiquity 0,941609 0,000218
antithesis 2,120264 0,000490
anxiety 0,287682 0,000066
anxious 0,261365 0,000060
apace 1,771957 0,000409
aperture 1,560648 0,000361
apologize 1,309333 0,000303
apology 0,527633 0,000122
apostle 1,386294 0,000320
apparatus 1,347074 0,000311
apparent 0,314711 0,000073
appeal 0,261365 0,000121
appeals 0,916291 0,000212
appearance 0,072571 0,000034
append 2,040221 0,000471
appendix 1,660731 0,000384
appetite 0,314711 0,000073
applicable 0,400478 0,000093
application 0,653926 0,000151
apply 0,116534 0,000081
apprehend 0,798508 0,000738
apprehension 0,494296 0,000114
approach 0,040822 0,000038
appropriately 2,040221 0,000471
approve 0,342490 0,000158
approximation 2,302585 0,000532
apt 0,579818 0,000134
arbitrary 1,309333 0,000303
arche 3,506558 0,000810
archer 1,560648 0,000361
archive 0,544727 0,000126
archon 3,218876 0,000744
argue 0,371064 0,000343
argument 0,287682 0,000133
aright 1,078810 0,000249
aristides 3,218876 0,000744
aristotelian 2,995732 0,000692
aristotle 1,560648 0,000361
arithmetic 1,203973 0,000278
arithmetical 2,302585 0,000532
arithmetician 3,218876 0,000744
arm 0,030459 0,000014
armed 0,385662 0,000089
army 0,356675 0,000082
arouse 0,653926 0,000151
arrange 0,198451 0,000138
arrangement 0,274437 0,000127
array 0,248461 0,000057
arrive 0,083382 0,000058
art 0,127833 0,000059
artemis 2,813411 0,000650
articulate 1,237874 0,000286
ascend 0,430783 0,000100
ascertain 0,597837 0,000276
ascii 0,562119 0,000130
ascribe 1,272966 0,000588
ashamed 0,248461 0,000057
asleep 0,162519 0,000038
aspect 0,446287 0,000206
aspiration 1,049822 0,000243
aspire 0,967584 0,000447
assault 0,798508 0,000184
assembly 0,798508 0,000184
assent 0,579818 0,000268
assert 0,462035 0,000320
assertion 0,891598 0,000206
assign 0,597837 0,000414
assignable 3,506558 0,000810
assimilation 2,659260 0,000614
assist 0,328504 0,000228
assistance 0,105361 0,000024
association 0,713350 0,000330
assume 0,162519 0,000150
assurance 0,430783 0,000100
assure 0,127833 0,000059
assuredly 0,967584 0,000224
astonishing 0,653926 0,000151
astronomer 1,714798 0,000396
astronomy 1,832581 0,000423
athenian 2,120264 0,000490
athenians 2,040221 0,000471
athens 1,386294 0,000320
atom 1,272966 0,000294
atomists 3,912023 0,000904
attach 0,116534 0,000108
attack 0,198451 0,000092
attain 0,328504 0,000304
attainment 1,427116 0,000330
attempt 0,051293 0,000047
attend 0,127833 0,000118
attention 0,083382 0,000019
attraction 0,653926 0,000302
attractiveness 2,302585 0,000532
attribute 0,527633 0,000366
aught 0,891598 0,000206
authenticity 2,207275 0,000510
author 0,116534 0,000054
authority 0,223144 0,000052
authorship 2,302585 0,000532
auto 2,525729 0,000584
aver 1,660731 0,000384
aviary 2,995732 0,001384
avoid 0,105361 0,000024
avowed 1,386294 0,000320
awake 0,150823 0,000035
awaken 0,430783 0,000100
awakening 1,108663 0,000256
aware 0,223144 0,000052
awful 0,328504 0,000076
awkward 0,544727 0,000126
awkwardness 1,386294 0,000320
awry 1,660731 0,000384
axiom 1,771957 0,000819
axle 1,832581 0,000423
aye 1,347074 0,000311
baboon 2,659260 0,001229
bad 0,020203 0,000009
badly 0,446287 0,000103
baffle 0,994252 0,000230
bag 0,446287 0,000103
ball 0,287682 0,000066
ballast 1,832581 0,000423
band 0,342490 0,000079
banish 0,562119 0,000130
banquet 1,108663 0,000256
barbarian 1,386294 0,000641
bare 0,150823 0,000035
barren 0,713350 0,000165
base 0,094311 0,000065
baseless 2,813411 0,000650
basis 0,673345 0,000311
battle 0,235722 0,000054
bear 0,000000 0,000000
beard 0,527633 0,000122
bearded 1,108663 0,000256
bearing 1,427116 0,000330
beast 0,235722 0,000054
beat 0,083382 0,000019
beautiful 0,083382 0,000019
beauty 0,162519 0,000038
bed 0,051293 0,000012
beg 0,116534 0,000054
beget 1,171183 0,000541
beggarly 1,832581 0,000423
behalf 0,713350 0,000165
behave 0,462035 0,000107
behaviour 0,941609 0,000218
belief 0,198451 0,000046
belong 0,072571 0,000067
benighted 2,813411 0,000650
benjamin 1,714798 0,000396
berkeley 2,302585 0,000532
beset 0,941609 0,000218
betray 0,301105 0,000139
bid 0,186330 0,000172
bien 1,966113 0,000454
binary 0,562119 0,000130
bind 0,030459 0,000014
bird 0,150823 0,000070
birth 0,301105 0,000070
bite 0,371064 0,000171
bitter 0,210721 0,000049
bitterness 0,634878 0,000147
black 0,061875 0,000014
blame 0,162519 0,000075
blended 1,203973 0,000278
blessed 0,356675 0,000082
blind 0,174353 0,000040
blindness 0,994252 0,000230
block 0,494296 0,000228
blow 0,061875 0,000014
bluff 1,514128 0,000350
boast 0,328504 0,000076
bodily 0,673345 0,000156
body 0,010050 0,000005
bold 0,223144 0,000052
bone 0,198451 0,000046
book 0,040822 0,000019
bosom 0,446287 0,000103
boundless 0,891598 0,000206
box 0,248461 0,000057
boy 0,105361 0,000049
brain 0,314711 0,000073
brainless 2,407946 0,000556
branch 0,186330 0,000086
brat 1,897120 0,000438
brave 0,342490 0,000079
bravely 1,078810 0,000249
breach 0,274437 0,000063
break 0,010050 0,000007
breath 0,174353 0,000040
breathless 0,673345 0,000156
breeding 0,967584 0,000224
brethren 0,916291 0,000212
brick 0,653926 0,000151
bright 0,094311 0,000022
bring 0,000000 0,000000
brood 0,597837 0,000138
brotherhood 1,660731 0,000384
brothers 0,356675 0,000082
brute 0,462035 0,000107
build 0,094311 0,000022
building 0,210721 0,000049
bulk 0,820981 0,000190
burden 0,198451 0,000092
burly 1,609438 0,000372
bursting 0,713350 0,000165
bury 0,186330 0,000043
business 0,040822 0,000009
busy 0,210721 0,000049
cage 0,941609 0,000435
calculate 0,116534 0,000054
calculation 0,713350 0,000165
calculator 2,995732 0,000692
calm 0,274437 0,000063
calmly 0,510826 0,000118
camp 0,544727 0,000126
capable 0,261365 0,000060
capacity 0,510826 0,000118
capital 0,314711 0,000073
capricious 1,386294 0,000320
captandum 3,912023 0,000904
captious 2,207275 0,000510
capture 0,597837 0,000276
card 0,139262 0,000032
care 0,000000 0,000000
careful 0,174353 0,000040
carpentering 2,995732 0,000692
carry 0,010050 0,000009
cast 0,116534 0,000027
castigation 2,525729 0,000584
casual 1,078810 0,000249
catalogue 1,272966 0,000294
catch 0,072571 0,000067
category 1,832581 0,000847
cattle 0,544727 0,000126
cease 0,061875 0,000043
celerity 1,897120 0,000438
censure 1,078810 0,000249
centre 0,385662 0,000178
century 0,328504 0,000152
certainty 0,342490 0,000079
chain 0,174353 0,000081
challenge 0,755023 0,000349
champion 0,916291 0,000212
chance 0,061875 0,000014
change 0,010050 0,000007
channel 0,544727 0,000126
chaos 1,078810 0,000249
character 0,061875 0,000029
characterise 2,659260 0,000614
characteristic 0,400478 0,000185
charge 0,040822 0,000028
charging 1,347074 0,000311
charitable 0,287682 0,000066
charity 0,186330 0,000043
charm 0,342490 0,000079
charming 0,527633 0,000122
chase 0,430783 0,000100
check 0,072571 0,000034
cheer 0,356675 0,000082
chemical 1,469676 0,000340
chemistry 1,714798 0,000396
chief 0,094311 0,000022
chiefly 0,527633 0,000122
child 0,040822 0,000019
childbirth 2,995732 0,000692
childhood 0,527633 0,000122
childishly 2,525729 0,000584
china 0,776529 0,000179
choice 0,150823 0,000035
choose 0,020203 0,000005
christ 0,867501 0,000200
christian 0,385662 0,000089
chronology 2,525729 0,000584
cicero 1,609438 0,000372
circle 0,150823 0,000070
circuit 0,867501 0,000200
circumlocution 2,525729 0,000584
circumstance 0,116534 0,000054
cite 1,469676 0,001358
citizen 0,673345 0,000156
city 0,051293 0,000024
civilised 1,660731 0,000384
civility 1,309333 0,000303
claim 0,083382 0,000058
class 0,248461 0,000115
classification 1,832581 0,000423
clay 0,494296 0,000114
clearing 1,386294 0,000320
clearness 1,049822 0,000243
cleft 1,237874 0,000286
clement 2,040221 0,000471
clepsydra 3,912023 0,000904
clever 0,371064 0,000086
cleverness 1,609438 0,000372
cling 0,415515 0,000096
cloak 0,527633 0,000122
close 0,010050 0,000007
closely 0,223144 0,000052
closet 0,916291 0,000212
closing 0,446287 0,000103
clothe 0,287682 0,000066
clothes 0,127833 0,000030
club 0,544727 0,000126
coarse 0,478036 0,000110
coax 1,203973 0,000278
cobbler 2,302585 0,000532
cobbling 2,995732 0,000692
cock 0,713350 0,000165
code 0,287682 0,000066
coeval 2,813411 0,000650
coexist 3,218876 0,000744
coexistent 3,218876 0,000744
coherence 2,995732 0,000692
coincide 1,237874 0,000858
coincident 2,525729 0,000584
cold 0,040822 0,000009
collect 0,248461 0,000057
collection 0,162519 0,000038
collective 1,966113 0,000454
colour 0,510826 0,000236
coloured 0,693147 0,000160
combatant 1,660731 0,000384
combination 0,634878 0,000293
combine 0,843970 0,000585
combined 0,713350 0,000165
comedy 0,916291 0,000212
command 0,116534 0,000054
commander 0,867501 0,000200
commencement 1,108663 0,000256
commend 0,798508 0,000369
commensurable 3,506558 0,000810
commercial 0,274437 0,000063
commission 0,579818 0,000134
commit 0,116534 0,000027
common 0,072571 0,000017
commonly 0,755023 0,000174
commonplace 1,108663 0,000256
communicate 0,446287 0,000206
communication 0,510826 0,000118
communion 1,427116 0,000330
community 0,579818 0,000134
companion 0,150823 0,000070
companionship 0,967584 0,000224
company 0,020203 0,000005
compare 0,162519 0,000150
comparison 0,446287 0,000103
compel 0,385662 0,000267
competitor 1,660731 0,000384
compilation 0,478036 0,000110
complacence 3,218876 0,000744
complain 0,198451 0,000092
complaint 0,478036 0,000110
complete 0,105361 0,000049
completeness 1,966113 0,000454
completion 1,386294 0,000320
complex 1,139434 0,000263
complexity 2,302585 0,000532
compliance 0,342490 0,000079
complicated 0,798508 0,000184
comply 0,287682 0,000133
compose 0,287682 0,000066
composer 1,966113 0,000454
composition 0,798508 0,000184
compound 1,021651 0,000708
comprehend 0,478036 0,000221
comprehensive 1,237874 0,000286
comprehensiveness 2,995732 0,000692
compressed 0,342490 0,000079
comrade 0,693147 0,000160
conceal 0,198451 0,000092
concede 1,272966 0,000294
conceit 0,994252 0,000230
conceivable 1,386294 0,000320
conceive 0,223144 0,000155
concept 0,527633 0,000122
conception 0,562119 0,000260
concern 0,342490 0,000079
concerned 0,287682 0,000066
conclude 0,235722 0,000054
conclusion 0,210721 0,000049
concomitant 2,995732 0,000692
concrete 1,897120 0,000438
condescend 1,139434 0,000263
condescending 1,771957 0,000409
condition 0,051293 0,000024
conduce 1,469676 0,000340
conduct 0,094311 0,000044
confess 0,127833 0,000030
confident 0,510826 0,000118
confidently 1,049822 0,000243
confine 0,223144 0,000052
confirm 0,139262 0,000064
confirmation 0,356675 0,000082
conflict 0,597837 0,000138
conform 1,203973 0,000278
confound 0,430783 0,000199
confuse 1,714798 0,000792
confused 0,248461 0,000057
confusing 1,966113 0,000454
confusion 0,287682 0,000066
congenial 1,309333 0,000303
congratulate 0,798508 0,000184
conjecture 0,544727 0,000252
connatural 3,506558 0,000810
connected 0,415515 0,000096
connection 0,446287 0,000103
connexion 2,207275 0,000510
conscience 0,301105 0,000070
conscious 0,314711 0,000073
consciousness 0,371064 0,000086
consent 0,223144 0,000103
consequence 0,186330 0,000086
consequential 0,478036 0,000110
considerable 0,105361 0,000024
consideration 0,223144 0,000103
consist 0,314711 0,000218
consistency 1,427116 0,000330
consistent 0,798508 0,000184
consistently 1,832581 0,000423
consonant 2,120264 0,000490
consort 1,309333 0,000303
constant 0,051293 0,000012
constitute 0,597837 0,000138
constitution 0,776529 0,000179
construct 0,713350 0,000330
construction 0,733969 0,000170
contact 0,210721 0,000049
contemplate 0,544727 0,000378
contemplation 0,527633 0,000122
contemporary 0,967584 0,000224
contempt 0,446287 0,000103
contemptuously 1,237874 0,000286
contend 0,597837 0,000276
content 0,174353 0,000040
contented 0,400478 0,000093
contents 0,094311 0,000022
contingent 1,660731 0,000384
continually 0,446287 0,000103
continue 0,186330 0,000129
continued 0,072571 0,000017
continuity 2,040221 0,000471
continuous 0,867501 0,000200
continuously 1,469676 0,000340
contract 0,139262 0,000032
contradict 0,798508 0,000369
contradiction 0,713350 0,000330
contradictory 1,272966 0,000294
contrary 0,198451 0,000046
contrast 0,385662 0,000178
contribute 0,510826 0,000118
contribution 0,371064 0,000086
control 0,223144 0,000052
controversial 2,995732 0,000692
controversy 1,386294 0,000641
convenience 0,673345 0,000156
convenient 0,462035 0,000107
conventional 1,347074 0,000311
conversant 1,609438 0,000372
conversation 0,186330 0,000043
converse 0,494296 0,000228
convert 0,186330 0,000086
convey 0,287682 0,000066
convict 0,941609 0,000218
conviction 0,430783 0,000100
convince 0,198451 0,000092
cook 0,223144 0,000052
copying 0,494296 0,000114
copyright 0,415515 0,000096
cord 0,693147 0,000160
corinth 2,407946 0,000556
corinthian 2,040221 0,000471
corner 0,072571 0,000017
corporation 0,400478 0,000093
correct 0,235722 0,000163
corrections 1,897120 0,000438
correctly 0,843970 0,000195
correctness 1,832581 0,000423
correspond 0,843970 0,000390
corrupt 0,235722 0,000054
cosmogony 2,995732 0,000692
cost 0,105361 0,000049
council 0,653926 0,000151
counsellor 0,994252 0,000230
count 0,116534 0,000027
counterfeit 1,203973 0,000278
country 0,010050 0,000005
courage 0,150823 0,000035
courageous 1,171183 0,000271
court 0,094311 0,000044
covered 0,139262 0,000032
cow 0,653926 0,000151
coward 0,776529 0,000179
cowherd 2,995732 0,000692
cows 0,867501 0,000200
craftsman 2,525729 0,000584
create 0,094311 0,000065
creation 0,198451 0,000092
creature 0,116534 0,000054
credit 0,094311 0,000022
crime 0,261365 0,000060
criterion 2,207275 0,001020
critical 0,235722 0,000054
criticism 0,820981 0,000379
criticize 2,120264 0,000490
crooked 0,755023 0,000174
crow 0,867501 0,000401
crowded 0,301105 0,000070
crown 0,210721 0,000049
crowning 1,272966 0,000294
cube 2,207275 0,000510
cultivate 0,462035 0,000107
cunning 0,462035 0,000107
cure 0,314711 0,000145
current 0,116534 0,000027
cursory 2,302585 0,000532
curtain 0,328504 0,000076
custom 0,210721 0,000049
customary 0,653926 0,000151
cut 0,030459 0,000014
cycle 1,966113 0,000454
cynic 1,897120 0,000877
damage 0,223144 0,000103
damages 0,400478 0,000093
danger 0,105361 0,000049
dangerous 0,150823 0,000035
dark 0,051293 0,000012
darkness 0,186330 0,000043
darling 0,916291 0,000212
dart 0,562119 0,000260
darts 1,386294 0,000320
datum 0,494296 0,000114
david 0,597837 0,000138
dawn 0,314711 0,000073
day 0,000000 0,000000
daylight 0,446287 0,000103
dead 0,072571 0,000017
deaf 0,634878 0,000147
deal 0,061875 0,000029
death 0,020203 0,000005
decay 0,544727 0,000126
deceive 0,261365 0,000060
deceiver 2,040221 0,000471
deception 0,916291 0,000212
decide 0,040822 0,000019
decision 0,544727 0,000126
declaim 1,609438 0,000372
declaration 0,967584 0,000224
declare 0,139262 0,000129
decline 0,356675 0,000082
decoy 1,771957 0,000409
decree 0,673345 0,000156
deductible 0,562119 0,000130
deed 0,287682 0,000133
deem 0,562119 0,000390
deep 0,020203 0,000014
deepen 0,867501 0,000200
deeply 0,261365 0,000060
defeat 0,634878 0,000147
defect 0,261365 0,000121
defective 0,356675 0,000082
defence 0,527633 0,000122
defend 0,301105 0,000139
deficiency 1,203973 0,000278
define 0,673345 0,000311
definite 0,755023 0,000174
definiteness 2,813411 0,000650
definition 1,203973 0,000556
degenerate 1,078810 0,000748
degrade 0,994252 0,000230
degree 0,150823 0,000070
deletion 0,562119 0,000130
delicate 0,301105 0,000070
delight 0,150823 0,000070
delighted 0,287682 0,000066
deliver 0,223144 0,000155
delivery 0,994252 0,000230
demand 0,051293 0,000012
demonstration 0,994252 0,000230
deny 0,072571 0,000067
depart 0,162519 0,000075
department 0,916291 0,000212
departure 0,430783 0,000100
depend 0,040822 0,000019
dependent 0,820981 0,000190
depict 1,237874 0,000286
deposit 0,776529 0,000179
depression 0,967584 0,000224
deprive 0,415515 0,000384
depth 0,494296 0,000114
deride 1,386294 0,000320
derivative 0,510826 0,000118
derive 0,210721 0,000146
descend 0,174353 0,000040
descent 0,634878 0,000147
description 0,248461 0,000115
desert 0,314711 0,000073
deserve 0,314711 0,000145
design 0,287682 0,000066
designedly 2,207275 0,000510
desirable 0,733969 0,000170
desire 0,051293 0,000024
desirous 0,634878 0,000147
desist 1,660731 0,000384
despair 0,174353 0,000040
despise 0,342490 0,000237
despondency 1,560648 0,000361
destiny 0,597837 0,000138
destroy 0,061875 0,000043
destruction 0,342490 0,000079
destructive 1,049822 0,000243
detach 0,287682 0,000133
detailed 1,469676 0,000340
detain 0,544727 0,000378
detector 3,506558 0,000810
determination 0,616186 0,000285
determine 0,061875 0,000057
developed 0,544727 0,000126
developement 3,218876 0,000744
development 0,693147 0,000160
deviate 1,660731 0,000384
device 0,597837 0,000138
devise 0,733969 0,000170
devoid 1,309333 0,000303
devoted 0,301105 0,000070
diagram 2,120264 0,000490
dialectic 2,659260 0,000614
dialectical 3,218876 0,000744
dialectician 2,995732 0,000692
dialogue 1,049822 0,000485
dicast 3,506558 0,000810
dicastery 3,912023 0,000904
dice 1,469676 0,000340
die 0,010050 0,000005
difference 0,174353 0,000081
difficult 0,116534 0,000027
difficulty 0,116534 0,000054
digestion 1,771957 0,000409
dignified 0,755023 0,000174
digress 2,120264 0,000980
digression 1,347074 0,000622
dilemma 1,560648 0,000361
dim 0,356675 0,000082
diminution 1,832581 0,000423
dimly 0,867501 0,000200
dinner 0,186330 0,000043
dire 1,171183 0,000271
direct 0,040822 0,000019
direction 0,051293 0,000012
director 0,733969 0,000170
disagree 1,469676 0,000679
disappear 0,223144 0,000103
disappointed 0,415515 0,000096
disaster 0,820981 0,000190
discard 1,108663 0,000768
discern 0,634878 0,000293
discerning 1,469676 0,000340
discernment 1,469676 0,000340
disciple 1,021651 0,000472
disclaim 0,462035 0,000214
disclaimer 0,562119 0,000260
discomfited 1,966113 0,000454
disconnected 1,771957 0,000409
discontent 0,616186 0,000142
discontinue 0,510826 0,000118
discontinuity 3,912023 0,000904
discourage 0,693147 0,000160
discourse 0,579818 0,000134
discoursing 1,897120 0,000438
discover 0,030459 0,000021
discoverer 1,714798 0,000396
discovery 0,287682 0,000133
discriminate 1,660731 0,000384
discuss 0,400478 0,000093
discussion 0,597837 0,000276
disdain 0,673345 0,000311
disease 0,328504 0,000152
disengage 0,843970 0,000390
disgrace 0,462035 0,000107
disgraceful 1,049822 0,000243
disguise 0,494296 0,000228
disgust 0,430783 0,000100
disheartened 1,897120 0,000438
dishonesty 2,120264 0,000490
disinclined 1,771957 0,000409
disjointed 1,832581 0,000423
disk 0,415515 0,000096
dislike 0,478036 0,000110
dismay 0,597837 0,000138
disobey 1,108663 0,000256
disorder 0,544727 0,000126
disordered 1,203973 0,000278
disorderly 1,469676 0,000340
display 0,162519 0,000113
disposed 0,385662 0,000089
disprove 1,714798 0,000792
disputant 2,407946 0,000556
disputation 2,995732 0,000692
dispute 0,446287 0,000309
disputer 2,995732 0,001384
dissatisfied 1,021651 0,000236
dissemble 1,609438 0,000372
distance 0,105361 0,000024
distant 0,162519 0,000038
distinct 0,301105 0,000070
distinction 0,356675 0,000165
distinctly 0,478036 0,000110
distinctness 1,469676 0,000340
distinguish 0,314711 0,000145
distinguishable 1,771957 0,000409
distinguished 0,301105 0,000070
distinguishing 1,078810 0,000249
distort 0,916291 0,000212
distressed 0,673345 0,000156
distribute 0,210721 0,000146
distribution 0,430783 0,000100
distributor 0,544727 0,000126
disturb 0,198451 0,000092
diverge 1,897120 0,000438
diverse 1,514128 0,000350
diversion 0,916291 0,000212
diversity 1,560648 0,000361
divert 0,634878 0,000147
divest 1,469676 0,000340
divide 0,150823 0,000070
divine 0,356675 0,000165
division 0,527633 0,000244
divorce 1,237874 0,000286
dizzy 1,386294 0,000320
doctrine 0,616186 0,000285
doer 1,832581 0,000847
dog 0,186330 0,000043
domain 0,328504 0,000076
dominion 0,941609 0,000218
donate 0,544727 0,000126
donation 0,446287 0,000206
donkey 1,609438 0,000372
donor 0,478036 0,000110
door 0,000000 0,000000
double 0,139262 0,000032
doubt 0,040822 0,000028
doubtless 0,430783 0,000100
dove 0,916291 0,000423
download 0,562119 0,000130
downright 1,272966 0,000294
doxa 3,912023 0,000904
drag 0,248461 0,000172
dramatic 1,078810 0,000249
draught 0,527633 0,000122
draw 0,020203 0,000019
dream 0,083382 0,000058
dreamer 1,771957 0,000409
drift 0,462035 0,000214
drink 0,072571 0,000017
drive 0,030459 0,000021
drop 0,061875 0,000014
drown 0,314711 0,000073
drug 0,967584 0,000224
dry 0,116534 0,000054
dryness 1,966113 0,000454
dull 0,174353 0,000040
dulness 1,832581 0,000423
duly 0,843970 0,000195
dumb 0,562119 0,000130
dung 1,469676 0,000340
duration 1,078810 0,000249
dusky 1,021651 0,000236
duty 0,061875 0,000014
dwell 0,342490 0,000079
dwelling 0,494296 0,000114
dysentery 3,218876 0,000744
eager 0,210721 0,000049
eagerness 0,544727 0,000126
ear 0,061875 0,000029
earnest 0,261365 0,000060
earth 0,051293 0,000012
earthly 0,673345 0,000156
easily 0,072571 0,000017
east 0,235722 0,000054
easy 0,000000 0,000000
eat 0,040822 0,000009
eccentric 0,916291 0,000212
ecclesia 3,506558 0,000810
echo 0,356675 0,000082
edifice 1,272966 0,000294
edition 0,287682 0,000133
educate 0,544727 0,000126
education 0,415515 0,000096
educational 0,446287 0,000103
educator 2,659260 0,000614
efface 1,171183 0,000271
effort 0,094311 0,000044
egg 1,021651 0,000236
eggs 0,776529 0,000179
eighteenth 1,203973 0,000278
elder 1,139434 0,000263
eleatic 3,218876 0,000744
elect 0,210721 0,000049
electronic 0,544727 0,000126
electronically 0,544727 0,000126
element 0,342490 0,000158
elementary 1,427116 0,000330
elevated 0,891598 0,000206
elevation 0,843970 0,000195
elicit 1,272966 0,000588
email 0,562119 0,000130
embody 1,347074 0,000311
embryo 1,966113 0,000454
embryology 3,912023 0,000904
eminence 1,237874 0,000286
eminent 0,967584 0,000224
emotion 0,356675 0,000082
emphasis 0,891598 0,000206
employ 0,235722 0,000163
employee 0,510826 0,000236
employment 0,527633 0,000122
empyrean 2,659260 0,000614
enable 0,274437 0,000190
enact 1,309333 0,000605
enclosure 1,139434 0,000263
encode 0,653926 0,000151
encounter 0,446287 0,000103
encourage 0,301105 0,000139
endeavour 0,713350 0,000494
endless 0,478036 0,000110
endowment 1,514128 0,000350
endue 1,832581 0,000423
endure 0,210721 0,000049
enemy 0,105361 0,000024
energetic 1,078810 0,000249
energy 0,371064 0,000086
enforce 0,941609 0,000218
engaged 0,198451 0,000046
engagement 0,634878 0,000147
english 0,094311 0,000022
enjoy 0,072571 0,000017
enlarge 0,673345 0,000311
enlighten 0,562119 0,000130
enlightenment 1,714798 0,000396
enormous 0,430783 0,000100
enquire 1,771957 0,000409
enquiring 2,407946 0,000556
enquiry 2,207275 0,000510
enslave 1,272966 0,000294
ensue 0,579818 0,000134
ensure 0,342490 0,000079
entangle 1,078810 0,000249
entanglement 2,302585 0,000532
enter 0,020203 0,000014
entertain 0,579818 0,000134
enthusiasm 0,653926 0,000151
enthusiast 1,714798 0,000396
enthusiastic 1,021651 0,000236
entire 0,274437 0,000063
entirety 3,218876 0,000744
entitle 0,653926 0,000151
entity 0,544727 0,000126
entreat 0,713350 0,000165
enumerate 1,108663 0,000512
enumeration 1,660731 0,000384
environment 1,514128 0,000350
envy 0,446287 0,000103
ephesian 2,995732 0,000692
ephesians 2,302585 0,000532
epicurean 2,120264 0,000490
epicureans 2,995732 0,000692
episode 1,078810 0,000249
equal 0,162519 0,000038
equality 0,967584 0,000224
equally 0,223144 0,000052
equanimity 1,660731 0,000384
equilateral 3,218876 0,000744
equipment 0,415515 0,000096
equivalent 1,078810 0,000249
ergon 3,912023 0,000904
erineum 3,912023 0,000904
eristic 3,506558 0,000810
eristics 3,912023 0,000904
err 0,733969 0,000170
erroneous 1,514128 0,000350
error 0,072571 0,000034
escape 0,061875 0,000043
essay 0,755023 0,000174
esse 2,813411 0,000650
essence 0,693147 0,000160
essential 0,544727 0,000126
essentially 1,347074 0,000311
est 1,309333 0,000303
establish 0,579818 0,000134
established 0,301105 0,000070
esteem 0,478036 0,000110
eternally 1,347074 0,000311
eternity 0,673345 0,000156
ethic 1,427116 0,000330
ethical 2,120264 0,000490
etymology 2,302585 0,000532
euclid 2,207275 0,000510
eulogize 2,995732 0,000692
eulogy 2,120264 0,000490
euripides 2,120264 0,000490
europe 0,510826 0,000118
evanescent 2,659260 0,000614
event 0,150823 0,000070
evidence 0,235722 0,000054
evident 0,356675 0,000082
evil 0,150823 0,000070
exact 0,274437 0,000063
exacting 1,272966 0,000294
exactness 1,514128 0,000350
exaggerate 1,139434 0,000263
exaggerated 0,843970 0,000195
examination 0,385662 0,000089
examine 0,150823 0,000105
exceed 0,462035 0,000107
exceedingly 0,462035 0,000107
excel 0,994252 0,000459
excellent 0,150823 0,000035
excellently 1,609438 0,000372
exception 0,446287 0,000103
exceptional 1,386294 0,000320
excess 0,579818 0,000134
exchange 0,210721 0,000049
excited 0,248461 0,000057
exclude 0,755023 0,000349
exclusion 0,371064 0,000086
exclusive 1,203973 0,000278
excuse 0,139262 0,000064
executive 1,171183 0,000271
exempt 0,314711 0,000073
exercise 0,235722 0,000163
exert 0,820981 0,000190
exertion 0,693147 0,000160
exhibit 0,579818 0,000268
exhortation 1,469676 0,000340
exist 0,072571 0,000034
existence 0,150823 0,000035
existent 2,120264 0,000490
existing 0,891598 0,000206
expatiate 1,832581 0,000423
expect 0,051293 0,000036
expectation 0,356675 0,000165
expediency 2,040221 0,000471
expedient 0,941609 0,000218
expend 0,301105 0,000070
expense 0,127833 0,000059
experience 0,072571 0,000050
experienced 0,356675 0,000082
experiment 0,494296 0,000114
explain 0,116534 0,000108
explanation 0,139262 0,000064
explicit 1,347074 0,000311
export 0,446287 0,000103
expose 0,597837 0,000138
exposed 0,301105 0,000070
expound 1,309333 0,000303
express 0,072571 0,000067
expressible 3,506558 0,000810
expression 0,116534 0,000054
expressive 0,733969 0,000170
expressly 0,820981 0,000190
exquisitely 1,386294 0,000320
extend 0,261365 0,000121
extension 1,347074 0,000311
extent 0,083382 0,000019
external 0,562119 0,000130
extract 0,544727 0,000252
extreme 0,186330 0,000086
eye 0,000000 0,000000
fable 1,108663 0,000256
facility 0,342490 0,000079
factor 1,171183 0,000541
faculty 0,510826 0,000236
fade 0,371064 0,000171
fail 0,072571 0,000034
failure 0,415515 0,000096
faint 0,186330 0,000043
fair 0,051293 0,000012
fairbanks 1,386294 0,000320
fairness 1,771957 0,000409
faith 0,210721 0,000049
fall 0,000000 0,000000
fallacy 1,966113 0,000909
fallibility 3,506558 0,000810
falls 0,328504 0,000076
false 0,210721 0,000049
falsehood 0,693147 0,000160
falsely 1,171183 0,000271
familiar 0,150823 0,000035
familiarize 1,966113 0,000454
family 0,061875 0,000014
famous 0,261365 0,000060
fanatic 1,714798 0,000396
fancy 0,162519 0,000150
fangled 2,207275 0,000510
fashion 0,105361 0,000024
fast 0,030459 0,000007
fatal 0,342490 0,000079
father 0,061875 0,000014
fault 0,139262 0,000064
favour 0,544727 0,000126
favourable 0,776529 0,000179
favourite 0,653926 0,000151
fawn 1,078810 0,000249
fear 0,020203 0,000014
fearful 0,400478 0,000093
feast 0,430783 0,000100
feature 0,261365 0,000060
federal 0,527633 0,000122
fee 0,301105 0,000139
feeble 0,356675 0,000165
feebly 0,843970 0,000195
feel 0,020203 0,000009
feeling 0,072571 0,000034
fellow 0,040822 0,000019
female 0,385662 0,000089
fertile 1,021651 0,000236
fertility 1,897120 0,000438
festive 1,514128 0,000350
fever 0,342490 0,000079
fiction 0,843970 0,000195
field 0,094311 0,000022
fiftieth 1,832581 0,000423
fight 0,083382 0,000039
figment 2,995732 0,000692
figure 0,051293 0,000024
file 0,223144 0,000103
final 0,342490 0,000079
finally 0,150823 0,000035
financial 0,415515 0,000096
finding 1,272966 0,000294
fine 0,061875 0,000014
finely 1,171183 0,000271
finish 0,287682 0,000066
finished 0,162519 0,000038
firm 0,248461 0,000115
fit 0,030459 0,000014
fitness 0,446287 0,000103
fixed 1,272966 0,000294
fixedness 2,995732 0,000692
flash 0,261365 0,000060
flat 0,139262 0,000064
flattery 0,867501 0,000401
flavour 1,386294 0,000320
flaw 1,514128 0,000350
fleeting 1,139434 0,000263
flock 0,385662 0,000267
flood 0,430783 0,000100
flow 0,174353 0,000121
flower 0,174353 0,000040
fluctuation 2,302585 0,000532
flux 2,302585 0,000532
fly 0,116534 0,000027
flying 0,235722 0,000054
follow 0,020203 0,000005
follower 0,713350 0,000330
folly 0,274437 0,000063
fond 0,261365 0,000060
fonder 1,966113 0,000454
food 0,127833 0,000030
fool 0,235722 0,000054
foolish 0,235722 0,000054
foolishly 1,139434 0,000263
foot 0,051293 0,000024
forbid 0,248461 0,000057
force 0,030459 0,000014
foreign 0,301105 0,000070
foreigner 0,891598 0,000206
foresee 0,494296 0,000228
forest 0,356675 0,000082
forethought 2,120264 0,000490
forget 0,010050 0,000012
form 0,020203 0,000014
format 0,562119 0,000260
formation 1,139434 0,000263
formless 2,040221 0,000471
formula 1,469676 0,000340
fortune 0,162519 0,000038
foundation 0,127833 0,000059
founder 0,891598 0,000206
fourth 0,174353 0,000040
fourthly 1,832581 0,000423
fragment 0,597837 0,000276
frame 0,174353 0,000081
framework 1,560648 0,000361
frankness 1,272966 0,000294
fray 1,021651 0,000236
freedom 0,223144 0,000052
freely 0,105361 0,000024
freeman 1,897120 0,000438
frequency 1,660731 0,000384
frequently 0,287682 0,000066
fresh 0,105361 0,000024
friction 1,771957 0,000409
friend 0,000000 0,000000
friendly 0,248461 0,000057
friendship 0,261365 0,000060
frightened 0,301105 0,000070
fro 0,494296 0,000114
fruit 0,162519 0,000075
fulfil 0,385662 0,000178
fun 0,798508 0,000184
function 0,820981 0,000190
furnish 0,527633 0,000244
furnished 0,328504 0,000076
future 0,105361 0,000024
gain 0,040822 0,000038
game 0,210721 0,000049
gar 2,659260 0,000614
garment 0,400478 0,000093
garrulity 2,995732 0,000692
gather 0,061875 0,000043
genealogist 3,218876 0,000744
generalization 2,813411 0,000650
generalize 2,995732 0,000692
generate 1,386294 0,000961
generation 0,127833 0,000059
generous 0,356675 0,000082
genius 0,400478 0,000093
gentle 0,274437 0,000063
gentleman 0,223144 0,000052
gentleness 0,916291 0,000212
gentler 1,714798 0,000396
genuine 0,597837 0,000138
genus 2,207275 0,000510
geometrical 1,660731 0,000384
geometrician 2,659260 0,001229
geometry 1,771957 0,000409
germ 1,386294 0,000320
german 0,478036 0,000110
giant 0,562119 0,000260
giddy 1,108663 0,000256
gift 0,210721 0,000097
glad 0,072571 0,000017
glance 0,186330 0,000043
glass 0,174353 0,000040
gleam 0,510826 0,000118
glimpse 0,462035 0,000214
globus 3,506558 0,000810
glorify 1,272966 0,000294
glorious 0,462035 0,000107
glory 0,301105 0,000070
gloss 1,469676 0,000340
goal 0,274437 0,000063
god 0,083382 0,000039
goddess 1,049822 0,000243
godless 1,966113 0,000454
golden 0,342490 0,000079
goodwill 1,660731 0,000384
govern 0,186330 0,000043
government 0,462035 0,000107
grace 0,235722 0,000109
graceful 0,494296 0,000114
gracious 0,544727 0,000126
gradation 1,609438 0,000372
gradual 1,049822 0,000243
gradually 0,328504 0,000076
graduate 1,771957 0,000409
grammarian 2,207275 0,001020
grammatical 2,813411 0,000650
grant 0,061875 0,000029
grasp 0,274437 0,000127
grateful 0,446287 0,000103
gratefully 0,415515 0,000096
graven 1,771957 0,000409
greatly 0,210721 0,000049
greece 1,139434 0,000263
greek 0,494296 0,000228
gregory 1,139434 0,000263
gritty 3,218876 0,000744
gross 0,235722 0,000054
ground 0,030459 0,000007
grounds 0,446287 0,000103
grovelling 1,771957 0,000409
grow 0,010050 0,000009
grower 2,995732 0,000692
growth 0,430783 0,000100
guarantee 1,203973 0,000278
guardian 0,597837 0,000276
guess 0,223144 0,000052
guest 0,235722 0,000109
guide 0,083382 0,000019
guilty 0,356675 0,000082
gulf 0,733969 0,000170
gymnasium 1,966113 0,000454
habit 0,162519 0,000075
habitation 1,021651 0,000236
hairy 1,078810 0,000249
hamper 1,237874 0,000286
hand 0,010050 0,000007
handle 0,223144 0,000052
handmaid 1,660731 0,000767
handmaiden 2,659260 0,000614
hang 0,198451 0,000046
hanging 0,235722 0,000054
happen 0,030459 0,000014
happiness 0,150823 0,000035
happy 0,061875 0,000014
harangue 1,609438 0,000372
harbour 0,916291 0,000212
hard 0,040822 0,000019
hardihood 1,771957 0,000409
hardness 1,203973 0,000278
harm 0,210721 0,000049
harmless 0,248461 0,000057
harmonious 1,171183 0,000271
harmony 0,579818 0,000268
harp 0,843970 0,000195
hart 0,462035 0,000107
hastily 0,462035 0,000107
hate 0,150823 0,000035
hazard 0,776529 0,000179
head 0,000000 0,000000
health 0,198451 0,000046
healthy 0,356675 0,000082
hear 0,010050 0,000007
hearer 1,021651 0,000472
hearing 0,139262 0,000032
heart 0,010050 0,000002
hearth 0,843970 0,000195
heat 0,198451 0,000046
heaven 0,174353 0,000081
heavenly 0,843970 0,000195
heavy 0,030459 0,000007
height 0,210721 0,000049
heir 0,527633 0,000122
hellenes 3,218876 0,000744
helpless 0,328504 0,000076
henceforward 1,660731 0,000384
heraclitean 3,506558 0,000810
heracliteanism 3,912023 0,000904
herculean 1,771957 0,000409
hercules 1,272966 0,000294
herd 0,597837 0,000138
hereditary 1,108663 0,000256
heredity 2,120264 0,000490
hero 0,430783 0,000199
hesiodic 3,506558 0,000810
hesitate 0,314711 0,000145
heterodoxy 3,506558 0,000810
hide 0,072571 0,000017
hierophant 2,995732 0,000692
highly 0,261365 0,000060
hill 0,150823 0,000035
hinder 0,579818 0,000134
hint 0,301105 0,000070
hiss 0,653926 0,000151
historian 0,994252 0,000230
historical 0,843970 0,000195
history 0,186330 0,000086
hit 0,314711 0,000073
hitherto 0,385662 0,000089
hold 0,010050 0,000009
holder 0,430783 0,000100
hole 0,261365 0,000060
holiness 1,347074 0,000311
holy 0,371064 0,000086
homer 1,203973 0,000278
homeric 2,302585 0,000532
homo 2,525729 0,000584
honesty 0,733969 0,000170
honey 0,755023 0,000174
honour 0,494296 0,000228
honourable 0,941609 0,000218
hope 0,000000 0,000000
hopelessly 1,078810 0,000249
horse 0,139262 0,000064
horseman 0,967584 0,000224
hostage 2,525729 0,000584
hot 0,116534 0,000027
hour 0,061875 0,000014
house 0,020203 0,000005
hover 0,653926 0,000453
human 0,072571 0,000017
humaner 3,218876 0,000744
humble 0,261365 0,000121
hume 2,207275 0,000510
humorous 1,427116 0,000330
humour 0,713350 0,000165
hunt 0,371064 0,000086
hurry 0,162519 0,000038
husbandmen 2,120264 0,000490
hymn 0,994252 0,000230
hypothesis 1,237874 0,000572
idea 0,083382 0,000039
ideal 0,776529 0,000359
idealism 2,302585 0,000532
idealist 2,207275 0,000510
identical 0,994252 0,000230
identification 0,527633 0,000122
identify 0,342490 0,000237
identity 1,021651 0,000236
idiot 0,776529 0,000359
idleness 0,755023 0,000174
idol 1,237874 0,000572
ignoramus 2,659260 0,000614
ignorance 0,287682 0,000066
ignorant 0,301105 0,000070
ignorantly 2,302585 0,000532
iii 0,287682 0,000066
illogical 2,302585 0,000532
illusion 0,994252 0,000459
illusive 2,813411 0,000650
illustrate 0,616186 0,000427
illustration 0,867501 0,000401
image 0,301105 0,000139
imaginary 0,755023 0,000174
imagination 0,223144 0,000052
imagine 0,083382 0,000039
imaging 3,506558 0,000810
imbecility 1,609438 0,000372
imitate 0,579818 0,000134
immeasurably 1,514128 0,000350
immense 0,314711 0,000073
immortal 0,755023 0,000174
immortality 1,171183 0,000271
immovable 1,203973 0,000278
immutable 1,714798 0,000396
impair 2,120264 0,000980
impart 0,693147 0,000480
impede 1,309333 0,000303
impenetrable 1,049822 0,000243
imperceptible 1,609438 0,000372
imperceptibly 1,469676 0,000340
imperfect 0,673345 0,000156
imperfection 1,272966 0,000294
imperfectly 1,386294 0,000320
impiety 1,966113 0,000454
implant 1,714798 0,000396
implement 1,469676 0,000340
imply 0,235722 0,000218
impose 0,162519 0,000075
imposing 0,843970 0,000195
impossibility 0,891598 0,000412
impossible 0,094311 0,000022
impressed 0,510826 0,000118
impression 0,210721 0,000097
imprint 1,139434 0,000263
imprison 0,798508 0,000184
improve 0,385662 0,000178
improvement 0,616186 0,000142
impugn 2,659260 0,000614
impulse 0,400478 0,000093
impure 1,469676 0,000340
impurity 1,560648 0,000361
imputation 1,660731 0,000384
inability 1,386294 0,000320
inaccurate 0,510826 0,000118
inactivity 2,040221 0,000471
inadequate 1,237874 0,000286
inanimate 1,237874 0,000286
inappropriate 2,120264 0,000490
inattention 1,714798 0,000396
incantation 2,302585 0,000532
incapable 0,562119 0,000130
inch 0,430783 0,000100
incidental 0,446287 0,000103
incline 0,733969 0,000170
inclined 0,186330 0,000043
include 0,072571 0,000067
incommensurable 3,506558 0,000810
incomparable 1,714798 0,000396
incomplete 0,301105 0,000070
inconceivable 1,078810 0,000249
inconsistency 1,171183 0,000271
inconsistent 1,272966 0,000294
incorrectly 2,813411 0,000650
incorrectness 2,813411 0,000650
increase 0,061875 0,000057
incredible 0,653926 0,000151
incur 0,843970 0,000195
indefinable 2,120264 0,000490
indefinite 1,309333 0,000303
indemnify 0,446287 0,000103
indemnity 0,527633 0,000122
independence 0,843970 0,000195
independent 0,510826 0,000118
independently 1,427116 0,000330
india 0,843970 0,000195
indication 0,798508 0,000184
indictment 2,120264 0,000490
indifference 0,527633 0,000122
indifferent 0,400478 0,000093
indifferently 1,049822 0,000243
indignant 0,820981 0,000190
indirect 0,446287 0,000103
indirectly 0,371064 0,000086
indispensable 0,843970 0,000195
indistinct 1,139434 0,000263
indistinctness 3,506558 0,000810
indistinguishable 2,525729 0,000584
individual 0,139262 0,000064
individualism 2,659260 0,000614
individuality 1,609438 0,000372
individually 1,609438 0,000372
indivisible 2,407946 0,000556
indolence 1,309333 0,000303
induce 0,328504 0,000076
inductive 2,659260 0,000614
indulge 0,527633 0,000244
ineffectual 1,469676 0,000340
inevitable 0,544727 0,000126
inevitably 0,843970 0,000195
inexact 2,813411 0,000650
inexperience 1,427116 0,000330
inexperienced 1,203973 0,000278
inexpressive 2,525729 0,000584
infancy 0,916291 0,000212
infant 0,673345 0,000156
infatuation 1,660731 0,000384
infected 1,347074 0,000311
infer 0,891598 0,000412
inference 1,386294 0,000641
inferior 0,579818 0,000134
infinite 0,430783 0,000100
infinitesimal 2,207275 0,000510
infinity 1,832581 0,000423
inflict 0,579818 0,000134
influence 0,198451 0,000138
inform 0,198451 0,000138
infringement 0,544727 0,000126
infuse 1,514128 0,000350
ingenious 0,693147 0,000160
inherit 0,579818 0,000268
inheritance 0,798508 0,000184
injustice 0,653926 0,000151
innocence 0,634878 0,000147
innocently 1,427116 0,000330
innumerable 0,634878 0,000147
inquire 0,235722 0,000054
inquiry 0,446287 0,000103
inseparable 1,203973 0,000278
inseparably 1,966113 0,000454
insert 1,021651 0,000236
insidious 1,832581 0,000423
insight 1,171183 0,000271
insist 0,223144 0,000103
inspection 0,798508 0,000184
inspiration 0,755023 0,000174
inspire 0,371064 0,000171
instance 0,116534 0,000054
instant 0,210721 0,000097
instigate 2,120264 0,000490
instinct 0,356675 0,000082
instinctively 0,733969 0,000170
instruction 0,328504 0,000076
instructor 1,347074 0,000311
instrument 0,248461 0,000115
instrumentality 2,659260 0,000614
insult 0,415515 0,000096
intellect 0,634878 0,000293
intellectual 0,235722 0,000054
intelligence 0,301105 0,000070
intelligent 0,342490 0,000079
intelligible 1,021651 0,000236
intend 0,094311 0,000044
intense 0,430783 0,000100
intension 3,912023 0,000904
intensity 0,994252 0,000230
intention 0,127833 0,000030
intentionally 1,660731 0,000384
intercept 1,171183 0,000271
intercourse 0,798508 0,000184
interfere 0,415515 0,000096
interior 0,673345 0,000156
interlocutory 3,912023 0,000904
intermediate 1,660731 0,000384
intermingle 1,714798 0,000792
intermittent 2,302585 0,000532
internal 0,261365 0,000060
international 0,494296 0,000114
interpenetrate 3,506558 0,000810
interpose 0,916291 0,000212
interpret 0,235722 0,000109
interpretation 0,994252 0,000230
interpreter 1,108663 0,000256
interrogate 1,660731 0,001151
interrupted 0,301105 0,000070
intersect 1,514128 0,000350
interval 0,301105 0,000139
intervene 0,713350 0,000165
intimate 0,430783 0,000100
intolerable 0,673345 0,000156
intoxication 1,309333 0,000303
introd 2,995732 0,000692
introduce 0,261365 0,000181
introduction 0,385662 0,000089
introductory 1,771957 0,000409
introspect 3,506558 0,001620
intrude 1,108663 0,000256
intuition 1,560648 0,000721
intuitive 2,407946 0,000556
invalidity 0,527633 0,000122
invent 0,400478 0,000185
inversion 2,813411 0,000650
invert 2,525729 0,000584
investigate 0,820981 0,000379
investigation 0,713350 0,000330
inveterate 1,560648 0,000361
invincible 1,427116 0,000330
invisible 0,562119 0,000130
invite 0,261365 0,000121
involve 0,820981 0,000569
involved 0,579818 0,000134
iris 2,120264 0,000490
ironical 1,386294 0,000320
ironically 1,771957 0,000409
irony 1,386294 0,000320
irrational 1,469676 0,000340
irregular 0,733969 0,000170
irresistible 0,653926 0,000151
irs 0,562119 0,000130
isolate 2,407946 0,000556
isolated 0,994252 0,000230
isolation 1,514128 0,000350
issue 0,198451 0,000046
isthmus 2,120264 0,000490
iv 0,328504 0,000076
january 0,693147 0,000160
jest 0,616186 0,000142
jesting 1,427116 0,000330
joint 0,446287 0,000103
joke 0,356675 0,000082
jolt 1,514128 0,000350
jostle 1,272966 0,000294
judge 0,061875 0,000043
judging 0,713350 0,000165
judgment 0,198451 0,000092
juror 2,813411 0,000650
justice 0,162519 0,000038
justified 0,693147 0,000160
justify 0,562119 0,000260
justly 0,653926 0,000151
kai 3,218876 0,000744
kant 2,407946 0,000556
kantian 3,218876 0,000744
keen 0,371064 0,000086
keener 1,469676 0,000340
keeper 0,820981 0,000190
ker 3,218876 0,000744
keros 3,218876 0,000744
kindness 0,274437 0,000063
kindred 0,994252 0,000230
king 0,210721 0,000097
knave 1,427116 0,000330
knee 0,150823 0,000035
knock 0,287682 0,000133
knowable 3,506558 0,000810
knowledge 0,061875 0,000014
laboriously 1,771957 0,000409
labour 0,562119 0,000260
lacedaemonian 3,218876 0,000744
laches 3,506558 0,000810
lake 0,162519 0,000038
land 0,051293 0,000012
landing 0,544727 0,000126
landscape 0,820981 0,000190
language 0,072571 0,000017
langue 3,506558 0,000810
largeness 1,897120 0,000438
lasting 1,771957 0,000409
lastly 0,867501 0,000200
latent 1,469676 0,000340
laugh 0,094311 0,000087
laughter 0,274437 0,000063
law 0,020203 0,000009
lawful 1,078810 0,000249
lawyer 0,673345 0,000311
lay 0,030459 0,000021
lead 0,020203 0,000014
leader 0,356675 0,000165
leading 0,139262 0,000032
learn 0,020203 0,000023
leave -0,009950 -0,000007
left 0,000000 0,000000
legal 0,261365 0,000060
legally 0,342490 0,000079
legislation 1,966113 0,000454
leisure 0,579818 0,000134
letter 0,072571 0,000034
level 0,210721 0,000049
liability 0,462035 0,000107
liable 0,235722 0,000054
liberal 0,597837 0,000138
liberality 1,347074 0,000311
liberty 0,198451 0,000046
library 0,223144 0,000052
license 0,301105 0,000070
licensed 0,430783 0,000100
lie 0,020203 0,000019
lieu 0,415515 0,000096
life -0,009950 -0,000005
lifelong 2,040221 0,000471
lift 0,116534 0,000054
light 0,000000 0,000000
lighted 0,261365 0,000060
lighten 0,597837 0,000138
lightly 0,430783 0,000100
likelihood 1,660731 0,000384
likeness 0,673345 0,000156
limit 0,287682 0,000199
limitation 0,371064 0,000171
limited 0,261365 0,000060
lineament 2,040221 0,000471
linear 2,659260 0,000614
link 0,174353 0,000121
lip 0,127833 0,000030
list 0,301105 0,000070
listen 0,105361 0,000073
listener 0,843970 0,000195
literary 0,287682 0,000066
literature 0,653926 0,000151
live 0,010050 0,000005
lively 0,385662 0,000089
living 0,020203 0,000005
local 0,713350 0,000165
locate 0,371064 0,000086
location 0,494296 0,000114
logic 1,049822 0,000243
logical 1,021651 0,000236
logos 3,506558 0,000810
loose 0,094311 0,000022
lords 0,843970 0,000195
lose 0,000000 0,000000
loss 0,083382 0,000019
lot 0,051293 0,000012
love 0,030459 0,000007
lover 0,356675 0,000082
ludicrous 1,386294 0,000320
lyre 1,660731 0,000384
lysimachus 3,218876 0,000744
lysis 3,912023 0,000904
machine 0,210721 0,000049
mad 0,235722 0,000054
madman 0,941609 0,000218
madness 0,597837 0,000138
magnificent 0,328504 0,000076
magnitude 1,078810 0,000499
maid 0,415515 0,000192
maiden 0,673345 0,000156
main 0,127833 0,000030
maintain 0,094311 0,000087
maintainer 2,995732 0,000692
majority 0,597837 0,000138
maker 0,653926 0,000151
male 0,562119 0,000130
manhood 0,776529 0,000179
manifest 0,478036 0,000331
mankind 0,478036 0,000110
manner 0,040822 0,000009
mannered 1,609438 0,000372
mark 0,105361 0,000049
marked 0,061875 0,000014
marry 0,356675 0,000165
martyrs 1,714798 0,000396
marvel 0,693147 0,000160
marvellous 0,891598 0,000206
marvellously 1,660731 0,000384
mask 0,673345 0,000156
mass 0,210721 0,000049
master 0,072571 0,000017
masters 0,446287 0,000103
match 0,301105 0,000070
matchmaker 3,506558 0,001620
material 0,261365 0,000121
materialism 2,659260 0,000614
materialist 2,659260 0,001229
materialistic 2,659260 0,000614
materializing 3,912023 0,000904
mathematical 1,237874 0,000286
mathematician 1,714798 0,000396
mathematics 1,272966 0,000294
matter 0,000000 0,000000
maximum 0,478036 0,000110
meaning 0,186330 0,000086
measure 0,127833 0,000118
measurement 1,714798 0,000396
mechanical 0,843970 0,000195
mediaeval 2,995732 0,000692
mediate 2,813411 0,000650
medium 0,223144 0,000052
meet 0,010050 0,000005
meeting 0,162519 0,000038
megara 2,813411 0,000650
megarian 3,506558 0,000810
memorabilia 3,506558 0,000810
memorable 1,108663 0,000256
memorial 1,139434 0,000263
memory 0,162519 0,000038
menial 1,714798 0,000396
meno 3,912023 0,000904
mental 0,430783 0,000100
mention 0,105361 0,000097
mercenary 1,714798 0,000396
mercy 0,210721 0,000049
mere 0,094311 0,000022
merge 1,469676 0,000340
mesh 1,609438 0,000372
messenger 0,562119 0,000130
metaphorically 2,659260 0,000614
metaphysic 3,218876 0,000744
metaphysical 1,714798 0,000396
metaphysician 2,302585 0,001064
metaphysics 1,514128 0,000350
method 0,094311 0,000044
methought 2,207275 0,000510
michael 0,400478 0,000093
microscope 2,207275 0,000510
middle 0,030459 0,000007
midst 0,287682 0,000066
midwife 2,525729 0,001167
midwifery 2,995732 0,000692
mighty 0,328504 0,000076
milk 0,400478 0,000185
mind 0,020203 0,000009
minute 0,150823 0,000070
minutely 1,309333 0,000303
mirror 0,579818 0,000134
misery 0,248461 0,000057
misplace 2,120264 0,000980
misrepresent 2,040221 0,000471
missing 1,386294 0,000320
mission 0,210721 0,000049
mississippi 0,415515 0,000096
misspell 2,813411 0,000650
mist 0,430783 0,000100
mistake 0,186330 0,000172
mistaken 0,261365 0,000060
misunderstand 1,237874 0,000286
mix 0,274437 0,000063
mixture 0,597837 0,000138
mock 0,478036 0,000110
mockery 0,916291 0,000212
mode 0,579818 0,000268
model 0,510826 0,000118
modern 0,301105 0,000139
modest 0,371064 0,000086
modesty 0,733969 0,000170
modicum 2,302585 0,000532
modification 0,478036 0,000110
modify 0,356675 0,000165
moist 0,843970 0,000390
moisten 1,660731 0,000384
mollusc 3,506558 0,000810
moment 0,010050 0,000005
momentary 0,693147 0,000160
money 0,051293 0,000012
monster 0,527633 0,000122
monstrous 0,400478 0,000093
month 0,040822 0,000009
moral 0,301105 0,000070
morning 0,040822 0,000009
morrow 0,328504 0,000076
mortal 0,314711 0,000145
mother 0,072571 0,000017
motion 0,223144 0,000103
motive 0,356675 0,000082
mould 0,755023 0,000349
mountain 0,400478 0,000093
mountains 0,400478 0,000093
mouth 0,061875 0,000014
movement 0,287682 0,000133
muddy 0,867501 0,000200
muller 3,218876 0,000744
multiply 0,776529 0,000359
multitude 0,385662 0,000089
multitudinous 2,040221 0,000471
muscle 0,755023 0,000174
muses 1,660731 0,000384
music 0,198451 0,000046
musical 0,579818 0,000134
musician 1,171183 0,000271
mutual 0,510826 0,000118
mutually 1,386294 0,000320
myriad 1,386294 0,000320
mysterious 0,314711 0,000073
mystery 0,235722 0,000109
mystic 1,108663 0,000256
myth 1,832581 0,000423
mythological 2,407946 0,000556
mythology 1,832581 0,000423
naked 0,274437 0,000063
namesake 2,407946 0,000556
naming 2,525729 0,000584
narrate 1,203973 0,000556
narrative 0,579818 0,000134
narrow 0,094311 0,000065
nascent 3,912023 0,000904
nations 0,673345 0,000156
natural 0,094311 0,000022
naturally 0,210721 0,000049
nature 0,094311 0,000044
natured 0,733969 0,000170
nearer 0,400478 0,000093
neatly 1,049822 0,000243
necessity 0,210721 0,000049
needlessly 2,207275 0,000510
negation 2,207275 0,000510
negative 0,916291 0,000212
neglect 0,274437 0,000063
negligence 0,415515 0,000096
neighbour 0,510826 0,000118
neighbourhood 0,776529 0,000179
nerve 0,371064 0,000086
nervous 0,494296 0,000114
network 0,415515 0,000096
neutral 1,609438 0,000372
newly 0,494296 0,000114
news 0,210721 0,000049
newsletter 0,562119 0,000130
nice 0,371064 0,000086
nicely 1,021651 0,000236
night 0,010050 0,000002
nineteenth 1,171183 0,000271
nobility 0,755023 0,000174
noble 0,198451 0,000092
nobly 1,309333 0,000303
noise 0,139262 0,000064
noiseless 1,609438 0,000372
nominalism 3,912023 0,000904
nonproprietary 0,562119 0,000130
nonsense 0,478036 0,000110
north 0,083382 0,000019
nose 0,261365 0,000060
notably 2,120264 0,000490
note 0,094311 0,000044
nothingness 1,832581 0,000423
notice 0,020203 0,000014
noticeable 1,309333 0,000303
notify 0,371064 0,000086
notion 0,314711 0,000145
nought 1,609438 0,000372
noun 1,832581 0,000423
novelty 0,798508 0,000184
november 0,544727 0,000126
numbering 2,302585 0,000532
numerable 3,912023 0,000904
numerical 2,302585 0,000532
numerous 0,235722 0,000054
nun 1,427116 0,000330
nurse 0,301105 0,000070
nurture 1,660731 0,000384
obedient 0,544727 0,000126
object 0,105361 0,000049
objection 0,400478 0,000093
objective 1,660731 0,000384
obligation 0,597837 0,000138
oblige 0,210721 0,000049
oblong 1,469676 0,000340
obscure 0,478036 0,000110
observable 1,771957 0,000409
observation 0,446287 0,000103
observations 0,867501 0,000200
observe 0,094311 0,000065
observer 0,820981 0,000190
obsolete 0,446287 0,000103
obstinate 0,713350 0,000165
obvious 0,415515 0,000096
occasion 0,105361 0,000024
occasional 0,510826 0,000118
occasionally 0,371064 0,000086
occupation 0,371064 0,000086
occupy 0,174353 0,000081
occur 0,083382 0,000058
occurrence 0,693147 0,000160
ocean 0,415515 0,000096
oceanus 2,995732 0,000692
odd 0,385662 0,000089
offence 0,527633 0,000122
offended 0,616186 0,000142
offer 0,020203 0,000019
offhand 2,407946 0,000556
office 0,072571 0,000034
official 0,223144 0,000052
offspring 0,994252 0,000230
oil 0,446287 0,000103
omission 1,347074 0,000311
omit 0,843970 0,000195
oneself 1,386294 0,000320
online 0,510826 0,000118
openly 0,494296 0,000114
operation 0,478036 0,000221
opine 2,525729 0,000584
opinion 0,105361 0,000049
opponent 1,108663 0,000512
opportunity 0,061875 0,000029
oppose 0,579818 0,000268
opposed 0,653926 0,000151
opposition 0,494296 0,000228
optical 2,407946 0,000556
oracle 1,237874 0,000572
oral 2,659260 0,000614
orator 1,171183 0,000541
orbit 1,714798 0,000396
ordinance 1,514128 0,000350
ordinary 0,186330 0,000043
organ 0,634878 0,000293
organic 1,832581 0,000423
organically 3,912023 0,000904
organized 0,356675 0,000082
origin 0,527633 0,000122
original 0,105361 0,000024
originally 0,673345 0,000156
origination 3,218876 0,000744
originator 0,478036 0,000110
orphan 0,798508 0,000369
os 2,995732 0,000692
ousia 3,912023 0,000904
outdated 0,562119 0,000130
outer 0,510826 0,000118
outline 0,579818 0,000268
outrun 2,207275 0,000510
outset 1,237874 0,000286
outward 0,579818 0,000134
oven 1,386294 0,000320
overflow 0,616186 0,000142
overleap 2,525729 0,000584
overpowering 1,309333 0,000303
overthrow 0,967584 0,000447
overturn 0,994252 0,000230
overwhelming 1,049822 0,000243
owe 0,105361 0,000049
owner 0,083382 0,000019
ox 0,941609 0,000218
packed 0,616186 0,000142
packing 1,108663 0,000256
pain 0,051293 0,000024
painter 0,755023 0,000174
palaestra 3,218876 0,000744
palestra 3,506558 0,000810
palmary 3,912023 0,000904
palpable 1,469676 0,000340
pang 0,634878 0,000293
paper 0,083382 0,000019
paperwork 0,562119 0,000130
parable 1,609438 0,000372
paradox 1,514128 0,000350
paradoxical 2,207275 0,000510
paragraph 0,328504 0,000152
parallel 0,843970 0,000195
parallelism 3,506558 0,000810
parent 0,261365 0,000121
partake 1,021651 0,000236
partaking 1,832581 0,000423
partial 0,733969 0,000170
partially 0,967584 0,000224
particle 0,967584 0,000224
particulars 0,776529 0,000179
partisan 1,560648 0,000361
partly 0,301105 0,000070
party 0,030459 0,000014
pass 0,020203 0,000014
passage 0,105361 0,000024
passenger 0,653926 0,000151
passing 0,094311 0,000022
passion 0,174353 0,000081
passive 0,941609 0,000218
passivity 2,995732 0,000692
path 0,150823 0,000035
pathetic 1,108663 0,000256
patience 0,139262 0,000032
patient 0,274437 0,000127
patiently 0,733969 0,000170
patron 0,776529 0,000359
pattern 0,597837 0,000276
pay 0,030459 0,000021
payment 0,274437 0,000063
peace 0,094311 0,000022
peculiar 0,223144 0,000052
peculiarity 0,755023 0,000349
peculium 3,912023 0,000904
pedantic 1,660731 0,000384
pedigree 1,897120 0,000438
pen 0,235722 0,000054
penalty 0,820981 0,000190
penetrate 0,415515 0,000096
perceive 0,198451 0,000183
perceptible 1,171183 0,000271
perception 0,967584 0,000447
perch 0,891598 0,000206
perchance 1,386294 0,000320
percipi 3,912023 0,000904
percipient 3,506558 0,000810
perfect 0,061875 0,000029
perfection 0,446287 0,000103
perfectly 0,162519 0,000038
perform 0,072571 0,000050
performance 0,127833 0,000030
peril 0,693147 0,000160
period 0,235722 0,000054
periodic 0,544727 0,000126
permanent 0,223144 0,000052
permission 0,150823 0,000035
permit 0,094311 0,000022
perpetual 0,478036 0,000110
perpetually 1,078810 0,000249
perplex 0,653926 0,000151
perplexing 1,560648 0,000361
perplexity 0,755023 0,000349
person -0,009950 -0,000007
personal 0,223144 0,000052
personality 0,967584 0,000224
personify 2,040221 0,000471
persuade 0,223144 0,000155
pervade 1,139434 0,000263
pervert 1,897120 0,000438
perverted 1,347074 0,000311
pestle 2,813411 0,000650
phaedo 2,813411 0,000650
phase 1,108663 0,000512
phenomenon 0,820981 0,000379
philosopher 0,673345 0,000311
philosophical 1,049822 0,000243
philosophy 0,597837 0,000276
phrase 0,139262 0,000064
phraseology 2,040221 0,000471
physical 0,198451 0,000046
physician 0,693147 0,000160
physicians 1,272966 0,000294
physics 1,897120 0,000438
physiology 1,966113 0,000454
picture 0,139262 0,000064
piece 0,020203 0,000009
piety 1,078810 0,000249
pig 0,544727 0,000252
pigeon 1,108663 0,000256
pint 1,309333 0,000303
pitch 0,261365 0,000060
plain 0,040822 0,000019
plane 1,171183 0,000271
plank 0,673345 0,000156
plant 0,186330 0,000043
plato 1,237874 0,000286
platonic 2,120264 0,000490
plausibility 2,525729 0,000584
play 0,040822 0,000028
player 0,713350 0,000330
plea 1,049822 0,000243
pleasant 0,162519 0,000038
pleased 0,150823 0,000035
pleasing 0,653926 0,000151
pleasure 0,051293 0,000024
plenty 0,235722 0,000054
plural 1,897120 0,000438
plurality 2,120264 0,000490
poem 0,798508 0,000369
poet 0,544727 0,000252
poetical 1,514128 0,000350
poetry 0,693147 0,000160
pole 0,494296 0,000228
polemical 3,218876 0,000744
political 0,562119 0,000130
politician 1,171183 0,000271
politics 0,713350 0,000165
poor 0,020203 0,000005
pop 1,203973 0,000278
popular 0,430783 0,000100
porch 0,891598 0,000206
portion 0,301105 0,000070
position 0,162519 0,000038
positive 0,597837 0,000138
possess 0,061875 0,000057
possession 0,083382 0,000019
possibility 0,150823 0,000035
post 0,051293 0,000012
postscript 1,771957 0,000409
pote 3,912023 0,000904
potion 2,040221 0,000471
potter 1,171183 0,000271
pour 0,116534 0,000054
poverty 0,446287 0,000103
power 0,030459 0,000014
powerful 0,223144 0,000052
practical 0,494296 0,000114
practically 0,235722 0,000054
practice 0,116534 0,000027
practise 0,510826 0,000236
praise 0,274437 0,000254
pray 0,261365 0,000060
precarious 1,660731 0,000384
precede 0,385662 0,000178
precedent 1,469676 0,000340
precipice 1,021651 0,000236
precise 0,776529 0,000179
precisely 0,510826 0,000118
precision 0,798508 0,000184
preconcerted 2,995732 0,000692
predecessor 1,049822 0,000243
predicament 1,469676 0,000340
predicate 2,407946 0,001669
predication 3,506558 0,000810
prediction 1,386294 0,000320
predominate 1,469676 0,000340
preface 0,713350 0,000330
prefer 0,174353 0,000121
pregnancy 2,120264 0,000490
pregnant 1,272966 0,000294
prejudice 0,579818 0,000134
premise 0,891598 0,000206
preparation 0,328504 0,000076
prepare 0,116534 0,000027
prescribe 0,776529 0,000179
presently 0,385662 0,000089
preserve 0,083382 0,000058
preside 0,843970 0,000195
press 0,105361 0,000024
presumption 0,994252 0,000230
presuppose 2,040221 0,000471
pretence 0,891598 0,000206
pretend 0,186330 0,000129
pretension 1,049822 0,000243
pretty 0,150823 0,000035
prevail 0,287682 0,000199
prevalent 1,309333 0,000303
prevent 0,040822 0,000009
previous 0,094311 0,000022
pride 0,150823 0,000035
primeval 1,897120 0,000438
primitive 0,916291 0,000212
prince 0,462035 0,000107
principal 0,287682 0,000066
principle 0,274437 0,000127
print 0,116534 0,000054
prior 1,237874 0,000286
priori 2,659260 0,000614
private 0,198451 0,000046
privately 1,171183 0,000271
privilege 0,527633 0,000122
probability 0,733969 0,000339
probable 0,494296 0,000114
proceed 0,116534 0,000027
proceeding 0,510826 0,000118
proceeds 0,916291 0,000212
process 0,400478 0,000185
processing 0,562119 0,000130
procuress 3,506558 0,000810
produce 0,061875 0,000057
production 0,274437 0,000063
profess 0,616186 0,000569
profession 0,446287 0,000103
professional 0,820981 0,000190
professor 0,261365 0,000060
profit 0,083382 0,000039
profoundly 0,994252 0,000230
profusion 1,347074 0,000311
progenitor 2,040221 0,000471
progeny 1,897120 0,000438
progress 0,162519 0,000038
progressive 1,771957 0,000409
prohibition 0,415515 0,000096
project -0,009950 -0,000005
prominent 0,967584 0,000224
prominently 0,494296 0,000114
promise 0,051293 0,000012
promising 0,430783 0,000100
promote 0,274437 0,000063
promotion 0,342490 0,000079
prone 1,078810 0,000249
pronounced 0,446287 0,000103
proof 0,274437 0,000127
proofread 0,562119 0,000130
propaedeutic 3,912023 0,000904
proper 0,061875 0,000014
properly 0,385662 0,000089
property 0,127833 0,000059
prophecy 1,021651 0,000236
prophesy 1,309333 0,000303
prophet 0,867501 0,000200
propitious 1,469676 0,000340
proportion 0,235722 0,000109
proposal 0,733969 0,000170
propose 0,186330 0,000129
proposition 0,820981 0,000379
proprietary 0,562119 0,000130
proprietor 0,967584 0,000224
prospect 0,430783 0,000100
protagorean 3,912023 0,000904
protect 0,139262 0,000032
protest 0,342490 0,000079
prove 0,083382 0,000077
proverbial 1,771957 0,000409
provide 0,127833 0,000059
provision 0,094311 0,000044
psychological 1,660731 0,000384
psychology 1,897120 0,000438
public 0,083382 0,000019
pugnacious 2,659260 0,000614
pull 0,127833 0,000030
punishment 0,287682 0,000066
punitive 0,562119 0,000130
pupil 0,579818 0,000268
pure 0,139262 0,000064
purely 0,713350 0,000165
purity 0,776529 0,000179
purport 1,469676 0,000340
purpose 0,040822 0,000009
pursue 0,186330 0,000129
pursuit 0,287682 0,000133
push 0,139262 0,000032
pythagorean 2,659260 0,000614
quale 3,912023 0,000904
qualitative 3,218876 0,000744
quality 0,186330 0,000086
quantitative 2,995732 0,000692
quantity 0,478036 0,000110
quarrel 0,287682 0,000066
question 0,020203 0,000009
questioner 1,771957 0,000409
quibble 2,525729 0,001167
quick 0,127833 0,000059
quickness 1,237874 0,000286
quiescent 2,659260 0,000614
quietly 0,261365 0,000060
quintessence 2,813411 0,000650
quit 0,462035 0,000107
quiver 0,494296 0,000114
quod 2,207275 0,000510
race 0,162519 0,000038
rage 0,139262 0,000032
raise 0,020203 0,000009
range 0,328504 0,000076
rapid 0,371064 0,000086
rapidly 0,371064 0,000086
rarefy 2,813411 0,000650
rarely 0,527633 0,000122
rasa 2,995732 0,000692
rashness 1,771957 0,000409
rate 0,261365 0,000060
rational 0,867501 0,000200
rationale 3,506558 0,000810
rationalize 3,912023 0,000904
ray 0,462035 0,000107
reach 0,000000 0,000000
reaction 1,237874 0,000286
read 0,020203 0,000014
readable 0,510826 0,000118
reader 0,301105 0,000070
readiness 0,634878 0,000147
ready 0,030459 0,000007
real 0,040822 0,000009
realise 1,021651 0,000236
reality 0,301105 0,000139
realization 1,560648 0,000361
realize 0,693147 0,000160
reanimate 2,659260 0,000614
reap 0,673345 0,000156
reappear 1,203973 0,000556
reappearing 2,120264 0,000490
rear 0,371064 0,000171
reason 0,010050 0,000007
reasonable 0,116534 0,000027
reasoner 2,407946 0,000556
reasoning 0,713350 0,000330
reassemble 3,218876 0,000744
rebel 0,733969 0,000170
rebuke 0,843970 0,000195
recall 0,235722 0,000218
recapitulate 2,207275 0,000510
receipt 0,261365 0,000060
receive 0,040822 0,000038
receptacle 1,832581 0,000423
recipient 2,207275 0,000510
recite 1,347074 0,000311
reckon 0,385662 0,000089
recognise 0,843970 0,000195
recognition 0,713350 0,000165
recognize 0,733969 0,000509
recollect 0,562119 0,000260
recollection 0,527633 0,000244
recommend 0,400478 0,000093
reconcilable 3,218876 0,000744
reconsider 2,040221 0,000471
reconstruct 1,966113 0,000909
record 0,223144 0,000052
recover 0,127833 0,000030
recur 0,941609 0,000435
recurrence 1,771957 0,000409
redistribute 0,544727 0,000126
redistributing 0,562119 0,000130
redistribution 0,562119 0,000130
reduce 0,314711 0,000145
reductio 3,218876 0,000744
refer 0,223144 0,000103
reference 0,198451 0,000092
refine 0,755023 0,000174
reflect 0,235722 0,000163
reflection 0,274437 0,000127
reformation 1,560648 0,000361
refund 0,562119 0,000130
refusal 0,820981 0,000190
refuse 0,083382 0,000019
refutation 2,407946 0,000556
refute 1,469676 0,001019
regard 0,083382 0,000039
region 0,462035 0,000107
register 0,287682 0,000066
regular 0,287682 0,000066
regulate 0,210721 0,000049
rehabilitate 2,995732 0,000692
reinforce 1,771957 0,000819
reject 0,478036 0,000331
rejoin 0,776529 0,000179
rejoinder 1,832581 0,000423
relate 0,415515 0,000192
relater 2,995732 0,000692
relation 0,223144 0,000103
relationship 0,867501 0,000200
relative 0,462035 0,000107
relativeness 3,912023 0,000904
relativity 2,995732 0,000692
release 0,105361 0,000073
relief 0,186330 0,000043
religion 0,415515 0,000192
religious 0,446287 0,000103
relinquish 0,916291 0,000212
reluctant 1,021651 0,000236
remain 0,040822 0,000028
remainder 0,597837 0,000138
remains 0,150823 0,000035
remark 0,223144 0,000155
remarkable 0,235722 0,000054
remarkably 0,733969 0,000170
remarks 0,462035 0,000107
remedial 3,506558 0,000810
remedy 0,150823 0,000035
remember 0,030459 0,000028
remind 0,301105 0,000209
reminiscence 1,469676 0,000340
remove 0,040822 0,000019
rename 0,544727 0,000126
render 0,186330 0,000086
renew 0,314711 0,000073
renovated 2,659260 0,000614
repeat 0,051293 0,000047
repetition 0,713350 0,000165
replace 0,198451 0,000046
replacement 0,544727 0,000126
reply 0,105361 0,000073
report 0,051293 0,000036
reposing 1,771957 0,000409
represent 0,210721 0,000146
representation 0,261365 0,000121
reproach 0,301105 0,000209
reproof 1,272966 0,000294
republic 1,386294 0,000320
repulse 0,994252 0,000230
reputation 0,342490 0,000079
request 0,105361 0,000024
require 0,051293 0,000024
required 0,083382 0,000019
requirement 0,400478 0,000185
rescue 0,494296 0,000114
resemblance 0,713350 0,000330
resemble 0,400478 0,000093
reside 0,713350 0,000330
residence 0,653926 0,000151
resist 0,274437 0,000063
resolution 0,385662 0,000089
resolvable 3,506558 0,000810
resolve 0,287682 0,000133
resort 0,733969 0,000170
respect 0,040822 0,000019
respectable 0,430783 0,000100
respects 0,527633 0,000122
respondent 3,218876 0,000744
responsibility 0,733969 0,000170
responsible 0,693147 0,000160
rest 0,010050 0,000005
restlessness 1,347074 0,000311
restore 0,223144 0,000052
restriction 0,371064 0,000086
result 0,174353 0,000040
resume 0,301105 0,000278
retain 0,235722 0,000054
retaliation 1,609438 0,000372
retentive 2,302585 0,000532
retentiveness 3,912023 0,000904
retina 2,995732 0,000692
retire 0,415515 0,000096
retirement 1,108663 0,000256
retort 0,820981 0,000190
retrace 1,237874 0,000286
retract 1,660731 0,000384
retreat 0,342490 0,000079
return 0,010050 0,000009
reunite 1,966113 0,000454
reveal 0,223144 0,000103
revel 0,994252 0,000230
reveller 2,120264 0,000490
revenge 0,462035 0,000107
revenue 0,342490 0,000079
reverence 0,579818 0,000268
reverse 0,527633 0,000122
reversed 1,171183 0,000271
review 0,693147 0,000320
revile 1,560648 0,000361
revisit 1,771957 0,000409
revive 0,510826 0,000118
revolution 0,634878 0,000147
revolve 0,776529 0,000179
reward 0,174353 0,000040
rhetoric 1,560648 0,000361
rhetorician 2,207275 0,001020
rich 0,116534 0,000027
richly 0,891598 0,000206
rid 0,223144 0,000103
ridicule 0,994252 0,000230
ridiculous 0,478036 0,000110
ridiculously 1,897120 0,000438
righteous 1,203973 0,000278
righteousness 1,427116 0,000330
rightly 0,430783 0,000100
rim 1,427116 0,000330
ripen 0,941609 0,000218
rise 0,030459 0,000021
river 0,174353 0,000040
robbery 1,021651 0,000236
rock 0,186330 0,000043
rogue 1,272966 0,000294
roguery 2,525729 0,000584
roll 0,150823 0,000035
root 0,235722 0,000109
rotatory 3,218876 0,000744
rough 0,186330 0,000043
royal 0,400478 0,000093
royalty 0,371064 0,000171
rub 0,342490 0,000079
rudeness 1,203973 0,000278
rudimentary 2,659260 0,000614
rugged 0,798508 0,000184
rule 0,030459 0,000021
ruler 0,891598 0,000206
runner 1,469676 0,000340
sacred 0,415515 0,000096
safe 0,116534 0,000027
safely 0,371064 0,000086
sage 0,820981 0,000379
sailor 0,544727 0,000126
sake 0,083382 0,000019
saline 2,525729 0,000584
salt 0,105361 0,000024
salvation 0,798508 0,000184
sameness 2,120264 0,000490
satirical 1,660731 0,000384
satisfaction 0,186330 0,000043
satisfactorily 1,272966 0,000294
satisfactory 0,562119 0,000130
satisfy 0,061875 0,000029
sauce 1,560648 0,000361
savage 0,248461 0,000057
save 0,010050 0,000002
sayer 3,506558 0,000810
scale 0,274437 0,000063
scandal 0,843970 0,000195
scarcely 0,301105 0,000070
scattered 0,139262 0,000032
scene 0,127833 0,000030
scent 0,544727 0,000126
sceptic 1,832581 0,000423
sceptical 1,966113 0,000454
scepticism 1,771957 0,000409
scheme 0,462035 0,000107
school 0,150823 0,000035
science 0,415515 0,000192
scientific 0,776529 0,000179
scoff 1,514128 0,000350
sea 0,116534 0,000027
seal 0,371064 0,000171
search 0,040822 0,000019
seat 0,051293 0,000012
secret 0,051293 0,000012
sect 1,021651 0,000236
secularize 3,912023 0,000904
secure 0,061875 0,000014
seed 0,510826 0,000236
seek 0,083382 0,000077
select 0,301105 0,000070
semper 2,525729 0,000584
send 0,020203 0,000009
sensation 0,371064 0,000171
sensational 2,207275 0,000510
sensationalism 3,506558 0,000810
sense 0,051293 0,000012
senseless 0,867501 0,000200
sensibly 1,139434 0,000263
sensual 1,203973 0,000278
sensuality 1,714798 0,000396
sensuous 2,302585 0,000532
sentence 0,094311 0,000022
sentiment 0,356675 0,000165
separable 2,995732 0,000692
separate 0,094311 0,000065
separately 1,108663 0,000256
separation 0,755023 0,000174
series 0,494296 0,000114
seriousness 1,469676 0,000340
servant 0,105361 0,000049
service 0,072571 0,000017
serviceable 1,237874 0,000286
set 0,010050 0,000007
settle 0,083382 0,000019
seventeen 0,693147 0,000160
severe 0,301105 0,000070
severely 0,634878 0,000147
severity 0,798508 0,000184
shade 0,223144 0,000052
shades 0,916291 0,000212
shadow 0,162519 0,000038
shadowy 1,108663 0,000256
shaggy 1,049822 0,000243
shake 0,072571 0,000034
shallow 0,755023 0,000174
sham 1,560648 0,000721
shame 0,223144 0,000052
shameless 1,427116 0,000330
shamelessly 2,302585 0,000532
share 0,030459 0,000028
sharp 0,139262 0,000032
sheep 0,371064 0,000086
sheepishness 3,912023 0,000904
sheer 0,820981 0,000190
shepherd 0,843970 0,000195
shifting 0,891598 0,000206
shine 0,150823 0,000035
ship 0,198451 0,000046
shoe 0,314711 0,000145
shoemaking 3,218876 0,000744
shoot 0,385662 0,000089
short 0,020203 0,000005
shortly 0,462035 0,000107
shrewd 0,994252 0,000230
shrine 1,203973 0,000278
shut 0,051293 0,000036
shy 0,673345 0,000156
sibilant 2,659260 0,000614
sick 0,150823 0,000035
sickness 0,478036 0,000110
sight 0,040822 0,000019
sighted 0,733969 0,000170
sign 0,051293 0,000024
signification 1,660731 0,000384
silence 0,051293 0,000012
silent 0,051293 0,000012
silently 0,544727 0,000126
silenus 2,525729 0,000584
similarity 1,386294 0,000641
similitude 2,207275 0,000510
simple 0,094311 0,000065
simpleton 1,660731 0,000384
simplicity 0,527633 0,000122
simply 0,150823 0,000035
simultaneous 1,660731 0,000384
simultaneously 1,203973 0,000278
sincerity 0,653926 0,000151
sing 0,261365 0,000121
singing 0,371064 0,000086
single 0,083382 0,000019
singly 1,139434 0,000263
singular 0,430783 0,000100
singularity 1,966113 0,000454
sink 0,072571 0,000050
sir 0,150823 0,000035
sit 0,010050 0,000005
situation 0,198451 0,000046
size 0,223144 0,000103
skill 0,287682 0,000066
slatternly 2,525729 0,000584
slave 0,356675 0,000165
sleep 0,051293 0,000024
slight 0,072571 0,000034
slippery 1,139434 0,000263
slough 1,469676 0,000340
slow 0,139262 0,000064
slowly 0,150823 0,000035
smartly 1,514128 0,000350
smell 0,261365 0,000121
smooth 0,235722 0,000054
smoothly 1,021651 0,000236
smother 0,941609 0,000218
snub 1,660731 0,000384
soar 0,916291 0,000212
sober 0,562119 0,000130
sociable 1,272966 0,000294
social 0,371064 0,000086
society 0,210721 0,000097
socrates 1,609438 0,000372
socratic 2,407946 0,000556
soft 0,210721 0,000049
softness 0,891598 0,000206
soil 0,478036 0,000221
sole 0,301105 0,000070
solemn 0,301105 0,000070
solicit 0,314711 0,000073
solicitation 0,430783 0,000100
solid 0,274437 0,000127
solidification 3,218876 0,000744
solidity 2,040221 0,000471
solitary 0,462035 0,000107
solution 0,755023 0,000174
solve 0,478036 0,000221
son 0,083382 0,000019
sooner 1,309333 0,000303
soothe 0,798508 0,000184
soph 3,506558 0,000810
sophist 2,302585 0,001064
sophistical 2,813411 0,000650
sorely 1,049822 0,000243
sort 0,072571 0,000034
soul 0,083382 0,000039
sound 0,010050 0,000005
soundness 2,995732 0,000692
source 0,274437 0,000063
space 0,105361 0,000024
spare 0,116534 0,000027
spark 0,544727 0,000126
sparring 3,218876 0,000744
spartan 1,609438 0,000372
speak 0,030459 0,000028
speaker 0,634878 0,000293
speaking 0,072571 0,000017
special 0,083382 0,000019
specially 0,820981 0,000190
specific 0,820981 0,000190
specimen 0,579818 0,000134
specious 1,966113 0,000454
spectator 0,544727 0,000252
speculation 0,755023 0,000349
speculative 1,897120 0,000438
speech 0,139262 0,000032
speedily 0,713350 0,000165
spell 0,653926 0,000151
spend 0,051293 0,000012
sphere 0,693147 0,000160
spirit 0,051293 0,000024
spiritual 0,653926 0,000151
spite 0,139262 0,000032
spoil 0,274437 0,000063
spontaneity 3,218876 0,000744
spontaneous 1,139434 0,000263
sport 0,446287 0,000103
spot 0,150823 0,000035
spread 0,051293 0,000012
spring 0,051293 0,000036
spurious 2,120264 0,000490
square 0,223144 0,000103
squeeze 0,798508 0,000369
stadium 3,506558 0,000810
staff 0,261365 0,000060
stage 0,186330 0,000086
stake 0,446287 0,000103
stammer 0,891598 0,000206
stamp 0,261365 0,000121
stand -0,009950 -0,000009
standard 0,544727 0,000126
star 0,261365 0,000060
starry 1,272966 0,000294
start -0,009950 -0,000005
statement 0,186330 0,000086
statesman 1,049822 0,000243
stationary 1,427116 0,000330
status 0,446287 0,000103
stay 0,061875 0,000029
steady 0,301105 0,000070
step 0,030459 0,000014
stick 0,174353 0,000040
stiff 0,430783 0,000100
stiffness 1,660731 0,000384
stifle 0,967584 0,000447
stillness 0,891598 0,000206
stimulus 1,560648 0,000361
stirring 0,494296 0,000114
stock 0,235722 0,000054
stoics 2,302585 0,000532
stolid 1,660731 0,000384
stone 0,094311 0,000022
store 0,061875 0,000029
storm 0,274437 0,000063
story 0,030459 0,000007
stoutly 1,237874 0,000286
straight 0,105361 0,000024
strain 0,248461 0,000115
strait 1,049822 0,000243
strange 0,061875 0,000029
strangely 0,579818 0,000134
stranger 0,139262 0,000032
stream 0,139262 0,000064
strength 0,030459 0,000007
strengthen 0,478036 0,000110
stress 0,891598 0,000206
strict 0,186330 0,000043
strictly 0,579818 0,000134
stride 0,616186 0,000142
strife 0,994252 0,000230
strike 0,020203 0,000005
striking 0,274437 0,000063
string 0,371064 0,000086
strip 0,385662 0,000178
stripe 1,171183 0,000271
strong 0,020203 0,000014
structure 0,634878 0,000147
student 0,579818 0,000268
study 0,094311 0,000087
stuff 0,223144 0,000052
stumble 0,562119 0,000130
stumbling 1,108663 0,000256
stunt 1,832581 0,000423
stupid 0,478036 0,000110
stupidity 0,916291 0,000212
style 0,261365 0,000060
subject 0,061875 0,000043
subjective 2,120264 0,000490
subscribe 0,342490 0,000079
subsequent 0,867501 0,000200
substance 0,415515 0,000192
substitute 0,713350 0,000330
subtle 0,713350 0,000165
subtlety 1,272966 0,000294
subtraction 2,659260 0,000614
succeed 0,105361 0,000073
success 0,162519 0,000038
succession 0,510826 0,000118
successive 0,891598 0,000206
successively 1,347074 0,000311
successor 0,916291 0,000423
sudden 0,072571 0,000017
suddenly 0,040822 0,000009
sue 1,386294 0,000320
suffer 0,061875 0,000014
suffering 0,210721 0,000097
suffice 0,544727 0,000252
sufficient 0,139262 0,000032
suffrage 2,040221 0,000471
suggestion 0,356675 0,000082
suicidal 2,302585 0,000532
suit 0,198451 0,000092
suitable 0,462035 0,000107
sum 0,261365 0,000121
summon 0,544727 0,000126
sun 0,072571 0,000017
superb 1,203973 0,000278
superficial 1,108663 0,000256
superfluity 1,832581 0,000423
superior 0,261365 0,000060
supernatural 1,272966 0,000294
supersede 1,560648 0,000361
supervise 2,207275 0,000510
supple 1,171183 0,000271
supplement 1,469676 0,000340
supply 0,210721 0,000146
support 0,094311 0,000044
suppose 0,020203 0,000019
supposition 0,776529 0,000179
surely 0,186330 0,000043
surface 0,287682 0,000066
surprised 0,210721 0,000049
surround 0,162519 0,000113
survey 0,462035 0,000320
survive 0,186330 0,000086
suspect 0,162519 0,000075
suspicion 0,210721 0,000049
sustain 0,314711 0,000073
swamp 0,287682 0,000066
swarm 0,634878 0,000147
swear 0,261365 0,000060
sweet 0,139262 0,000032
sweetness 0,673345 0,000156
swift 0,385662 0,000178
swim 0,478036 0,000110
swine 1,347074 0,000311
swineherd 3,218876 0,000744
syllable 0,776529 0,000359
symbol 1,108663 0,000512
sympathy 0,314711 0,000073
symposium 2,995732 0,000692
symptom 0,693147 0,000160
synonymous 0,446287 0,000103
synthesis 2,525729 0,000584
synthetical 3,218876 0,000744
ta 2,302585 0,000532
tablet 1,897120 0,000438
tabula 3,218876 0,000744
tadpole 2,813411 0,001300
tale 0,248461 0,000057
talent 0,385662 0,000089
talk 0,061875 0,000029
talking 0,150823 0,000035
tall 0,198451 0,000092
task 0,248461 0,000057
taste 0,105361 0,000024
tax 0,248461 0,000115
teach 0,083382 0,000077
teacher 0,415515 0,000192
technical 1,660731 0,000384
tedious 0,755023 0,000174
telescope 1,386294 0,000320
temper 0,261365 0,000121
temperance 1,560648 0,000361
tempered 0,653926 0,000151
tempt 0,415515 0,000096
tend 0,430783 0,000199
tendency 0,527633 0,000244
tenderness 0,616186 0,000142
tenet 2,040221 0,000471
term 0,061875 0,000043
testimony 0,562119 0,000130
tethys 2,995732 0,000692
theat 3,912023 0,000904
theology 1,427116 0,000330
theory 0,400478 0,000185
theseus 1,966113 0,000454
thesis 2,302585 0,000532
thinker 1,427116 0,000659
thinking 0,274437 0,000063
thirdly 1,347074 0,000311
thither 0,579818 0,000134
thoroughbred 2,813411 0,000650
thracian 2,659260 0,000614
threaten 0,186330 0,000043
threshold 0,562119 0,000130
throw 0,010050 0,000012
thrust 0,287682 0,000066
thy 0,634878 0,000147
ti 2,659260 0,000614
tie 0,105361 0,000024
timaeus 2,659260 0,000614
time -0,009950 -0,000005
timidity 1,469676 0,000340
tired 0,198451 0,000046
tiresome 1,078810 0,000249
tissue 1,427116 0,000330
title 0,116534 0,000027
ton 1,021651 0,000236
tongue 0,139262 0,000032
topic 0,733969 0,000339
totality 2,659260 0,000614
touch 0,010050 0,000007
trace 0,198451 0,000183
track 0,415515 0,000096
tractable 2,120264 0,000490
trademark 0,562119 0,000130
tradition 0,755023 0,000174
tragedy 0,733969 0,000170
trail 0,653926 0,000151
train 0,162519 0,000075
training 0,776529 0,000179
trait 1,139434 0,000263
trample 0,597837 0,000276
transcribe 0,462035 0,000107
transcription 0,527633 0,000122
transfer 0,693147 0,000480
transference 2,659260 0,000614
transform 0,693147 0,000320
transition 1,272966 0,000294
translate 0,634878 0,000147
transmit 1,049822 0,000728
transplacement 3,912023 0,000904
transpose 2,407946 0,000556
trap 0,527633 0,000122
travail 1,897120 0,000438
travel 0,198451 0,000046
traveller 0,755023 0,000174
treacherous 0,891598 0,000206
treat 0,127833 0,000089
treatment 0,127833 0,000030
tree 0,061875 0,000014
trial 0,261365 0,000060
trice 2,525729 0,000584
trifle 0,446287 0,000103
trifling 0,653926 0,000151
trilogy 3,912023 0,000904
trip 0,510826 0,000354
triumph 0,261365 0,000060
trivial 0,776529 0,000179
trojan 1,832581 0,000423
trouble 0,010050 0,000005
troublesome 0,843970 0,000195
truant 2,207275 0,001020
true 0,020203 0,000014
truism 2,813411 0,001300
trust 0,061875 0,000014
trustees 2,302585 0,000532
trustworthy 1,514128 0,000350
truth 0,030459 0,000014
tumble 0,494296 0,000114
tune 0,616186 0,000142
twist 0,314711 0,000145
type 0,174353 0,000081
tyrant 0,843970 0,000195
ubique 3,218876 0,000744
ugly 0,385662 0,000089
ultimately 1,108663 0,000256
umbilical 3,218876 0,000744
unable 0,248461 0,000057
unaccompanied 2,525729 0,000584
unacquaint 1,427116 0,000330
unanalyzed 3,912023 0,000904
unanswerable 1,771957 0,000409
unanswered 2,302585 0,000532
unassailable 2,407946 0,000556
unbidden 2,407946 0,000556
unbounded 1,309333 0,000303
uncertain 0,301105 0,000070
uncertainty 0,776529 0,000179
unchangeable 1,771957 0,000409
unchanged 0,994252 0,000230
uncompounded 3,506558 0,000810
unconnected 1,897120 0,000438
unconscious 0,400478 0,000093
unconsciously 0,634878 0,000147
unconvinced 2,995732 0,000692
uncouth 1,347074 0,000311
undefined 1,714798 0,000396
undergo 0,510826 0,000118
underground 1,309333 0,000303
understand 0,020203 0,000009
understanding 0,223144 0,000103
undertake 0,385662 0,000089
undoubtedly 0,634878 0,000147
unearth 1,832581 0,000423
uneducated 1,660731 0,000384
unenforceability 0,562119 0,000130
unequal 0,843970 0,000195
unerring 1,966113 0,000454
unexamined 3,506558 0,000810
unfairly 2,207275 0,000510
unfairness 3,218876 0,000744
unfinished 1,049822 0,000243
unfold 0,755023 0,000174
unfortunate 0,314711 0,000073
unfrequently 2,207275 0,000510
ungainly 2,120264 0,000490
unholy 1,469676 0,000340
uniform 0,210721 0,000049
uninformed 2,659260 0,000614
uninitiated 2,659260 0,000614
unintelligible 1,237874 0,000286
unintentionally 1,966113 0,000454
union 0,494296 0,000228
unit 1,771957 0,000819
unite 0,867501 0,000200
united 0,094311 0,000022
unity 1,049822 0,000243
universal 0,478036 0,000221
universality 2,659260 0,000614
universe 0,733969 0,000170
unjust 0,693147 0,000160
unknown 0,105361 0,000049
unlawful 1,469676 0,000340
unlikeness 3,218876 0,000744
unlimited 1,078810 0,000249
unlink 0,562119 0,000130
unlock 0,755023 0,000174
unmeaning 2,525729 0,000584
unmistakably 1,832581 0,000423
unmoved 0,916291 0,000212
unnoted 3,912023 0,000904
unpleasant 0,562119 0,000130
unpretentious 2,813411 0,000650
unravel 1,832581 0,000423
unreal 1,514128 0,000350
unresisting 2,302585 0,000532
unrighteous 1,966113 0,000454
unrivalled 2,207275 0,000510
unsatisfactory 1,609438 0,000372
unscientific 2,813411 0,000650
unseen 0,616186 0,000142
unsettled 1,309333 0,000303
unsolicited 0,510826 0,000118
untenable 2,207275 0,000510
untrained 2,407946 0,000556
untrue 1,309333 0,000303
untutored 2,995732 0,000692
unused 1,966113 0,000454
unverified 3,506558 0,000810
unwilling 0,653926 0,000151
unwittingly 1,660731 0,000384
unworthy 0,673345 0,000156
update 0,510826 0,000118
upholder 2,995732 0,000692
upper 0,314711 0,000073
uprightness 1,771957 0,000409
upside 1,347074 0,000311
urge 0,274437 0,000190
useless 0,235722 0,000054
user 0,544727 0,000126
usher 0,867501 0,000200
ut 0,510826 0,000118
utilitarian 2,659260 0,000614
utmost 0,356675 0,000082
utter 0,162519 0,000150
utterance 0,867501 0,000200
utterly 0,371064 0,000086
vacancy 1,139434 0,000263
vacant 0,693147 0,000160
vacuum 2,207275 0,000510
vague 0,579818 0,000134
vain 0,116534 0,000027
vainly 0,634878 0,000147
valiant 1,309333 0,000303
valorous 2,525729 0,000584
vanilla 0,544727 0,000126
vanity 0,400478 0,000093
variance 1,560648 0,000361
variation 0,994252 0,000459
variety 0,150823 0,000070
variously 1,427116 0,000330
vary 0,342490 0,000158
veil 0,510826 0,000118
veiled 1,272966 0,000294
venerable 0,843970 0,000195
venture 0,223144 0,000052
verb 1,609438 0,000744
verbal 1,203973 0,000278
verification 2,120264 0,000490
verify 1,171183 0,000541
vernacular 2,525729 0,000584
verse 0,478036 0,000110
version 0,342490 0,000079
vestige 1,272966 0,000294
vice 0,478036 0,000110
victim 0,385662 0,000178
victory 0,356675 0,000082
view 0,040822 0,000038
vine 0,867501 0,000200
vinegrower 3,912023 0,000904
vintage 1,660731 0,000384
violate 0,342490 0,000158
violence 0,248461 0,000057
violent 0,223144 0,000052
virtue 0,287682 0,000133
virus 0,527633 0,000122
vision 0,301105 0,000139
visit 0,030459 0,000007
visitor 0,446287 0,000103
visual 2,407946 0,000556
voice 0,020203 0,000005
void 0,261365 0,000060
volition 1,714798 0,000396
volunteer 0,314711 0,000073
volunteers 0,430783 0,000100
votary 2,040221 0,000471
vote 0,843970 0,000195
vowel 2,120264 0,000980
voyage 0,616186 0,000142
vulgar 0,634878 0,000147
waggon 1,660731 0,000384
wait 0,061875 0,000014
wake 0,223144 0,000103
walk 0,000000 0,000000
wall 0,094311 0,000022
wander 0,116534 0,000081
war 0,139262 0,000064
warm 0,116534 0,000027
warmth 0,579818 0,000134
warped 1,897120 0,000438
warranty 0,544727 0,000252
warrior 1,108663 0,000256
waste 0,127833 0,000059
watch 0,020203 0,000005
water 0,040822 0,000009
wave 0,210721 0,000049
waver 0,733969 0,000170
wax 0,446287 0,000103
waxen 1,514128 0,000350
wayward 1,897120 0,000438
weak 0,105361 0,000049
wealth 0,287682 0,000066
wealthy 0,579818 0,000134
wear 0,083382 0,000019
weary 0,186330 0,000043
weave 0,693147 0,000160
week 0,127833 0,000030
weight 0,116534 0,000027
west 0,083382 0,000019
western 0,616186 0,000142
whatsoever 0,287682 0,000066
wheel 0,274437 0,000063
wherefore 1,139434 0,000263
white 0,051293 0,000012
whiteness 1,139434 0,000263
wholly 0,400478 0,000093
wicked 0,328504 0,000076
wide 0,030459 0,000021
wife 0,083382 0,000019
wild 0,051293 0,000012
win 0,356675 0,000082
wind 0,094311 0,000022
window 0,162519 0,000075
wine 0,235722 0,000054
wing 0,314711 0,000073
wipe 0,415515 0,000096
wisdom 0,287682 0,000066
wise 0,094311 0,000065
wit 0,198451 0,000092
withdraw 0,210721 0,000146
witness 0,116534 0,000054
witted 1,609438 0,000372
witty 1,139434 0,000263
woman 0,030459 0,000014
womb 1,272966 0,000294
wonderful 0,162519 0,000038
wonderfully 0,510826 0,000118
wood 0,083382 0,000019
wooden 0,415515 0,000096
word 0,020203 0,000005
worker 0,941609 0,000218
workings 1,609438 0,000372
workman 0,755023 0,000174
worship 0,415515 0,000096
worth 0,061875 0,000014
worthy 0,186330 0,000043
wounded 0,274437 0,000063
wrack 2,407946 0,000556
wrestler 1,832581 0,000423
wretch 0,653926 0,000151
wretched 0,328504 0,000076
write 0,020203 0,000019
writer 0,328504 0,000152
writing 0,061875 0,000014
writings 0,994252 0,000230
wrong 0,072571 0,000017
yoke 0,994252 0,000230
youth 0,139262 0,000032
youthful 0,673345 0,000156
zeal 0,579818 0,000134
zealous 1,049822 0,000243
