abandon 0,223144 0,000111
abasement 1,897120 0,000946
abel 2,120264 0,001057
abhorred 1,560648 0,000778
abide 0,248461 0,000248
ability 0,478036 0,000238
abominable 0,867501 0,000433
abundant 0,867501 0,000433
abundantly 1,272966 0,000635
accept 0,061875 0,000123
acceptable 0,967584 0,000483
access 0,314711 0,000314
accessible 0,446287 0,000223
accomplished 0,385662 0,000192
accord 0,527633 0,000263
account 0,010050 0,000005
accursed 1,108663 0,000553
accustomed 0,287682 0,000143
acknowledge 0,274437 0,000137
acquire 0,371064 0,000185
active 0,127833 0,000064
actual 0,174353 0,000087
adam 0,941609 0,000470
addition 0,116534 0,000116
additional 0,198451 0,000099
address 0,072571 0,000072
admonish 1,237874 0,000617
adultery 1,832581 0,000914
advice 0,186330 0,000093
affect 0,478036 0,000238
afflict 0,597837 0,000596
affliction 0,798508 0,000398
afraid 0,105361 0,000053
aged 0,198451 0,000099
agent 0,223144 0,000111
agree 0,051293 0,000051
agreement 0,210721 0,000105
air 0,061875 0,000031
ak 1,347074 0,000672
alienated 2,040221 0,001018
allusion 0,755023 0,000377
altar 0,755023 0,000377
alter 0,235722 0,000235
alteration 0,261365 0,000130
alternate 0,261365 0,000130
altogether 0,198451 0,000099
amazed 0,634878 0,000317
amen 1,237874 0,000617
amend 0,820981 0,000409
ancient 0,198451 0,000099
angel 0,579818 0,000289
angels 0,776529 0,000387
anger 0,287682 0,000143
angry 0,174353 0,000087
animal 0,223144 0,000223
answer 0,020203 0,000010
apparition 0,994252 0,000496
apparitions 2,407946 0,001201
appeal 0,261365 0,000130
appealing 1,171183 0,000584
appeals 0,916291 0,000457
appearance 0,072571 0,000036
appease 0,941609 0,000470
applicable 0,400478 0,000200
apply 0,116534 0,000116
approach 0,040822 0,000041
approve 0,342490 0,000171
arabic 2,120264 0,001057
archive 0,544727 0,000272
array 0,248461 0,000124
arrive 0,083382 0,000042
arson 2,995732 0,001494
art 0,127833 0,000128
ascii 0,562119 0,000280
ashamed 0,248461 0,000124
asleep 0,162519 0,000081
aspire 0,967584 0,000483
assistance 0,105361 0,000053
assume 0,162519 0,000081
astray 1,078810 0,000538
atomic 2,813411 0,001403
attach 0,116534 0,000058
attempt 0,051293 0,000051
attend 0,127833 0,000064
author 0,116534 0,000058
authority 0,223144 0,000111
avenge 0,891598 0,000889
await 0,314711 0,000314
awake 0,150823 0,000075
awful 0,328504 0,000164
bad 0,020203 0,000010
badly 0,446287 0,000223
bake 1,897120 0,000946
bank 0,210721 0,000105
bare 0,150823 0,000075
base 0,094311 0,000047
bathe 1,139434 0,000568
bear 0,000000 0,000000
beard 0,527633 0,000263
beast 0,235722 0,000118
beat 0,083382 0,000042
beautiful 0,083382 0,000042
beautifully 0,867501 0,000433
beauty 0,162519 0,000081
befall 0,527633 0,000526
beg 0,116534 0,000174
beguile 1,386294 0,000691
behalf 0,713350 0,000356
behave 0,462035 0,000230
behold 0,235722 0,000353
belief 0,198451 0,000099
belly 0,798508 0,000398
belong 0,072571 0,000036
bent 0,174353 0,000087
beseech 0,891598 0,000889
besought 1,309333 0,000653
beware 0,820981 0,000409
bible 0,755023 0,000377
biblical 2,407946 0,001201
binary 0,562119 0,000280
bind 0,030459 0,000015
bird 0,150823 0,000075
birth 0,301105 0,000150
bitter 0,210721 0,000105
bitterly 0,579818 0,000289
bitterness 0,634878 0,000317
black 0,061875 0,000031
blame 0,162519 0,000081
blaspheme 1,832581 0,000914
bleed 0,967584 0,000483
bleeding 0,843970 0,000421
blemish 1,660731 0,000828
bless 0,415515 0,000207
blessed 0,356675 0,000178
blessing 0,415515 0,000207
blood 0,116534 0,000058
blot 0,820981 0,000819
blow 0,061875 0,000093
body 0,010050 0,000010
bond 0,478036 0,000477
bone 0,198451 0,000198
book 0,040822 0,000041
border 0,400478 0,000399
bosom 0,446287 0,000223
bottle 0,430783 0,000215
bow 0,127833 0,000064
brain 0,314711 0,000157
branch 0,186330 0,000093
brass 0,462035 0,000230
breach 0,274437 0,000137
bread 0,248461 0,000124
break 0,010050 0,000015
breast 0,198451 0,000198
breathe 0,261365 0,000261
breeze 0,713350 0,000356
bright 0,094311 0,000047
brighten 0,673345 0,000336
brightness 0,634878 0,000317
brilliant 0,430783 0,000215
bring 0,000000 0,000000
broad 0,127833 0,000064
broth 1,832581 0,000914
brother 0,127833 0,000064
bruise 0,673345 0,000336
brutish 2,040221 0,001018
bucket 1,049822 0,000524
build 0,094311 0,000047
burden 0,198451 0,000099
burn 0,061875 0,000123
burns 1,203973 0,000600
bury 0,186330 0,000093
business 0,040822 0,000020
cain 1,660731 0,000828
calculate 0,116534 0,000116
calm 0,274437 0,000137
carcass 1,171183 0,000584
card 0,139262 0,000069
care 0,000000 0,000000
carefully 0,139262 0,000069
carry 0,010050 0,000015
cast 0,116534 0,000058
catch 0,072571 0,000036
caution 0,478036 0,000238
cautious 0,673345 0,000336
cave 0,653926 0,000326
cavern 0,967584 0,000483
cease 0,061875 0,000093
century 0,328504 0,000328
cereal 2,525729 0,001260
change 0,010050 0,000010
chapter 0,328504 0,000164
character 0,061875 0,000031
charge 0,040822 0,000041
charitable 0,287682 0,000143
charity 0,186330 0,000093
charming 0,527633 0,000263
check 0,072571 0,000072
cherub 1,897120 0,000946
cherubim 2,040221 0,001018
chest 0,342490 0,000171
chief 0,094311 0,000047
child 0,040822 0,000041
choose 0,020203 0,000020
christ 0,867501 0,000433
church 0,261365 0,000130
city 0,051293 0,000026
claim 0,083382 0,000042
clean 0,210721 0,000105
cleanness 2,813411 0,001403
cleanse 1,237874 0,000617
clearness 1,049822 0,000524
close 0,010050 0,000010
clothe 0,287682 0,000430
cloud 0,150823 0,000075
coal 0,527633 0,000263
code 0,287682 0,000143
cold 0,040822 0,000020
collection 0,162519 0,000081
color 0,967584 0,000483
combat 0,820981 0,000409
comedy 0,916291 0,000457
comfort 0,105361 0,000158
comfortable 0,261365 0,000130
coming 1,021651 0,000510
command 0,116534 0,000174
commandment 1,514128 0,001510
commercial 0,274437 0,000137
commit 0,116534 0,000174
commune 1,560648 0,002335
company 0,020203 0,000010
compare 0,162519 0,000081
compilation 0,478036 0,000238
complete 0,105361 0,000053
compliance 0,342490 0,000171
comply 0,287682 0,000287
compressed 0,342490 0,000171
concealment 1,108663 0,000553
conceive 0,223144 0,000111
concept 0,527633 0,000263
conclude 0,235722 0,000118
conclusion 0,210721 0,000105
condemn 0,446287 0,000445
condition 0,051293 0,000051
confirm 0,139262 0,000069
confirmation 0,356675 0,000178
conflict 0,597837 0,000298
consent 0,223144 0,000223
consequential 0,478036 0,000238
considerable 0,105361 0,000053
consolation 0,634878 0,000317
consort 1,309333 0,000653
constant 0,051293 0,000026
construct 0,713350 0,000356
consulting 0,891598 0,000445
consume 0,462035 0,000461
contact 0,210721 0,000105
content 0,174353 0,000087
contents 0,094311 0,000047
continually 0,446287 0,000223
continue 0,186330 0,000093
continued 0,072571 0,000036
contract 0,139262 0,000069
contrary 0,198451 0,000099
contribution 0,371064 0,000185
control 0,223144 0,000111
converse 0,494296 0,000247
convert 0,186330 0,000186
cook 0,223144 0,000111
cool 0,248461 0,000124
copying 0,494296 0,000247
copyright 0,415515 0,000207
corn 0,527633 0,000263
corner 0,072571 0,000036
corporation 0,400478 0,000200
corpse 0,616186 0,000615
corrupt 0,235722 0,000118
cost 0,105361 0,000105
counsel 0,462035 0,000691
country 0,010050 0,000010
covenant 1,469676 0,001466
cover 0,223144 0,000223
covered 0,139262 0,000069
covering 0,415515 0,000207
crack 0,478036 0,000238
crafty 1,427116 0,000712
create 0,094311 0,000141
creation 0,198451 0,000099
creator 1,139434 0,000568
creature 0,116534 0,000116
credit 0,094311 0,000047
creep 0,198451 0,000099
critical 0,235722 0,000118
cross 0,083382 0,000042
crown 0,210721 0,000105
crucify 1,560648 0,000778
cruel 0,261365 0,000130
cruelly 0,820981 0,000409
crush 0,274437 0,000137
crying 1,560648 0,000778
crystal 0,941609 0,000470
cultivate 0,462035 0,000230
current 0,116534 0,000058
curse 0,342490 0,000342
custom 0,210721 0,000105
cut 0,030459 0,000015
damage 0,223144 0,000223
damages 0,400478 0,000200
dark 0,051293 0,000026
darkness 0,186330 0,000093
datum 0,494296 0,000247
daughter 0,174353 0,000087
dawn 0,314711 0,000314
day 0,000000 0,000000
daylight 0,446287 0,000223
dead 0,072571 0,000036
deal 0,061875 0,000062
death 0,020203 0,000010
deceit 0,967584 0,000483
deceitful 1,347074 0,000672
deceive 0,261365 0,000391
deception 0,916291 0,000457
decide 0,040822 0,000020
decree 0,673345 0,000336
deductible 0,562119 0,000280
deed 0,287682 0,000143
deep 0,020203 0,000010
deeply 0,261365 0,000130
defeat 0,634878 0,000317
defect 0,261365 0,000261
defective 0,356675 0,000178
defile 1,078810 0,001076
degradation 1,108663 0,000553
deletion 0,562119 0,000280
delicious 0,713350 0,000356
delight 0,150823 0,000150
deliver 0,223144 0,000223
deliverance 0,941609 0,000470
demand 0,051293 0,000026
dennis 2,813411 0,001403
deny 0,072571 0,000036
depart 0,162519 0,000162
depend 0,040822 0,000020
deprive 0,415515 0,000414
depths 0,446287 0,000223
derivative 0,510826 0,000255
derive 0,210721 0,000210
descend 0,174353 0,000087
descendant 0,867501 0,000865
description 0,248461 0,000124
deserted 0,385662 0,000192
desire 0,051293 0,000077
desolate 0,733969 0,000366
destroy 0,061875 0,000093
destruction 0,342490 0,000171
detach 0,287682 0,000143
determine 0,061875 0,000062
device 0,597837 0,000298
devil 0,301105 0,000300
devour 0,462035 0,000230
die 0,010050 0,000015
difficult 0,116534 0,000058
dig 0,356675 0,000356
digestive 2,407946 0,001201
diligently 1,203973 0,000600
dip 0,673345 0,000336
direct 0,040822 0,000020
director 0,733969 0,000366
disappear 0,223144 0,000111
disappoint 1,427116 0,000712
discernment 1,469676 0,000733
disclaim 0,462035 0,000230
disclaimer 0,562119 0,000561
discontinue 0,510826 0,000255
discourse 0,579818 0,000289
discover 0,030459 0,000030
disk 0,415515 0,000207
display 0,162519 0,000243
displeased 1,108663 0,000553
distance 0,105361 0,000053
distant 0,162519 0,000081
distress 0,274437 0,000137
distribute 0,210721 0,000315
distribution 0,430783 0,000215
distributor 0,544727 0,000272
divide 0,150823 0,000075
divine 0,356675 0,000178
divinity 0,867501 0,000433
domain 0,328504 0,000164
dome 1,309333 0,000653
dominion 0,941609 0,000470
donate 0,544727 0,000272
donation 0,446287 0,000445
donor 0,478036 0,000238
doom 0,579818 0,000289
download 0,562119 0,000280
drag 0,248461 0,000124
draw 0,020203 0,000010
dread 0,248461 0,000124
drink 0,072571 0,000072
drinking 0,371064 0,000185
drive 0,030459 0,000046
drop 0,061875 0,000031
drown 0,314711 0,000157
drunk 0,415515 0,000207
dry 0,116534 0,000116
duly 0,843970 0,000421
dumb 0,562119 0,000280
dungeon 1,237874 0,000617
durra 3,912023 0,001951
dust 0,162519 0,000081
dwelling 0,494296 0,000247
ear 0,061875 0,000062
earth 0,051293 0,000026
earthly 0,673345 0,000336
earthy 1,897120 0,000946
easily 0,072571 0,000036
east 0,235722 0,000118
eastern 0,733969 0,000366
eastward 1,203973 0,000600
easy 0,000000 0,000000
eat 0,040822 0,000061
eating 0,235722 0,000118
eden 1,771957 0,000884
edge 0,150823 0,000075
edition 0,287682 0,000287
editorial 2,525729 0,001260
educational 0,446287 0,000223
effort 0,094311 0,000094
egypt 0,891598 0,000445
egyptian 1,108663 0,001106
eighth 0,798508 0,000398
eightieth 2,407946 0,001201
elect 0,210721 0,000105
electronic 0,544727 0,000272
electronically 0,544727 0,000272
element 0,342490 0,000342
elevated 0,891598 0,000445
eloquently 1,897120 0,000946
email 0,562119 0,000280
embed 2,302585 0,001148
emotional 1,171183 0,000584
employee 0,510826 0,000510
encode 0,653926 0,000326
encompass 1,203973 0,001201
encourage 0,301105 0,000150
endeavor 1,203973 0,000600
endurance 0,891598 0,000445
endure 0,210721 0,000210
enemy 0,105361 0,000053
english 0,094311 0,000047
enjoy 0,072571 0,000072
enslave 1,272966 0,000635
ensure 0,342490 0,000342
enter 0,020203 0,000020
entice 1,386294 0,000691
entity 0,544727 0,000272
entrance 0,210721 0,000105
entreat 0,713350 0,000712
envious 1,309333 0,000653
equipment 0,415515 0,000207
equivalent 1,078810 0,000538
erase 1,660731 0,000828
error 0,072571 0,000036
escape 0,061875 0,000062
escort 0,755023 0,000377
establish 0,579818 0,000578
established 0,301105 0,000150
estate 0,478036 0,000238
estrange 1,386294 0,000691
eternal 0,415515 0,000207
ethiopic 3,506558 0,001749
eve 0,673345 0,000336
evening 0,072571 0,000036
event 0,150823 0,000075
evil 0,150823 0,000075
exact 0,274437 0,000137
exalt 0,597837 0,000298
exchange 0,210721 0,000105
exclusion 0,371064 0,000185
executive 1,171183 0,000584
exempt 0,314711 0,000157
exist 0,072571 0,000036
existence 0,150823 0,000075
exodus 2,040221 0,001018
expel 1,203973 0,000600
expend 0,301105 0,000150
expense 0,127833 0,000128
explain 0,116534 0,000116
explanation 0,139262 0,000069
explore 0,713350 0,000356
export 0,446287 0,000223
express 0,072571 0,000036
expression 0,116534 0,000058
extent 0,083382 0,000042
extract 0,544727 0,000272
eye 0,000000 0,000000
facility 0,342490 0,000171
fail 0,072571 0,000036
faint 0,186330 0,000186
faintness 1,714798 0,000855
fair 0,051293 0,000051
fairbanks 1,386294 0,000691
faith 0,210721 0,000105
fall 0,000000 0,000000
falls 0,328504 0,000164
false 0,210721 0,000105
falsely 1,171183 0,000584
familiar 0,150823 0,000075
family 0,061875 0,000031
fan 0,579818 0,000289
fancy 0,162519 0,000081
fashion 0,105361 0,000053
fast 0,030459 0,000030
fasting 1,049822 0,000524
father 0,061875 0,000031
favor 0,994252 0,000496
favorable 1,469676 0,000733
fear 0,020203 0,000030
federal 0,527633 0,000263
fee 0,301105 0,000300
feeble 0,356675 0,000178
feed 0,248461 0,000124
feeding 0,616186 0,000307
feel 0,020203 0,000010
feeling 0,072571 0,000036
fellow 0,040822 0,000020
fervent 1,021651 0,000510
fetch 0,510826 0,000510
fiction 0,843970 0,000421
field 0,094311 0,000094
fiery 0,713350 0,000356
fiftieth 1,832581 0,000914
fig 1,203973 0,001201
fight 0,083382 0,000042
figure 0,051293 0,000026
file 0,223144 0,000223
final 0,342490 0,000171
finally 0,150823 0,000075
financial 0,415515 0,000207
finish 0,287682 0,000143
finished 0,162519 0,000081
fit 0,030459 0,000046
fitness 0,446287 0,000223
flame 0,248461 0,000372
flare 1,108663 0,000553
flash 0,261365 0,000391
flat 0,139262 0,000069
flee 0,301105 0,000300
flesh 0,210721 0,000105
flock 0,385662 0,000192
flood 0,430783 0,000215
flourishing 1,021651 0,000510
flow 0,174353 0,000261
fluttering 0,994252 0,000496
follow 0,020203 0,000010
food 0,127833 0,000064
foot 0,051293 0,000026
footnote 1,427116 0,000712
forbearing 2,302585 0,001148
force 0,030459 0,000030
forevermore 2,995732 0,001494
forget 0,010050 0,000010
forgive 0,314711 0,000471
forgiveness 0,916291 0,000457
form 0,020203 0,000030
format 0,562119 0,000561
forsake 0,755023 0,000377
fortieth 2,302585 0,001148
forwardly 3,912023 0,001951
foundation 0,127833 0,000064
fountain 0,653926 0,000326
fourth 0,174353 0,000087
fowls 1,272966 0,000635
fraud 1,078810 0,000538
freely 0,105361 0,000053
frequently 0,287682 0,000143
friday 0,967584 0,000483
friendly 0,248461 0,000124
frightened 0,301105 0,000150
frown 0,673345 0,000336
fruit 0,162519 0,000162
fulfil 0,385662 0,000385
fulfillment 2,302585 0,001148
function 0,820981 0,000409
future 0,105361 0,000053
gabriel 1,966113 0,000981
gain 0,040822 0,000020
garden 0,150823 0,000075
garment 0,400478 0,000399
gate 0,210721 0,000210
gather 0,061875 0,000062
generation 0,127833 0,000128
genesis 1,427116 0,000712
gently 0,235722 0,000118
ghost 0,462035 0,000230
gift 0,210721 0,000210
girdle 1,078810 0,000538
girt 1,469676 0,000733
glad 0,072571 0,000036
gladness 1,049822 0,000524
gladsome 2,525729 0,001260
glisten 0,820981 0,000409
gloom 0,579818 0,000289
glorify 1,272966 0,000635
glorious 0,462035 0,000230
glory 0,301105 0,000150
glow 0,314711 0,000157
goal 0,274437 0,000274
god 0,083382 0,000083
godhead 2,120264 0,001057
gold 0,083382 0,000042
golden 0,342490 0,000171
golgotha 2,995732 0,001494
goodness 0,328504 0,000164
goodwill 1,660731 0,000828
goth 2,995732 0,001494
govern 0,186330 0,000186
grace 0,235722 0,000118
gracious 0,544727 0,000272
grain 0,562119 0,000280
grant 0,061875 0,000062
grass 0,301105 0,000150
gratefully 0,415515 0,000207
grave 0,116534 0,000058
gray 0,733969 0,000366
greatly 0,210721 0,000105
greatness 0,693147 0,000346
green 0,105361 0,000053
greet 0,653926 0,000326
gregory 1,139434 0,000568
grief 0,356675 0,000178
grieve 0,673345 0,000672
grievous 0,967584 0,000483
groan 0,446287 0,000223
gross 0,235722 0,000118
ground 0,030459 0,000015
grove 0,733969 0,000366
grow 0,010050 0,000020
gruff 1,660731 0,000828
guard 0,083382 0,000125
guest 0,235722 0,000118
guile 1,514128 0,000755
hair 0,072571 0,000036
hallowed 1,897120 0,000946
hand 0,010050 0,000015
handmaid 1,660731 0,000828
handmaiden 2,659260 0,001326
hanging 0,235722 0,000118
happen 0,030459 0,000030
hard 0,040822 0,000020
hardened 0,820981 0,000409
hardship 0,713350 0,000356
harm 0,210721 0,000105
harmless 0,248461 0,000124
hart 0,462035 0,000230
hasten 0,371064 0,000185
hate 0,150823 0,000150
hater 2,525729 0,001260
haughtily 1,771957 0,000884
hawkins 2,302585 0,001148
head 0,000000 0,000000
heal 0,867501 0,000433
health 0,198451 0,000099
heap 0,248461 0,000248
hear 0,010050 0,000010
hearing 0,139262 0,000069
heart 0,010050 0,000010
hearted 0,415515 0,000207
heat 0,198451 0,000099
heaven 0,174353 0,000174
heavenly 0,843970 0,000421
heavily 0,400478 0,000200
heaviness 1,714798 0,000855
heavy 0,030459 0,000015
helper 1,714798 0,000855
helpless 0,328504 0,000164
helpmate 2,659260 0,001326
helpmeet 2,995732 0,001494
hide 0,072571 0,000072
hideous 0,527633 0,000263
hill 0,150823 0,000075
historical 0,843970 0,000421
history 0,186330 0,000093
hit 0,314711 0,000157
hold 0,010050 0,000010
holder 0,430783 0,000215
hole 0,261365 0,000261
holy 0,371064 0,000185
homage 1,078810 0,000538
hope 0,000000 0,000000
host 0,446287 0,000445
hour 0,061875 0,000062
house 0,020203 0,000010
huge 0,400478 0,000200
human 0,072571 0,000036
humble 0,261365 0,000130
humor 1,203973 0,000600
hung 0,174353 0,000087
hunger 0,478036 0,000238
hungry 0,314711 0,000157
hurl 0,798508 0,000797
hurt 0,150823 0,000075
husband 0,198451 0,000099
hymn 0,994252 0,000496
identification 0,527633 0,000263
identify 0,342490 0,000171
iii 0,287682 0,000143
image 0,301105 0,000150
impact 2,207275 0,001101
impatient 0,371064 0,000185
imply 0,235722 0,000118
impose 0,162519 0,000081
inaccurate 0,510826 0,000255
incense 0,755023 0,000377
incidental 0,446287 0,000223
include 0,072571 0,000145
incomplete 0,301105 0,000150
increase 0,061875 0,000062
indemnify 0,446287 0,000223
indemnity 0,527633 0,000263
india 0,843970 0,000421
indian 0,544727 0,000272
indirect 0,446287 0,000223
indirectly 0,371064 0,000185
individual 0,139262 0,000069
infancy 0,916291 0,000457
infirmity 1,049822 0,000524
inform 0,198451 0,000198
infringement 0,544727 0,000272
inhabitant 1,560648 0,000778
inhabitants 0,446287 0,000223
inherit 0,579818 0,000289
injure 0,356675 0,000178
innards 3,912023 0,001951
innocence 0,634878 0,000317
insight 1,171183 0,000584
integrity 1,203973 0,000600
intellectual 0,235722 0,000118
intend 0,094311 0,000047
intent 0,494296 0,000247
intention 0,127833 0,000064
intercession 1,897120 0,000946
interchangeably 2,995732 0,001494
intercourse 0,798508 0,000398
internal 0,261365 0,000130
international 0,494296 0,000247
interpret 0,235722 0,000118
interpreter 1,108663 0,000553
introduce 0,261365 0,000130
invalidity 0,527633 0,000263
iron 0,162519 0,000081
irs 0,562119 0,000280
islamic 3,912023 0,001951
iso 1,897120 0,000946
iv 0,328504 0,000164
ix 0,494296 0,000247
james 0,673345 0,000336
january 0,693147 0,000346
jealous 0,446287 0,000223
jealousy 0,430783 0,000215
jerusalem 1,237874 0,000617
jesus 1,237874 0,000617
jewish 1,832581 0,000914
jews 1,078810 0,000538
john 0,328504 0,000164
joshua 2,040221 0,001018
joy 0,127833 0,000064
joyful 0,798508 0,000398
judgment 0,198451 0,000099
keeper 0,820981 0,000409
kill 0,083382 0,000125
kindle 0,693147 0,000346
king 0,210721 0,000210
kingdom 0,462035 0,000461
kiss 0,356675 0,000178
knowledge 0,061875 0,000031
koran 2,813411 0,001403
lack 0,371064 0,000185
lake 0,162519 0,000081
lamb 0,693147 0,000346
land 0,051293 0,000077
language 0,072571 0,000036
languor 1,560648 0,000778
late 0,094311 0,000047
law 0,020203 0,000020
lay 0,030459 0,000046
lead 0,020203 0,000020
leaf 0,446287 0,000223
lean 0,127833 0,000128
leanness 2,813411 0,001403
learn 0,020203 0,000020
leave -0,009950 -0,000010
ledge 1,049822 0,000524
left 0,000000 0,000000
legal 0,261365 0,000130
legally 0,342490 0,000171
letter 0,072571 0,000036
liability 0,462035 0,000230
liable 0,235722 0,000118
library 0,223144 0,000111
license 0,301105 0,000150
licensed 0,430783 0,000215
lick 0,673345 0,000336
lie 0,020203 0,000020
lieu 0,415515 0,000207
life -0,009950 -0,000005
lift 0,116534 0,000058
light 0,000000 0,000000
lighten 0,597837 0,000298
lightning 0,430783 0,000215
likeness 0,673345 0,000336
limit 0,287682 0,000143
limitation 0,371064 0,000185
limited 0,261365 0,000130
linear 2,659260 0,001326
link 0,174353 0,000261
lion 0,579818 0,000289
list 0,301105 0,000150
listen 0,105361 0,000053
literary 0,287682 0,000143
literature 0,653926 0,000326
liv 1,832581 0,000914
live 0,010050 0,000010
living 0,020203 0,000010
locate 0,371064 0,000185
location 0,494296 0,000493
lonely 0,400478 0,000200
longing 0,653926 0,000326
loose 0,094311 0,000047
lord 0,223144 0,000111
lose 0,000000 0,000000
lot 0,051293 0,000026
loud 0,105361 0,000053
love 0,030459 0,000046
lover 0,356675 0,000178
loving 0,478036 0,000238
lust 0,820981 0,000409
lustre 1,139434 0,000568
lx 2,525729 0,001260
lxx 3,218876 0,001605
machine 0,210721 0,000105
maid 0,415515 0,000207
maiden 0,673345 0,000336
main 0,127833 0,000064
maintain 0,094311 0,000047
majesty 0,510826 0,000255
manage 0,261365 0,000130
manna 2,120264 0,001057
manner 0,040822 0,000020
mark 0,105361 0,000053
marked 0,061875 0,000031
marriage 0,314711 0,000157
married 0,248461 0,000124
marry 0,356675 0,000356
marvelous 1,609438 0,000803
master 0,072571 0,000036
matter 0,000000 0,000000
maximum 0,478036 0,000238
meaning 0,186330 0,000093
meanness 1,237874 0,000617
measure 0,127833 0,000064
medieval 3,218876 0,001605
medium 0,223144 0,000111
meek 1,272966 0,000635
meet 0,010050 0,000010
melon 1,966113 0,000981
merciful 0,994252 0,000496
mercifully 2,120264 0,001057
mercy 0,210721 0,000105
mere 0,094311 0,000047
messenger 0,562119 0,000280
method 0,094311 0,000094
michael 0,400478 0,000200
middle 0,030459 0,000015
mind 0,020203 0,000010
mingle 0,356675 0,000178
minister 0,562119 0,000280
miserable 0,210721 0,000105
misery 0,248461 0,000124
misguided 2,407946 0,001201
mislead 0,994252 0,000496
mission 0,210721 0,000105
mississippi 0,415515 0,000207
mistaken 0,261365 0,000130
mixture 0,597837 0,000298
mock 0,478036 0,000238
modern 0,301105 0,000150
modification 0,478036 0,000238
modify 0,356675 0,000178
moment 0,010050 0,000005
money 0,051293 0,000026
month 0,040822 0,000020
mood 0,462035 0,000230
morning 0,040822 0,000020
mortal 0,314711 0,000157
mother 0,072571 0,000036
mountain 0,400478 0,000200
mourn 0,994252 0,000992
mouth 0,061875 0,000062
mud 0,462035 0,000230
muddy 0,867501 0,000433
multiply 0,776529 0,000387
multitude 0,385662 0,000192
murder 0,248461 0,000124
murderer 0,733969 0,000366
murderous 1,078810 0,000538
murmur 0,287682 0,000143
mute 0,776529 0,000387
mutual 0,510826 0,000255
myrrh 2,207275 0,001101
mysteriously 1,171183 0,000584
naked 0,274437 0,000137
nakedness 1,560648 0,000778
naming 2,525729 0,001260
narrowness 1,560648 0,000778
nature 0,094311 0,000047
negligence 0,415515 0,000207
network 0,415515 0,000207
newsletter 0,562119 0,000280
night 0,010050 0,000010
ninth 0,994252 0,000496
noble 0,198451 0,000099
noise 0,139262 0,000069
nonproprietary 0,562119 0,000280
noon 0,430783 0,000215
north 0,083382 0,000042
northern 0,653926 0,000326
northward 1,203973 0,000600
northwards 2,525729 0,001260
notice 0,020203 0,000010
notify 0,371064 0,000185
nourish 0,916291 0,000457
numerous 0,235722 0,000118
oath 0,385662 0,000192
obedient 0,544727 0,000272
obey 0,223144 0,000334
obsolete 0,446287 0,000223
occur 0,083382 0,000042
offence 0,527633 0,000263
offense 1,609438 0,000803
offer 0,020203 0,000040
offering 1,609438 0,000803
office 0,072571 0,000036
official 0,223144 0,000111
offspring 0,994252 0,000496
online 0,510826 0,000255
ooze 1,427116 0,000712
opportunity 0,061875 0,000062
ordain 0,891598 0,000445
organ 0,634878 0,000317
organized 0,356675 0,000178
original 0,105361 0,000053
originator 0,478036 0,000238
ostrich 1,660731 0,000828
outdated 0,562119 0,000280
outright 1,309333 0,000653
overcome 0,198451 0,000198
overhang 1,171183 0,000584
overhead 0,843970 0,000421
overpower 0,941609 0,000470
overshadow 1,609438 0,001605
overturn 0,994252 0,000496
overwhelm 1,514128 0,000755
overwhelmed 0,891598 0,000445
owe 0,105361 0,000053
owner 0,083382 0,000083
pain 0,051293 0,000026
pained 1,203973 0,000600
palm 0,494296 0,000247
paper 0,083382 0,000042
paperwork 0,562119 0,000280
paragraph 0,328504 0,000328
parched 1,203973 0,000600
parent 0,261365 0,000130
partake 1,021651 0,001019
party 0,030459 0,000015
pass 0,020203 0,000020
passage 0,105361 0,000053
passion 0,174353 0,000087
patience 0,139262 0,000069
patient 0,274437 0,000137
patiently 0,733969 0,000366
paw 1,021651 0,000510
pay 0,030459 0,000046
payment 0,274437 0,000137
peace 0,094311 0,000047
penance 1,514128 0,000755
perfect 0,061875 0,000031
perform 0,072571 0,000109
performance 0,127833 0,000064
periodic 0,544727 0,000272
perish 0,462035 0,000230
permanent 0,223144 0,000111
permission 0,150823 0,000075
permit 0,094311 0,000047
perpetual 0,478036 0,000238
person -0,009950 -0,000010
phrase 0,139262 0,000069
physical 0,198451 0,000099
piece 0,020203 0,000020
pierce 0,356675 0,000178
pig 0,544727 0,000272
pile 0,328504 0,000164
pit 0,597837 0,000298
pity 0,139262 0,000069
plague 0,673345 0,001007
plain 0,040822 0,000020
plan 0,198451 0,000297
planning 1,021651 0,000510
plant 0,186330 0,000186
platt 3,218876 0,001605
play 0,040822 0,000020
pleasant 0,162519 0,000081
pleased 0,150823 0,000075
pleasurable 1,966113 0,000981
pleasure 0,051293 0,000026
plenty 0,235722 0,000118
populace 1,660731 0,000828
portion 0,301105 0,000150
position 0,162519 0,000081
possess 0,061875 0,000031
possession 0,083382 0,000042
possibility 0,150823 0,000075
post 0,051293 0,000026
pound 0,314711 0,000157
pour 0,116534 0,000116
power 0,030459 0,000030
practically 0,235722 0,000118
praise 0,274437 0,000548
pray 0,261365 0,000391
prayer 0,287682 0,000287
precious 0,162519 0,000081
precisely 0,510826 0,000255
pregnancy 2,120264 0,001057
preparation 0,328504 0,000164
prepare 0,116534 0,000116
prepared 0,105361 0,000053
presence 0,094311 0,000047
preserve 0,083382 0,000042
pretend 0,186330 0,000186
pretense 1,966113 0,000981
prevail 0,287682 0,000287
prevent 0,040822 0,000041
previous 0,094311 0,000047
principal 0,287682 0,000143
print 0,116534 0,000116
prison 0,248461 0,000124
processing 0,562119 0,000280
produce 0,061875 0,000062
production 0,274437 0,000137
professor 0,261365 0,000130
profit 0,083382 0,000083
profusely 1,832581 0,000914
prohibition 0,415515 0,000207
project -0,009950 -0,000005
prologue 2,407946 0,001201
prominently 0,494296 0,000247
promise 0,051293 0,000077
promising 0,430783 0,000215
promote 0,274437 0,000137
promotion 0,342490 0,000171
proofread 0,562119 0,000280
property 0,127833 0,000064
prophecy 1,021651 0,000510
prophesy 1,309333 0,000653
proprietary 0,562119 0,000280
protect 0,139262 0,000069
provide 0,127833 0,000128
provision 0,094311 0,000094
psalms 1,609438 0,000803
pseudepigrapha 3,912023 0,001951
pseudepigraphic 3,912023 0,001951
pseudepigraphical 3,912023 0,001951
public 0,083382 0,000042
publish 0,478036 0,000238
publishing 1,771957 0,000884
pull 0,127833 0,000064
punish 0,314711 0,000314
punishment 0,287682 0,000287
punitive 0,562119 0,000280
pure 0,139262 0,000069
purpose 0,040822 0,000020
quake 1,832581 0,000914
quaking 1,832581 0,000914
quench 0,941609 0,000470
quiet 0,094311 0,000047
race 0,162519 0,000081
rage 0,139262 0,000069
raise 0,020203 0,000020
raphael 1,897120 0,000946
rational 0,867501 0,000433
ravenous 1,514128 0,000755
ray 0,462035 0,000230
reach 0,000000 0,000000
read 0,020203 0,000020
readable 0,510826 0,000255
ready 0,030459 0,000030
real 0,040822 0,000020
reality 0,301105 0,000150
realm 0,867501 0,000865
reap 0,673345 0,000672
reason 0,010050 0,000005
reasonable 0,116534 0,000058
rebuke 0,843970 0,000421
recall 0,235722 0,000235
receipt 0,261365 0,000130
receive 0,040822 0,000081
reckon 0,385662 0,000192
reckoning 0,843970 0,000421
recollection 0,527633 0,000263
red 0,061875 0,000031
redeem 0,776529 0,000387
redistribute 0,544727 0,000272
redistributing 0,562119 0,000280
redistribution 0,562119 0,000280
reference 0,198451 0,000198
refresh 0,446287 0,000223
refuge 0,446287 0,000223
refund 0,562119 0,000280
region 0,462035 0,000230
register 0,287682 0,000143
regulate 0,210721 0,000105
reign 0,430783 0,000215
rejoice 0,400478 0,000599
relation 0,223144 0,000111
release 0,105361 0,000105
relief 0,186330 0,000093
remain 0,040822 0,000061
remains 0,150823 0,000075
remedy 0,150823 0,000075
remember 0,030459 0,000015
remembrance 0,733969 0,000366
remind 0,301105 0,000150
remit 1,897120 0,000946
remove 0,040822 0,000041
rename 0,544727 0,000272
render 0,186330 0,000093
renew 0,314711 0,000157
renounce 0,941609 0,000939
repay 0,673345 0,000336
repeat 0,051293 0,000026
repent 0,634878 0,000633
repentance 0,798508 0,000398
replace 0,198451 0,000099
replacement 0,544727 0,000272
replenish 1,203973 0,000600
reply 0,105361 0,000053
report 0,051293 0,000051
represent 0,210721 0,000105
representation 0,261365 0,000130
reprimand 1,386294 0,000691
request 0,105361 0,000105
require 0,051293 0,000077
required 0,083382 0,000042
requirement 0,400478 0,000200
rescue 0,494296 0,000247
resemble 0,400478 0,000399
resentful 1,966113 0,000981
resolution 0,385662 0,000192
respect 0,040822 0,000020
rest 0,010050 0,000015
restoration 1,272966 0,000635
restore 0,223144 0,000223
restrain 0,579818 0,000289
restrained 0,776529 0,000387
restriction 0,371064 0,000185
resurrection 1,309333 0,000653
retrain 3,912023 0,001951
return 0,010050 0,000020
reveal 0,223144 0,000111
revenue 0,342490 0,000171
revisit 1,771957 0,000884
rib 0,843970 0,000421
rid 0,223144 0,000111
righteous 1,203973 0,000600
rip 1,021651 0,000510
ripe 0,820981 0,000409
rise 0,030459 0,000061
river 0,174353 0,000087
rivers 0,713350 0,000356
robe 0,673345 0,000336
rock 0,186330 0,000186
rod 0,616186 0,000615
role 1,609438 0,000803
roll 0,150823 0,000075
roof 0,186330 0,000093
root 0,235722 0,000118
rough 0,186330 0,000093
rouse 0,494296 0,000247
royalty 0,371064 0,000370
ruin 0,116534 0,000058
rule 0,030459 0,000046
rutherford 3,506558 0,001749
sabbath 1,469676 0,000733
sacred 0,415515 0,000207
sad 0,223144 0,000111
sake 0,083382 0,000042
salt 0,105361 0,000053
salvation 0,798508 0,000398
sand 0,494296 0,000247
satan 1,237874 0,000617
satisfy 0,061875 0,000062
save 0,010050 0,000010
savor 2,120264 0,001057
savory 2,302585 0,001148
scandal 0,843970 0,000421
scattered 0,139262 0,000069
scheme 0,462035 0,000230
scholar 0,579818 0,000289
scorch 1,469676 0,000733
scorched 1,386294 0,000691
scream 0,462035 0,000230
sea 0,116534 0,000058
seal 0,371064 0,000185
search 0,040822 0,000041
seashore 2,120264 0,001057
seat 0,051293 0,000026
secret 0,051293 0,000026
secure 0,061875 0,000031
seek 0,083382 0,000166
seize 0,116534 0,000058
send 0,020203 0,000030
sense 0,051293 0,000026
sentence 0,094311 0,000047
separate 0,094311 0,000094
sepulcher 2,813411 0,001403
serpent 0,693147 0,000346
servant 0,105361 0,000105
serve 0,051293 0,000026
service 0,072571 0,000036
set 0,010050 0,000010
settle 0,083382 0,000042
seventh 0,562119 0,000280
sever 0,941609 0,000939
severely 0,634878 0,000317
sew 0,994252 0,000992
sexual 2,525729 0,001260
shadow 0,162519 0,000081
shady 0,967584 0,000483
shake 0,072571 0,000109
shalt 1,171183 0,000584
shamefacedness 3,912023 0,001951
shape 0,150823 0,000075
share 0,030459 0,000046
sharp 0,139262 0,000069
shattered 0,867501 0,000433
sheep 0,371064 0,000185
shelter 0,301105 0,000300
shine 0,150823 0,000075
shirt 0,527633 0,000263
shoot 0,385662 0,000192
shore 0,287682 0,000143
short 0,020203 0,000010
shortcoming 1,897120 0,000946
shout 0,186330 0,000093
shove 0,967584 0,000483
shriveled 2,813411 0,001403
shut 0,051293 0,000026
sick 0,150823 0,000075
sickle 2,040221 0,001018
sigh 0,235722 0,000353
sight 0,040822 0,000020
sign 0,051293 0,000051
silence 0,051293 0,000026
silent 0,051293 0,000026
silver 0,210721 0,000105
simple 0,094311 0,000047
simply 0,150823 0,000075
sin 0,314711 0,000471
sinful 1,309333 0,000653
sing 0,261365 0,000261
singed 1,660731 0,000828
sink 0,072571 0,000036
sister 0,223144 0,000223
sit 0,010050 0,000010
sixth 0,446287 0,000223
size 0,223144 0,000111
skill 0,287682 0,000143
skin 0,174353 0,000174
sky 0,186330 0,000093
sleep 0,051293 0,000051
slick 2,813411 0,001403
slippery 1,139434 0,000568
slumber 0,510826 0,000255
smell 0,261365 0,000391
sob 0,562119 0,000561
soften 0,494296 0,000493
soil 0,478036 0,000238
solicit 0,314711 0,000157
solicitation 0,430783 0,000215
solid 0,274437 0,000137
son 0,083382 0,000083
song 0,261365 0,000130
sorely 1,049822 0,000524
soreness 2,995732 0,001494
sorrow 0,248461 0,000372
sorrowful 1,021651 0,000510
sorrowfully 1,714798 0,000855
soul 0,083382 0,000083
sound 0,010050 0,000005
south 0,235722 0,000118
southern 0,579818 0,000289
sow 0,579818 0,000578
space 0,105361 0,000053
spare 0,116534 0,000058
speak 0,030459 0,000046
speaking 0,072571 0,000036
special 0,083382 0,000042
specific 0,820981 0,000409
speech 0,139262 0,000069
speechless 0,916291 0,000457
spelling 1,171183 0,001168
spend 0,051293 0,000026
spill 0,843970 0,000421
spirit 0,051293 0,000051
split 0,798508 0,000398
spoon 1,021651 0,000510
spread 0,051293 0,000026
spring 0,051293 0,000026
sprinkle 0,776529 0,000387
square 0,223144 0,000111
squeeze 0,798508 0,000398
staff 0,261365 0,000130
stain 0,478036 0,000238
stand -0,009950 -0,000015
star 0,261365 0,000130
start -0,009950 -0,000005
statement 0,186330 0,000093
status 0,446287 0,000223
stay 0,061875 0,000062
step 0,030459 0,000015
stick 0,174353 0,000174
stigma 2,407946 0,001201
stomach 0,616186 0,000307
stone 0,094311 0,000094
store 0,061875 0,000031
straight 0,105361 0,000053
strain 0,248461 0,000124
strange 0,061875 0,000031
strangers 0,356675 0,000178
stream 0,139262 0,000069
strength 0,030459 0,000015
strengthen 0,478036 0,000477
strew 0,733969 0,000366
strict 0,186330 0,000093
strike 0,020203 0,000010
strip 0,385662 0,000192
strong 0,020203 0,000020
struggle 0,127833 0,000064
stunned 1,078810 0,000538
subject 0,061875 0,000062
subjection 1,272966 0,000635
submit 0,430783 0,000215
subscribe 0,342490 0,000171
subsist 1,347074 0,000672
substance 0,415515 0,000207
substantiate 2,659260 0,001326
suck 0,597837 0,000298
suddenly 0,040822 0,000020
sue 1,386294 0,000691
suffer 0,061875 0,000031
suffering 0,210721 0,000210
suicide 1,049822 0,000524
suitable 0,462035 0,000230
summit 0,713350 0,000356
sun 0,072571 0,000036
sunday 0,494296 0,000247
sunrise 0,891598 0,000445
sunset 0,798508 0,000398
support 0,094311 0,000047
suppose 0,020203 0,000010
surround 0,162519 0,000243
survive 0,186330 0,000186
swamp 0,287682 0,000143
sway 0,494296 0,000247
swear 0,261365 0,000391
swearing 0,994252 0,000496
sweat 0,562119 0,000280
sweet 0,139262 0,000069
swell 0,186330 0,000093
sword 0,430783 0,000215
synonymous 0,446287 0,000223
table 0,083382 0,000042
tail 0,356675 0,000178
talk 0,061875 0,000062
talking 0,150823 0,000075
tall 0,198451 0,000198
talmud 3,506558 0,001749
taste 0,105361 0,000105
tax 0,248461 0,000248
teach 0,083382 0,000042
tear 0,030459 0,000030
temptation 0,430783 0,000430
tempting 0,967584 0,000483
tent 0,713350 0,000356
term 0,061875 0,000062
terrify 0,579818 0,000289
terror 0,162519 0,000081
thee 0,597837 0,000298
theory 0,400478 0,000200
therewith 1,560648 0,000778
thicken 1,237874 0,000617
thine 1,139434 0,000568
thinking 0,274437 0,000137
thirst 0,494296 0,000247
thirsty 0,820981 0,000409
thirteen 0,579818 0,000289
thirteenth 1,203973 0,000600
thirtieth 1,714798 0,000855
thistle 2,040221 0,001018
thorn 0,967584 0,000483
thread 0,342490 0,000171
throne 0,733969 0,000366
throw 0,010050 0,000020
thunder 0,430783 0,000215
tiding 1,139434 0,000568
time -0,009950 -0,000010
tired 0,198451 0,000099
title 0,116534 0,000058
toil 0,430783 0,000215
token 0,693147 0,000691
tolerate 1,078810 0,000538
tong 1,347074 0,000672
tongue 0,139262 0,000069
touch 0,010050 0,000005
trace 0,198451 0,000099
trademark 0,562119 0,000280
tragic 0,820981 0,000409
transcribe 0,462035 0,000230
transcription 0,527633 0,000263
transform 0,693147 0,000691
transgress 1,386294 0,001383
transgression 1,560648 0,001557
transgressor 2,302585 0,001148
translate 0,634878 0,000317
translation 0,891598 0,000889
trap 0,527633 0,000263
tread 0,328504 0,000164
treasure 0,261365 0,000130
treat 0,127833 0,000064
treatment 0,127833 0,000064
tree 0,061875 0,000062
tremble 0,174353 0,000261
trespass 1,609438 0,001605
trial 0,261365 0,000261
trick 0,274437 0,000411
trouble 0,010050 0,000010
true 0,020203 0,000010
trust 0,061875 0,000062
truth 0,030459 0,000015
twelfth 1,237874 0,000617
twig 1,108663 0,000553
twin 1,108663 0,000553
type 0,174353 0,000174
ugly 0,385662 0,000385
uh 2,995732 0,001494
unable 0,248461 0,000124
undefiled 2,207275 0,001101
understand 0,020203 0,000010
understanding 0,223144 0,000111
unenforceability 0,562119 0,000280
uniform 0,210721 0,000105
unit 1,771957 0,000884
united 0,094311 0,000047
unknown 0,105361 0,000053
unlink 0,562119 0,000280
unrighteousness 2,659260 0,001326
unsolicited 0,510826 0,000255
unspecified 3,912023 0,001951
unwittingly 1,660731 0,000828
update 0,510826 0,000255
upright 0,301105 0,000150
useless 0,235722 0,000118
user 0,544727 0,000272
ut 0,510826 0,000255
vanilla 0,544727 0,000272
variety 0,150823 0,000075
vein 0,446287 0,000223
venomous 1,966113 0,000981
verily 1,139434 0,000568
verse 0,478036 0,000238
version 0,342490 0,000171
view 0,040822 0,000041
vii 0,430783 0,000215
viii 0,446287 0,000223
violate 0,342490 0,000171
virus 0,527633 0,000263
vision 0,301105 0,000150
visit 0,030459 0,000015
vital 0,693147 0,000346
vivid 0,776529 0,000387
voice 0,020203 0,000010
void 0,261365 0,000130
volunteer 0,314711 0,000157
volunteers 0,430783 0,000215
vow 0,616186 0,000307
wage 1,203973 0,000600
wail 0,798508 0,000797
wait 0,061875 0,000062
waiting 0,083382 0,000042
wake 0,223144 0,000111
walk 0,000000 0,000000
wall 0,094311 0,000047
wallow 1,309333 0,000653
wander 0,116534 0,000058
war 0,139262 0,000069
warn 0,287682 0,000143
warranty 0,544727 0,000543
wash 0,210721 0,000420
waste 0,127833 0,000064
watch 0,020203 0,000030
water 0,040822 0,000061
weak 0,105361 0,000053
weakness 0,248461 0,000124
wean 1,966113 0,000981
wear 0,083382 0,000042
wearily 1,272966 0,000635
weariness 0,755023 0,000377
weary 0,186330 0,000093
wedding 0,733969 0,000366
wednesday 1,139434 0,000568
week 0,127833 0,000128
weight 0,116534 0,000058
west 0,083382 0,000042
western 0,616186 0,000307
westward 1,139434 0,000568
whatsoever 0,287682 0,000143
wheat 0,994252 0,000496
wherefore 1,139434 0,000568
whereof 1,237874 0,000617
wherewith 1,514128 0,000755
whirlwind 1,514128 0,000755
white 0,051293 0,000026
whiteness 1,139434 0,000568
whosoever 1,714798 0,000855
wicked 0,328504 0,000164
wickedness 0,916291 0,000457
wide 0,030459 0,000030
wife 0,083382 0,000083
wiggle 2,995732 0,001494
wild 0,051293 0,000026
willed 1,347074 0,000672
willingly 0,527633 0,000263
wind 0,094311 0,000047
wipe 0,415515 0,000414
wisdom 0,287682 0,000143
withdraw 0,210721 0,000210
withered 0,843970 0,000421
withhold 0,820981 0,000409
withstand 1,021651 0,000510
witness 0,116534 0,000058
woman 0,030459 0,000015
womb 1,272966 0,000635
wonderful 0,162519 0,000081
word 0,020203 0,000010
worker 0,941609 0,000470
worldly 0,820981 0,000409
worry 0,544727 0,000543
worship 0,415515 0,000622
worth 0,061875 0,000031
wound 0,198451 0,000099
wrath 0,634878 0,000317
write 0,020203 0,000030
writing 0,061875 0,000031
writings 0,994252 0,000496
wrong 0,072571 0,000036
xi 0,597837 0,000298
xii 0,579818 0,000289
xiii 0,673345 0,000336
xiv 0,693147 0,000346
xix 0,867501 0,000433
xvi 0,776529 0,000387
xvii 0,843970 0,000421
xviii 0,891598 0,000445
xx 0,916291 0,000457
xxi 0,867501 0,000433
xxii 0,967584 0,000483
xxiii 0,967584 0,000483
xxiv 0,994252 0,000496
xxv 1,108663 0,000553
xxx 1,272966 0,000635
yard 0,223144 0,000111
yield 0,174353 0,000261
