abandon 0,223144 0,000138
abide 0,248461 0,000077
ability 0,478036 0,000296
ablution 3,218876 0,000995
ablutions 2,040221 0,000631
abode 0,579818 0,000179
absorb 0,446287 0,000276
abstain 1,139434 0,000352
abused 0,843970 0,000261
accept 0,061875 0,000057
access 0,314711 0,000195
accessible 0,446287 0,000138
accompany 0,094311 0,000029
account 0,010050 0,000003
accusation 0,891598 0,000276
accustomed 0,287682 0,000089
ache 0,733969 0,000227
achieve 0,597837 0,000370
action 0,094311 0,000029
active 0,127833 0,000040
activity 0,415515 0,000128
actual 0,174353 0,000054
add 0,094311 0,000029
addition 0,116534 0,000072
additional 0,198451 0,000061
address 0,072571 0,000067
admiration 0,342490 0,000106
admire 0,356675 0,000110
admired 0,579818 0,000179
admit 0,116534 0,000072
admonish 1,237874 0,000383
admonition 1,427116 0,000441
advice 0,186330 0,000058
advise 0,301105 0,000186
afar 0,994252 0,000307
affair 0,094311 0,000029
affection 0,235722 0,000073
affectionately 1,237874 0,000383
afraid 0,105361 0,000033
afternoon 0,274437 0,000085
age 0,040822 0,000013
aged 0,198451 0,000061
agent 0,223144 0,000069
agonising 2,040221 0,000631
agony 0,462035 0,000143
agree 0,051293 0,000032
agreement 0,210721 0,000065
ail 1,108663 0,000343
aim 0,287682 0,000089
air 0,061875 0,000019
akin 1,203973 0,000372
alas 0,462035 0,000143
alien 1,272966 0,000394
alike 0,287682 0,000089
alive 0,051293 0,000016
allege 1,108663 0,000343
alley 1,021651 0,000316
alms 1,309333 0,000405
aloud 0,301105 0,000093
alteration 0,261365 0,000081
alternate 0,261365 0,000081
amusedly 3,912023 0,001210
amusement 0,478036 0,000148
amy 2,995732 0,000926
anew 0,867501 0,000268
anger 0,287682 0,000089
angry 0,174353 0,000054
anguish 0,579818 0,000179
animal 0,223144 0,000138
animallike 3,912023 0,001210
annihilate 1,203973 0,000745
annoyance 0,967584 0,000299
annoyed 0,733969 0,000227
anoint 1,309333 0,000405
answer 0,020203 0,000019
answering 0,510826 0,000158
ant 1,309333 0,000405
anticipate 0,616186 0,000191
anxiety 0,287682 0,000089
ape 1,203973 0,000372
appeal 0,261365 0,000081
appearance 0,072571 0,000045
appetite 0,314711 0,000097
applicable 0,400478 0,000124
apply 0,116534 0,000036
appoint 0,328504 0,000102
approach 0,040822 0,000025
approval 0,798508 0,000247
approve 0,342490 0,000106
arc 1,609438 0,000498
arch 0,713350 0,000221
archive 0,544727 0,000168
ardent 0,941609 0,000291
argue 0,371064 0,000229
arm 0,030459 0,000019
arouse 0,653926 0,000202
arrangement 0,274437 0,000085
array 0,248461 0,000077
arrival 0,328504 0,000102
arrive 0,083382 0,000026
arrogance 1,714798 0,000530
arrogant 1,347074 0,000417
arrow 0,510826 0,000158
art 0,127833 0,000040
artist 0,562119 0,000174
ascend 0,430783 0,000133
ascetic 1,771957 0,001096
asceticism 2,659260 0,000822
ascii 0,562119 0,000174
ashamed 0,248461 0,000077
asleep 0,162519 0,000050
aspect 0,446287 0,000276
assistance 0,105361 0,000033
assistant 0,755023 0,000233
assume 0,162519 0,000050
astonish 0,261365 0,000081
astonishment 0,301105 0,000093
atman 3,912023 0,001210
atone 1,203973 0,000372
attach 0,116534 0,000072
attempt 0,051293 0,000016
attend 0,127833 0,000040
attention 0,083382 0,000026
attentively 0,755023 0,000233
attract 0,261365 0,000162
attribute 0,527633 0,000163
audacious 1,309333 0,000405
austere 1,171183 0,000362
author 0,116534 0,000036
autumn 0,653926 0,000202
avoid 0,105361 0,000065
await 0,314711 0,000292
awake 0,150823 0,000140
awaken 0,430783 0,000133
awakening 1,108663 0,000343
aware 0,223144 0,000069
awe 0,597837 0,000185
awoken 3,506558 0,001084
axe 1,049822 0,000325
baby 0,653926 0,000202
bad 0,020203 0,000006
badly 0,446287 0,000138
ball 0,287682 0,000178
bamboo 1,771957 0,000548
banana 2,207275 0,001365
bank 0,210721 0,000130
banter 1,609438 0,000498
banyan 2,995732 0,000926
barber 1,386294 0,000429
bare 0,150823 0,000047
bark 0,478036 0,000148
base 0,094311 0,000058
bashful 1,609438 0,000498
basics 3,912023 0,001210
basket 0,579818 0,000359
bast 2,995732 0,000926
bath 0,274437 0,000085
bathe 1,139434 0,000352
bathing 1,272966 0,000394
beach 1,049822 0,000325
beam 0,430783 0,000133
bear 0,000000 0,000000
beard 0,527633 0,000163
bearded 1,108663 0,000343
beat 0,083382 0,000077
beautiful 0,083382 0,000026
beautifully 0,867501 0,000268
beckon 0,867501 0,000268
bed 0,051293 0,000032
bedroom 0,798508 0,000247
bee 0,673345 0,000416
beetle 1,514128 0,000468
beg 0,116534 0,000072
beggar 0,597837 0,000370
behold 0,235722 0,000146
believer 1,272966 0,000394
belong 0,072571 0,000090
beloved 0,415515 0,000128
bend 0,314711 0,000097
benefactor 0,967584 0,000598
benefit 0,356675 0,000110
benevolence 1,049822 0,000325
benevolent 1,021651 0,000316
benevolently 2,659260 0,000822
bent 0,174353 0,000054
besiege 1,272966 0,000394
bid 0,186330 0,000115
binary 0,562119 0,000174
bind 0,030459 0,000009
bird 0,150823 0,000093
birth 0,301105 0,000186
birthplace 2,120264 0,000656
bit 0,139262 0,000086
bite 0,371064 0,000344
bitter 0,210721 0,000065
bitterly 0,579818 0,000179
bizarre 2,207275 0,000683
black 0,061875 0,000019
blessing 0,415515 0,000128
blind 0,174353 0,000054
blindly 0,941609 0,000291
bliss 0,891598 0,000276
blissful 1,609438 0,000498
blissfulness 3,506558 0,001084
bloated 1,660731 0,000514
blood 0,116534 0,000036
bloody 0,527633 0,000163
blossom 0,673345 0,000416
blossoming 2,120264 0,000656
blow 0,061875 0,000057
blue 0,174353 0,000054
bluish 1,897120 0,000587
boar 1,347074 0,000417
board 0,261365 0,000081
boast 0,328504 0,000102
boat 0,446287 0,000138
boats 0,820981 0,000254
body 0,010050 0,000006
boil 0,385662 0,000119
bold 0,223144 0,000069
bolt 0,494296 0,000153
bondage 1,203973 0,000372
bone 0,198451 0,000061
book 0,040822 0,000025
bore 0,820981 0,000254
bother 0,843970 0,000261
bottomless 2,040221 0,000631
bow 0,127833 0,000158
bowl 0,616186 0,000381
boy 0,105361 0,000065
bracelet 1,309333 0,000405
brahma 2,813411 0,000870
brahman 3,218876 0,000995
brahmanism 3,912023 0,001210
brahmans 3,218876 0,000995
branch 0,186330 0,000058
brawny 1,832581 0,000567
breach 0,274437 0,000085
bread 0,248461 0,000077
break 0,010050 0,000009
breast 0,198451 0,000123
breath 0,174353 0,000054
breathe 0,261365 0,000242
breathing 0,462035 0,000143
bright 0,094311 0,000029
brightly 0,994252 0,000307
bring 0,000000 0,000000
brothers 0,356675 0,000110
brow 0,446287 0,000138
brown 0,274437 0,000085
brush 0,478036 0,000148
brushwood 2,040221 0,000631
bubble 0,941609 0,000291
buddha 2,525729 0,000781
build 0,094311 0,000058
building 0,210721 0,000065
bull 0,430783 0,000266
burden 0,198451 0,000123
burn 0,061875 0,000077
burst 0,248461 0,000077
bursting 0,713350 0,000221
bury 0,186330 0,000058
bush 0,430783 0,000133
business 0,040822 0,000025
businessman 2,995732 0,000926
bustle 0,693147 0,000214
bustling 1,386294 0,000429
busy 0,210721 0,000065
butterfly 1,171183 0,000362
buzz 1,049822 0,000649
cage 0,941609 0,000291
cake 0,733969 0,000227
calculate 0,116534 0,000072
calculation 0,713350 0,000221
calling 0,733969 0,000227
calm 0,274437 0,000085
calmly 0,510826 0,000158
calmness 1,203973 0,000372
camp 0,544727 0,000168
cane 0,843970 0,000261
canopy 1,514128 0,000468
capable 0,261365 0,000081
capacity 0,510826 0,000158
captive 0,755023 0,000233
capture 0,597837 0,000370
card 0,139262 0,000043
care 0,000000 0,000000
careful 0,174353 0,000054
carefully 0,139262 0,000043
caress 0,776529 0,000240
carp 2,302585 0,000712
carpet 0,462035 0,000143
carrier 1,347074 0,000417
carrion 1,832581 0,000567
carry 0,010050 0,000012
cart 0,597837 0,000185
carter 1,832581 0,000567
cast 0,116534 0,000036
castaway 2,207275 0,000683
caste 1,469676 0,000454
castigation 2,525729 0,000781
casually 1,386294 0,000429
catch 0,072571 0,000045
cautious 0,673345 0,000208
cavity 1,660731 0,000514
cease 0,061875 0,000019
celebrate 0,967584 0,000299
celebration 1,771957 0,000548
chain 0,174353 0,000054
chair 0,261365 0,000081
chamber 0,328504 0,000102
chance 0,061875 0,000019
change 0,010050 0,000006
character 0,061875 0,000019
characteristic 0,400478 0,000124
charge 0,040822 0,000038
charitable 0,287682 0,000089
charity 0,186330 0,000058
charm 0,342490 0,000106
charming 0,527633 0,000163
chat 0,867501 0,000268
cheat 0,776529 0,000240
check 0,072571 0,000045
cheek 0,261365 0,000162
cheerful 0,385662 0,000119
cheerfully 0,820981 0,000254
cheerfulness 0,867501 0,000268
chess 1,660731 0,000514
chest 0,342490 0,000106
chew 0,967584 0,000299
chiefly 0,527633 0,000163
child 0,040822 0,000025
childhood 0,527633 0,000163
childish 0,713350 0,000221
childlike 1,771957 0,000548
childlikeness 3,912023 0,001210
chimpanzee 3,912023 0,001210
chin 0,478036 0,000148
choose 0,020203 0,000019
choosing 0,867501 0,000268
chop 1,021651 0,000316
chore 2,995732 0,000926
circle 0,150823 0,000093
circling 1,203973 0,000372
cistern 1,560648 0,000483
city 0,051293 0,000016
claim 0,083382 0,000026
clang 1,203973 0,000372
clap 0,755023 0,000233
clean 0,210721 0,000065
cleansing 1,832581 0,000567
clemency 1,832581 0,000567
clenched 1,049822 0,000325
cleric 3,912023 0,001210
climbing 0,733969 0,000227
cling 0,415515 0,000128
cloak 0,527633 0,000163
close 0,010050 0,000009
closely 0,223144 0,000069
clothes 0,127833 0,000040
cloud 0,150823 0,000093
coconut 3,218876 0,000995
code 0,287682 0,000089
coin 0,544727 0,000168
coincidence 1,078810 0,000334
coincidental 3,506558 0,001084
cold 0,040822 0,000013
collapse 1,108663 0,000343
collect 0,248461 0,000154
collection 0,162519 0,000050
colour 0,510826 0,000316
coloured 0,693147 0,000214
colourful 3,912023 0,001210
comb 0,916291 0,000567
comedy 0,916291 0,000283
comfort 0,105361 0,000065
command 0,116534 0,000108
commemorate 1,832581 0,000567
commercial 0,274437 0,000085
commit 0,116534 0,000108
common 0,072571 0,000022
community 0,579818 0,000179
companion 0,150823 0,000047
companionship 0,967584 0,000299
company 0,020203 0,000006
compare 0,162519 0,000151
compilation 0,478036 0,000148
complain 0,198451 0,000123
complete 0,105361 0,000033
completely 0,274437 0,000085
completeness 1,966113 0,000608
completion 1,386294 0,000429
compliance 0,342490 0,000106
comply 0,287682 0,000178
comprehend 0,478036 0,000148
comprehensible 1,832581 0,000567
compressed 0,342490 0,000106
conceal 0,198451 0,000123
conceited 1,139434 0,000352
concentrated 0,867501 0,000268
concentration 1,771957 0,000548
concept 0,527633 0,000163
conception 0,562119 0,000174
concern 0,342490 0,000106
concerned 0,287682 0,000089
conclusion 0,210721 0,000130
conduct 0,094311 0,000087
confess 0,127833 0,000119
confession 0,579818 0,000179
confirm 0,139262 0,000043
confirmation 0,356675 0,000110
conflict 0,597837 0,000185
confused 0,248461 0,000077
connected 0,415515 0,000128
conscious 0,314711 0,000097
consciousness 0,371064 0,000115
consent 0,223144 0,000138
consequential 0,478036 0,000148
considerable 0,105361 0,000033
consist 0,314711 0,000097
constant 0,051293 0,000016
constantly 0,371064 0,000115
contact 0,210721 0,000065
contemplation 0,527633 0,000163
contempt 0,446287 0,000138
content 0,174353 0,000054
contently 3,912023 0,001210
contents 0,094311 0,000029
continue 0,186330 0,000115
continued 0,072571 0,000022
contract 0,139262 0,000129
contradiction 0,713350 0,000221
contribution 0,371064 0,000115
control 0,223144 0,000138
conversation 0,186330 0,000058
convert 0,186330 0,000058
convey 0,287682 0,000178
convince 0,198451 0,000061
cook 0,223144 0,000069
cool 0,248461 0,000077
copper 0,713350 0,000221
copying 0,494296 0,000153
copyright 0,415515 0,000128
core 1,347074 0,000417
corner 0,072571 0,000022
cornucopia 3,218876 0,000995
coronation 2,302585 0,000712
corporation 0,400478 0,000124
corpse 0,616186 0,000191
correctly 0,843970 0,000261
corrupt 0,235722 0,000073
cost 0,105361 0,000065
cottage 0,653926 0,000202
couch 0,579818 0,000179
coulter 3,218876 0,000995
count 0,116534 0,000036
counterpart 1,560648 0,000483
country 0,010050 0,000006
courage 0,150823 0,000047
court 0,094311 0,000029
courtesan 2,659260 0,000822
courtesans 2,813411 0,000870
courtesy 0,693147 0,000214
cousin 0,597837 0,000185
covered 0,139262 0,000043
covetousness 1,771957 0,000548
cower 1,427116 0,000441
crack 0,478036 0,000148
craft 0,733969 0,000454
cramp 1,609438 0,000498
create 0,094311 0,000058
creation 0,198451 0,000123
creature 0,116534 0,000072
credit 0,094311 0,000029
crescent 1,660731 0,000514
criminal 0,673345 0,000208
critical 0,235722 0,000073
croak 1,386294 0,000429
crocodile 1,897120 0,000587
cross 0,083382 0,000026
crouch 0,941609 0,000291
crowd 0,174353 0,000054
crude 1,347074 0,000417
cruise 1,660731 0,000514
crystal 0,941609 0,000291
cult 2,995732 0,000926
curiosity 0,210721 0,000065
curious 0,261365 0,000081
curiously 0,776529 0,000240
current 0,116534 0,000036
custom 0,210721 0,000065
customer 1,139434 0,000352
cut 0,030459 0,000009
cycle 1,966113 0,000608
daemon 2,995732 0,000926
daily 0,248461 0,000077
damage 0,223144 0,000138
damages 0,400478 0,000124
damp 0,400478 0,000124
dance 0,235722 0,000073
dancing 0,371064 0,000115
danger 0,105361 0,000033
dangerous 0,150823 0,000047
dangling 1,139434 0,000352
dark 0,051293 0,000016
darkness 0,186330 0,000058
datum 0,494296 0,000153
daughter 0,174353 0,000108
day 0,000000 0,000000
daybreak 1,203973 0,000372
daytime 1,560648 0,000483
daze 1,309333 0,000405
dead 0,072571 0,000022
deadly 0,478036 0,000148
deaf 0,634878 0,000196
deal 0,061875 0,000038
dealer 1,171183 0,000362
death 0,020203 0,000012
debate 1,021651 0,000316
debtor 1,609438 0,000995
decayed 1,203973 0,000372
deceitful 1,347074 0,000417
deceive 0,261365 0,000081
december 0,562119 0,000174
decency 1,108663 0,000343
decent 0,693147 0,000214
deception 0,916291 0,000567
deceptive 2,040221 0,000631
deceptively 3,218876 0,000995
decide 0,040822 0,000025
decision 0,544727 0,000168
dedicate 0,967584 0,000299
deductible 0,562119 0,000174
deed 0,287682 0,000089
deep 0,020203 0,000012
deeply 0,261365 0,000081
defamation 3,912023 0,001210
defeat 0,634878 0,000196
defect 0,261365 0,000162
defective 0,356675 0,000110
degree 0,150823 0,000047
deletion 0,562119 0,000174
delicacy 0,597837 0,000185
delicate 0,301105 0,000093
delicious 0,713350 0,000221
delight 0,150823 0,000093
delighted 0,287682 0,000089
delightedly 2,407946 0,000745
delude 1,347074 0,000417
delusion 0,916291 0,000283
demand 0,051293 0,000032
demonstrate 0,967584 0,000898
denial 0,776529 0,000240
dense 0,693147 0,000214
deny 0,072571 0,000022
depart 0,162519 0,000050
depend 0,040822 0,000025
dependency 2,407946 0,000745
depict 1,237874 0,000383
depraved 1,560648 0,000483
deprivation 2,040221 0,000631
deprive 0,415515 0,000128
depth 0,494296 0,000153
depths 0,446287 0,000138
derivative 0,510826 0,000158
derive 0,210721 0,000130
desire 0,051293 0,000063
desolate 0,733969 0,000227
despair 0,174353 0,000054
desperate 0,328504 0,000102
desperation 0,867501 0,000268
despicable 1,469676 0,000454
despise 0,342490 0,000212
destination 1,078810 0,000334
destine 0,494296 0,000153
destiny 0,597837 0,000185
destitute 0,916291 0,000283
destroy 0,061875 0,000057
destructive 1,049822 0,000325
detach 0,287682 0,000089
determine 0,061875 0,000038
detour 2,120264 0,001311
develop 0,891598 0,000551
developed 0,544727 0,000168
devil 0,301105 0,000093
devious 2,302585 0,000712
devote 0,673345 0,000208
devoted 0,301105 0,000093
devotion 0,510826 0,000158
devour 0,462035 0,000286
devout 1,203973 0,000372
dew 0,755023 0,000233
dice 1,469676 0,000454
die 0,010050 0,000009
differentiate 2,407946 0,000745
differentiation 2,995732 0,000926
difficult 0,116534 0,000036
difficulty 0,116534 0,000036
dim 0,356675 0,000110
dinner 0,186330 0,000058
direct 0,040822 0,000025
direction 0,051293 0,000032
disappear 0,223144 0,000069
disappearance 1,272966 0,000394
disappointed 0,415515 0,000128
disappointment 0,462035 0,000286
disbeliever 3,506558 0,001084
discard 1,108663 0,000343
disciple 1,021651 0,000316
disclaim 0,462035 0,000143
disclaimer 0,562119 0,000348
discontent 0,616186 0,000191
discontinue 0,510826 0,000158
discover 0,030459 0,000019
discuss 0,400478 0,000248
discussion 0,597837 0,000185
disdain 0,673345 0,000208
disdainfully 1,897120 0,000587
disease 0,328504 0,000102
disembarking 2,995732 0,000926
disgust 0,430783 0,000133
disgusted 0,820981 0,000254
dish 0,478036 0,000148
disk 0,415515 0,000128
dismember 2,120264 0,000656
disobedience 1,560648 0,000483
disobedient 1,966113 0,000608
disperse 0,776529 0,000240
display 0,162519 0,000151
displease 1,021651 0,000316
displeasure 0,941609 0,000291
disposition 0,371064 0,000115
dispute 0,446287 0,000276
disregard 0,820981 0,000254
dissect 1,714798 0,000530
dissolve 0,733969 0,000227
distant 0,162519 0,000050
distinction 0,356675 0,000110
distinguished 0,301105 0,000093
distort 0,916291 0,000283
distress 0,274437 0,000085
distribute 0,210721 0,000195
distribution 0,430783 0,000133
distributor 0,544727 0,000168
distrust 0,733969 0,000227
distrustful 2,120264 0,000656
diversity 1,560648 0,000483
divide 0,150823 0,000047
divine 0,356675 0,000110
diving 1,660731 0,000514
divinity 0,867501 0,000268
doctrine 0,616186 0,000191
dog 0,186330 0,000058
domain 0,328504 0,000102
donate 0,544727 0,000168
donation 0,446287 0,000276
donor 0,478036 0,000148
doom 0,579818 0,000179
door 0,000000 0,000000
dormant 2,040221 0,000631
doubt 0,040822 0,000025
downhill 2,120264 0,000656
download 0,562119 0,000174
drag 0,248461 0,000077
draw 0,020203 0,000019
dream 0,083382 0,000129
dreariness 2,813411 0,000870
dreary 0,673345 0,000208
dress 0,162519 0,000050
dressed 0,261365 0,000081
drift 0,462035 0,000143
drink 0,072571 0,000045
drinker 2,120264 0,000656
drinking 0,371064 0,000115
drip 1,427116 0,000441
dripping 0,891598 0,000276
drive 0,030459 0,000009
driver 0,713350 0,000221
drop 0,061875 0,000019
drove 2,120264 0,000656
drown 0,314711 0,000195
drunk 0,415515 0,000128
drunkard 0,994252 0,000307
dry 0,116534 0,000036
dryness 1,966113 0,000608
dull 0,174353 0,000054
dust 0,162519 0,000050
dusty 0,967584 0,000299
duty 0,061875 0,000038
dwell 0,342490 0,000318
dwelling 0,494296 0,000153
eager 0,210721 0,000065
eagerly 0,385662 0,000119
eagerness 0,544727 0,000168
ear 0,061875 0,000038
earn 0,446287 0,000276
earth 0,051293 0,000016
earthly 0,673345 0,000208
easily 0,072571 0,000022
easy 0,000000 0,000000
eat 0,040822 0,000038
eater 1,469676 0,000454
eccentric 0,916291 0,000283
ecstasy 0,798508 0,000247
ecstatic 1,309333 0,000405
eddy 1,237874 0,000383
edge 0,150823 0,000047
edition 0,287682 0,000178
educate 0,544727 0,000168
educational 0,446287 0,000138
effort 0,094311 0,000058
eightfold 3,912023 0,001210
elect 0,210721 0,000065
electronic 0,544727 0,000168
electronically 0,544727 0,000168
elegant 0,634878 0,000196
element 0,342490 0,000106
elephant 0,967584 0,000299
elevated 0,891598 0,000276
elevation 0,843970 0,000261
email 0,562119 0,000174
embarrassed 0,916291 0,000283
embarrassing 1,514128 0,000468
embarrassment 0,994252 0,000307
embrace 0,235722 0,000073
emerge 0,653926 0,000202
emergency 1,049822 0,000325
emit 1,469676 0,000454
employee 0,510826 0,000316
emptiness 1,609438 0,000498
enchanted 1,078810 0,000334
enchantment 1,139434 0,000352
encircle 1,021651 0,000316
encode 0,653926 0,000202
encompass 1,203973 0,000372
encounter 0,446287 0,000138
endure 0,210721 0,000130
enemy 0,105361 0,000065
english 0,094311 0,000029
enjoy 0,072571 0,000067
enjoyable 1,966113 0,000608
enlarge 0,673345 0,000208
enlighten 0,562119 0,000174
enlightenment 1,714798 0,000530
enrich 0,941609 0,000291
ensure 0,342490 0,000106
entangle 1,078810 0,000334
enter 0,020203 0,000019
entice 1,386294 0,000857
entire 0,274437 0,000085
entity 0,544727 0,000337
entrance 0,210721 0,000065
entrust 1,203973 0,000372
envy 0,446287 0,000414
equal 0,162519 0,000050
equanimity 1,660731 0,000514
equipment 0,415515 0,000128
era 1,347074 0,000417
ere 0,634878 0,000196
err 0,733969 0,000227
error 0,072571 0,000045
escape 0,061875 0,000077
essence 0,693147 0,000214
essential 0,544727 0,000168
etch 3,218876 0,000995
eternal 0,415515 0,000128
eternally 1,347074 0,000417
eternity 0,673345 0,000208
evening 0,072571 0,000022
event 0,150823 0,000093
eventually 1,171183 0,000362
evil 0,150823 0,000047
exalt 0,597837 0,000185
excellent 0,150823 0,000047
excess 0,579818 0,000179
exchange 0,210721 0,000065
excited 0,248461 0,000077
exclaim 0,287682 0,000089
exclusion 0,371064 0,000115
executioner 1,427116 0,000441
exempt 0,314711 0,000097
exercise 0,235722 0,000146
exhale 1,660731 0,000514
exhaling 2,813411 0,000870
exhausted 0,400478 0,000124
exhausting 1,609438 0,000498
exist 0,072571 0,000045
existence 0,150823 0,000047
existing 0,891598 0,000276
expect 0,051293 0,000048
expectation 0,356675 0,000110
expend 0,301105 0,000093
expense 0,127833 0,000079
experience 0,072571 0,000022
experienced 0,356675 0,000110
expertise 3,506558 0,001084
explain 0,116534 0,000036
explanation 0,139262 0,000043
export 0,446287 0,000138
exposed 0,301105 0,000093
express 0,072571 0,000090
extent 0,083382 0,000026
external 0,562119 0,000174
extreme 0,186330 0,000058
extremely 0,385662 0,000119
exuberant 1,966113 0,000608
eye 0,000000 0,000000
eyebrow 0,673345 0,000208
eyelid 0,891598 0,000276
facility 0,342490 0,000106
factor 1,171183 0,000362
fade 0,371064 0,000229
fail 0,072571 0,000045
failure 0,415515 0,000128
fair 0,051293 0,000016
faith 0,210721 0,000065
faithful 0,261365 0,000081
faithfulness 2,040221 0,000631
falcon 1,897120 0,000587
fall 0,000000 0,000000
falls 0,328504 0,000102
false 0,210721 0,000065
familiarity 0,843970 0,000261
family 0,061875 0,000019
famous 0,261365 0,000081
fan 0,579818 0,000179
fare 0,597837 0,000185
farewell 0,634878 0,000196
farmer 0,653926 0,000404
fast 0,030459 0,000038
fasting 1,049822 0,000325
fate 0,174353 0,000054
fateful 1,832581 0,000567
father 0,061875 0,000038
fatten 1,386294 0,000429
fault 0,139262 0,000043
favourite 0,653926 0,000202
fear 0,020203 0,000019
fearful 0,400478 0,000124
fearfulness 2,525729 0,000781
feat 0,967584 0,000299
feather 0,462035 0,000143
feature 0,261365 0,000081
february 0,820981 0,000254
federal 0,527633 0,000163
fee 0,301105 0,000186
feed 0,248461 0,000154
feel 0,020203 0,000012
feeling 0,072571 0,000022
fellow 0,040822 0,000013
female 0,385662 0,000119
fence 0,693147 0,000214
fermented 2,407946 0,000745
ferry 1,427116 0,000883
ferryman 2,995732 0,000926
ferrymen 3,506558 0,001084
fervour 1,609438 0,000498
festering 2,302585 0,000712
feverish 0,843970 0,000261
field 0,094311 0,000058
fiery 0,713350 0,000221
fig 1,203973 0,000372
fight 0,083382 0,000077
figure 0,051293 0,000016
file 0,223144 0,000138
filth 1,139434 0,000352
final 0,342490 0,000106
finally 0,150823 0,000047
financial 0,415515 0,000128
finding 1,272966 0,000394
fine 0,061875 0,000038
finger 0,150823 0,000093
finished 0,162519 0,000050
firm 0,248461 0,000077
firmly 0,342490 0,000106
fish 0,287682 0,000178
fisher 1,609438 0,000498
fist 0,597837 0,000185
fitness 0,446287 0,000138
flabby 2,040221 0,000631
flame 0,248461 0,000077
flare 1,108663 0,000343
flash 0,261365 0,000081
flee 0,301105 0,000279
fleeting 1,139434 0,000352
flesh 0,210721 0,000065
flexible 1,714798 0,000530
flicker 0,755023 0,000233
float 0,328504 0,000203
flock 0,385662 0,000358
flourish 0,562119 0,000174
flourishing 1,021651 0,000316
flow 0,174353 0,000162
flower 0,174353 0,000108
fly 0,116534 0,000108
flying 0,235722 0,000073
foam 0,733969 0,000454
focus 1,560648 0,000483
fold 0,287682 0,000089
follow 0,020203 0,000006
follower 0,713350 0,000441
food 0,127833 0,000040
fool 0,235722 0,000146
foolish 0,235722 0,000073
foolishly 1,139434 0,000352
foolishness 1,514128 0,000468
foot 0,051293 0,000032
forbid 0,248461 0,000077
force 0,030459 0,000028
forcefully 2,995732 0,000926
forehead 0,400478 0,000124
foreign 0,301105 0,000093
forest 0,356675 0,000221
forget 0,010050 0,000006
forgetfulness 0,916291 0,000283
forgive 0,314711 0,000097
forgiveness 0,916291 0,000283
forlorn 1,078810 0,000334
form 0,020203 0,000012
format 0,562119 0,000348
fornicator 3,912023 0,001210
forsake 0,755023 0,000233
fortunate 0,415515 0,000128
fortune 0,162519 0,000101
foundation 0,127833 0,000040
fragrance 1,171183 0,000362
fragrant 1,108663 0,000343
freely 0,105361 0,000033
freeze 0,941609 0,000291
frenzied 1,660731 0,000514
fresh 0,105361 0,000033
freshly 1,347074 0,000417
friend 0,000000 0,000000
friendliness 1,560648 0,000483
friendly 0,248461 0,000077
friendship 0,261365 0,000081
frightened 0,301105 0,000093
frightening 1,514128 0,000468
fro 0,494296 0,000153
frost 0,653926 0,000202
fruit 0,162519 0,000101
fume 0,941609 0,000291
funeral 0,597837 0,000185
futile 1,469676 0,000454
future 0,105361 0,000033
gaga 3,912023 0,001210
gamble 1,832581 0,000567
gambler 1,714798 0,001060
gambling 1,609438 0,000498
game 0,210721 0,000130
gap 0,843970 0,000522
garden 0,150823 0,000093
garment 0,400478 0,000248
gate 0,210721 0,000065
gather 0,061875 0,000038
gathering 0,415515 0,000128
gaze 0,314711 0,000195
generate 1,386294 0,000429
generation 0,127833 0,000040
gentleman 0,223144 0,000069
gesture 0,510826 0,000316
gift 0,210721 0,000130
gifted 1,049822 0,000325
girl 0,198451 0,000123
glad 0,072571 0,000022
glance 0,186330 0,000115
glass 0,174353 0,000054
glisten 0,820981 0,000508
gloomy 0,462035 0,000143
glorious 0,462035 0,000143
glory 0,301105 0,000093
glow 0,314711 0,000195
gnaw 0,967584 0,000299
goal 0,274437 0,000170
goat 1,021651 0,000316
god 0,083382 0,000052
godly 2,207275 0,000683
gold 0,083382 0,000026
golden 0,342490 0,000106
govern 0,186330 0,000058
grab 1,514128 0,000936
grace 0,235722 0,000073
grant 0,061875 0,000038
grasp 0,274437 0,000170
grass 0,301105 0,000093
grateful 0,446287 0,000138
gratefully 0,415515 0,000128
gray 0,733969 0,000227
greatness 0,693147 0,000214
greed 1,609438 0,000498
greedily 1,078810 0,000334
greedy 1,021651 0,000316
green 0,105361 0,000033
greet 0,653926 0,000202
greeting 0,798508 0,000247
grief 0,356675 0,000110
groove 1,660731 0,000514
gross 0,235722 0,000073
ground 0,030459 0,000009
grove 0,733969 0,000227
grow 0,010050 0,000012
guard 0,083382 0,000026
guest 0,235722 0,000146
guide 0,083382 0,000026
guilt 0,544727 0,000168
gullibly 3,912023 0,001210
gunther 3,912023 0,001210
habit 0,162519 0,000101
hair 0,072571 0,000045
halted 0,843970 0,000261
hand 0,010050 0,000009
handle 0,223144 0,000069
handsome 0,328504 0,000102
hang 0,198451 0,000061
hanging 0,235722 0,000073
happen 0,030459 0,000028
happily 0,478036 0,000148
happiness 0,150823 0,000047
happy 0,061875 0,000038
hard 0,040822 0,000025
hardness 1,203973 0,000372
harm 0,210721 0,000195
harmless 0,248461 0,000077
harmony 0,579818 0,000179
harsh 0,462035 0,000143
hart 0,462035 0,000143
harvest 0,713350 0,000221
hastiness 2,813411 0,000870
hasty 0,510826 0,000158
hate 0,150823 0,000140
hatred 0,494296 0,000153
head 0,000000 0,000000
headed 0,510826 0,000158
heal 0,867501 0,000536
healing 1,347074 0,000417
health 0,198451 0,000061
healthy 0,356675 0,000110
hear 0,010050 0,000006
hearing 0,139262 0,000043
heart 0,010050 0,000006
heat 0,198451 0,000123
heavenly 0,843970 0,000261
heavy 0,030459 0,000019
hedge 0,597837 0,000185
heed 0,510826 0,000158
height 0,210721 0,000065
helper 1,714798 0,000530
herb 0,843970 0,000261
herd 0,597837 0,000185
herman 2,995732 0,000926
hermit 1,469676 0,000454
heron 1,771957 0,000548
hesitantly 3,218876 0,000995
hesitate 0,314711 0,000195
hesitation 0,616186 0,000191
hide 0,072571 0,000045
highly 0,261365 0,000081
highway 0,916291 0,000283
hill 0,150823 0,000047
hint 0,301105 0,000093
hip 1,078810 0,000334
hit 0,314711 0,000097
hold 0,010050 0,000009
holder 0,430783 0,000133
holiness 1,347074 0,000417
holy 0,371064 0,000115
honest 0,235722 0,000073
honestly 0,843970 0,000261
honey 0,755023 0,000233
honour 0,494296 0,000306
honourable 0,941609 0,000291
hope 0,000000 0,000000
hopeless 0,510826 0,000158
hopelessness 1,832581 0,000567
hornbill 3,912023 0,001210
horror 0,198451 0,000061
hospitality 0,713350 0,000221
host 0,446287 0,000138
hostile 0,776529 0,000240
hot 0,116534 0,000036
hour 0,061875 0,000038
house 0,020203 0,000006
houses 0,139262 0,000043
hover 0,653926 0,000202
hug 0,967584 0,000299
huge 0,400478 0,000124
hull 1,347074 0,000417
human 0,072571 0,000045
humble 0,261365 0,000081
humidity 3,912023 0,001210
humiliate 1,469676 0,000454
humorous 1,427116 0,000441
humour 0,713350 0,000221
hung 0,174353 0,000054
hunger 0,478036 0,000148
hungrily 2,302585 0,000712
hunter 0,579818 0,000179
hunting 0,462035 0,000143
hurriedly 0,891598 0,000276
hurry 0,162519 0,000101
hurt 0,150823 0,000047
hut 0,776529 0,000240
hyaena 3,218876 0,000995
ice 0,527633 0,000163
idea 0,083382 0,000026
identification 0,527633 0,000163
identify 0,342490 0,000106
ignorant 0,301105 0,000093
illusion 0,994252 0,000615
image 0,301105 0,000186
imagine 0,083382 0,000077
imitate 0,579818 0,000179
imitation 0,673345 0,000208
immaterial 1,966113 0,000608
immense 0,314711 0,000097
immensely 1,171183 0,000362
impatience 0,634878 0,000196
impatient 0,371064 0,000115
impatiently 0,634878 0,000196
impending 1,171183 0,000362
impenetrable 1,049822 0,000325
imperceptibly 1,469676 0,000454
imperfect 0,673345 0,000208
impetuously 2,040221 0,000631
imply 0,235722 0,000073
impose 0,162519 0,000050
impossible 0,094311 0,000029
inaccurate 0,510826 0,000158
incarnation 1,771957 0,000548
incessant 0,941609 0,000291
incessantly 0,916291 0,000283
incidental 0,446287 0,000138
include 0,072571 0,000090
incomplete 0,301105 0,000093
increase 0,061875 0,000057
indemnify 0,446287 0,000138
indemnity 0,527633 0,000163
indestructibility 3,506558 0,001084
indestructible 2,207275 0,000683
india 0,843970 0,000261
indian 0,544727 0,000168
indignant 0,820981 0,000254
indignantly 1,203973 0,000372
indignation 0,510826 0,000158
indirect 0,446287 0,000138
indirectly 0,371064 0,000115
indispensable 0,843970 0,000261
individual 0,139262 0,000043
individuality 1,609438 0,000498
indulgence 0,755023 0,000233
inescapable 3,912023 0,001210
inevitable 0,544727 0,000168
infants 1,171183 0,000362
infected 1,347074 0,000417
inferior 0,579818 0,000179
infinitely 0,673345 0,000208
inform 0,198451 0,000123
infringement 0,544727 0,000168
infuse 1,514128 0,000468
inhale 1,427116 0,001324
initiate 1,309333 0,000405
injury 0,301105 0,000093
injustice 0,653926 0,000202
inn 0,713350 0,000221
innermost 1,771957 0,000548
innumerable 0,634878 0,000196
insatiably 2,813411 0,000870
inscription 1,171183 0,000362
inscrutable 1,514128 0,000468
insensitivity 3,912023 0,001210
insight 1,171183 0,000724
insist 0,223144 0,000069
instance 0,116534 0,000036
instantly 0,356675 0,000110
instruct 0,494296 0,000306
instruction 0,328504 0,000102
insult 0,415515 0,000257
insulting 1,203973 0,000372
intellectual 0,235722 0,000073
intelligent 0,342490 0,000106
intend 0,094311 0,000058
intent 0,494296 0,000153
intention 0,127833 0,000040
interior 0,673345 0,000208
internal 0,261365 0,000081
international 0,494296 0,000153
interpret 0,235722 0,000073
interrupt 0,562119 0,000174
interrupted 0,301105 0,000093
intertwine 2,525729 0,000781
intimate 0,430783 0,000133
intoxicated 1,427116 0,000441
intoxication 1,309333 0,000405
invade 0,755023 0,000233
invalidity 0,527633 0,000163
invisibly 2,525729 0,000781
invitation 0,494296 0,000153
invite 0,261365 0,000081
invocation 2,659260 0,000822
involved 0,579818 0,000179
inwardly 0,798508 0,000247
irrefutably 3,506558 0,001084
irreproachable 1,966113 0,000608
irs 0,562119 0,000174
isaac 1,609438 0,000498
isolated 0,994252 0,000307
jackal 2,040221 0,001262
jaguar 3,912023 0,001210
japan 1,560648 0,000483
jewelry 2,040221 0,000631
job 0,597837 0,000185
joint 0,446287 0,000138
joke 0,356675 0,000331
jones 1,309333 0,000405
journey 0,150823 0,000047
joy 0,127833 0,000079
joyful 0,798508 0,000247
judge 0,061875 0,000019
judgement 2,120264 0,000656
juicy 2,040221 0,000631
jump 0,430783 0,000133
kamala 3,912023 0,001210
keen 0,371064 0,000115
kid 1,203973 0,000745
kidnap 2,120264 0,000656
kill 0,083382 0,000077
kindle 0,693147 0,000214
kindly 0,223144 0,000069
kindness 0,274437 0,000085
king 0,210721 0,000065
kiss 0,356675 0,000331
kissing 1,021651 0,000316
knee 0,150823 0,000047
kneel 0,478036 0,000148
knife 0,287682 0,000089
knock 0,287682 0,000089
knowledge 0,061875 0,000019
knowledgeable 3,218876 0,000995
krishna 3,912023 0,001210
laborious 1,171183 0,000362
lack 0,371064 0,000344
laden 0,673345 0,000208
lady 0,162519 0,000050
lake 0,162519 0,000050
lakshmi 3,912023 0,001210
lament 0,713350 0,000221
lamentation 1,078810 0,000334
lamentingly 3,912023 0,001210
land 0,051293 0,000032
landlord 0,941609 0,000291
lane 0,653926 0,000202
language 0,072571 0,000022
lank 1,609438 0,000498
late 0,094311 0,000029
laugh 0,094311 0,000117
laughter 0,274437 0,000085
law 0,020203 0,000012
lay 0,030459 0,000009
layer 1,514128 0,000468
lazy 0,616186 0,000191
lead 0,020203 0,000012
leading 0,139262 0,000043
leaf 0,446287 0,000138
lean 0,127833 0,000040
leapt 1,560648 0,000483
learn 0,020203 0,000019
leave -0,009950 -0,000009
left 0,000000 0,000000
leg 0,235722 0,000073
legal 0,261365 0,000081
legally 0,342490 0,000106
legend 0,820981 0,000254
lesson 0,287682 0,000178
letter 0,072571 0,000045
level 0,210721 0,000065
liability 0,462035 0,000143
liable 0,235722 0,000073
liberate 1,469676 0,000454
library 0,223144 0,000069
license 0,301105 0,000093
licensed 0,430783 0,000133
lie 0,020203 0,000031
lieu 0,415515 0,000128
life -0,009950 -0,000006
lifetime 0,843970 0,000261
lift 0,116534 0,000036
light 0,000000 0,000000
lightning 0,430783 0,000133
likes 1,771957 0,000548
limb 0,248461 0,000077
limitation 0,371064 0,000115
limited 0,261365 0,000081
linen 0,527633 0,000163
link 0,174353 0,000108
lip 0,127833 0,000040
listen 0,105361 0,000098
listener 0,843970 0,000522
listlessness 2,207275 0,000683
literary 0,287682 0,000089
live 0,010050 0,000006
living 0,020203 0,000006
loan 1,427116 0,001324
locate 0,371064 0,000115
location 0,494296 0,000153
lock 0,162519 0,000050
log 0,798508 0,000247
loincloth 3,506558 0,001084
loneliness 1,347074 0,000417
lonely 0,400478 0,000124
longing 0,653926 0,000202
longingly 2,525729 0,000781
loop 1,272966 0,000394
loose 0,094311 0,000029
lose 0,000000 0,000000
loss 0,083382 0,000052
lot 0,051293 0,000032
lotus 1,897120 0,000587
loud 0,105361 0,000033
loudly 0,400478 0,000124
lovable 2,207275 0,000683
love 0,030459 0,000019
lovely 0,462035 0,000143
lover 0,356675 0,000221
loving 0,478036 0,000148
loyalty 1,237874 0,000383
lucky 0,494296 0,000153
lukewarm 2,302585 0,000712
luminous 1,078810 0,000334
lunatic 1,203973 0,000372
lunch 0,967584 0,000299
lure 1,108663 0,000343
lust 0,820981 0,000254
lustful 1,832581 0,000567
lustre 1,139434 0,000352
luxury 0,462035 0,000143
machine 0,210721 0,000065
magic 0,673345 0,000208
magical 1,660731 0,000514
maid 0,415515 0,000257
main 0,127833 0,000040
maintain 0,094311 0,000029
majority 0,597837 0,000185
male 0,562119 0,000174
manage 0,261365 0,000081
manager 0,597837 0,000185
mango 2,813411 0,000870
manifestation 1,139434 0,000352
mankind 0,478036 0,000148
manner 0,040822 0,000013
manners 0,274437 0,000085
mara 3,218876 0,000995
mark 0,105361 0,000033
marked 0,061875 0,000019
marvellous 0,891598 0,000276
mask 0,673345 0,000208
master 0,072571 0,000045
masterful 1,966113 0,000608
masters 0,446287 0,000138
mat 0,820981 0,000254
match 0,301105 0,000093
mating 2,995732 0,000926
matter 0,000000 0,000000
maximum 0,478036 0,000148
maya 3,506558 0,001084
meal 0,261365 0,000162
meaning 0,186330 0,000058
meaningful 3,218876 0,000995
meaningless 1,966113 0,000608
meaninglessness 3,912023 0,001210
meat 0,356675 0,000110
meditate 0,733969 0,000227
meditation 0,776529 0,000480
meditative 1,660731 0,000514
medium 0,223144 0,000069
meet 0,010050 0,000006
melt 0,385662 0,000239
memory 0,162519 0,000050
mend 0,653926 0,000202
mention 0,105361 0,000033
merchandise 1,469676 0,000454
merchant 0,494296 0,000306
merchantability 0,994252 0,000307
merciless 1,427116 0,000441
mercilessly 2,302585 0,000712
mere 0,094311 0,000029
merge 1,469676 0,000454
message 0,356675 0,000110
messenger 0,562119 0,000174
method 0,094311 0,000058
michael 0,400478 0,000124
middle 0,030459 0,000009
midnight 0,328504 0,000102
midst 0,287682 0,000089
mild 0,430783 0,000133
mildness 1,427116 0,000441
milk 0,400478 0,000124
mind 0,020203 0,000006
miracle 0,597837 0,000185
miraculous 1,171183 0,000362
mirror 0,579818 0,000179
miserable 0,210721 0,000065
miserably 1,108663 0,000343
misery 0,248461 0,000077
mission 0,210721 0,000065
mississippi 0,415515 0,000128
mist 0,430783 0,000133
mistake 0,186330 0,000058
mistaken 0,261365 0,000081
mistress 0,478036 0,000148
moan 0,653926 0,000202
mock 0,478036 0,000296
mockery 0,916291 0,000283
mockingly 1,966113 0,000608
moderate 0,579818 0,000179
modest 0,371064 0,000115
modestly 1,139434 0,000352
modesty 0,733969 0,000227
modification 0,478036 0,000148
modify 0,356675 0,000110
mold 1,966113 0,000608
moment 0,010050 0,000006
money 0,051293 0,000016
monk 1,108663 0,000686
month 0,040822 0,000025
mood 0,462035 0,000143
moon 0,261365 0,000081
moonlight 0,673345 0,000208
morning 0,040822 0,000013
mortal 0,314711 0,000097
mother 0,072571 0,000045
motion 0,223144 0,000138
motionless 0,544727 0,000168
motionlessly 3,506558 0,001084
mountains 0,400478 0,000124
mourner 1,309333 0,000405
mourning 0,673345 0,000208
mouth 0,061875 0,000019
movement 0,287682 0,000178
moving 1,832581 0,000567
mud 0,462035 0,000143
multitude 0,385662 0,000119
mumble 1,386294 0,000429
mumbling 1,714798 0,000530
murderer 0,733969 0,000227
murky 1,771957 0,001096
murmur 0,287682 0,000178
murmuring 0,967584 0,000299
music 0,198451 0,000061
musician 1,171183 0,000362
mute 0,776529 0,000240
mysterious 0,314711 0,000097
mystery 0,235722 0,000073
myth 1,832581 0,000567
nail 0,356675 0,000110
naive 2,659260 0,000822
naked 0,274437 0,000085
nameless 1,078810 0,000334
nations 0,673345 0,000208
natural 0,094311 0,000029
naughtiness 2,407946 0,000745
neck 0,174353 0,000054
negligence 0,415515 0,000128
nest 0,579818 0,000179
network 0,415515 0,000128
newly 0,494296 0,000153
news 0,210721 0,000065
newsletter 0,562119 0,000174
nice 0,371064 0,000115
nicely 1,021651 0,000316
night 0,010050 0,000006
nipple 2,659260 0,000822
nirvana 3,912023 0,001210
noble 0,198451 0,000061
nobleman 1,021651 0,000632
nod 0,371064 0,000115
noise 0,139262 0,000043
nonproprietary 0,562119 0,000174
noon 0,430783 0,000133
north 0,083382 0,000026
nothingness 1,832581 0,000567
notice 0,020203 0,000012
noticeable 1,309333 0,000405
notify 0,371064 0,000115
notion 0,314711 0,000097
novice 1,560648 0,000483
nuisance 1,309333 0,000405
numb 1,514128 0,001405
numbness 2,525729 0,000781
nurse 0,301105 0,000093
nursing 0,867501 0,000268
nurture 1,660731 0,000514
oar 1,021651 0,000316
oarsman 2,207275 0,000683
obedience 0,494296 0,000153
obedient 0,544727 0,000168
obey 0,223144 0,000138
object 0,105361 0,000033
objection 0,400478 0,000124
observe 0,094311 0,000029
obsessed 2,659260 0,000822
obsolete 0,446287 0,000138
obstacle 0,510826 0,000158
obstruct 1,309333 0,000405
occasionally 0,371064 0,000115
occupation 0,371064 0,000229
occupy 0,174353 0,000108
occur 0,083382 0,000052
odds 1,108663 0,000343
offer 0,020203 0,000025
offering 1,609438 0,000498
office 0,072571 0,000022
official 0,223144 0,000069
oil 0,446287 0,000138
oily 1,771957 0,000548
ointment 1,966113 0,000608
omen 1,171183 0,000362
oneness 3,218876 0,000995
oneself 1,386294 0,000429
online 0,510826 0,000158
openly 0,494296 0,000153
openness 2,040221 0,000631
operate 0,916291 0,000283
opinion 0,105361 0,000065
opportunity 0,061875 0,000038
oppose 0,579818 0,000179
opposed 0,653926 0,000202
ordinary 0,186330 0,000058
organized 0,356675 0,000110
orgy 1,771957 0,000548
origin 0,527633 0,000163
original 0,105361 0,000033
originally 0,673345 0,000208
originator 0,478036 0,000148
ornamental 1,386294 0,000429
outburst 1,272966 0,000394
outdated 0,562119 0,000174
overcome 0,198451 0,000184
overestimate 2,659260 0,000822
overwhelmed 0,891598 0,000276
owe 0,105361 0,000033
owl 1,078810 0,000334
owner 0,083382 0,000026
ox 0,941609 0,000291
pace 0,186330 0,000173
pain 0,051293 0,000032
painful 0,328504 0,000102
painfully 0,916291 0,000283
paint 0,274437 0,000085
pale 0,186330 0,000058
palm 0,494296 0,000153
pampered 1,897120 0,000587
pang 0,634878 0,000196
paper 0,083382 0,000026
paperwork 0,562119 0,000174
parable 1,609438 0,000498
parade 0,994252 0,000307
paragraph 0,328504 0,000203
paralysed 2,120264 0,000656
parched 1,203973 0,000372
pardon 0,287682 0,000089
parent 0,261365 0,000081
partaking 1,832581 0,000567
partially 0,967584 0,000299
participate 1,309333 0,000405
partner 0,510826 0,000158
party 0,030459 0,000009
pass 0,020203 0,000019
passenger 0,653926 0,000202
passing 0,094311 0,000029
passion 0,174353 0,000108
passionately 0,941609 0,000291
path 0,150823 0,000093
patience 0,139262 0,000043
patient 0,274437 0,000085
patiently 0,733969 0,000227
pause 0,314711 0,000097
pavilion 1,560648 0,000483
pay 0,030459 0,000028
payment 0,274437 0,000170
peace 0,094311 0,000029
peaceful 0,478036 0,000148
peacefully 1,108663 0,000343
peacock 1,469676 0,000454
pearl 0,820981 0,000254
peel 1,139434 0,000705
pen 0,235722 0,000073
penance 1,514128 0,000468
penetrate 0,415515 0,000257
penitent 1,237874 0,000766
perceive 0,198451 0,000061
perfect 0,061875 0,000038
perfection 0,446287 0,000138
perfectly 0,162519 0,000050
perform 0,072571 0,000067
performance 0,127833 0,000079
perfume 0,941609 0,000291
perfumed 1,427116 0,000441
periodic 0,544727 0,000168
perish 0,462035 0,000429
permanent 0,223144 0,000069
permission 0,150823 0,000047
permit 0,094311 0,000058
person -0,009950 -0,000006
persuade 0,223144 0,000069
pestilence 1,386294 0,000429
pet 0,891598 0,000276
petition 0,941609 0,000291
petrified 1,469676 0,000454
petrifying 2,813411 0,000870
petty 0,776529 0,000240
phrase 0,139262 0,000043
physical 0,198451 0,000061
physicians 1,272966 0,000394
pick 0,223144 0,000069
picture 0,139262 0,000043
piece 0,020203 0,000012
pike 1,347074 0,000417
pile 0,328504 0,000203
pilgrim 1,203973 0,000745
pilgrimage 1,427116 0,000883
pillow 0,544727 0,000168
pious 0,733969 0,000227
pit 0,597837 0,000185
pity 0,139262 0,000086
plague 0,673345 0,000208
plain 0,040822 0,000013
plan 0,198451 0,000123
planning 1,021651 0,000316
plant 0,186330 0,000058
play 0,040822 0,000050
player 0,713350 0,000221
pleasantly 0,820981 0,000254
pleasure 0,051293 0,000032
plentiful 1,049822 0,000325
pluck 0,371064 0,000115
plunge 0,314711 0,000195
poem 0,798508 0,000247
poetry 0,693147 0,000214
pointless 2,207275 0,000683
pointlessness 3,506558 0,001084
poison 0,371064 0,000229
polite 0,693147 0,000214
politely 1,078810 0,000334
ponder 0,820981 0,000508
ponderingly 3,506558 0,001084
poor 0,020203 0,000012
pop 1,203973 0,000372
pose 1,021651 0,000316
position 0,162519 0,000201
possess 0,061875 0,000038
possession 0,083382 0,000052
possibility 0,150823 0,000047
post 0,051293 0,000016
potion 2,040221 0,000631
potter 1,171183 0,000362
pouch 1,514128 0,000936
poultry 1,660731 0,000514
pour 0,116534 0,000036
poverty 0,446287 0,000138
power 0,030459 0,000009
powerful 0,223144 0,000069
practically 0,235722 0,000073
practise 0,510826 0,000474
praise 0,274437 0,000170
prajapati 3,912023 0,001210
pray 0,261365 0,000162
prayer 0,287682 0,000178
precious 0,162519 0,000050
precise 0,776529 0,000240
precisely 0,510826 0,000158
precocious 1,966113 0,000608
predecessor 1,049822 0,000325
prefer 0,174353 0,000108
pregnant 1,272966 0,000394
prepare 0,116534 0,000036
prepared 0,105361 0,000033
preserve 0,083382 0,000052
presumable 3,218876 0,000995
pretend 0,186330 0,000058
pretty 0,150823 0,000047
prevail 0,287682 0,000089
prevent 0,040822 0,000013
previous 0,094311 0,000029
price 0,314711 0,000097
pride 0,150823 0,000047
priest 0,616186 0,000381
prince 0,462035 0,000286
print 0,116534 0,000072
prisoner 0,356675 0,000110
pristine 2,659260 0,000822
privileged 1,347074 0,000417
proceed 0,116534 0,000036
process 0,400478 0,000124
processing 0,562119 0,000174
produce 0,061875 0,000038
production 0,274437 0,000085
professor 0,261365 0,000081
profit 0,083382 0,000052
profitable 0,891598 0,000276
progress 0,162519 0,000101
prohibit 1,347074 0,000417
prohibition 0,415515 0,000128
project -0,009950 -0,000003
prominently 0,494296 0,000153
promise 0,051293 0,000016
promote 0,274437 0,000085
promotion 0,342490 0,000106
proofread 0,562119 0,000174
propel 1,714798 0,000530
proper 0,061875 0,000019
properly 0,385662 0,000119
property 0,127833 0,000079
proprietary 0,562119 0,000174
prosper 1,171183 0,000362
protect 0,139262 0,000086
protrude 1,203973 0,000372
proudly 0,733969 0,000227
prove 0,083382 0,000026
provide 0,127833 0,000079
provision 0,094311 0,000058
public 0,083382 0,000026
pull 0,127833 0,000079
pullen 3,912023 0,001210
pumpkin 2,302585 0,000712
punish 0,314711 0,000195
punitive 0,562119 0,000174
pupil 0,579818 0,000179
purchase 0,400478 0,000124
pure 0,139262 0,000086
purify 0,916291 0,000283
purity 0,776529 0,000240
purpose 0,040822 0,000013
pursue 0,186330 0,000115
pursuer 1,272966 0,000394
pus 3,912023 0,001210
push 0,139262 0,000043
putrefaction 2,407946 0,000745
puzzled 0,494296 0,000153
quality 0,186330 0,000058
quench 0,941609 0,000291
question 0,020203 0,000012
quick 0,127833 0,000040
quiet 0,094311 0,000029
quietly 0,261365 0,000081
quietness 1,832581 0,000567
quoth 1,966113 0,000608
rabbit 0,994252 0,000307
radiantly 2,813411 0,000870
raft 1,832581 0,000567
rage 0,139262 0,000043
rain 0,150823 0,000047
rainbow 1,171183 0,000362
rainy 0,967584 0,000299
random 0,967584 0,000299
rank 0,223144 0,000069
rant 2,659260 0,000822
rapids 2,525729 0,000781
rare 0,261365 0,000081
rarely 0,527633 0,000163
rational 0,867501 0,000268
ray 0,462035 0,000143
reach 0,000000 0,000000
read 0,020203 0,000019
readable 0,510826 0,000158
readiness 0,634878 0,000196
ready 0,030459 0,000009
real 0,040822 0,000013
realisation 1,966113 0,000608
realise 1,021651 0,000316
reality 0,301105 0,000093
realization 1,560648 0,000965
realize 0,693147 0,000214
realm 0,867501 0,000268
reason 0,010050 0,000003
reasonable 0,116534 0,000036
rebirth 2,995732 0,000926
reborn 3,218876 0,000995
rebuke 0,843970 0,000261
receipt 0,261365 0,000081
receive 0,040822 0,000038
reciprocate 2,302585 0,000712
recitation 2,120264 0,000656
recognise 0,843970 0,000783
red 0,061875 0,000019
reddishly 3,912023 0,001210
redeem 0,776529 0,000240
redistribute 0,544727 0,000168
redistributing 0,562119 0,000174
redistribution 0,562119 0,000174
reduce 0,314711 0,000097
reed 0,941609 0,000291
refer 0,223144 0,000069
reference 0,198451 0,000061
reflect 0,235722 0,000146
reflection 0,274437 0,000085
refresh 0,446287 0,000138
refuge 0,446287 0,000138
refund 0,562119 0,000174
refuse 0,083382 0,000026
regain 0,634878 0,000196
regard 0,083382 0,000052
register 0,287682 0,000089
regulate 0,210721 0,000065
reject 0,478036 0,000296
rejoice 0,400478 0,000124
rejuvenated 2,995732 0,000926
relationship 0,867501 0,000268
relative 0,462035 0,000143
release 0,105361 0,000033
reliable 1,609438 0,000498
relief 0,186330 0,000058
relieve 0,198451 0,000061
religious 0,446287 0,000138
reluctance 1,049822 0,000325
remain 0,040822 0,000038
remains 0,150823 0,000047
remedy 0,150823 0,000047
remember 0,030459 0,000019
remind 0,301105 0,000093
reminder 1,897120 0,000587
reminiscent 2,995732 0,000926
remote 0,478036 0,000148
remove 0,040822 0,000025
rename 0,544727 0,000168
render 0,186330 0,000058
renew 0,314711 0,000195
renounce 0,941609 0,000291
repeat 0,051293 0,000048
repentance 0,798508 0,000247
repetition 0,713350 0,000441
replace 0,198451 0,000123
replacement 0,544727 0,000168
reply 0,105361 0,000033
report 0,051293 0,000032
represent 0,210721 0,000065
representation 0,261365 0,000081
reproach 0,301105 0,000093
repulsive 1,049822 0,000325
request 0,105361 0,000033
require 0,051293 0,000032
required 0,083382 0,000026
requirement 0,400478 0,000124
resemble 0,400478 0,000248
reside 0,713350 0,000221
resistance 0,430783 0,000133
resolution 0,385662 0,000119
resound 0,916291 0,000283
respect 0,040822 0,000013
respects 0,527633 0,000163
rest 0,010050 0,000012
restless 0,478036 0,000148
restlessness 1,347074 0,000417
restriction 0,371064 0,000115
retell 2,659260 0,000822
retire 0,415515 0,000128
retired 0,342490 0,000106
retreat 0,342490 0,000106
return 0,010050 0,000012
reveal 0,223144 0,000069
revel 0,994252 0,000307
revenue 0,342490 0,000106
reward 0,174353 0,000054
rice 1,469676 0,000454
rich 0,116534 0,000108
riches 0,798508 0,000247
richness 1,469676 0,000454
ridiculous 0,478036 0,000148
rig 1,272966 0,000394
righteously 2,813411 0,000870
rigid 0,820981 0,000254
rigidly 1,832581 0,000567
rip 1,021651 0,000316
ripen 0,941609 0,000291
rise 0,030459 0,000028
river 0,174353 0,000054
riverbank 3,218876 0,000995
rivers 0,713350 0,000221
road 0,116534 0,000036
roar 0,356675 0,000110
robber 0,653926 0,000404
robe 0,673345 0,000416
rock 0,186330 0,000115
roll 0,150823 0,000140
romain 3,506558 0,001084
roof 0,186330 0,000058
root 0,235722 0,000073
rope 0,430783 0,000133
rosy 1,078810 0,000334
rot 0,798508 0,000247
rotten 0,941609 0,000291
roughly 0,544727 0,000168
roundness 2,302585 0,000712
royalty 0,371064 0,000229
ruin 0,116534 0,000036
rule 0,030459 0,000019
rumble 1,171183 0,000362
rumour 1,078810 0,000667
rush 0,127833 0,000040
sacred 0,415515 0,000128
sacrifice 0,210721 0,000130
sacrificial 2,525729 0,000781
sad 0,223144 0,000069
sadly 0,510826 0,000158
sadness 0,820981 0,000254
safe 0,116534 0,000036
sail 0,415515 0,000128
saint 0,673345 0,000208
sake 0,083382 0,000026
sakyamuni 3,912023 0,001210
sal 2,659260 0,000822
sale 0,776529 0,000480
salt 0,105361 0,000033
salutation 1,237874 0,000766
salvation 0,798508 0,000247
sanctity 1,347074 0,000417
sand 0,494296 0,000153
sandy 1,049822 0,000325
sansara 3,912023 0,001210
satisfy 0,061875 0,000038
saturate 1,609438 0,000498
savage 0,248461 0,000077
save 0,010050 0,000003
scared 0,941609 0,000291
scattered 0,139262 0,000043
scene 0,127833 0,000040
scent 0,544727 0,000168
scholar 0,579818 0,000179
school 0,150823 0,000047
scold 1,078810 0,000334
scolding 1,309333 0,000405
scorched 1,386294 0,000429
scorn 0,446287 0,000414
scream 0,462035 0,000429
scriptures 1,609438 0,000498
scroll 1,660731 0,000514
sea 0,116534 0,000036
seam 1,386294 0,000429
search 0,040822 0,000050
searcher 2,207275 0,000683
season 0,235722 0,000146
seat 0,051293 0,000016
secret 0,051293 0,000032
secretly 0,597837 0,000185
secure 0,061875 0,000019
sedan 2,813411 0,000870
seducer 2,525729 0,000781
seed 0,510826 0,000316
seek 0,083382 0,000103
seeker 1,609438 0,000498
seemingly 0,967584 0,000299
sell 0,210721 0,000065
send 0,020203 0,000012
sensation 0,371064 0,000229
sense 0,051293 0,000048
sensual 1,203973 0,000372
sentence 0,094311 0,000029
separate 0,094311 0,000058
separation 0,755023 0,000233
sequence 1,560648 0,000483
sermon 0,891598 0,000276
servant 0,105361 0,000065
serve 0,051293 0,000032
service 0,072571 0,000022
set 0,010050 0,000006
settle 0,083382 0,000026
sex 0,462035 0,000143
sexual 2,525729 0,000781
sexuality 3,912023 0,001210
shackle 2,302585 0,000712
shade 0,223144 0,000069
shadow 0,162519 0,000050
shady 0,967584 0,000299
shaggy 1,049822 0,000325
shake 0,072571 0,000067
shameful 0,916291 0,000283
shape 0,150823 0,000047
shaped 0,527633 0,000163
share 0,030459 0,000028
shave 0,916291 0,000567
shaven 1,514128 0,000468
sheep 0,371064 0,000115
shelter 0,301105 0,000093
shimmer 2,525729 0,000781
shimmering 1,966113 0,000608
shin 1,897120 0,000587
shine 0,150823 0,000187
ship 0,198451 0,000061
shipment 2,995732 0,000926
shipping 1,309333 0,000405
shiver 0,478036 0,000591
shock 0,235722 0,000073
shoe 0,314711 0,000097
shop 0,494296 0,000153
shore 0,287682 0,000089
short 0,020203 0,000006
shot 0,223144 0,000069
shoulder 0,139262 0,000086
shout 0,186330 0,000115
shudder 0,446287 0,000138
shut 0,051293 0,000016
shy 0,673345 0,000208
sick 0,150823 0,000047
sickliness 2,995732 0,000926
sickness 0,478036 0,000148
siddhartha 3,912023 0,001210
sigh 0,235722 0,000219
sight 0,040822 0,000013
silence 0,051293 0,000016
silent 0,051293 0,000016
silently 0,544727 0,000168
silly 0,400478 0,000124
silver 0,210721 0,000065
simple 0,094311 0,000058
simply 0,150823 0,000047
simultaneous 1,660731 0,000514
simultaneously 1,203973 0,000372
simultaneousness 3,218876 0,000995
sin 0,314711 0,000195
sinful 1,309333 0,000405
sing 0,261365 0,000162
singing 0,371064 0,000115
single 0,083382 0,000026
singsong 3,218876 0,000995
singular 0,430783 0,000133
sink 0,072571 0,000022
sinner 0,867501 0,000268
sir 0,150823 0,000047
sit 0,010050 0,000009
situation 0,198451 0,000061
skeleton 0,867501 0,000268
skill 0,287682 0,000178
skin 0,174353 0,000054
skinned 1,609438 0,000498
skinny 2,302585 0,000712
sky 0,186330 0,000058
sleep 0,051293 0,000048
sleepless 1,049822 0,000325
slender 0,693147 0,000214
slight 0,072571 0,000045
slim 1,139434 0,000352
slip 0,150823 0,000093
sloth 1,347074 0,000417
slow 0,139262 0,000086
slowly 0,150823 0,000047
slumber 0,510826 0,000158
slur 2,302585 0,000712
smart 0,597837 0,000555
smash 1,021651 0,000632
smell 0,261365 0,000162
smile 0,150823 0,000140
smoothly 1,021651 0,000316
snake 0,891598 0,000276
snakes 1,347074 0,000417
sneak 1,237874 0,000383
soap 1,272966 0,000394
sob 0,562119 0,000174
sobering 2,995732 0,000926
soft 0,210721 0,000065
softly 0,400478 0,000124
softness 0,891598 0,000276
soil 0,478036 0,000296
soiled 1,609438 0,000498
solely 0,733969 0,000227
solemnity 0,843970 0,000261
solicit 0,314711 0,000097
solicitation 0,430783 0,000133
solid 0,274437 0,000085
solve 0,478036 0,000148
son 0,083382 0,000052
song 0,261365 0,000162
sorcerer 1,897120 0,000587
sorrow 0,248461 0,000077
soul 0,083382 0,000026
sound 0,010050 0,000009
source 0,274437 0,000170
space 0,105361 0,000033
spare 0,116534 0,000072
sparingly 2,120264 0,000656
sparkling 0,776529 0,000240
speak 0,030459 0,000038
speaker 0,634878 0,000196
speaking 0,072571 0,000022
spear 0,967584 0,000299
special 0,083382 0,000026
specific 0,820981 0,000254
spectacle 0,544727 0,000168
spectator 0,544727 0,000168
speech 0,139262 0,000086
speed 0,274437 0,000170
spell 0,653926 0,000404
spend 0,051293 0,000032
spice 1,108663 0,000343
spiral 2,207275 0,000683
spirit 0,051293 0,000016
spiritual 0,653926 0,000202
spirituality 2,525729 0,000781
spit 0,843970 0,000261
spite 0,139262 0,000043
splendid 0,400478 0,000124
splendour 1,237874 0,000383
split 0,798508 0,000247
sponge 1,171183 0,000362
spot 0,150823 0,000093
spread 0,051293 0,000048
spring 0,051293 0,000032
sprout 1,514128 0,000468
squander 1,469676 0,000454
square 0,223144 0,000069
squeeze 0,798508 0,000247
stable 0,478036 0,000148
staff 0,261365 0,000081
stain 0,478036 0,000148
stair 0,415515 0,000128
stake 0,446287 0,000138
stale 1,309333 0,000405
stammer 0,891598 0,000276
stammeringly 3,912023 0,001210
stand -0,009950 -0,000009
standstill 1,714798 0,000530
star 0,261365 0,000162
stare 0,328504 0,000102
starry 1,272966 0,000394
start -0,009950 -0,000012
startled 0,415515 0,000128
statement 0,186330 0,000058
status 0,446287 0,000138
stay 0,061875 0,000057
steal 0,105361 0,000098
stefan 3,506558 0,001084
stem 0,776529 0,000480
step 0,030459 0,000028
stick 0,174353 0,000054
stiff 0,430783 0,000133
sting 0,616186 0,000191
stink 1,469676 0,000454
stir 0,210721 0,000130
stirring 0,494296 0,000153
stomach 0,616186 0,000191
stone 0,094311 0,000058
storage 2,525729 0,000781
store 0,061875 0,000019
story 0,030459 0,000019
stove 1,108663 0,000343
straight 0,105361 0,000033
straighten 0,967584 0,000598
strange 0,061875 0,000038
strangely 0,579818 0,000179
stranger 0,139262 0,000043
strangers 0,356675 0,000110
straw 0,342490 0,000106
stream 0,139262 0,000043
street 0,116534 0,000072
strength 0,030459 0,000009
strengthen 0,478036 0,000148
stretch 0,116534 0,000036
strict 0,186330 0,000058
strictly 0,579818 0,000179
stride 0,616186 0,000191
strike 0,020203 0,000012
strive 0,385662 0,000239
strong 0,020203 0,000019
struggle 0,127833 0,000079
stubborn 0,843970 0,000261
stubbornly 1,832581 0,000567
student 0,579818 0,000359
study 0,094311 0,000029
stuff 0,223144 0,000069
stupid 0,478036 0,000148
stupidity 0,916291 0,000283
style 0,261365 0,000081
subdued 0,494296 0,000153
subject 0,061875 0,000019
submerge 1,560648 0,000483
submergence 3,506558 0,001084
submission 0,776529 0,000240
submissive 1,427116 0,000441
subscribe 0,342490 0,000106
subservient 1,897120 0,000587
substance 0,415515 0,000128
succeed 0,105361 0,000065
success 0,162519 0,000050
succumb 1,427116 0,000441
suck 0,597837 0,000555
suddenly 0,040822 0,000013
suffer 0,061875 0,000038
suffering 0,210721 0,000065
sufferingly 3,912023 0,001210
suicide 1,049822 0,000325
suitable 0,462035 0,000143
summon 0,544727 0,000168
sun 0,072571 0,000022
sunrise 0,891598 0,000276
sunset 0,798508 0,000247
sunshine 0,616186 0,000191
superior 0,261365 0,000081
superiority 0,673345 0,000208
supple 1,171183 0,000362
support 0,094311 0,000029
suppose 0,020203 0,000006
surely 0,186330 0,000058
surface 0,287682 0,000089
surpass 0,755023 0,000233
surround 0,162519 0,000050
survive 0,186330 0,000058
suspect 0,162519 0,000101
swamp 0,287682 0,000089
sweet 0,139262 0,000129
sweetly 1,049822 0,000325
sweetness 0,673345 0,000208
swell 0,186330 0,000058
swiftly 0,713350 0,000221
sword 0,430783 0,000133
syllable 0,776529 0,000240
symbol 1,108663 0,000343
sympathy 0,314711 0,000097
synonymous 0,446287 0,000138
table 0,083382 0,000026
tackle 1,139434 0,000352
tale 0,248461 0,000154
talk 0,061875 0,000038
talking 0,150823 0,000047
tall 0,198451 0,000061
tan 1,272966 0,000394
target 1,514128 0,000468
task 0,248461 0,000077
taste 0,105361 0,000065
tavern 1,021651 0,000316
tax 0,248461 0,000154
teach 0,083382 0,000103
teachable 2,813411 0,000870
teacher 0,415515 0,000257
teaching 1,560648 0,000483
tear 0,030459 0,000019
temple 0,314711 0,000097
tenacity 1,609438 0,000498
tend 0,430783 0,000266
tendency 0,527633 0,000163
tender 0,301105 0,000093
tenderly 0,916291 0,000283
tenderness 0,616186 0,000191
tense 1,386294 0,000429
term 0,061875 0,000019
terrible 0,186330 0,000058
terribly 0,733969 0,000227
textbook 2,659260 0,000822
thankful 0,843970 0,000261
thicket 0,967584 0,000299
thief 0,462035 0,000143
thigh 1,078810 0,000334
thinker 1,427116 0,000883
thinking 0,274437 0,000085
thirst 0,494296 0,000306
thirsty 0,820981 0,000254
thorny 2,407946 0,000745
thoughtful 0,693147 0,000214
thoughtfully 0,994252 0,000307
threadbare 1,560648 0,000483
threaten 0,186330 0,000058
throw 0,010050 0,000012
thump 1,203973 0,000372
tie 0,105361 0,000065
tiger 1,078810 0,000334
tilt 1,309333 0,000405
time -0,009950 -0,000006
timid 0,544727 0,000168
timidly 1,171183 0,000362
timidness 3,912023 0,001210
tiny 0,820981 0,000254
tired 0,198451 0,000061
tiredly 3,912023 0,001210
tiredness 3,218876 0,000995
title 0,116534 0,000036
toe 0,616186 0,000191
toil 0,430783 0,000133
toilsome 2,207275 0,000683
tolerance 2,302585 0,000712
tomorrow 0,755023 0,000233
tone 0,198451 0,000061
tongue 0,139262 0,000043
tooth 0,186330 0,000058
torment 0,597837 0,000370
torture 0,371064 0,000229
touch 0,010050 0,000009
tough 0,891598 0,000276
tower 0,314711 0,000097
town 0,094311 0,000058
trace 0,198451 0,000061
trade 0,287682 0,000089
trademark 0,562119 0,000174
trading 1,237874 0,000383
train 0,162519 0,000050
trainee 3,912023 0,001210
tranquility 2,120264 0,000656
transcendent 1,897120 0,000587
transcribe 0,462035 0,000143
transcription 0,527633 0,000163
transform 0,693147 0,000214
transformation 1,272966 0,000787
transitoriness 3,912023 0,001210
translator 1,347074 0,000417
transmit 1,049822 0,000325
transparent 1,021651 0,000316
transport 0,653926 0,000202
travel 0,198451 0,000123
traveller 0,755023 0,000467
travelling 0,693147 0,000214
treasure 0,261365 0,000162
treat 0,127833 0,000079
treatment 0,127833 0,000040
tree 0,061875 0,000038
tremble 0,174353 0,000054
tremendous 0,693147 0,000214
tremor 1,386294 0,000429
trick 0,274437 0,000085
trifle 0,446287 0,000138
trip 0,510826 0,000158
trouble 0,010050 0,000003
true 0,020203 0,000006
trunk 0,579818 0,000179
trust 0,061875 0,000019
truth 0,030459 0,000009
truthful 1,427116 0,000441
tumble 0,494296 0,000153
twitch 1,386294 0,000429
type 0,174353 0,000054
ugliness 1,660731 0,000514
ugly 0,385662 0,000119
ultimate 0,941609 0,000291
ultimately 1,108663 0,000343
unable 0,248461 0,000077
unbearable 1,560648 0,000483
unbelievable 2,659260 0,000822
uncertain 0,301105 0,000093
unchanged 0,994252 0,000307
unconscious 0,400478 0,000124
unconsciousness 1,771957 0,000548
undefeatable 3,912023 0,001210
understand 0,020203 0,000012
understandable 2,995732 0,000926
understanding 0,223144 0,000069
undertake 0,385662 0,000119
unenforceability 0,562119 0,000174
unexpressable 3,912023 0,001210
uniform 0,210721 0,000065
uniformity 1,771957 0,000548
united 0,094311 0,000029
unity 1,049822 0,000325
universe 0,733969 0,000227
unknown 0,105361 0,000033
unlearn 2,302585 0,000712
unleash 2,659260 0,000822
unlink 0,562119 0,000174
unmoved 0,916291 0,000283
unpleasant 0,562119 0,000174
unprotected 0,673345 0,000208
unrelenting 2,525729 0,000781
unrest 2,040221 0,000631
unsaid 2,207275 0,000683
unsatisfiable 3,912023 0,001210
unselfish 1,609438 0,000498
unsolicited 0,510826 0,000158
unsown 3,218876 0,000995
unsteadiness 2,813411 0,000870
unstoppable 3,912023 0,001210
unsuccessfully 2,525729 0,000781
untouchable 3,506558 0,001084
unworthy 0,673345 0,000208
upanishad 3,912023 0,001210
upbringing 2,813411 0,000870
upcoming 3,912023 0,001210
update 0,510826 0,000158
upholster 2,525729 0,000781
upper 0,314711 0,000097
upright 0,301105 0,000093
upriver 3,912023 0,001210
upset 0,755023 0,000233
upward 0,579818 0,000179
urge 0,274437 0,000255
urgently 1,560648 0,000483
useless 0,235722 0,000073
user 0,544727 0,000168
usual 0,139262 0,000043
ut 0,510826 0,000158
utter 0,162519 0,000151
vacuous 2,995732 0,000926
vain 0,116534 0,000036
valuable 0,342490 0,000106
vanilla 0,544727 0,000168
vanity 0,400478 0,000248
vapour 1,514128 0,000468
variety 0,150823 0,000047
vasudeva 3,912023 0,001210
veda 3,506558 0,001084
veil 0,510826 0,000158
vein 0,446287 0,000138
vendor 2,207275 0,000683
venerability 3,912023 0,001210
venerable 0,843970 0,000261
venerate 1,660731 0,001027
veneration 1,469676 0,000454
verily 1,139434 0,000352
verse 0,478036 0,000296
version 0,342490 0,000106
vessel 0,446287 0,000138
vex 0,579818 0,000179
vice 0,478036 0,000296
viciousness 2,407946 0,000745
victim 0,385662 0,000119
victorious 1,108663 0,000343
victory 0,356675 0,000110
view 0,040822 0,000025
vigour 0,843970 0,000261
village 0,356675 0,000110
villages 0,820981 0,000254
violate 0,342490 0,000106
violently 0,462035 0,000143
virtue 0,287682 0,000178
virus 0,527633 0,000163
vishnu 2,813411 0,000870
visible 0,235722 0,000073
vision 0,301105 0,000093
visit 0,030459 0,000019
visitor 0,446287 0,000276
voice 0,020203 0,000012
void 0,261365 0,000081
voluntarily 0,891598 0,000276
volunteer 0,314711 0,000097
volunteers 0,430783 0,000133
vomit 2,040221 0,001262
vulture 1,427116 0,000441
wail 0,798508 0,000247
wait 0,061875 0,000057
waiting 0,083382 0,000026
wake 0,223144 0,000276
walk 0,000000 0,000000
wall 0,094311 0,000029
wander 0,116534 0,000072
wane 0,967584 0,000299
war 0,139262 0,000086
warm 0,116534 0,000036
warmly 0,798508 0,000247
warn 0,287682 0,000089
warning 0,235722 0,000146
warranty 0,544727 0,000337
warrior 1,108663 0,000686
wash 0,210721 0,000195
waste 0,127833 0,000119
watch 0,020203 0,000019
watchful 1,171183 0,000362
water 0,040822 0,000025
waterfall 2,302585 0,000712
wave 0,210721 0,000065
waver 0,733969 0,000454
weak 0,105361 0,000033
weaken 0,562119 0,000174
wealth 0,287682 0,000089
wear 0,083382 0,000103
weary 0,186330 0,000058
weave 0,693147 0,000857
wedding 0,733969 0,000454
weep 0,356675 0,000331
weigh 0,162519 0,000050
weird 1,309333 0,000405
west 0,083382 0,000026
wet 0,261365 0,000081
wetness 3,506558 0,001084
whatsoever 0,287682 0,000089
wheel 0,274437 0,000085
whine 1,272966 0,000394
whisper 0,248461 0,000154
white 0,051293 0,000016
whore 2,407946 0,000745
whorehouse 3,912023 0,001210
wide 0,030459 0,000019
widespread 0,916291 0,000283
wife 0,083382 0,000026
wiggle 2,995732 0,000926
wild 0,051293 0,000016
wilhelm 3,506558 0,001084
willingly 0,527633 0,000163
willingness 1,514128 0,000468
win 0,356675 0,000110
wind 0,094311 0,000029
window 0,162519 0,000050
wine 0,235722 0,000073
wisdom 0,287682 0,000089
wise 0,094311 0,000087
wisely 0,653926 0,000202
wither 1,347074 0,000417
withered 0,843970 0,000261
woe 0,673345 0,000208
woman 0,030459 0,000019
womb 1,272966 0,000394
wonderful 0,162519 0,000050
wonderfully 0,510826 0,000158
wondrous 1,203973 0,000372
wondrously 2,207275 0,000683
wood 0,083382 0,000026
wool 1,049822 0,000325
word 0,020203 0,000006
worker 0,941609 0,000582
workings 1,609438 0,000498
worldly 0,820981 0,000254
worry 0,544727 0,000674
worser 3,912023 0,001210
worship 0,415515 0,000257
worshipper 1,514128 0,000468
worth 0,061875 0,000019
worthless 0,843970 0,000261
worthwhile 2,813411 0,000870
worthy 0,186330 0,000058
wound 0,198451 0,000123
wounded 0,274437 0,000085
wrap 0,400478 0,000124
wrestle 1,049822 0,000325
wretched 0,328504 0,000102
wretchedness 1,139434 0,000352
wrinkle 0,755023 0,000233
wrist 0,776529 0,000240
write 0,020203 0,000019
writing 0,061875 0,000019
wrong 0,072571 0,000022
yearn 1,609438 0,000498
yearning 1,514128 0,000468
yellow 0,314711 0,000097
yesterday 0,301105 0,000093
yoga 3,912023 0,001210
youth 0,139262 0,000043
zeal 0,579818 0,000179
zealous 1,049822 0,000325
zealously 2,120264 0,000656
