ab 2,302585 0,000609
abbreviated 2,813411 0,000744
ability 0,478036 0,000126
ablest 2,120264 0,000561
abolish 1,272966 0,000337
abolition 1,832581 0,000485
abrogation 3,912023 0,001034
abrupt 0,994252 0,000263
abruptly 0,843970 0,000223
absence 0,274437 0,000073
absent 0,371064 0,000098
absolute 0,400478 0,000106
absolutely 0,287682 0,000076
abstention 3,912023 0,001034
abstinence 1,609438 0,000426
abstract 0,733969 0,000194
absurd 0,430783 0,000114
absurdly 1,427116 0,000377
abundance 0,843970 0,000223
abundant 0,867501 0,000229
abyss 0,994252 0,000263
ac 2,995732 0,000792
accelerate 1,771957 0,000469
accept 0,061875 0,000049
access 0,314711 0,000083
accident 0,274437 0,000145
accidentally 0,820981 0,000217
accommodate 0,916291 0,000242
accompany 0,094311 0,000050
accomplished 0,385662 0,000102
accord 0,527633 0,000140
accost 1,049822 0,000278
account 0,010050 0,000005
accumulate 0,891598 0,000236
accuracy 1,108663 0,000293
accurately 1,049822 0,000278
accustomed 0,287682 0,000076
ache 0,733969 0,000194
achieve 0,597837 0,000316
acknowledge 0,274437 0,000073
acquaintance 0,248461 0,000066
acquiesce 1,021651 0,000270
acquire 0,371064 0,000098
acting 1,560648 0,000413
action 0,094311 0,000025
activity 0,415515 0,000110
actor 0,755023 0,000200
actual 0,174353 0,000046
acute 0,733969 0,000194
acuteness 1,427116 0,000377
adage 2,659260 0,000703
adapt 0,653926 0,000173
adaptation 2,302585 0,000609
add 0,094311 0,000025
addition 0,116534 0,000031
additional 0,198451 0,000052
address 0,072571 0,000058
administrator 2,207275 0,000584
admirable 0,527633 0,000140
admire 0,356675 0,000094
admired 0,579818 0,000153
admission 0,693147 0,000183
admit 0,116534 0,000062
adoption 1,771957 0,000469
adorable 2,040221 0,000539
adoration 1,171183 0,000310
adore 0,891598 0,000236
adult 1,660731 0,000439
advance 0,061875 0,000033
advantage 0,127833 0,000068
advantageous 1,237874 0,000327
adventure 0,301105 0,000080
advise 0,301105 0,000080
advocate 0,867501 0,000459
afar 0,994252 0,000263
affair 0,094311 0,000025
affect 0,478036 0,000126
affection 0,235722 0,000125
affectionate 0,616186 0,000163
afflict 0,597837 0,000158
afford 0,186330 0,000049
afraid 0,105361 0,000028
age 0,040822 0,000022
aged 0,198451 0,000052
agitated 0,693147 0,000183
agitation 0,673345 0,000178
agony 0,462035 0,000122
agricultural 1,832581 0,000485
aid 0,210721 0,000111
aide 2,040221 0,000539
aim 0,287682 0,000076
air 0,061875 0,000016
alarm 0,314711 0,000083
alarmed 0,478036 0,000126
alarming 0,867501 0,000229
alas 0,462035 0,000122
alike 0,287682 0,000076
alive 0,051293 0,000014
alliance 1,108663 0,000293
allure 1,386294 0,000367
aloud 0,301105 0,000080
alphabet 1,609438 0,000426
alter 0,235722 0,000062
alteration 0,261365 0,000069
altogether 0,198451 0,000052
amb 3,912023 0,001034
ambition 0,510826 0,000135
ample 0,527633 0,000140
amply 0,967584 0,000256
amuse 0,371064 0,000098
amusement 0,478036 0,000126
analogy 1,660731 0,000439
anarchical 3,506558 0,000927
anarchy 1,832581 0,000485
ancestor 0,462035 0,000244
ancestry 2,525729 0,000668
ancient 0,198451 0,000052
anger 0,287682 0,000076
angle 0,478036 0,000253
angled 2,995732 0,000792
angularity 3,912023 0,001034
animate 1,347074 0,000356
animosity 1,427116 0,000377
annals 1,660731 0,000439
annex 1,272966 0,000337
annihilate 1,203973 0,000318
annually 1,771957 0,000469
answer 0,020203 0,000016
antagonism 1,966113 0,000520
antagonistic 1,966113 0,000520
antecedent 1,660731 0,000439
anticipate 0,616186 0,000326
anticipation 0,733969 0,000388
antiquarian 2,040221 0,000539
anxiety 0,287682 0,000076
anxiously 0,693147 0,000183
apartment 0,597837 0,000316
aperture 1,560648 0,000413
apologise 1,714798 0,000453
apology 0,527633 0,000140
apostle 1,386294 0,000367
apparent 0,314711 0,000083
appeal 0,261365 0,000069
appearance 0,072571 0,000019
appertain 1,832581 0,000485
applause 0,916291 0,000242
apply 0,116534 0,000092
appreciably 2,995732 0,000792
apprehend 0,798508 0,000211
approach 0,040822 0,000043
approval 0,798508 0,000211
approve 0,342490 0,000091
approximate 2,525729 0,002003
approximating 3,506558 0,000927
approximation 2,302585 0,001218
approximator 3,912023 0,001034
apt 0,579818 0,000153
arbitrary 1,309333 0,000346
architecture 1,108663 0,000293
archives 1,966113 0,000520
argue 0,371064 0,000098
argument 0,287682 0,000152
aristocracy 1,386294 0,000367
aristocratic 1,309333 0,000346
arithmetic 1,203973 0,000318
arithmetical 2,302585 0,000609
army 0,356675 0,000094
arouse 0,653926 0,000346
arrange 0,198451 0,000052
arrangement 0,274437 0,000073
arrest 0,544727 0,000288
art 0,127833 0,000068
artery 1,609438 0,000426
artful 1,171183 0,000310
artificial 0,616186 0,000163
artillery 1,386294 0,000367
artillerymen 3,218876 0,000851
artisan 1,660731 0,000878
artist 0,562119 0,000149
artistic 1,049822 0,000278
artistically 2,207275 0,000584
ascend 0,430783 0,000342
ascent 0,994252 0,000263
ascertain 0,597837 0,000474
asleep 0,162519 0,000043
aspect 0,446287 0,000118
aspiration 1,049822 0,000278
aspire 0,967584 0,000512
assembly 0,798508 0,000211
assent 0,579818 0,000153
assert 0,462035 0,000367
assertion 0,891598 0,000236
assign 0,597837 0,000316
assimilate 1,714798 0,000453
assistance 0,105361 0,000028
assume 0,162519 0,000129
assure 0,127833 0,000034
assuredly 0,967584 0,000256
astonishing 0,653926 0,000173
astonishment 0,301105 0,000080
asylum 1,309333 0,000692
atmosphere 0,579818 0,000153
attack 0,198451 0,000105
attain 0,328504 0,000174
attempt 0,051293 0,000054
attend 0,127833 0,000068
attendance 0,776529 0,000205
attention 0,083382 0,000022
attentively 0,755023 0,000200
attest 1,237874 0,000327
attitude 0,446287 0,000118
attract 0,261365 0,000138
attraction 0,653926 0,000173
attractive 0,820981 0,000217
attribute 0,527633 0,000279
audacious 1,309333 0,000346
audible 0,916291 0,000242
audience 0,733969 0,000194
audition 3,912023 0,001034
aught 0,891598 0,000236
august 0,616186 0,000163
author 0,116534 0,000031
authority 0,223144 0,000118
avail 0,462035 0,000122
aver 1,660731 0,000439
average 0,733969 0,000194
averse 1,049822 0,000278
avert 0,843970 0,000223
avocation 1,897120 0,000502
avoid 0,105361 0,000056
avoidance 2,040221 0,000539
avow 1,560648 0,000413
avowal 1,771957 0,000469
avowed 1,386294 0,000367
await 0,314711 0,000166
awake 0,150823 0,000040
aware 0,223144 0,000059
awestruck 2,659260 0,000703
awhile 0,967584 0,000256
awkwardly 1,272966 0,000337
awkwardness 1,386294 0,000367
axiom 1,771957 0,000469
baby 0,653926 0,000346
babyish 2,995732 0,000792
bachelor 0,967584 0,000512
background 0,867501 0,000229
bad 0,020203 0,000011
balance 0,342490 0,000091
ball 0,287682 0,000076
band 0,342490 0,000181
bar 0,235722 0,000062
barbarism 1,771957 0,000469
bared 1,469676 0,000389
barracks 1,714798 0,000453
barren 0,713350 0,000189
barrier 0,776529 0,000205
base 0,094311 0,000050
baseless 2,813411 0,000744
basis 0,673345 0,000356
bass 1,347074 0,000356
battle 0,235722 0,000125
bay 0,510826 0,000135
beam 0,430783 0,000114
bear 0,000000 0,000000
bearing 1,427116 0,000377
beat 0,083382 0,000022
beatitude 2,525729 0,000668
beautiful 0,083382 0,000022
beauty 0,162519 0,000043
bed 0,051293 0,000014
bedimmed 3,218876 0,000851
befall 0,527633 0,000140
beg 0,116534 0,000062
behalf 0,713350 0,000189
behaviour 0,941609 0,000249
behold 0,235722 0,000125
beholder 1,560648 0,000413
belauded 3,218876 0,000851
belief 0,198451 0,000052
believer 1,272966 0,000337
bell 0,301105 0,000080
belong 0,072571 0,000038
belongings 1,714798 0,000453
bend 0,314711 0,000083
beneficent 1,386294 0,000367
benefit 0,356675 0,000189
benighted 2,813411 0,000744
beseech 0,891598 0,000236
beset 0,941609 0,000249
besotted 2,525729 0,000668
besought 1,309333 0,000346
betoken 1,966113 0,001040
betray 0,301105 0,000080
betters 1,660731 0,000439
bewilder 0,776529 0,000205
bid 0,186330 0,000099
bind 0,030459 0,000008
birth 0,301105 0,000159
bisect 3,912023 0,001034
bit 0,139262 0,000037
bitter 0,210721 0,000056
black 0,061875 0,000016
blame 0,162519 0,000043
blank 0,527633 0,000140
blessed 0,356675 0,000094
blessing 0,415515 0,000110
blind 0,174353 0,000046
blindly 0,941609 0,000249
bliss 0,891598 0,000236
blossom 0,673345 0,000178
blot 0,820981 0,000217
blotting 1,832581 0,000485
blow 0,061875 0,000016
blue 0,174353 0,000046
blunt 0,891598 0,000236
board 0,261365 0,000138
boasting 1,108663 0,000293
bodily 0,673345 0,000178
body 0,010050 0,000005
boldly 0,462035 0,000122
book 0,040822 0,000022
bottle 0,430783 0,000114
bound 0,301105 0,000159
boundless 0,891598 0,000236
boxes 0,798508 0,000211
boy 0,105361 0,000028
brain 0,314711 0,000083
brainless 2,407946 0,000637
brave 0,342490 0,000091
bread 0,248461 0,000066
breadth 0,653926 0,000173
break 0,010050 0,000003
breakfast 0,342490 0,000091
breath 0,174353 0,000046
breed 0,342490 0,000091
breeding 0,967584 0,000256
brethren 0,916291 0,000242
brick 0,653926 0,000173
bride 0,798508 0,000211
bright 0,094311 0,000050
brightly 0,994252 0,000263
brightness 0,634878 0,000168
brilliancy 1,609438 0,000426
bring 0,000000 0,000000
broad 0,127833 0,000034
brother 0,127833 0,000034
brothers 0,356675 0,000094
brutal 0,755023 0,000200
bud 0,867501 0,000229
building 0,210721 0,000111
burden 0,198451 0,000052
burdensome 1,832581 0,000485
burglar 1,386294 0,000367
burn 0,061875 0,000016
burst 0,248461 0,000066
bursting 0,713350 0,000189
business 0,040822 0,000011
butler 1,139434 0,000301
buzz 1,049822 0,000278
cabinet 0,941609 0,000249
calamity 0,755023 0,000200
calculate 0,116534 0,000062
calculation 0,713350 0,000189
calmly 0,510826 0,000135
cap 0,356675 0,000094
capable 0,261365 0,000069
capacity 0,510826 0,000135
capital 0,314711 0,000083
card 0,139262 0,000037
care 0,000000 0,000000
career 0,478036 0,000253
careful 0,174353 0,000046
carefully 0,139262 0,000037
careless 0,494296 0,000131
caret 3,912023 0,001034
carnage 1,771957 0,000469
carry 0,010050 0,000008
cast 0,116534 0,000031
caste 1,469676 0,000389
castigation 2,525729 0,000668
casting 0,544727 0,000144
casual 1,078810 0,000285
casually 1,386294 0,000367
catastrophe 1,021651 0,000270
catch 0,072571 0,000038
cautious 0,673345 0,000178
cavern 0,967584 0,000256
cb 3,912023 0,001034
cease 0,061875 0,000049
celestial 1,171183 0,000310
cellar 0,798508 0,000211
cemetery 1,469676 0,000389
census 2,525729 0,000668
central 0,733969 0,000194
centre 0,385662 0,000204
century 0,328504 0,000174
ceremonial 1,966113 0,000520
certainty 0,342490 0,000091
certifiable 3,912023 0,001034
certificate 1,514128 0,000400
certify 1,771957 0,000469
chafe 1,021651 0,000270
chamber 0,328504 0,000174
change 0,010050 0,000008
chaos 1,078810 0,000285
character 0,061875 0,000016
characteristic 0,400478 0,000106
charge 0,040822 0,000011
charm 0,342490 0,000272
cheap 0,579818 0,000307
check 0,072571 0,000038
cheerful 0,385662 0,000102
cheerfulness 0,867501 0,000229
chest 0,342490 0,000091
chief 0,094311 0,000025
child 0,040822 0,000022
childhood 0,527633 0,000140
childish 0,713350 0,000189
childless 1,966113 0,000520
chill 0,597837 0,000158
chirp 1,660731 0,000439
chirrup 2,207275 0,000584
choice 0,150823 0,000080
choose 0,020203 0,000005
choosing 0,867501 0,000229
choral 2,525729 0,000668
chorus 0,941609 0,000249
chromatic 3,506558 0,000927
chronic 1,966113 0,000520
church 0,261365 0,000138
circle 0,150823 0,000080
circular 1,021651 0,000270
circumference 1,469676 0,000389
circumspection 1,771957 0,000469
circumstance 0,116534 0,000031
citizen 0,673345 0,000356
city 0,051293 0,000014
civic 2,407946 0,000637
civilised 1,660731 0,000439
civilization 1,347074 0,000356
claim 0,083382 0,000044
class 0,248461 0,000131
classify 1,897120 0,000502
clay 0,494296 0,000131
clearness 1,049822 0,000278
clerk 0,562119 0,000149
clever 0,371064 0,000098
client 1,347074 0,000712
climate 0,713350 0,000377
climax 1,272966 0,000337
climb 0,400478 0,000106
close 0,010050 0,000008
closely 0,223144 0,000059
closet 0,916291 0,000242
cloud 0,150823 0,000040
clue 1,049822 0,000278
clumsy 0,994252 0,000263
coarse 0,478036 0,000126
coast 0,544727 0,000144
code 0,287682 0,000076
cognizance 2,207275 0,000584
cold 0,040822 0,000011
collective 1,966113 0,000520
collector 1,514128 0,000400
collision 1,714798 0,000453
colour 0,510826 0,000270
coloured 0,693147 0,000183
colourless 1,832581 0,000485
combination 0,634878 0,000168
combine 0,843970 0,000446
comfort 0,105361 0,000028
coming 1,021651 0,000270
command 0,116534 0,000092
commandment 1,514128 0,000801
commence 0,579818 0,000153
commencement 1,108663 0,000293
commend 0,798508 0,000211
commerce 1,078810 0,000285
commit 0,116534 0,000092
common 0,072571 0,000038
commonly 0,755023 0,000200
commonplace 1,108663 0,000293
communicate 0,446287 0,000118
communication 0,510826 0,000135
community 0,579818 0,000153
companion 0,150823 0,000040
companionship 0,967584 0,000256
company 0,020203 0,000005
comparative 0,994252 0,000263
comparatively 0,634878 0,000168
compare 0,162519 0,000086
comparison 0,446287 0,000236
compass 0,579818 0,000153
compel 0,385662 0,000204
compensate 1,347074 0,000356
compensation 1,049822 0,000278
compensative 3,912023 0,001034
competitor 1,660731 0,000439
complacency 1,427116 0,000377
complacently 1,832581 0,000485
complete 0,105361 0,000056
completely 0,274437 0,000073
completion 1,386294 0,000367
complex 1,139434 0,000301
comport 2,813411 0,000744
compose 0,287682 0,000076
composition 0,798508 0,000211
comprehend 0,478036 0,000126
compression 2,407946 0,001273
comrade 0,693147 0,000183
conceal 0,198451 0,000052
conceit 0,994252 0,000263
conceive 0,223144 0,000059
conception 0,562119 0,000297
concern 0,342490 0,000091
concerned 0,287682 0,000076
concert 0,916291 0,000242
concession 1,427116 0,000377
conclave 2,525729 0,000668
conclude 0,235722 0,000062
conclusion 0,210721 0,000111
conclusive 1,427116 0,000377
concourse 1,897120 0,000502
concur 1,714798 0,001360
condemn 0,446287 0,000118
condition 0,051293 0,000014
condole 2,302585 0,000609
conduct 0,094311 0,000050
cone 1,714798 0,000453
confess 0,127833 0,000068
confide 0,755023 0,000200
confidence 0,139262 0,000037
confident 0,510826 0,000135
configuration 2,659260 0,001406
confine 0,223144 0,000118
confinement 1,108663 0,000293
confirm 0,139262 0,000110
confirmation 0,356675 0,000094
conformation 2,813411 0,000744
confound 0,430783 0,000114
confuse 1,714798 0,000453
confused 0,248461 0,000066
confusion 0,287682 0,000076
congenital 3,218876 0,000851
conjecture 0,544727 0,000288
conjugal 1,897120 0,000502
connection 0,446287 0,000118
conscience 0,301105 0,000080
conscious 0,314711 0,000083
consequence 0,186330 0,000099
consequent 1,203973 0,000318
conservative 2,120264 0,000561
considerable 0,105361 0,000028
consideration 0,223144 0,000118
consign 1,171183 0,000310
consist 0,314711 0,000083
consistent 0,798508 0,000211
consistently 1,832581 0,000485
consort 1,309333 0,000346
conspiracy 1,078810 0,000285
constant 0,051293 0,000014
constantly 0,371064 0,000098
constituent 1,966113 0,000520
constitute 0,597837 0,000316
constitution 0,776529 0,000205
constraint 1,272966 0,000337
construct 0,713350 0,000377
construction 0,733969 0,000194
consume 0,462035 0,000122
consummate 1,237874 0,000982
consumption 1,139434 0,000301
contact 0,210721 0,000056
contemplate 0,544727 0,000288
contemplation 0,527633 0,000140
contemptible 1,078810 0,000285
content 0,174353 0,000046
contented 0,400478 0,000106
contentment 1,347074 0,000356
contents 0,094311 0,000025
continually 0,446287 0,000118
continue 0,186330 0,000148
continued 0,072571 0,000019
continuous 0,867501 0,000229
contract 0,139262 0,000037
contralto 2,659260 0,000703
contrary 0,198451 0,000052
contrast 0,385662 0,000102
contribute 0,510826 0,000135
control 0,223144 0,000059
controller 2,659260 0,000703
convene 2,302585 0,000609
convenience 0,673345 0,000178
conversant 1,609438 0,000426
conversation 0,186330 0,000049
conversazione 3,506558 0,000927
convert 0,186330 0,000197
convey 0,287682 0,000076
convict 0,941609 0,000498
conviction 0,430783 0,000114
convince 0,198451 0,000105
convulsive 1,272966 0,000337
coolness 1,171183 0,000310
corner 0,072571 0,000019
corporal 1,660731 0,000439
correct 0,235722 0,000125
correspondent 1,237874 0,000327
correspondingly 2,813411 0,000744
corrupt 0,235722 0,000062
cost 0,105361 0,000028
council 0,653926 0,000173
counsellor 0,994252 0,000263
count 0,116534 0,000031
country 0,010050 0,000005
countryman 0,867501 0,000229
court 0,094311 0,000050
courtesy 0,693147 0,000183
courtship 1,660731 0,000439
covered 0,139262 0,000037
cradle 1,049822 0,000278
craft 0,733969 0,000194
crash 0,733969 0,000194
crave 1,347074 0,000356
create 0,094311 0,000025
creative 1,771957 0,000469
creature 0,116534 0,000062
credible 1,714798 0,000453
creep 0,198451 0,000052
crime 0,261365 0,000069
criminal 0,673345 0,000356
criminality 2,659260 0,000703
critic 1,021651 0,000540
crowd 0,174353 0,000046
crown 0,210721 0,000056
crowning 1,272966 0,000337
cube 2,207275 0,001167
culture 1,078810 0,000285
cunning 0,462035 0,000122
cupboard 1,078810 0,000285
cure 0,314711 0,000083
curiosity 0,210721 0,000056
curtail 2,207275 0,000584
custom 0,210721 0,000056
customary 0,653926 0,000173
cut 0,030459 0,000008
cylinder 1,771957 0,000469
cynic 1,897120 0,000502
da 1,469676 0,000389
dabble 1,714798 0,000453
daily 0,248461 0,000066
dance 0,235722 0,000062
dancing 0,371064 0,000098
danger 0,105361 0,000056
dangerous 0,150823 0,000040
dark 0,051293 0,000014
darkness 0,186330 0,000049
dash 0,400478 0,000212
daughter 0,174353 0,000092
dawn 0,314711 0,000083
day 0,000000 0,000000
dead 0,072571 0,000019
deaf 0,634878 0,000168
deal 0,061875 0,000016
death 0,020203 0,000005
debar 2,040221 0,000539
debilitation 3,912023 0,001034
decay 0,544727 0,000288
decease 1,609438 0,000426
deception 0,916291 0,000485
decide 0,040822 0,000022
decimate 2,659260 0,000703
decisive 0,867501 0,000229
declare 0,139262 0,000074
decline 0,356675 0,000094
decorate 0,891598 0,000471
decoration 1,309333 0,000346
decree 0,673345 0,000534
dedicate 0,967584 0,000256
deed 0,287682 0,000076
deem 0,562119 0,000149
deep 0,020203 0,000011
defect 0,261365 0,000069
defence 0,527633 0,000140
defend 0,301105 0,000080
defensive 1,560648 0,000413
defer 0,941609 0,000249
deference 0,967584 0,000256
deficiency 1,203973 0,000318
deficient 1,272966 0,000337
define 0,673345 0,000178
degradation 1,108663 0,000293
degrade 0,994252 0,000263
degree 0,150823 0,000080
deign 0,994252 0,000263
delay 0,186330 0,000049
deliberately 0,693147 0,000183
delicate 0,301105 0,000080
delight 0,150823 0,000040
delimit 3,912023 0,001034
deliver 0,223144 0,000059
delivery 0,994252 0,000263
delusion 0,916291 0,000242
demand 0,051293 0,000041
demarcation 2,813411 0,000744
demoniacal 2,407946 0,000637
demonstrate 0,967584 0,000256
demonstration 0,994252 0,000526
demoralization 3,218876 0,000851
demoralize 2,659260 0,000703
denote 1,139434 0,000904
dense 0,693147 0,000183
deny 0,072571 0,000038
depart 0,162519 0,000086
depend 0,040822 0,000032
deplorable 1,386294 0,000367
deplorably 2,995732 0,000792
deplore 1,237874 0,000655
depopulate 2,407946 0,000637
depress 0,616186 0,000163
deprive 0,415515 0,000220
depth 0,494296 0,000131
depths 0,446287 0,000118
deride 1,386294 0,000367
derivable 2,995732 0,000792
derive 0,210721 0,000056
descend 0,174353 0,000138
descendant 0,867501 0,000459
descent 0,634878 0,000168
describable 3,912023 0,001034
description 0,248461 0,000131
deserve 0,314711 0,000083
desirable 0,733969 0,000194
desire 0,051293 0,000054
desolate 0,733969 0,000194
desolation 0,916291 0,000242
despair 0,174353 0,000046
desperate 0,328504 0,000087
despise 0,342490 0,000091
destine 0,494296 0,000131
destiny 0,597837 0,000158
destitute 0,916291 0,000242
destroy 0,061875 0,000033
destruction 0,342490 0,000091
destructiveness 3,912023 0,001034
detect 0,562119 0,000297
determine 0,061875 0,000065
deterrent 3,218876 0,000851
developed 0,544727 0,000144
development 0,693147 0,000183
deviate 1,660731 0,000439
deviation 1,714798 0,000907
devil 0,301105 0,000080
devise 0,733969 0,000194
devoid 1,309333 0,000346
devoted 0,301105 0,000080
devour 0,462035 0,000122
devoutly 1,386294 0,000367
dexterity 1,560648 0,000413
diabolical 1,714798 0,000453
diagonal 2,525729 0,001336
diagram 2,120264 0,001121
dialect 1,171183 0,000310
dialogue 1,049822 0,000278
diameter 1,897120 0,000502
dictate 0,579818 0,000307
die 0,010050 0,000003
difference 0,174353 0,000046
difficult 0,116534 0,000031
difficulty 0,116534 0,000062
diffuse 1,386294 0,000367
digress 2,120264 0,000561
digression 1,347074 0,000356
dilemma 1,560648 0,000413
diligent 1,469676 0,000389
dim 0,356675 0,000189
dimension 0,916291 0,000727
dimensionality 3,912023 0,001034
diminish 0,776529 0,000205
diminished 0,776529 0,000205
diminution 1,832581 0,000485
dimness 2,120264 0,000561
dire 1,171183 0,000310
direct 0,040822 0,000011
direction 0,051293 0,000027
director 0,733969 0,000194
disadvantage 0,843970 0,000223
disadvantageous 2,659260 0,000703
disappear 0,223144 0,000059
disappointed 0,415515 0,000110
disaster 0,820981 0,000217
disbelief 1,832581 0,000485
discard 1,108663 0,000293
discern 0,634878 0,000504
discerning 1,469676 0,000389
disciple 1,021651 0,000270
discomfort 1,108663 0,000293
discord 1,078810 0,000285
discourage 0,693147 0,000183
discourse 0,579818 0,000153
discover 0,030459 0,000024
discovery 0,287682 0,000076
discretion 0,733969 0,000194
discriminate 1,660731 0,001317
discrimination 1,832581 0,000485
discriminative 3,912023 0,001034
discursive 2,659260 0,000703
discuss 0,400478 0,000106
disease 0,328504 0,000087
diseased 1,237874 0,000327
disengage 0,843970 0,000223
disfavour 3,218876 0,000851
disgrace 0,462035 0,000122
disguise 0,494296 0,000261
dishonour 1,469676 0,000389
disobedience 1,560648 0,000413
disparagement 2,040221 0,000539
dispassionate 2,120264 0,000561
dispense 0,820981 0,000217
disposed 0,385662 0,000102
disproportionate 1,832581 0,000485
disrepute 2,659260 0,000703
dissimilar 1,832581 0,000485
distance 0,105361 0,000028
distant 0,162519 0,000043
distinct 0,301105 0,000080
distinction 0,356675 0,000189
distinctly 0,478036 0,000126
distinguish 0,314711 0,000083
distinguishable 1,771957 0,000469
distinguished 0,301105 0,000080
distract 0,510826 0,000135
distress 0,274437 0,000073
district 0,713350 0,000377
diver 1,021651 0,000270
divert 0,634878 0,000168
divest 1,469676 0,000389
divide 0,150823 0,000120
divine 0,356675 0,000094
divulge 1,609438 0,000426
dizzy 1,386294 0,000367
docile 1,714798 0,000453
doctor 0,400478 0,000106
doctrine 0,616186 0,000163
dodecahedron 3,912023 0,001034
dodecahedrons 3,912023 0,001034
domain 0,328504 0,000087
domestic 0,510826 0,000270
dominion 0,941609 0,000498
doom 0,579818 0,000153
door 0,000000 0,000000
doorless 3,506558 0,000927
dost 1,237874 0,000327
double 0,139262 0,000074
doubt 0,040822 0,000022
doubtless 0,430783 0,000114
downward 0,798508 0,000211
dozen 0,415515 0,000110
drag 0,248461 0,000066
draught 0,527633 0,000279
draw 0,020203 0,000005
drawback 1,469676 0,000389
dream 0,083382 0,000088
dreary 0,673345 0,000178
drop 0,061875 0,000016
drowsy 1,237874 0,000327
drudge 1,832581 0,000485
dry 0,116534 0,000031
dull 0,174353 0,000092
duly 0,843970 0,000223
dumb 0,562119 0,000149
duplicate 1,714798 0,000453
duration 1,078810 0,000285
duty 0,061875 0,000033
dwell 0,342490 0,000091
dwindle 1,427116 0,000377
ear 0,061875 0,000033
earnestness 0,867501 0,000229
earth 0,051293 0,000014
easily 0,072571 0,000019
east 0,235722 0,000062
eastern 0,733969 0,000194
easy 0,000000 0,000000
ecclesiastical 1,560648 0,000413
echo 0,356675 0,000094
economy 0,776529 0,000205
ecstasy 0,798508 0,000211
ecstatic 1,309333 0,000346
edge 0,150823 0,000160
edition 0,287682 0,000076
educate 0,544727 0,000144
education 0,415515 0,000110
educational 0,446287 0,000118
effectually 1,203973 0,000318
effort 0,094311 0,000050
egress 2,040221 0,000539
eighth 0,798508 0,000211
elaborate 0,867501 0,000229
elapse 0,891598 0,000236
elect 0,210721 0,000056
electronic 0,544727 0,000144
element 0,342490 0,000091
elementary 1,427116 0,000377
elevation 0,843970 0,000223
eleventh 1,347074 0,000356
elicit 1,272966 0,000673
eliminate 1,714798 0,000453
emanate 1,771957 0,000469
embittered 1,897120 0,000502
embrace 0,235722 0,000062
emerge 0,653926 0,000173
emergence 2,659260 0,000703
emergency 1,049822 0,000278
emotion 0,356675 0,000094
emotional 1,171183 0,000310
employ 0,235722 0,000062
enable 0,274437 0,000218
enact 1,309333 0,000346
enactment 2,407946 0,000637
enchanter 2,120264 0,001121
enclose 0,713350 0,000189
encompass 1,203973 0,000318
encourage 0,301105 0,000159
encouragement 0,755023 0,000200
endeavour 0,713350 0,000566
endless 0,478036 0,000126
endow 0,673345 0,000178
endowment 1,514128 0,000400
endure 0,210721 0,000056
energy 0,371064 0,000098
enfeeble 3,506558 0,000927
enfeebling 3,506558 0,000927
enforce 0,941609 0,000249
engineering 1,966113 0,000520
enhance 1,237874 0,000327
enigmatic 2,407946 0,000637
enjoin 1,171183 0,000310
enjoy 0,072571 0,000038
enjoyment 0,562119 0,000149
enlarge 0,673345 0,000178
enlargement 2,207275 0,000584
enlighten 0,562119 0,000297
ennoble 1,966113 0,000520
enquire 1,771957 0,000469
ensue 0,579818 0,000153
ensure 0,342490 0,000091
enter 0,020203 0,000021
entertain 0,579818 0,000153
enthusiasm 0,653926 0,000173
entire 0,274437 0,000073
entitle 0,653926 0,000173
entrance 0,210721 0,000056
entreat 0,713350 0,000189
entreaty 1,021651 0,000270
enumerate 1,108663 0,000586
enumeration 1,660731 0,000439
environ 1,832581 0,000485
envy 0,446287 0,000118
enwrap 2,659260 0,000703
equal 0,162519 0,000043
equality 0,967584 0,000256
equally 0,223144 0,000059
equilateral 3,218876 0,000851
era 1,347074 0,000356
ere 0,634878 0,000168
erect 0,446287 0,000118
err 0,733969 0,000194
error 0,072571 0,000019
escape 0,061875 0,000016
escutcheon 2,995732 0,000792
esoteric 2,659260 0,000703
essay 0,755023 0,000200
essence 0,693147 0,000183
essential 0,544727 0,000144
essex 2,302585 0,000609
esteemed 0,916291 0,000242
estimate 0,653926 0,000346
estimation 1,139434 0,000301
etiquette 1,560648 0,000413
eulogies 2,995732 0,000792
evade 0,891598 0,000236
evangelize 3,506558 0,000927
event 0,150823 0,000080
eventful 1,897120 0,000502
evident 0,356675 0,000094
evidently 0,371064 0,000098
evil 0,150823 0,000080
evolution 1,171183 0,000310
exact 0,274437 0,000073
exactness 1,514128 0,000400
examination 0,385662 0,000102
examine 0,150823 0,000040
exasperated 1,386294 0,000367
exceed 0,462035 0,000367
excellent 0,150823 0,000040
exception 0,446287 0,000236
excess 0,579818 0,000153
excessive 0,597837 0,000158
exchange 0,210721 0,000111
excited 0,248461 0,000066
exclaim 0,287682 0,000228
exclude 0,755023 0,000200
exclusive 1,203973 0,000318
excuse 0,139262 0,000037
execute 0,527633 0,000140
execution 0,597837 0,000158
executioner 1,427116 0,000377
exemplification 3,218876 0,000851
exempt 0,314711 0,000083
exercise 0,235722 0,000125
exhausting 1,609438 0,000426
exhibit 0,579818 0,000307
exhort 1,171183 0,000310
exile 0,776529 0,000205
exist 0,072571 0,000038
existence 0,150823 0,000080
expansion 1,771957 0,000469
expect 0,051293 0,000027
expediency 2,040221 0,000539
expenditure 1,427116 0,000377
expense 0,127833 0,000034
expensive 0,843970 0,000223
experience 0,072571 0,000038
experienced 0,356675 0,000094
experiment 0,494296 0,000131
experimental 1,560648 0,000413
explain 0,116534 0,000031
explanation 0,139262 0,000074
exposed 0,301105 0,000080
express 0,072571 0,000038
expression 0,116534 0,000031
expulsion 1,771957 0,000469
exquisite 0,673345 0,000178
extend 0,261365 0,000138
extension 1,347074 0,000356
extent 0,083382 0,000022
exterminate 1,714798 0,000453
extermination 2,659260 0,000703
extinguish 0,562119 0,000149
extra 0,820981 0,000217
extract 0,544727 0,000288
extraordinary 0,371064 0,000098
extreme 0,186330 0,000049
extremely 0,385662 0,000102
extremity 0,693147 0,000367
extricate 1,272966 0,000337
exultant 1,897120 0,000502
eye 0,000000 0,000000
fabric 1,237874 0,000327
factions 1,832581 0,000485
faculty 0,510826 0,000270
fail 0,072571 0,000058
failure 0,415515 0,000110
faint 0,186330 0,000049
fair 0,051293 0,000014
faith 0,210721 0,000056
faithfully 0,755023 0,000200
fall 0,000000 0,000000
falls 0,328504 0,000087
falsely 1,171183 0,000310
familiar 0,150823 0,000040
familiarize 1,966113 0,000520
family 0,061875 0,000033
famous 0,261365 0,000069
farewell 0,634878 0,000168
farmer 0,653926 0,000173
fascination 1,078810 0,000285
fashion 0,105361 0,000056
fashionable 0,916291 0,000242
fast 0,030459 0,000008
fatal 0,342490 0,000091
fate 0,174353 0,000092
father 0,061875 0,000033
fatuity 2,525729 0,000668
fault 0,139262 0,000074
favour 0,544727 0,000144
favourable 0,776529 0,000205
favourably 1,771957 0,000469
favourite 0,653926 0,000173
fear 0,020203 0,000005
fecundity 2,525729 0,000668
feed 0,248461 0,000131
feel 0,020203 0,000011
feeling 0,072571 0,000019
feign 0,776529 0,000821
female 0,385662 0,000102
females 1,309333 0,000346
feminine 1,049822 0,000278
fertile 1,021651 0,000270
fervent 1,021651 0,000270
festival 0,994252 0,000263
fetter 0,994252 0,000263
fiction 0,843970 0,000223
fictitious 1,560648 0,000413
fidgety 2,407946 0,000637
fie 2,040221 0,000539
field 0,094311 0,000025
fight 0,083382 0,000022
figure 0,051293 0,000027
final 0,342490 0,000091
finally 0,150823 0,000040
fine 0,061875 0,000016
finished 0,162519 0,000043
firmly 0,342490 0,000091
fit 0,030459 0,000016
fitly 2,207275 0,000584
fitness 0,446287 0,000118
fixity 2,995732 0,000792
flagitious 3,506558 0,000927
flash 0,261365 0,000138
flat 0,139262 0,000037
flatland 3,912023 0,001034
flatlander 3,912023 0,001034
fleet 0,713350 0,000189
flight 0,287682 0,000076
flit 0,967584 0,000256
float 0,328504 0,000087
flood 0,430783 0,000114
floor 0,174353 0,000046
flounder 1,237874 0,000327
flower 0,174353 0,000046
fluid 1,203973 0,000318
fly 0,116534 0,000062
foe 0,616186 0,000326
fog 0,653926 0,000173
follow 0,020203 0,000005
follower 0,713350 0,000189
folly 0,274437 0,000073
foment 2,407946 0,000637
food 0,127833 0,000034
foodless 3,912023 0,001034
fool 0,235722 0,000062
foolish 0,235722 0,000062
foot 0,051293 0,000027
footnote 1,427116 0,000377
footstep 0,430783 0,000114
forbid 0,248461 0,000197
force 0,030459 0,000032
foreland 2,659260 0,000703
foremost 0,673345 0,000178
foresee 0,494296 0,000131
forethought 2,120264 0,000561
forfeit 1,237874 0,000327
forget 0,010050 0,000008
forgetfulness 0,916291 0,000242
form 0,020203 0,000021
formal 0,673345 0,000178
formality 1,078810 0,000285
formidable 0,673345 0,000178
formula 1,469676 0,000389
forsooth 1,832581 0,000485
fortification 1,609438 0,000426
foundation 0,127833 0,000034
fourth 0,174353 0,000046
fracture 1,897120 0,000502
fragment 0,597837 0,000158
frail 0,967584 0,000512
frame 0,174353 0,000046
frankly 0,798508 0,000211
franticly 3,912023 0,001034
fraternal 2,040221 0,000539
fraud 1,078810 0,000570
fraudulent 2,207275 0,000584
freedom 0,223144 0,000059
freely 0,105361 0,000028
freeman 1,897120 0,000502
frenzy 0,867501 0,000229
frequent 0,287682 0,000076
fresh 0,105361 0,000028
freshly 1,347074 0,000356
friend 0,000000 0,000000
friendship 0,261365 0,000069
fringe 0,798508 0,000211
frivolous 1,386294 0,000367
fro 0,494296 0,000131
frugality 2,207275 0,000584
fruit 0,162519 0,000043
fruition 2,040221 0,000539
fruitless 1,049822 0,000278
frustrated 2,040221 0,000539
fulfil 0,385662 0,000102
fun 0,798508 0,000211
fundamental 1,203973 0,000318
furious 0,430783 0,000114
furlong 2,525729 0,000668
fury 0,328504 0,000087
future 0,105361 0,000028
gag 1,832581 0,000485
gain 0,040822 0,000032
gamboge 3,218876 0,000851
gash 1,514128 0,000400
gate 0,210721 0,000056
generality 1,660731 0,000439
generalship 2,995732 0,000792
generate 1,386294 0,000367
generating 2,995732 0,000792
generation 0,127833 0,000068
genius 0,400478 0,000106
gentleman 0,223144 0,000059
gently 0,235722 0,000062
genuine 0,597837 0,000158
geometrical 1,660731 0,000439
geometrician 2,659260 0,000703
geometry 1,771957 0,000469
gesticulate 1,714798 0,000453
gift 0,210721 0,000056
gifted 1,049822 0,000278
girl 0,198451 0,000105
glad 0,072571 0,000019
gladly 0,544727 0,000144
glance 0,186330 0,000099
glass 0,174353 0,000046
gleam 0,510826 0,000135
glimpse 0,462035 0,000244
gloomy 0,462035 0,000122
glorious 0,462035 0,000122
goal 0,274437 0,000073
god 0,083382 0,000044
gold 0,083382 0,000022
gospel 1,021651 0,000270
govern 0,186330 0,000049
government 0,462035 0,000122
gracious 0,544727 0,000144
gradation 1,609438 0,000426
gradual 1,049822 0,000278
gradually 0,328504 0,000087
grand 0,342490 0,000091
grandchild 1,514128 0,000400
grandfather 0,755023 0,000200
grandpapa 3,218876 0,000851
grandson 1,347074 0,000712
grant 0,061875 0,000033
grapple 1,203973 0,000318
grasp 0,274437 0,000145
grasshopper 1,966113 0,000520
grave 0,116534 0,000031
gravitation 2,302585 0,000609
greatly 0,210721 0,000056
green 0,105361 0,000028
grey 0,562119 0,000149
groan 0,446287 0,000118
grope 0,733969 0,000194
ground 0,030459 0,000008
grounds 0,446287 0,000118
grow 0,010050 0,000005
guard 0,083382 0,000044
guest 0,235722 0,000062
guidance 0,776529 0,000205
guide 0,083382 0,000022
guilty 0,356675 0,000094
gulf 0,733969 0,000194
gun 0,544727 0,000144
gymnasium 1,966113 0,000520
ha 0,891598 0,000236
habit 0,162519 0,000043
habitual 0,916291 0,000242
hall 0,274437 0,000073
hamlet 1,078810 0,000285
hamper 1,237874 0,000655
hand 0,010050 0,000008
haply 2,207275 0,000584
happen 0,030459 0,000016
happiness 0,150823 0,000040
happy 0,061875 0,000016
harangue 1,609438 0,000426
hard 0,040822 0,000022
hark 1,139434 0,000301
harmless 0,248461 0,000066
harmonious 1,171183 0,000310
harmonise 2,207275 0,000584
harmony 0,579818 0,000153
harvest 0,713350 0,000189
hast 0,891598 0,000236
hastily 0,462035 0,000122
hastiness 2,813411 0,000744
haunt 0,385662 0,000102
head 0,000000 0,000000
healing 1,347074 0,000356
health 0,198451 0,000052
hear 0,010050 0,000008
hearer 1,021651 0,000540
hearing 0,139262 0,000037
hearsay 2,525729 0,000668
heart 0,010050 0,000005
heave 0,820981 0,000217
heavenly 0,843970 0,000223
heavily 0,400478 0,000106
heavy 0,030459 0,000008
heed 0,510826 0,000135
height 0,210721 0,000111
henceforth 0,867501 0,000229
herald 1,139434 0,000301
hereditary 1,108663 0,000293
hereon 3,218876 0,000851
heresy 1,469676 0,000777
hesitate 0,314711 0,000166
heterodox 2,995732 0,000792
hexagon 3,912023 0,001034
hexagonal 3,912023 0,001034
hexagons 3,912023 0,001034
hexahedrons 3,912023 0,001034
hierarchy 2,120264 0,000561
highly 0,261365 0,000069
highness 1,771957 0,000469
hill 0,150823 0,000080
hinder 0,579818 0,000153
hint 0,301105 0,000080
hiss 0,653926 0,000173
historical 0,843970 0,000223
history 0,186330 0,000049
hitherto 0,385662 0,000102
hold 0,010050 0,000005
hollow 0,430783 0,000114
homage 1,078810 0,000285
honestly 0,843970 0,000223
honour 0,494296 0,000131
honourable 0,941609 0,000249
hoot 2,040221 0,000539
hope 0,000000 0,000000
hopeful 0,916291 0,000242
hopefulness 2,995732 0,000792
hopelessly 1,078810 0,000285
horizon 0,597837 0,000158
horror 0,198451 0,000052
hospital 0,755023 0,000399
hour 0,061875 0,000033
house 0,020203 0,000005
household 0,430783 0,000228
houses 0,139262 0,000037
hue 0,776529 0,000411
hum 0,579818 0,000153
human 0,072571 0,000019
humanity 0,494296 0,000131
humble 0,261365 0,000069
humiliation 0,916291 0,000485
humour 0,713350 0,000189
hundredth 1,309333 0,000346
hurriedly 0,891598 0,000236
hurt 0,150823 0,000040
husband 0,198451 0,000105
hush 0,527633 0,000140
hypocrisy 1,347074 0,000356
hypocrite 1,771957 0,000469
idea 0,083382 0,000022
ideal 0,776529 0,000205
identical 0,994252 0,000263
identity 1,021651 0,000270
idiom 1,966113 0,000520
ignorance 0,287682 0,000076
ignorant 0,301105 0,000080
ignore 1,309333 0,000346
illegal 1,660731 0,000439
illustrate 0,616186 0,000163
illustration 0,867501 0,000459
illustrious 1,021651 0,000270
image 0,301105 0,000080
imaginary 0,755023 0,000200
imagination 0,223144 0,000059
imagine 0,083382 0,000044
imbecile 1,514128 0,000400
imitate 0,579818 0,000460
imitation 0,673345 0,000178
immemorial 1,714798 0,000453
immense 0,314711 0,000083
immoral 1,660731 0,000439
immovably 2,407946 0,000637
immunity 1,771957 0,000469
immure 2,813411 0,000744
impaired 1,609438 0,000426
impart 0,693147 0,000733
impartiality 1,966113 0,000520
impartially 1,771957 0,000469
impassioned 2,040221 0,000539
impatience 0,634878 0,000168
impel 0,916291 0,000242
impending 1,171183 0,000310
impenetrable 1,049822 0,000278
imperceptibly 1,469676 0,000389
imperfect 0,673345 0,000178
impertinence 1,469676 0,000389
impertinent 1,171183 0,000310
impervious 2,302585 0,000609
imply 0,235722 0,000249
impose 0,162519 0,000043
impossibility 0,891598 0,000236
impossible 0,094311 0,000025
imposture 2,040221 0,001079
impotent 1,272966 0,000337
impotently 3,218876 0,000851
impression 0,210721 0,000056
imprison 0,798508 0,000422
imprisonment 1,203973 0,000318
improbable 1,021651 0,000270
improvement 0,616186 0,000163
imputed 1,609438 0,000426
inaccurate 0,510826 0,000135
inane 2,659260 0,000703
inanimate 1,237874 0,000327
inaudible 1,560648 0,000413
incapable 0,562119 0,000149
incautious 2,813411 0,000744
inch 0,430783 0,000228
incident 0,356675 0,000189
incline 0,733969 0,000194
inclined 0,186330 0,000049
include 0,072571 0,000038
incommode 2,207275 0,000584
incompatible 1,771957 0,000469
incomplete 0,301105 0,000080
inconceivable 1,078810 0,000285
inconsiderate 2,302585 0,000609
inconsistent 1,272966 0,000337
inconvenience 1,078810 0,000285
incorporate 1,560648 0,000413
increase 0,061875 0,000065
incredible 0,653926 0,000173
incredulity 1,386294 0,000367
incurable 1,386294 0,000367
indebted 0,994252 0,000263
indecisive 3,218876 0,000851
indefinitely 1,469676 0,000389
indescribable 1,108663 0,000293
indifferent 0,400478 0,000106
indignant 0,820981 0,000217
indirectly 0,371064 0,000098
indiscretion 1,427116 0,000755
indistinguishably 3,912023 0,001034
individual 0,139262 0,000074
individuality 1,609438 0,000426
indoctrinate 3,218876 0,000851
induce 0,328504 0,000347
indulgence 0,755023 0,000200
ineffectual 1,469676 0,000389
inequality 1,386294 0,000367
inert 1,714798 0,000453
inexperienced 1,203973 0,000318
inexpressibly 1,897120 0,000502
infallible 1,108663 0,000293
infant 0,673345 0,000178
infected 1,347074 0,000356
infecundity 3,912023 0,001034
infer 0,891598 0,000471
inferior 0,579818 0,000153
inferring 2,995732 0,000792
infinite 0,430783 0,000114
infinitely 0,673345 0,000178
infinitesimally 3,912023 0,001034
infinity 1,832581 0,000485
inflict 0,579818 0,000153
influence 0,198451 0,000052
infuriate 1,609438 0,000426
inhabitant 1,560648 0,000413
inhabitants 0,446287 0,000118
initiate 1,309333 0,000692
initiation 2,120264 0,000561
injunction 1,108663 0,000293
injure 0,356675 0,000094
injuriously 2,407946 0,000637
injury 0,301105 0,000159
inmate 1,203973 0,000318
inmost 1,309333 0,000346
innocent 0,186330 0,000049
innovation 1,966113 0,000520
innovator 2,813411 0,000744
innumerable 0,634878 0,000168
inquire 0,235722 0,000062
insight 1,171183 0,000310
insignificant 0,891598 0,000236
insist 0,223144 0,000118
insolent 0,941609 0,000249
inspect 0,798508 0,000211
inspection 0,798508 0,000211
inspire 0,371064 0,000098
instance 0,116534 0,000062
instant 0,210721 0,000056
instantaneous 1,427116 0,000377
instantly 0,356675 0,000094
instigate 2,120264 0,000561
instinct 0,356675 0,000094
instruct 0,494296 0,000261
insult 0,415515 0,000110
insulting 1,203973 0,000318
integrity 1,203973 0,000318
intellect 0,634878 0,000336
intellectual 0,235722 0,000062
intelligence 0,301105 0,000080
intelligent 0,342490 0,000091
intelligible 1,021651 0,000270
intend 0,094311 0,000025
intense 0,430783 0,000114
intention 0,127833 0,000101
intercede 1,832581 0,000485
intercept 1,171183 0,000310
interchange 1,427116 0,000377
intercourse 0,798508 0,000211
interior 0,673345 0,000356
intermarriages 3,506558 0,000927
internal 0,261365 0,000069
interrupt 0,562119 0,000149
interrupted 0,301105 0,000080
interruption 0,634878 0,000168
intersperse 1,771957 0,000469
interval 0,301105 0,000159
intervene 0,713350 0,000189
interview 0,634878 0,000336
intestine 2,207275 0,000584
intolerable 0,673345 0,000178
intoxicated 1,427116 0,000377
introduce 0,261365 0,000207
introduction 0,385662 0,000102
introductory 1,771957 0,000469
intruder 1,108663 0,000293
invent 0,400478 0,000106
investigate 0,820981 0,000217
investigation 0,713350 0,000189
invisible 0,562119 0,000149
invisibly 2,525729 0,000668
invite 0,261365 0,000069
involuntary 1,021651 0,000270
involve 0,820981 0,000434
iota 2,813411 0,000744
irrational 1,469676 0,000389
irregular 0,733969 0,000194
irregularity 1,386294 0,000733
irregularly 1,832581 0,000485
irreparable 1,832581 0,000485
irrepressible 1,427116 0,000377
irresistible 0,653926 0,000173
irritate 1,660731 0,000439
irritated 1,078810 0,000285
irritating 1,272966 0,000337
island 0,400478 0,000106
isosceles 3,218876 0,000851
issue 0,198451 0,000105
italics 2,813411 0,000744
jailer 2,302585 0,000609
jealously 1,897120 0,000502
jealousy 0,430783 0,000228
jest 0,616186 0,000326
jesting 1,427116 0,000377
joke 0,356675 0,000094
jones 1,309333 0,000346
jostle 1,272966 0,000673
journey 0,150823 0,000040
joy 0,127833 0,000034
judge 0,061875 0,000049
judgment 0,198451 0,000052
judicious 1,139434 0,000301
juggler 2,525729 0,000668
juncture 1,386294 0,000367
junior 1,272966 0,000337
justice 0,162519 0,000043
justify 0,562119 0,000149
keenly 0,967584 0,000256
key 0,342490 0,000091
kindred 0,994252 0,000263
kinetic 3,506558 0,000927
kinetical 3,912023 0,001034
kinetics 3,912023 0,001034
king 0,210721 0,000056
kingdom 0,462035 0,000122
kitchen 0,562119 0,000149
knowledge 0,061875 0,000016
labour 0,562119 0,000446
lack 0,371064 0,000098
lady 0,162519 0,000086
land 0,051293 0,000027
landscape 0,820981 0,000434
language 0,072571 0,000019
lapse 0,733969 0,000194
lastly 0,867501 0,000229
late 0,094311 0,000025
latent 1,469676 0,000389
lateral 2,120264 0,000561
laugh 0,094311 0,000050
lavish 1,108663 0,000293
law 0,020203 0,000011
lawyer 0,673345 0,000178
lay 0,030459 0,000024
lead 0,020203 0,000011
leader 0,356675 0,000189
leaderless 3,912023 0,001034
leading 0,139262 0,000037
league 0,653926 0,000173
lean 0,127833 0,000034
leap 0,287682 0,000152
learn 0,020203 0,000011
leave -0,009950 -0,000008
lecture 0,673345 0,000178
left 0,000000 0,000000
legal 0,261365 0,000069
legislation 1,966113 0,000520
legislative 1,771957 0,000469
legislature 2,120264 0,000561
legitimate 1,139434 0,000301
lengthiness 3,912023 0,001034
lesson 0,287682 0,000152
level 0,210721 0,000056
liable 0,235722 0,000062
licentious 2,120264 0,000561
lie 0,020203 0,000016
life -0,009950 -0,000005
light 0,000000 0,000000
lilliputian 3,506558 0,000927
limit 0,287682 0,000152
limitation 0,371064 0,000098
limited 0,261365 0,000069
linear 2,659260 0,000703
linger 0,446287 0,000118
lip 0,127833 0,000068
listen 0,105361 0,000084
listless 1,427116 0,000377
literal 1,714798 0,000453
live 0,010050 0,000005
liver 1,171183 0,000310
living 0,020203 0,000005
lo 0,916291 0,000242
local 0,713350 0,000189
lock 0,162519 0,000043
logical 1,021651 0,000270
logically 2,207275 0,000584
london 0,415515 0,000110
lord 0,223144 0,000059
lords 0,843970 0,000223
lordship 1,609438 0,000426
lose 0,000000 0,000000
loss 0,083382 0,000022
lot 0,051293 0,000014
loud 0,105361 0,000028
loudly 0,400478 0,000106
love 0,030459 0,000016
loveliness 1,469676 0,000389
lover 0,356675 0,000189
loving 0,478036 0,000126
lucid 1,386294 0,000367
lucky 0,494296 0,000131
luminary 2,302585 0,000609
luminous 1,078810 0,000285
lunatic 1,203973 0,000637
lunch 0,967584 0,000256
lung 0,867501 0,000229
lustre 1,139434 0,000301
lustrous 2,040221 0,000539
luxury 0,462035 0,000122
mad 0,235722 0,000125
madam 0,967584 0,000256
madman 0,941609 0,000249
madness 0,597837 0,000158
magazine 1,203973 0,000318
magic 0,673345 0,000178
magician 1,386294 0,000733
magistrate 0,820981 0,000217
magnificence 1,237874 0,000327
maiden 0,673345 0,000178
mainstay 2,659260 0,000703
maintain 0,094311 0,000075
majesty 0,510826 0,000135
majority 0,597837 0,000158
male 0,562119 0,000297
manage 0,261365 0,000069
manhood 0,776529 0,000205
manifest 0,478036 0,000253
manifestation 1,139434 0,000301
manifestly 1,469676 0,000389
mankind 0,478036 0,000126
manner 0,040822 0,000011
manufactory 2,302585 0,000609
margin 0,994252 0,000263
mark 0,105361 0,000028
market 0,510826 0,000135
marriage 0,314711 0,000166
married 0,248461 0,000066
marry 0,356675 0,000094
marshal 1,272966 0,000337
martial 1,469676 0,000389
martyrdom 1,897120 0,000502
marvellous 0,891598 0,000236
mass 0,210721 0,000056
massacre 1,309333 0,000346
master 0,072571 0,000019
masterpiece 1,427116 0,000377
masters 0,446287 0,000118
mate 0,713350 0,000189
maternal 1,272966 0,000337
mathematical 1,237874 0,000327
mathematician 1,714798 0,000453
mathematics 1,272966 0,000337
matter 0,000000 0,000000
mature 0,941609 0,000249
mauve 2,525729 0,000668
maxim 1,078810 0,000285
maximum 0,478036 0,000126
meaning 0,186330 0,000049
measure 0,127833 0,000101
measurement 1,714798 0,000907
mechanically 1,078810 0,000285
media 2,120264 0,000561
medical 1,021651 0,000270
meditate 0,733969 0,000194
meet 0,010050 0,000008
meeting 0,162519 0,000086
melancholy 0,342490 0,000091
memoirs 1,347074 0,000356
memory 0,162519 0,000043
menacing 1,272966 0,000337
mental 0,430783 0,000114
mentally 1,237874 0,000327
mention 0,105361 0,000056
merchant 0,494296 0,000131
merciful 0,994252 0,000263
mercifully 2,120264 0,000561
mercurial 2,995732 0,000792
mercy 0,210721 0,000056
mere 0,094311 0,000025
merit 0,371064 0,000098
merry 0,634878 0,000168
message 0,356675 0,000094
method 0,094311 0,000050
methought 2,207275 0,000584
metropolis 1,469676 0,000389
middle 0,030459 0,000008
midst 0,287682 0,000076
mild 0,430783 0,000114
mildly 1,171183 0,000310
mildness 1,427116 0,000377
mile 0,174353 0,000046
military 0,616186 0,000163
militia 1,897120 0,000502
millenary 3,912023 0,001034
millennial 3,218876 0,000851
millennium 2,207275 0,000584
mind 0,020203 0,000011
minded 0,400478 0,000106
mindless 2,525729 0,000668
miniature 1,139434 0,000301
minimize 2,995732 0,000792
minor 0,713350 0,000189
minority 1,386294 0,000367
minute 0,150823 0,000080
misanthropist 3,218876 0,000851
misbehave 2,813411 0,000744
miscarriage 2,407946 0,000637
mischief 0,494296 0,000131
misconduct 1,966113 0,000520
miserable 0,210721 0,000056
misery 0,248461 0,000066
misguided 2,407946 0,000637
missing 1,386294 0,000367
mission 0,210721 0,000056
mistake 0,186330 0,000099
mixture 0,597837 0,000158
mock 0,478036 0,000253
mockery 0,916291 0,000242
model 0,510826 0,000135
modern 0,301105 0,000080
modesty 0,733969 0,000194
modify 0,356675 0,000094
modulate 2,302585 0,000609
moisture 1,108663 0,000293
molest 1,609438 0,000426
moment 0,010050 0,000005
monarch 1,108663 0,000293
money 0,051293 0,000014
monopolising 3,218876 0,000851
monotonous 1,078810 0,000285
monster 0,527633 0,000279
monstrosity 2,407946 0,000637
monstrous 0,400478 0,000106
month 0,040822 0,000022
moodily 1,966113 0,000520
moral 0,301105 0,000080
morality 0,867501 0,000229
morning 0,040822 0,000011
mortal 0,314711 0,000083
mother 0,072571 0,000038
motion 0,223144 0,000118
motionless 0,544727 0,000144
mount 0,210721 0,000111
mouth 0,061875 0,000033
moveable 2,525729 0,000668
movement 0,287682 0,000152
multiplication 1,897120 0,000502
multitude 0,385662 0,000204
multitudinous 2,040221 0,000539
murder 0,248461 0,000066
murmur 0,287682 0,000152
musing 1,237874 0,000327
mutter 0,653926 0,000173
mutual 0,510826 0,000135
myriad 1,386294 0,000367
mysterious 0,314711 0,000083
mystery 0,235722 0,000125
narration 1,609438 0,000426
narrative 0,579818 0,000153
narrow 0,094311 0,000025
native 0,314711 0,000083
natural 0,094311 0,000025
naturally 0,210721 0,000056
nature 0,094311 0,000025
naught 1,347074 0,000356
nearer 0,400478 0,000106
necessitate 1,714798 0,000907
necessity 0,210721 0,000056
needful 1,108663 0,000293
needle 0,673345 0,000178
needless 1,049822 0,000278
neglect 0,274437 0,000145
neglectful 2,525729 0,000668
neighbour 0,510826 0,000405
neighbourhood 0,776529 0,000205
nervousness 1,714798 0,000453
neutral 1,609438 0,000426
news 0,210721 0,000056
nigh 0,843970 0,000223
night 0,010050 0,000003
nightfall 1,309333 0,000346
nightly 1,171183 0,000310
nip 1,427116 0,000377
nipping 2,525729 0,000668
nobility 0,755023 0,000200
noble 0,198451 0,000157
nobleman 1,021651 0,000270
noise 0,139262 0,000037
nonsense 0,478036 0,000126
north 0,083382 0,000022
northern 0,653926 0,000173
northward 1,203973 0,000318
note 0,094311 0,000075
notice 0,020203 0,000011
notion 0,314711 0,000083
nuisance 1,309333 0,000346
numerous 0,235722 0,000062
nurse 0,301105 0,000159
oath 0,385662 0,000102
object 0,105361 0,000084
objection 0,400478 0,000106
oblige 0,210721 0,000111
obliquity 2,659260 0,000703
obscurity 0,967584 0,000256
observation 0,446287 0,000118
observe 0,094311 0,000025
obstacle 0,510826 0,000135
obstinate 0,713350 0,000189
obvious 0,415515 0,000110
occasion 0,105361 0,000056
occasional 0,510826 0,000135
occasionally 0,371064 0,000098
occupation 0,371064 0,000098
occupy 0,174353 0,000046
occur 0,083382 0,000044
occurrence 0,693147 0,000183
ocular 2,659260 0,000703
offence 0,527633 0,000140
offensive 0,693147 0,000183
offer 0,020203 0,000005
office 0,072571 0,000038
officer 0,314711 0,000083
official 0,223144 0,000059
offspring 0,994252 0,000263
oft 1,347074 0,000356
oftentimes 1,832581 0,000485
omission 1,347074 0,000356
omit 0,843970 0,000446
omnipresence 2,659260 0,000703
omniscience 2,995732 0,000792
omnividence 3,912023 0,001034
oneself 1,386294 0,000367
onset 1,469676 0,000389
openly 0,494296 0,000131
operation 0,478036 0,000253
opinion 0,105361 0,000028
opportunely 2,302585 0,000609
opportunity 0,061875 0,000033
opposition 0,494296 0,000131
orange 0,776529 0,000205
ordain 0,891598 0,000471
ordinance 1,514128 0,000400
ordinary 0,186330 0,000049
organ 0,634878 0,000336
organism 1,832581 0,000969
organization 1,469676 0,000389
organized 0,356675 0,000094
origin 0,527633 0,000140
original 0,105361 0,000028
originate 1,139434 0,000603
orphan 0,798508 0,000211
outbreak 1,427116 0,000755
outspoken 1,966113 0,000520
oval 1,560648 0,000413
overcome 0,198451 0,000052
overleap 2,525729 0,000668
overtake 0,400478 0,000106
pace 0,186330 0,000049
pacify 1,272966 0,000337
pain 0,051293 0,000014
painful 0,328504 0,000087
painless 2,207275 0,000584
painlessly 3,218876 0,000851
paint 0,274437 0,000145
painting 0,713350 0,000189
palace 0,494296 0,000131
pall 1,272966 0,000337
palpable 1,469676 0,000389
paltry 1,203973 0,000318
panic 1,049822 0,000278
paper 0,083382 0,000022
paradise 0,776529 0,000205
paradox 1,514128 0,000400
parallel 0,843970 0,000223
parallelogram 3,218876 0,000851
pardon 0,287682 0,000076
parent 0,261365 0,000138
parental 1,514128 0,000400
particle 0,967584 0,000256
partly 0,301105 0,000080
partner 0,510826 0,000135
party 0,030459 0,000008
pass 0,020203 0,000011
passage 0,105361 0,000028
passer 1,078810 0,000285
passing 0,094311 0,000025
passion 0,174353 0,000046
passionately 0,941609 0,000249
pasteboard 2,659260 0,000703
patent 0,941609 0,000249
path 0,150823 0,000040
patience 0,139262 0,000037
patient 0,274437 0,000073
patriotism 1,897120 0,000502
patron 0,776529 0,000205
patter 1,203973 0,000318
pause 0,314711 0,000166
pay 0,030459 0,000008
peace 0,094311 0,000025
peal 1,078810 0,000285
pedantically 3,506558 0,000927
pedigree 1,897120 0,001003
penal 1,714798 0,000453
penalty 0,820981 0,000434
pencil 0,616186 0,000163
pendulum 2,120264 0,000561
penetrate 0,415515 0,000220
penetration 1,347074 0,000356
penny 0,634878 0,000168
pentagon 3,218876 0,000851
pentagonal 3,912023 0,001034
pentagons 3,912023 0,001034
perceive 0,198451 0,000210
perceptibly 1,771957 0,000469
perchance 1,386294 0,000367
perdition 1,832581 0,000485
perfect 0,061875 0,000016
perfection 0,446287 0,000118
perfectly 0,162519 0,000043
perform 0,072571 0,000019
peril 0,693147 0,000183
perilous 0,798508 0,000211
perimeter 3,506558 0,000927
period 0,235722 0,000062
perish 0,462035 0,000367
permit 0,094311 0,000050
peroration 2,995732 0,000792
perpetrator 2,407946 0,000637
perpetual 0,478036 0,000126
perpetually 1,078810 0,000285
perplex 0,653926 0,000173
perplexing 1,560648 0,000413
persevere 0,994252 0,000263
persist 0,478036 0,000126
persistent 1,347074 0,000356
person -0,009950 -0,000008
personal 0,223144 0,000059
perspective 1,609438 0,000426
persuade 0,223144 0,000118
perturb 1,514128 0,000400
perusal 1,272966 0,000337
pervade 1,139434 0,000603
perversity 2,207275 0,000584
pervert 1,897120 0,000502
perverted 1,347074 0,000356
phalanx 2,302585 0,000609
phantasmal 3,506558 0,000927
phenomenon 0,820981 0,000217
philanthropy 1,771957 0,000469
philosopher 0,673345 0,000178
phonograph 2,813411 0,000744
phrase 0,139262 0,000037
physical 0,198451 0,000052
physically 1,347074 0,000356
physician 0,693147 0,000183
physicians 1,272966 0,000337
pick 0,223144 0,000059
pickpocket 2,207275 0,000584
picturesque 0,755023 0,000200
piece 0,020203 0,000005
pierce 0,356675 0,000094
pillar 0,597837 0,000158
pin 0,478036 0,000126
pitiable 1,347074 0,000356
pity 0,139262 0,000037
placability 3,912023 0,001034
plain 0,040822 0,000011
plains 0,967584 0,000256
plan 0,198451 0,000052
plane 1,171183 0,000310
planless 3,912023 0,001034
plausible 1,078810 0,000285
play 0,040822 0,000022
plead 0,400478 0,000212
pleased 0,150823 0,000040
pleasure 0,051293 0,000027
plebeian 2,040221 0,000539
plume 0,994252 0,000526
plunder 0,994252 0,000263
plunge 0,314711 0,000083
plurality 2,120264 0,000561
plurally 3,912023 0,001034
pocket 0,371064 0,000098
poetry 0,693147 0,000183
police 0,755023 0,000200
policeman 1,237874 0,000327
policy 0,820981 0,000217
polite 0,693147 0,000183
political 0,562119 0,000149
politics 0,713350 0,000189
pollution 2,040221 0,000539
polygon 3,912023 0,001034
polygonal 3,506558 0,000927
polygons 3,912023 0,001034
ponder 0,820981 0,000217
pooh 1,514128 0,000400
poor 0,020203 0,000005
populace 1,660731 0,000439
popular 0,430783 0,000114
popularly 1,966113 0,000520
population 0,941609 0,000249
portent 2,120264 0,000561
portentous 1,714798 0,000453
portrait 0,597837 0,000158
position 0,162519 0,000086
positive 0,597837 0,000158
positively 0,776529 0,000205
possess 0,061875 0,000033
possession 0,083382 0,000022
possessor 0,994252 0,000263
possibility 0,150823 0,000080
post 0,051293 0,000014
posterity 1,139434 0,000301
potential 2,302585 0,000609
powder 0,597837 0,000158
power 0,030459 0,000016
practical 0,494296 0,000131
practically 0,235722 0,000062
practice 0,116534 0,000031
practise 0,510826 0,000135
praise 0,274437 0,000073
prattle 1,771957 0,000469
pray 0,261365 0,000069
prayer 0,287682 0,000076
preach 0,755023 0,000200
prearrangement 3,506558 0,000927
precaution 0,733969 0,000194
precede 0,385662 0,000102
precedent 1,469676 0,000389
precept 1,049822 0,000278
precious 0,162519 0,000043
precipitate 1,078810 0,000570
precise 0,776529 0,000205
precisely 0,510826 0,000135
precision 0,798508 0,000211
preclude 1,771957 0,000937
precocious 1,966113 0,000520
precocity 2,995732 0,000792
preconcerted 2,995732 0,000792
predominate 1,469676 0,000777
preface 0,713350 0,000189
prefect 2,659260 0,001406
prefer 0,174353 0,000046
prejudice 0,579818 0,000153
prepare 0,116534 0,000062
prepared 0,105361 0,000028
prescribe 0,776529 0,000411
presence 0,094311 0,000025
presently 0,385662 0,000102
preserve 0,083382 0,000022
preside 0,843970 0,000223
president 1,049822 0,000278
press 0,105361 0,000028
pressed 0,274437 0,000073
pressure 0,527633 0,000140
presume 0,462035 0,000122
pretend 0,186330 0,000148
pretension 1,049822 0,000278
pretext 0,891598 0,000236
pretty 0,150823 0,000040
prevail 0,287682 0,000152
prevalent 1,309333 0,000346
prevent 0,040822 0,000022
previous 0,094311 0,000025
prey 0,478036 0,000126
priest 0,616186 0,000326
priestly 2,207275 0,000584
principal 0,287682 0,000076
print 0,116534 0,000031
printer 1,714798 0,000453
prison 0,248461 0,000066
prisoner 0,356675 0,000094
pristine 2,659260 0,000703
privacy 1,714798 0,000453
private 0,198451 0,000052
privilege 0,527633 0,000140
privileged 1,347074 0,000356
privileges 1,021651 0,000270
probability 0,733969 0,000194
proceed 0,116534 0,000062
proceeding 0,510826 0,000135
proceeds 0,916291 0,000242
process 0,400478 0,000106
procession 0,693147 0,000183
proclaim 0,527633 0,000419
proclamation 1,609438 0,000426
procreation 2,525729 0,000668
produce 0,061875 0,000049
profess 0,616186 0,000489
profession 0,446287 0,000118
professional 0,820981 0,000217
professor 0,261365 0,000069
proficient 2,120264 0,000561
profuse 1,609438 0,000426
progenitor 2,040221 0,001079
progress 0,162519 0,000043
progression 1,966113 0,000520
progressive 1,771957 0,000469
prohibit 1,347074 0,000356
prohibition 0,415515 0,000110
prohibitive 3,506558 0,000927
project -0,009950 -0,000003
projection 1,714798 0,000453
prolonged 0,597837 0,000158
prometheus 2,302585 0,000609
promise 0,051293 0,000027
promising 0,430783 0,000114
promulgator 3,506558 0,000927
proof 0,274437 0,000073
propagate 1,771957 0,000469
propagation 2,040221 0,000539
propel 1,714798 0,000453
proper 0,061875 0,000016
prophet 0,867501 0,000229
proportion 0,235722 0,000062
proposal 0,733969 0,000194
propose 0,186330 0,000049
proposition 0,820981 0,000217
propriety 0,843970 0,000223
prosecution 1,203973 0,000318
prospect 0,430783 0,000114
prospects 1,203973 0,000318
prostrate 0,673345 0,000178
prove 0,083382 0,000066
proverbs 1,897120 0,000502
providence 0,693147 0,000183
providential 2,040221 0,000539
proximity 1,609438 0,000426
pry 1,139434 0,000301
public 0,083382 0,000022
publication 1,049822 0,000278
publisher 1,237874 0,000327
pulsation 2,407946 0,000637
punish 0,314711 0,000083
punishable 2,525729 0,000668
puny 1,771957 0,000469
pupil 0,579818 0,000153
pure 0,139262 0,000110
purge 1,427116 0,000377
purity 0,776529 0,000205
purple 0,616186 0,000163
purpose 0,040822 0,000022
purposeless 2,120264 0,000561
pursue 0,186330 0,000049
pursuit 0,287682 0,000152
push 0,139262 0,000037
pyramids 1,514128 0,000400
qualification 1,386294 0,000367
qualified 0,967584 0,000256
quality 0,186330 0,000049
quarter 0,105361 0,000028
queller 3,506558 0,000927
question 0,020203 0,000011
questioning 0,755023 0,000200
quiet 0,094311 0,000025
quietism 3,912023 0,001034
quietly 0,261365 0,000069
quit 0,462035 0,000122
quote 0,755023 0,000200
rabble 1,771957 0,000469
race 0,162519 0,000086
rage 0,139262 0,000037
rain 0,150823 0,000040
raise 0,020203 0,000016
range 0,328504 0,000087
rank 0,223144 0,000118
rapid 0,371064 0,000098
rapidly 0,371064 0,000098
rapt 1,469676 0,000389
rapture 0,820981 0,000217
rare 0,261365 0,000069
rarely 0,527633 0,000140
rascal 0,867501 0,000229
rational 0,867501 0,000229
ravish 1,771957 0,000469
ravishing 2,207275 0,000584
reach 0,000000 0,000000
react 2,040221 0,000539
reaction 1,237874 0,000327
reactionary 2,659260 0,000703
read 0,020203 0,000011
reader 0,301105 0,000159
ready 0,030459 0,000008
real 0,040822 0,000011
reality 0,301105 0,000159
realize 0,693147 0,000183
realm 0,867501 0,000229
reappear 1,203973 0,000637
reason 0,010050 0,000008
reasonable 0,116534 0,000031
reasoning 0,713350 0,000189
reassure 0,820981 0,000217
rebel 0,733969 0,000194
rebellion 0,941609 0,000498
recall 0,235722 0,000125
recede 0,916291 0,000485
receive 0,040822 0,000032
reciprocal 1,897120 0,000502
reckless 1,049822 0,000278
reckon 0,385662 0,000102
recognise 0,843970 0,000446
recognition 0,713350 0,000189
recognize 0,733969 0,000582
recoil 1,272966 0,000337
recollect 0,562119 0,000149
recommend 0,400478 0,000106
reconsider 2,040221 0,000539
record 0,223144 0,000059
recourse 1,171183 0,000310
recover 0,127833 0,000034
recovery 0,616186 0,000163
recreation 1,309333 0,000346
rectangle 3,218876 0,000851
red 0,061875 0,000016
redouble 1,309333 0,000346
redundant 2,302585 0,000609
refer 0,223144 0,000118
reference 0,198451 0,000052
reflect 0,235722 0,000125
reflection 0,274437 0,000073
reform 0,891598 0,000236
refrain 0,597837 0,000158
refresh 0,446287 0,000118
refuse 0,083382 0,000044
regain 0,634878 0,000168
regard 0,083382 0,000044
regardful 3,218876 0,000851
region 0,462035 0,000244
register 0,287682 0,000152
regret 0,342490 0,000181
regular 0,287682 0,000152
regularity 1,021651 0,000270
regularly 0,616186 0,000163
regulate 0,210721 0,000111
regulations 1,237874 0,000327
reiterate 1,309333 0,000692
reject 0,478036 0,000253
rejoice 0,400478 0,000318
relapse 1,021651 0,000540
relate 0,415515 0,000110
relation 0,223144 0,000059
release 0,105361 0,000028
relieve 0,198451 0,000052
religious 0,446287 0,000118
rely 0,579818 0,000307
remain 0,040822 0,000032
remains 0,150823 0,000040
remarkably 0,733969 0,000194
remarks 0,462035 0,000122
remedy 0,150823 0,000040
remember 0,030459 0,000024
remind 0,301105 0,000080
remonstrance 1,171183 0,000310
remote 0,478036 0,000253
remove 0,040822 0,000011
render 0,186330 0,000049
renew 0,314711 0,000083
repair 0,342490 0,000091
repeat 0,051293 0,000027
repeatedly 1,108663 0,000293
repetition 0,713350 0,000189
reply 0,105361 0,000056
report 0,051293 0,000014
repose 0,494296 0,000131
represent 0,210721 0,000167
reproduce 1,078810 0,000285
reputation 0,342490 0,000091
request 0,105361 0,000028
require 0,051293 0,000027
required 0,083382 0,000022
requirement 0,400478 0,000106
rescue 0,494296 0,000131
residence 0,653926 0,000173
resistance 0,430783 0,000114
resolution 0,385662 0,000102
resolve 0,287682 0,000152
resonant 2,407946 0,000637
resort 0,733969 0,000388
resource 0,544727 0,000144
respect 0,040822 0,000011
respectable 0,430783 0,000114
respectful 0,755023 0,000200
responsibility 0,733969 0,000194
responsive 1,609438 0,000426
rest 0,010050 0,000005
restore 0,223144 0,000059
restrain 0,579818 0,000153
restrict 1,427116 0,000377
restriction 0,371064 0,000098
result 0,174353 0,000046
resume 0,301105 0,000159
retain 0,235722 0,000125
retinue 1,714798 0,000453
retire 0,415515 0,000220
retired 0,342490 0,000091
retirement 1,108663 0,000586
retort 0,820981 0,000217
retract 1,660731 0,000439
retreat 0,342490 0,000181
retrograde 1,897120 0,000502
retrogression 2,995732 0,001584
retrospect 2,525729 0,000668
return 0,010050 0,000008
reveal 0,223144 0,000177
revelation 0,693147 0,000367
reverence 0,579818 0,000153
reverent 1,771957 0,000469
reverie 1,203973 0,000318
reverse 0,527633 0,000140
review 0,693147 0,000183
revolt 0,967584 0,000256
revolution 0,634878 0,000168
revolutionist 2,407946 0,000637
reward 0,174353 0,000046
rhetoric 1,560648 0,000413
rheumatism 2,302585 0,000609
rhythm 1,897120 0,000502
rhythmic 2,302585 0,000609
rhythmical 2,525729 0,000668
rich 0,116534 0,000092
richly 0,891598 0,000236
rid 0,223144 0,000059
rightly 0,430783 0,000114
ripen 0,941609 0,000249
rise 0,030459 0,000024
risk 0,301105 0,000080
rival 0,494296 0,000131
road 0,116534 0,000031
roar 0,356675 0,000094
robust 0,967584 0,000256
romance 0,673345 0,000178
roof 0,186330 0,000099
rotate 3,506558 0,001854
rough 0,186330 0,000049
roughly 0,544727 0,000144
roughness 1,514128 0,000400
rousing 1,514128 0,000400
roving 1,469676 0,000389
royal 0,400478 0,000106
rude 0,342490 0,000091
rudeness 1,203973 0,000318
rudimentary 2,659260 0,000703
ruffle 0,941609 0,000249
rule 0,030459 0,000008
rush 0,127833 0,000068
rustication 3,912023 0,001034
sacred 0,415515 0,000110
sacrifice 0,210721 0,000167
sadly 0,510826 0,000135
safe 0,116534 0,000062
safeguard 1,609438 0,000426
safety 0,356675 0,000094
sagacity 1,139434 0,000301
sailor 0,544727 0,000144
sake 0,083382 0,000022
sanction 1,237874 0,000655
sand 0,494296 0,000131
sanitary 2,040221 0,000539
satisfaction 0,186330 0,000049
satisfactory 0,562119 0,000149
satisfy 0,061875 0,000033
save 0,010050 0,000005
scale 0,274437 0,000073
scamp 2,120264 0,000561
scandal 0,843970 0,000223
scarce 0,653926 0,000173
scarcely 0,301105 0,000080
school 0,150823 0,000080
science 0,415515 0,000220
scientific 0,776529 0,000205
scion 2,407946 0,000637
scolding 1,309333 0,000346
scope 1,139434 0,000301
score 0,446287 0,000118
scorn 0,446287 0,000236
scornfully 1,347074 0,000356
scourge 1,049822 0,000278
scout 1,386294 0,000367
scullery 2,040221 0,000539
sea 0,116534 0,000031
seal 0,371064 0,000196
search 0,040822 0,000011
seas 0,916291 0,000242
season 0,235722 0,000125
seasonable 2,040221 0,000539
seat 0,051293 0,000027
secrecy 0,798508 0,000211
secret 0,051293 0,000027
secure 0,061875 0,000033
sedition 2,120264 0,001121
seditious 2,120264 0,000561
seek 0,083382 0,000044
seemingly 0,967584 0,000256
seer 1,609438 0,000426
seize 0,116534 0,000062
selfish 0,798508 0,000211
semicircle 1,771957 0,000469
seminary 1,897120 0,000502
send 0,020203 0,000016
sensation 0,371064 0,000098
sense 0,051293 0,000014
senseless 0,867501 0,000229
sensibly 1,139434 0,000301
sensitive 0,693147 0,000183
sensuous 2,302585 0,000609
sentence 0,094311 0,000075
sentiment 0,356675 0,000094
separate 0,094311 0,000025
serf 1,832581 0,000969
serfdom 2,659260 0,000703
series 0,494296 0,000131
servant 0,105361 0,000056
serve 0,051293 0,000041
service 0,072571 0,000038
set 0,010050 0,000005
seventh 0,562119 0,000149
severe 0,301105 0,000080
sex 0,462035 0,000244
shade 0,223144 0,000059
shading 1,560648 0,000413
shadow 0,162519 0,000086
shadowy 1,108663 0,000293
shake 0,072571 0,000038
shalt 1,171183 0,000310
shame 0,223144 0,000059
shape 0,150823 0,000080
shaper 3,912023 0,001034
share 0,030459 0,000008
sharp 0,139262 0,000037
shattered 0,867501 0,000229
sheet 0,314711 0,000083
shew 2,120264 0,001121
shifting 0,891598 0,000236
shine 0,150823 0,000040
shiver 0,478036 0,000126
shock 0,235722 0,000062
shooting 0,634878 0,000168
shop 0,494296 0,000131
short 0,020203 0,000011
shortly 0,462035 0,000122
shout 0,186330 0,000049
shriek 0,634878 0,000168
shrill 0,798508 0,000211
shrink 0,462035 0,000122
shrinkage 3,506558 0,000927
shudder 0,446287 0,000118
shut 0,051293 0,000014
sickening 1,309333 0,000346
sided 1,714798 0,000453
sidedness 3,506558 0,000927
sideways 1,139434 0,000301
sigh 0,235722 0,000062
sight 0,040822 0,000022
sign 0,051293 0,000014
signal 0,462035 0,000122
signify 0,634878 0,000336
silence 0,051293 0,000027
silent 0,051293 0,000014
silly 0,400478 0,000106
simple 0,094311 0,000050
simplicity 0,527633 0,000140
simply 0,150823 0,000040
simulate 2,040221 0,000539
simulation 3,506558 0,000927
simultaneous 1,660731 0,000439
simultaneously 1,203973 0,000318
single 0,083382 0,000022
sink 0,072571 0,000038
sir 0,150823 0,000040
sister 0,223144 0,000059
sit 0,010050 0,000008
situated 0,733969 0,000194
situation 0,198451 0,000052
sixteen 0,653926 0,000173
sixth 0,446287 0,000118
size 0,223144 0,000118
sized 1,237874 0,000327
skilful 0,967584 0,000256
skilfully 1,660731 0,000439
skill 0,287682 0,000076
slang 1,832581 0,000485
slaughter 0,820981 0,000434
slave 0,356675 0,000189
slay 0,733969 0,000194
sleep 0,051293 0,000014
slice 1,108663 0,000293
slight 0,072571 0,000038
slip 0,150823 0,000040
slowly 0,150823 0,000040
slumber 0,510826 0,000135
smith 0,820981 0,000217
smoothly 1,021651 0,000270
sneeze 1,203973 0,000637
soar 0,916291 0,000485
sober 0,562119 0,000149
social 0,371064 0,000098
society 0,210721 0,000056
soldier 0,415515 0,000220
sole 0,301105 0,000159
solemn 0,301105 0,000080
solid 0,274437 0,000145
soliloquize 2,302585 0,000609
solution 0,755023 0,000200
solve 0,478036 0,000126
solver 3,506558 0,000927
sombre 1,171183 0,000310
son 0,083382 0,000044
sonorousness 3,506558 0,000927
sophism 2,659260 0,000703
soprano 3,506558 0,000927
sorrowing 1,560648 0,000413
sort 0,072571 0,000019
soul 0,083382 0,000022
sound 0,010050 0,000005
south 0,235722 0,000062
southern 0,579818 0,000153
southward 1,609438 0,000426
space 0,105361 0,000028
spacious 0,916291 0,000242
spare 0,116534 0,000062
speak 0,030459 0,000032
speaking 0,072571 0,000019
special 0,083382 0,000022
specimen 0,579818 0,000153
speck 0,916291 0,000242
spectator 0,544727 0,000144
speculative 1,897120 0,000502
speech 0,139262 0,000037
speechless 0,916291 0,000242
speedily 0,713350 0,000189
speedy 0,867501 0,000229
spell 0,653926 0,000173
spend 0,051293 0,000014
sphere 0,693147 0,000367
sphinx 1,771957 0,000469
spirit 0,051293 0,000027
spiritual 0,653926 0,000173
spite 0,139262 0,000037
spleen 1,714798 0,000453
spread 0,051293 0,000014
spring 0,051293 0,000027
squalor 2,659260 0,000703
square 0,223144 0,000177
stab 0,967584 0,000256
stagger 0,527633 0,000140
stagnation 2,120264 0,000561
stake 0,446287 0,000118
stamp 0,261365 0,000069
stand -0,009950 -0,000008
standard 0,544727 0,000144
start -0,009950 -0,000005
startle 1,347074 0,000356
startled 0,415515 0,000110
statement 0,186330 0,000099
statesman 1,049822 0,000555
statesmanship 3,912023 0,001034
static 2,995732 0,000792
statical 3,912023 0,001034
statics 3,506558 0,000927
stationary 1,427116 0,000377
statistics 1,966113 0,000520
status 0,446287 0,000118
stay 0,061875 0,000016
stead 1,139434 0,000301
steadfastly 1,660731 0,000439
steadily 0,415515 0,000110
steal 0,105361 0,000028
stem 0,776529 0,000205
step 0,030459 0,000016
stick 0,174353 0,000046
stifle 0,967584 0,000256
stillness 0,891598 0,000236
stimulate 1,021651 0,000540
stimulus 1,560648 0,000413
sting 0,616186 0,000326
stipend 2,407946 0,000637
stir 0,210721 0,000111
stolid 1,660731 0,000439
stomach 0,616186 0,000326
stone 0,094311 0,000025
story 0,030459 0,000008
straight 0,105361 0,000028
straightway 1,347074 0,000356
strain 0,248461 0,000066
strand 0,820981 0,000217
strange 0,061875 0,000016
stranger 0,139262 0,000037
strangers 0,356675 0,000094
stratum 1,897120 0,000502
stream 0,139262 0,000037
street 0,116534 0,000062
strength 0,030459 0,000008
strengthen 0,478036 0,000253
stretch 0,116534 0,000031
strict 0,186330 0,000049
strictly 0,579818 0,000153
strike 0,020203 0,000005
striking 0,274437 0,000073
string 0,371064 0,000098
stringent 2,120264 0,000561
stroke 0,301105 0,000080
strong 0,020203 0,000005
structure 0,634878 0,000336
struggle 0,127833 0,000034
study 0,094311 0,000050
stuff 0,223144 0,000059
stunned 1,078810 0,000285
stupid 0,478036 0,000126
style 0,261365 0,000069
subdued 0,494296 0,000131
subject 0,061875 0,000049
submission 0,776529 0,000205
submit 0,430783 0,000228
subordinate 0,967584 0,000512
substantial 0,755023 0,000200
substitute 0,713350 0,000189
subtle 0,713350 0,000189
subversion 2,813411 0,000744
succeed 0,105361 0,000028
success 0,162519 0,000086
successful 0,478036 0,000126
successor 0,916291 0,000242
succinct 2,525729 0,000668
succumb 1,427116 0,000377
sudden 0,072571 0,000019
suddenly 0,040822 0,000011
suffer 0,061875 0,000033
suffering 0,210721 0,000056
suffice 0,544727 0,000144
sufficient 0,139262 0,000037
suffuse 1,560648 0,000413
suggestion 0,356675 0,000094
suggestive 1,237874 0,000327
suicide 1,049822 0,000278
suit 0,198451 0,000052
suitable 0,462035 0,000122
sum 0,261365 0,000069
summarily 2,659260 0,000703
summary 1,469676 0,000389
summon 0,544727 0,000288
sun 0,072571 0,000019
superficial 1,108663 0,000293
superfluity 1,832581 0,000485
superfluous 0,867501 0,000229
superior 0,261365 0,000069
superiority 0,673345 0,000178
superscript 3,912023 0,001034
supersede 1,560648 0,000413
supervise 2,207275 0,000584
supervision 1,771957 0,000469
supper 0,446287 0,000118
supplement 1,469676 0,000389
supply 0,210721 0,000111
suppose 0,020203 0,000016
suppress 0,446287 0,000354
suppression 1,560648 0,000413
supreme 0,616186 0,000163
supremely 1,609438 0,000426
surely 0,186330 0,000049
surety 2,040221 0,000539
surface 0,287682 0,000076
surgeon 0,891598 0,000236
surgical 1,832581 0,000485
surpass 0,755023 0,000200
surprise 0,150823 0,000040
surprised 0,210721 0,000056
surreptitiously 2,995732 0,000792
surround 0,162519 0,000086
surroundings 0,994252 0,000263
survey 0,462035 0,000244
survive 0,186330 0,000099
susceptible 1,386294 0,000367
suspect 0,162519 0,000043
suspend 0,527633 0,000140
suspicion 0,210721 0,000056
suspicious 0,579818 0,000153
sustain 0,314711 0,000083
sway 0,494296 0,000131
sweep 0,274437 0,000073
sweet 0,139262 0,000074
sweetmeat 1,897120 0,000502
swing 0,430783 0,000114
symmetrical 1,897120 0,000502
sympathy 0,314711 0,000166
symptom 0,693147 0,000183
systematic 1,427116 0,000377
systematically 2,120264 0,000561
table 0,083382 0,000044
tablet 1,897120 0,000502
tablets 2,040221 0,000539
tact 1,309333 0,000346
taint 1,139434 0,000301
tale 0,248461 0,000131
talk 0,061875 0,000016
tall 0,198451 0,000052
tame 0,820981 0,000217
tantalize 3,912023 0,001034
tantalizing 2,525729 0,000668
task 0,248461 0,000066
taste 0,105361 0,000028
tax 0,248461 0,000066
taylor 1,832581 0,000485
teach 0,083382 0,000066
teacher 0,415515 0,000220
teaching 1,560648 0,000413
tear 0,030459 0,000016
technical 1,660731 0,000439
tedious 0,755023 0,000200
temper 0,261365 0,000069
temperate 1,078810 0,000285
temperature 1,469676 0,000389
tempt 0,415515 0,000220
temptation 0,430783 0,000228
tender 0,301105 0,000080
tenor 1,078810 0,000285
tenth 0,733969 0,000194
term 0,061875 0,000033
terminal 3,218876 0,000851
terrible 0,186330 0,000049
terror 0,162519 0,000043
theatre 0,820981 0,000217
thee 0,597837 0,000158
theology 1,427116 0,000377
theoretically 2,120264 0,000561
theory 0,400478 0,000106
thickness 1,386294 0,000367
thievish 2,813411 0,000744
thine 1,139434 0,000301
thinker 1,427116 0,000377
thirst 0,494296 0,000261
thirteen 0,579818 0,000153
thousandth 1,897120 0,000502
threaten 0,186330 0,000148
threefold 2,120264 0,000561
threshold 0,562119 0,000149
thrice 0,755023 0,000200
thrill 0,713350 0,000189
throat 0,223144 0,000118
throw 0,010050 0,000008
thunder 0,430783 0,000228
thy 0,634878 0,000168
tick 1,171183 0,000619
ticket 1,021651 0,000270
time -0,009950 -0,000008
tinge 0,994252 0,000263
tinkle 1,078810 0,000285
tiny 0,820981 0,000217
title 0,116534 0,000031
toleration 1,966113 0,000520
tombstone 1,832581 0,000485
tone 0,198451 0,000105
topic 0,733969 0,000194
torrid 2,207275 0,000584
toss 0,494296 0,000131
total 0,579818 0,000153
touch 0,010050 0,000008
town 0,094311 0,000050
trace 0,198451 0,000052
trade 0,287682 0,000076
tradesman 1,139434 0,000603
tradition 0,755023 0,000200
train 0,162519 0,000043
training 0,776529 0,000205
transcriber 1,714798 0,000453
transfix 1,386294 0,000367
transient 1,469676 0,000389
transmute 2,120264 0,000561
transparent 1,021651 0,000270
transport 0,653926 0,000173
trap 0,527633 0,000140
traveller 0,755023 0,000200
travelling 0,693147 0,000183
traverse 0,867501 0,000229
treachery 0,755023 0,000200
treason 1,514128 0,000400
treasonable 2,525729 0,000668
treasure 0,261365 0,000069
treat 0,127833 0,000068
treatise 1,272966 0,000337
treatment 0,127833 0,000034
treble 1,469676 0,000389
tree 0,061875 0,000016
tremendous 0,693147 0,000183
trial 0,261365 0,000138
triangle 1,427116 0,000755
triangular 1,832581 0,000485
tribute 1,021651 0,000270
trick 0,274437 0,000073
triennial 3,506558 0,000927
trifle 0,446287 0,000354
trifling 0,653926 0,000173
triplet 2,995732 0,000792
triumph 0,261365 0,000138
triumphantly 0,941609 0,000249
trouble 0,010050 0,000005
troublesome 0,843970 0,000223
truce 1,203973 0,000318
true 0,020203 0,000011
trunk 0,579818 0,000153
trust 0,061875 0,000033
trustworthy 1,514128 0,000400
truth 0,030459 0,000016
tumult 0,798508 0,000211
twin 1,108663 0,000293
twittering 2,525729 0,000668
twofold 1,966113 0,000520
type 0,174353 0,000046
typo 3,912023 0,001034
ultimate 0,941609 0,000249
ultimately 1,108663 0,000293
ultramarine 3,218876 0,000851
umber 2,525729 0,000668
unable 0,248461 0,000066
unanimously 1,660731 0,000439
unattainable 1,609438 0,000426
unbroken 0,733969 0,000194
unceremonious 2,659260 0,000703
uncertified 3,506558 0,000927
uncle 0,544727 0,000144
unconscious 0,400478 0,000106
undecided 1,272966 0,000337
underscore 3,218876 0,000851
understand 0,020203 0,000016
understanding 0,223144 0,000059
undeserved 2,120264 0,000561
undeveloped 1,771957 0,000469
undulation 2,120264 0,000561
uneducated 1,660731 0,000439
unemancipable 3,912023 0,001034
unequal 0,843970 0,000223
unerringly 3,218876 0,000851
uneven 1,427116 0,000377
unevenness 3,506558 0,000927
unexpected 0,430783 0,000114
unfavourable 1,514128 0,000400
unfit 1,108663 0,000293
unfortunate 0,314711 0,000083
unhappy 0,400478 0,000106
unhesitatingly 1,660731 0,000439
uninjured 2,207275 0,000584
unintelligible 1,237874 0,000327
uninteresting 1,347074 0,000356
uninterrupted 1,309333 0,000346
union 0,494296 0,000131
unite 0,867501 0,000229
universal 0,478036 0,000126
universally 0,967584 0,000256
universe 0,733969 0,000194
university 0,967584 0,000256
unknown 0,105361 0,000028
unlearn 2,302585 0,000609
unlock 0,755023 0,000200
unmixed 1,771957 0,000469
unmoved 0,916291 0,000242
unnatural 0,713350 0,000189
unprecedented 1,771957 0,000469
unprepared 1,514128 0,000400
unquestionable 1,714798 0,000453
unquestioned 2,659260 0,000703
unreasoning 1,966113 0,000520
unreflecting 3,912023 0,001034
unscientific 2,813411 0,000744
unseemly 1,560648 0,000413
unsolved 1,832581 0,000485
unspeakable 0,994252 0,000263
unsuccessful 0,994252 0,000263
unusual 0,415515 0,000110
unusually 0,891598 0,000236
unveil 1,771957 0,000469
unwary 2,302585 0,000609
unwilling 0,653926 0,000173
unworthy 0,673345 0,000178
upper 0,314711 0,000083
uproar 1,021651 0,000270
upward 0,579818 0,000153
usage 0,733969 0,000194
usual 0,139262 0,000037
utilize 2,407946 0,000637
utmost 0,356675 0,000094
utter 0,162519 0,000086
utterance 0,867501 0,000459
utterer 3,218876 0,000851
utterly 0,371064 0,000098
uttermost 2,040221 0,000539
vacation 1,347074 0,000356
vacuum 2,207275 0,000584
vagabond 1,203973 0,000318
vain 0,116534 0,000031
vainly 0,634878 0,000168
valuable 0,342490 0,000091
vanish 0,314711 0,000250
vantage 2,120264 0,000561
variegate 1,897120 0,000502
variety 0,150823 0,000080
variously 1,427116 0,000377
vary 0,342490 0,000362
vast 0,223144 0,000059
vegetable 0,693147 0,000183
vehemence 1,108663 0,000293
vehemently 1,386294 0,000367
veil 0,510826 0,000135
velocity 1,966113 0,000520
venerable 0,843970 0,000223
vent 0,798508 0,000211
ventilator 2,995732 0,000792
venture 0,223144 0,000118
verification 2,120264 0,000561
verify 1,171183 0,000310
vermilion 2,040221 0,000539
versatility 2,813411 0,000744
version 0,342490 0,000091
vertex 3,912023 0,002069
victim 0,385662 0,000204
victory 0,356675 0,000094
view 0,040822 0,000022
vigour 0,843970 0,000223
vile 0,634878 0,000168
village 0,356675 0,000094
villager 1,427116 0,000377
violate 0,342490 0,000091
violation 1,560648 0,000413
violence 0,248461 0,000066
violent 0,223144 0,000059
violently 0,462035 0,000122
virtue 0,287682 0,000076
visible 0,235722 0,000062
visibly 0,916291 0,000242
vision 0,301105 0,000159
visionary 1,427116 0,000377
visit 0,030459 0,000024
visitation 1,514128 0,000400
visitor 0,446287 0,000118
visual 2,407946 0,000637
vital 0,693147 0,000183
vivacity 1,237874 0,000327
vocabulary 1,714798 0,000453
vocal 1,469676 0,000389
vocally 3,218876 0,000851
voice 0,020203 0,000011
voiced 1,714798 0,000453
volition 1,714798 0,000453
voluble 2,407946 0,000637
volume 0,356675 0,000094
vote 0,843970 0,000223
vouchsafe 1,309333 0,000692
voyage 0,616186 0,000163
vulgarise 2,995732 0,000792
waiting 0,083382 0,000022
wake 0,223144 0,000059
walk 0,000000 0,000000
wall 0,094311 0,000050
wander 0,116534 0,000031
wane 0,967584 0,000256
war 0,139262 0,000037
warfare 1,272966 0,000337
warning 0,235722 0,000062
waste 0,127833 0,000068
watch 0,020203 0,000005
water 0,040822 0,000011
waver 0,733969 0,000194
wax 0,446287 0,000236
weak 0,105361 0,000028
weakness 0,248461 0,000066
wealthy 0,579818 0,000153
weapon 0,400478 0,000106
wearied 0,820981 0,000217
wedge 1,203973 0,000318
week 0,127833 0,000068
weekly 1,171183 0,000310
weigh 0,162519 0,000043
welfare 0,916291 0,000242
west 0,083382 0,000022
western 0,616186 0,000163
whisper 0,248461 0,000066
white 0,051293 0,000014
wholesome 0,867501 0,000229
wholly 0,400478 0,000106
wide 0,030459 0,000008
widen 0,916291 0,000242
wife 0,083382 0,000044
wilderness 0,673345 0,000178
wildfire 3,506558 0,000927
willingly 0,527633 0,000140
window 0,162519 0,000043
wink 0,597837 0,000158
wisdom 0,287682 0,000076
wise 0,094311 0,000050
wit 0,198451 0,000052
witness 0,116534 0,000092
woman 0,030459 0,000016
wonted 1,832581 0,000485
woo 1,514128 0,000400
wood 0,083382 0,000022
wooer 2,813411 0,000744
word 0,020203 0,000005
workman 0,755023 0,000399
worship 0,415515 0,000110
worth 0,061875 0,000016
wound 0,198451 0,000052
wrath 0,634878 0,000168
wretch 0,653926 0,000173
wretched 0,328504 0,000087
write 0,020203 0,000005
writing 0,061875 0,000016
wrong 0,072571 0,000019
yard 0,223144 0,000059
yesterday 0,301105 0,000080
yield 0,174353 0,000092
yon 2,120264 0,000561
yonder 0,843970 0,000223
youth 0,139262 0,000074
youthful 0,673345 0,000178
zest 1,832581 0,000485
zone 1,660731 0,000439
