aaron 2,995732 0,000622
abate 1,108663 0,000230
abdiel 3,218876 0,000668
abel 2,120264 0,000440
abhor 1,203973 0,000250
abhorred 1,560648 0,000324
abib 3,506558 0,000728
abide 0,248461 0,000103
abiezer 3,506558 0,000728
abigail 3,218876 0,000668
ability 0,478036 0,000099
abner 2,659260 0,000552
abode 0,579818 0,000120
abominable 0,867501 0,000180
abominably 1,897120 0,000394
abomination 1,609438 0,000668
abraham 1,386294 0,000288
abram 2,813411 0,000584
absalom 2,407946 0,000500
absent 0,371064 0,000077
abundance 0,843970 0,000175
abundant 0,867501 0,000180
abundantly 1,272966 0,000264
abuse 0,562119 0,000117
abused 0,843970 0,000175
accept 0,061875 0,000026
acceptable 0,967584 0,000201
accompany 0,094311 0,000020
accomplish 0,634878 0,000132
accomplished 0,385662 0,000080
accord 0,527633 0,000110
account 0,010050 0,000004
accursed 1,108663 0,000230
accusation 0,891598 0,000185
achar 3,506558 0,000728
achmetha 3,912023 0,000812
achor 3,506558 0,000728
acknowledge 0,274437 0,000114
acquaintance 0,248461 0,000052
acre 0,776529 0,000161
action 0,094311 0,000020
activity 0,415515 0,000086
acts 1,966113 0,000408
adam 0,941609 0,000196
adar 3,506558 0,000728
add 0,094311 0,000020
adder 2,207275 0,000458
addition 0,116534 0,000048
adiel 3,506558 0,000728
adin 3,506558 0,000728
adjure 2,302585 0,000956
adlai 3,506558 0,000728
adoniram 2,813411 0,000584
adrammelech 3,506558 0,000728
adullam 3,218876 0,000668
adullamite 3,506558 0,000728
adulterer 2,302585 0,000478
adulteress 2,813411 0,000584
adultery 1,832581 0,000381
advance 0,061875 0,000013
adventure 0,301105 0,000125
adversary 0,867501 0,000360
adversity 1,560648 0,000648
advertise 1,108663 0,000230
advice 0,186330 0,000039
advise 0,301105 0,000063
advisement 3,506558 0,000728
afar 0,994252 0,000206
affair 0,094311 0,000020
affection 0,235722 0,000049
affinity 1,427116 0,000296
afflict 0,597837 0,000248
affliction 0,798508 0,000166
affright 1,609438 0,000668
afore 1,609438 0,000334
aforetime 3,218876 0,000668
afraid 0,105361 0,000022
afternoon 0,274437 0,000057
afterward 1,139434 0,000237
agag 3,506558 0,000728
agate 2,659260 0,000552
age 0,040822 0,000008
aged 0,198451 0,000041
agee 3,506558 0,000728
agone 2,659260 0,000552
agreement 0,210721 0,000044
ague 1,609438 0,000334
ahab 2,525729 0,000524
ahi 3,506558 0,000728
aid 0,210721 0,000044
ain 2,525729 0,000524
air 0,061875 0,000013
akan 3,506558 0,000728
alamoth 3,506558 0,000728
alarm 0,314711 0,000065
alas 0,462035 0,000096
algum 3,506558 0,000728
alien 1,272966 0,000264
alike 0,287682 0,000060
alive 0,051293 0,000011
allowance 0,713350 0,000148
ally 0,713350 0,000148
almighty 1,108663 0,000230
almon 3,506558 0,000728
almond 1,897120 0,000394
almug 3,506558 0,000728
aloe 2,659260 0,000552
aloud 0,301105 0,000063
altar 0,755023 0,000314
alter 0,235722 0,000049
altogether 0,198451 0,000041
alvah 3,506558 0,000728
alvan 3,506558 0,000728
alway 2,659260 0,000552
amal 3,506558 0,000728
amalekite 3,506558 0,000728
amazed 0,634878 0,000132
ambassador 1,108663 0,000230
ambush 1,309333 0,000272
ambushment 3,218876 0,000668
amen 1,237874 0,000257
amend 0,820981 0,000341
amerce 3,506558 0,000728
amethyst 2,407946 0,000500
ami 2,207275 0,000458
amiss 0,798508 0,000166
ammonite 2,995732 0,000622
ammonites 3,218876 0,000668
ammonitess 3,506558 0,000728
amok 3,506558 0,000728
amorite 3,506558 0,000728
amos 3,218876 0,000668
anan 3,912023 0,000812
ancestor 0,462035 0,000096
ancient 0,198451 0,000041
ancients 1,347074 0,000280
angel 0,579818 0,000120
angels 0,776529 0,000161
anger 0,287682 0,000060
angry 0,174353 0,000036
anguish 0,579818 0,000120
anim 3,218876 0,000668
anoint 1,309333 0,000816
answer 0,020203 0,000008
answerable 1,660731 0,000345
apace 1,771957 0,000368
ape 1,203973 0,000250
apiece 1,309333 0,000272
apostle 1,386294 0,000576
apothecary 1,609438 0,000668
apparel 1,171183 0,000486
appearance 0,072571 0,000015
appease 0,941609 0,000196
appertain 1,832581 0,000761
apple 0,494296 0,000103
appoint 0,328504 0,000136
appointment 0,579818 0,000120
approach 0,040822 0,000017
apron 1,203973 0,000250
apt 0,579818 0,000120
ara 3,506558 0,000728
arab 1,386294 0,000288
arabia 2,120264 0,000440
arabian 1,203973 0,000500
arad 3,506558 0,000728
aramitess 3,506558 0,000728
arba 3,506558 0,000728
archer 1,560648 0,000648
ariel 2,813411 0,000584
ark 1,560648 0,000324
arkite 3,218876 0,000668
arm 0,030459 0,000013
armed 0,385662 0,000080
armenia 2,813411 0,000584
armour 1,514128 0,000314
armourbearer 3,506558 0,000728
armoury 2,525729 0,000524
army 0,356675 0,000148
array 0,248461 0,000103
arrogancy 2,659260 0,000552
arrow 0,510826 0,000212
art 0,127833 0,000027
artificer 1,897120 0,000788
artillery 1,386294 0,000288
asa 2,813411 0,000584
asahel 3,506558 0,000728
asaph 2,995732 0,000622
ascend 0,430783 0,000268
ascent 0,994252 0,000206
ascribe 1,272966 0,000529
ash 0,400478 0,000083
ashamed 0,248461 0,000052
asher 3,218876 0,000668
asherites 3,506558 0,000728
ashtoreth 3,506558 0,000728
ashur 3,506558 0,000728
asleep 0,162519 0,000034
asp 2,525729 0,000524
ass 0,916291 0,000381
assay 2,525729 0,000524
assemble 0,462035 0,000192
assembling 1,714798 0,000356
assembly 0,798508 0,000166
assent 0,579818 0,000120
assign 0,597837 0,000124
assurance 0,430783 0,000089
assure 0,127833 0,000027
assuredly 0,967584 0,000201
asswage 3,218876 0,000668
assyria 2,407946 0,000500
assyrians 2,302585 0,000478
astonied 3,506558 0,000728
astonish 0,261365 0,000054
astonishment 0,301105 0,000063
astray 1,078810 0,000224
asunder 1,108663 0,000230
athirst 2,525729 0,000524
atonement 1,427116 0,000593
attain 0,328504 0,000068
attendance 0,776529 0,000161
attent 2,813411 0,000584
attentive 0,713350 0,000148
attire 0,916291 0,000190
audience 0,733969 0,000152
augment 1,139434 0,000237
aul 3,506558 0,000728
aunt 0,798508 0,000166
ava 2,995732 0,000622
avenge 0,891598 0,000555
avenger 1,560648 0,000324
avoid 0,105361 0,000022
avouch 2,995732 0,000622
awake 0,150823 0,000094
axe 1,049822 0,000218
axis 1,237874 0,000257
axletree 3,218876 0,000668
baal 2,995732 0,000622
baalath 3,506558 0,000728
baalim 3,218876 0,000668
babe 1,272966 0,000264
babel 1,714798 0,000356
babylon 1,771957 0,000368
babylonians 3,912023 0,000812
babylonish 3,506558 0,000728
backbone 1,966113 0,000408
backside 2,302585 0,000478
bad 0,020203 0,000008
badger 2,525729 0,000524
badness 2,040221 0,000424
bag 0,446287 0,000185
bake 1,897120 0,000394
baked 1,237874 0,000257
bakemeat 3,506558 0,000728
baken 3,506558 0,000728
baker 1,203973 0,000500
balaam 2,659260 0,000552
balak 3,506558 0,000728
balance 0,342490 0,000071
bald 0,967584 0,000201
baldness 2,813411 0,000584
balm 1,560648 0,000324
bamoth 3,506558 0,000728
band 0,342490 0,000142
bani 3,506558 0,000728
banish 0,562119 0,000117
banishment 1,427116 0,000296
bank 0,210721 0,000088
bar 0,235722 0,000098
bare 0,150823 0,000063
barefoot 1,609438 0,000334
barley 1,609438 0,000334
barrel 0,673345 0,000280
barren 0,713350 0,000148
baruch 3,506558 0,000728
base 0,094311 0,000020
basis 0,673345 0,000140
basket 0,579818 0,000241
bason 3,218876 0,000668
bastard 1,560648 0,000324
bat 1,272966 0,000264
bath 0,274437 0,000057
bathe 1,139434 0,000237
batter 0,891598 0,000185
battle 0,235722 0,000098
battlement 2,995732 0,000622
bay 0,510826 0,000106
bdellium 3,506558 0,000728
beam 0,430783 0,000179
bean 1,309333 0,000272
bear 0,000000 0,000000
beard 0,527633 0,000219
bearer 0,776529 0,000161
beast 0,235722 0,000098
beat 0,083382 0,000052
beautiful 0,083382 0,000017
beautify 1,771957 0,000368
beauty 0,162519 0,000034
becher 3,218876 0,000668
bed 0,051293 0,000021
bedad 2,995732 0,000622
bedchamber 1,897120 0,000394
bedstead 1,237874 0,000257
bee 0,673345 0,000140
beer 0,941609 0,000196
beerothite 3,506558 0,000728
beetle 1,514128 0,000314
beeves 2,813411 0,000584
befall 0,527633 0,000329
beforetime 3,506558 0,000728
beget 1,171183 0,000730
beggar 0,597837 0,000124
beguile 1,386294 0,000288
behalf 0,713350 0,000148
behave 0,462035 0,000192
behaviour 0,941609 0,000196
behead 1,897120 0,000394
behold 0,235722 0,000098
bekah 3,506558 0,000728
bela 3,218876 0,000668
belah 3,506558 0,000728
belaites 3,506558 0,000728
belial 2,659260 0,000552
bell 0,301105 0,000125
belly 0,798508 0,000166
belong 0,072571 0,000045
beloved 0,415515 0,000086
ben 1,609438 0,000334
beneath 0,198451 0,000041
benefit 0,356675 0,000074
benjamin 1,714798 0,000356
benjamite 3,218876 0,000668
beno 3,506558 0,000728
bereave 1,832581 0,000381
beri 3,218876 0,000668
berith 3,506558 0,000728
beryl 2,659260 0,000552
beseech 0,891598 0,000185
beset 0,941609 0,000196
besiege 1,272966 0,000529
besought 1,309333 0,000272
bestir 2,120264 0,000440
bestow 0,430783 0,000179
bethel 2,995732 0,000622
bethink 1,272966 0,000264
bethlehem 2,659260 0,000552
bethlehemite 3,506558 0,000728
bethuel 3,506558 0,000728
betime 1,771957 0,000368
betray 0,301105 0,000063
betroth 1,660731 0,000690
betwixt 1,514128 0,000314
bewail 1,469676 0,000610
beware 0,820981 0,000170
bezaleel 3,218876 0,000668
bible 0,755023 0,000157
bid 0,186330 0,000155
bier 2,040221 0,000424
bind 0,030459 0,000013
binding 0,867501 0,000180
bird 0,150823 0,000063
birth 0,301105 0,000063
birthday 1,108663 0,000230
birthright 2,040221 0,000424
bit 0,139262 0,000029
bite 0,371064 0,000077
bitter 0,210721 0,000044
bitterly 0,579818 0,000120
bitterness 0,634878 0,000132
black 0,061875 0,000013
blade 0,616186 0,000128
blain 3,506558 0,000728
blame 0,162519 0,000034
blameless 1,469676 0,000305
blaspheme 1,832581 0,000761
blasphemy 1,427116 0,000296
blast 0,462035 0,000192
blasting 2,407946 0,000500
bleat 1,514128 0,000314
blemish 1,660731 0,000690
bless 0,415515 0,000086
blessed 0,356675 0,000074
blessing 0,415515 0,000173
blind 0,174353 0,000036
blindness 0,994252 0,000206
blood 0,116534 0,000024
bloody 0,527633 0,000110
bloom 0,527633 0,000110
blossom 0,673345 0,000280
blot 0,820981 0,000341
blow 0,061875 0,000039
blue 0,174353 0,000036
blush 0,562119 0,000117
board 0,261365 0,000109
boast 0,328504 0,000068
boat 0,446287 0,000093
body 0,010050 0,000004
boil 0,385662 0,000240
boldly 0,462035 0,000096
boll 3,218876 0,000668
bolster 2,040221 0,000424
bolt 0,494296 0,000205
bond 0,478036 0,000199
bondage 1,203973 0,000250
bondmaid 3,506558 0,001456
bondman 3,218876 0,000668
bondmen 2,813411 0,000584
bondservant 3,506558 0,000728
bondwoman 2,995732 0,001244
bone 0,198451 0,000082
bonnet 0,994252 0,000206
book 0,040822 0,000008
booth 1,427116 0,000296
booty 1,309333 0,000272
border 0,400478 0,000166
bore 0,820981 0,000170
borrow 0,462035 0,000192
bosom 0,446287 0,000093
botch 2,407946 0,000500
bottle 0,430783 0,000179
bough 0,916291 0,000381
bound 0,301105 0,000063
bounty 1,309333 0,000272
bow 0,127833 0,000106
bowels 1,309333 0,000272
bowl 0,616186 0,000256
box 0,248461 0,000052
boy 0,105361 0,000022
bracelet 1,309333 0,000544
brake 1,514128 0,000314
bramble 1,714798 0,000356
branch 0,186330 0,000077
brand 0,733969 0,000152
brasen 3,506558 0,000728
brass 0,462035 0,000096
breach 0,274437 0,000114
bread 0,248461 0,000052
breadth 0,653926 0,000136
break 0,010050 0,000006
breast 0,198451 0,000082
breastplate 2,659260 0,000552
breath 0,174353 0,000036
breathe 0,261365 0,000109
breeches 1,203973 0,000250
breed 0,342490 0,000142
brethren 0,916291 0,000190
bribe 0,891598 0,000370
brick 0,653926 0,000272
bridle 0,916291 0,000190
brier 2,302585 0,000478
bright 0,094311 0,000020
brightness 0,634878 0,000132
brim 0,994252 0,000206
brimstone 1,966113 0,000408
bring 0,000000 0,000000
bringer 2,813411 0,000584
bringeth 2,525729 0,000524
brink 1,139434 0,000237
broad 0,127833 0,000027
broider 2,813411 0,000584
brook 0,994252 0,000206
brooks 1,714798 0,000356
broth 1,832581 0,000381
brother 0,127833 0,000027
brothers 0,356675 0,000074
brown 0,274437 0,000057
bruise 0,673345 0,000280
bucket 1,049822 0,000218
buckler 1,897120 0,000788
bud 0,867501 0,000360
build 0,094311 0,000059
builder 1,108663 0,000230
building 0,210721 0,000044
bul 3,506558 0,000728
bull 0,430783 0,000089
bullock 1,714798 0,000712
bulrush 2,407946 0,000500
bulwark 1,386294 0,000288
bunch 0,776529 0,000322
bundle 0,653926 0,000272
burden 0,198451 0,000082
burial 0,941609 0,000196
burn 0,061875 0,000051
bury 0,186330 0,000116
bush 0,430783 0,000089
business 0,040822 0,000008
busy 0,210721 0,000088
butler 1,139434 0,000473
butlership 3,506558 0,000728
butter 0,798508 0,000166
buttock 2,525729 0,000524
buz 3,506558 0,000728
byway 2,302585 0,000478
byword 3,506558 0,000728
cab 1,272966 0,000264
cain 1,660731 0,000345
cake 0,733969 0,000305
calamity 0,755023 0,000157
calamus 3,218876 0,000668
caldron 2,525729 0,001049
caleb 2,813411 0,000584
calf 0,798508 0,000332
calling 0,733969 0,000152
camel 1,309333 0,000544
camp 0,544727 0,000339
canaan 2,659260 0,000552
canaanite 3,218876 0,000668
canaanites 3,506558 0,000728
canaanitess 3,506558 0,000728
canaanitish 3,506558 0,000728
candlestick 1,427116 0,000593
canst 1,514128 0,000314
caphtor 3,218876 0,000668
caphtorim 3,506558 0,000728
captain 0,328504 0,000136
captive 0,755023 0,000314
captivity 1,714798 0,000356
carbuncle 2,207275 0,000458
carcase 1,897120 0,000788
care 0,000000 0,000000
careful 0,174353 0,000036
carefully 0,139262 0,000029
careless 0,494296 0,000103
carmel 2,813411 0,000584
carmelite 2,813411 0,000584
carmelitess 3,506558 0,000728
carnally 3,506558 0,000728
carpenter 0,891598 0,000185
carriage 0,356675 0,000074
carry 0,010050 0,000006
cart 0,597837 0,000124
carve 1,272966 0,000264
carved 0,843970 0,000175
carving 2,525729 0,000524
cassia 2,995732 0,000622
cast 0,116534 0,000024
casting 0,544727 0,000113
castle 0,755023 0,000314
catch 0,072571 0,000030
cattle 0,544727 0,000113
caul 3,218876 0,000668
causeless 2,207275 0,000458
causeway 2,302585 0,000478
cave 0,653926 0,000272
cease 0,061875 0,000039
cedar 1,386294 0,000576
ceiling 0,510826 0,000106
celebrate 0,967584 0,000201
cellar 0,798508 0,000166
censer 2,407946 0,000500
censers 2,813411 0,000584
ceremony 0,446287 0,000093
certainty 0,342490 0,000071
certify 1,771957 0,000736
chafe 1,021651 0,000212
chain 0,174353 0,000072
chaldean 2,995732 0,000622
chamber 0,328504 0,000136
chamberlain 1,771957 0,000368
chameleon 2,813411 0,000584
chamoix 1,714798 0,000356
champaign 2,995732 0,000622
champion 0,916291 0,000190
chance 0,061875 0,000013
chancellor 2,040221 0,000424
change 0,010050 0,000006
channel 0,544727 0,000113
chapiter 3,506558 0,001456
chapman 2,407946 0,000500
charge 0,040822 0,000025
chargeable 2,407946 0,000500
charger 2,302585 0,000956
chariot 1,139434 0,000473
charmer 2,207275 0,000458
chase 0,430783 0,000268
chasten 1,771957 0,000736
chastise 1,560648 0,000648
chastisement 1,771957 0,000368
checker 2,659260 0,000552
cheek 0,261365 0,000109
cheer 0,356675 0,000074
cheese 0,967584 0,000402
cherish 0,653926 0,000272
cherub 1,897120 0,000394
chesil 3,506558 0,000728
chest 0,342490 0,000071
chestnut 1,108663 0,000230
chew 0,967584 0,000402
chide 1,771957 0,000368
chiding 2,207275 0,000458
chief 0,094311 0,000039
child 0,040822 0,000017
childhood 0,527633 0,000110
childless 1,966113 0,000408
chilion 3,506558 0,000728
choice 0,150823 0,000031
choose 0,020203 0,000013
chronicle 1,139434 0,000237
chun 3,506558 0,000728
churlish 2,407946 0,000500
cinnamon 1,966113 0,000408
circuit 0,867501 0,000180
circumcise 2,813411 0,001753
circumcision 2,207275 0,000458
circumspect 1,897120 0,000394
cistern 1,560648 0,000324
city 0,051293 0,000021
clap 0,755023 0,000157
claw 0,798508 0,000166
clay 0,494296 0,000103
clean 0,210721 0,000044
cleanness 2,813411 0,000584
cleanse 1,237874 0,000514
cleansing 1,832581 0,000381
clearness 1,049822 0,000218
cleave 1,309333 0,000816
cleft 1,237874 0,000257
cliff 0,916291 0,000190
clift 3,506558 0,000728
climb 0,400478 0,000083
close 0,010050 0,000004
cloth 0,356675 0,000074
clothe 0,287682 0,000179
clothes 0,127833 0,000027
cloths 1,560648 0,000324
cloud 0,150823 0,000063
cloudy 1,078810 0,000224
clout 2,407946 0,000500
cloven 2,040221 0,000424
cluster 0,693147 0,000288
coal 0,527633 0,000219
coast 0,544727 0,000226
coat 0,235722 0,000098
coffer 1,660731 0,000345
coffin 1,021651 0,000212
cold 0,040822 0,000008
collar 0,634878 0,000132
collection 0,162519 0,000034
college 0,693147 0,000144
colossians 2,995732 0,000622
colour 0,510826 0,000212
colt 1,560648 0,000648
comely 1,171183 0,000243
cometh 1,897120 0,000394
comfort 0,105361 0,000044
comfortable 0,261365 0,000054
comfortably 0,693147 0,000144
comforter 1,469676 0,000305
command 0,116534 0,000073
commandment 1,514128 0,000629
commend 0,798508 0,000166
commission 0,579818 0,000120
commit 0,116534 0,000048
common 0,072571 0,000015
commonly 0,755023 0,000157
commune 1,560648 0,000972
communication 0,510826 0,000106
companion 0,150823 0,000063
company 0,020203 0,000008
comparison 0,446287 0,000093
compass 0,579818 0,000241
compassing 2,525729 0,000524
compassion 0,820981 0,000170
compel 0,385662 0,000160
complain 0,198451 0,000082
complaint 0,478036 0,000099
complete 0,105361 0,000022
composition 0,798508 0,000166
compound 1,021651 0,000212
conceal 0,198451 0,000041
conceive 0,223144 0,000093
conception 0,562119 0,000117
concubine 1,771957 0,000736
condemn 0,446287 0,000278
condition 0,051293 0,000011
conduct 0,094311 0,000039
conduit 2,302585 0,000478
coney 3,218876 0,000668
confection 2,813411 0,000584
confectionary 3,218876 0,000668
confederate 1,771957 0,000368
confer 0,820981 0,000170
confess 0,127833 0,000053
confession 0,579818 0,000120
confidence 0,139262 0,000029
confirm 0,139262 0,000058
confiscation 2,525729 0,000524
confound 0,430783 0,000179
confusion 0,287682 0,000060
congeal 1,386294 0,000288
congratulate 0,798508 0,000166
congregation 1,272966 0,000264
consecrate 1,832581 0,000381
consecrated 1,309333 0,000272
consecration 2,207275 0,000917
consent 0,223144 0,000093
conspiracy 1,078810 0,000224
conspirator 1,832581 0,000381
conspire 1,427116 0,000296
constant 0,051293 0,000011
constrain 0,733969 0,000152
consult 0,400478 0,000083
consulter 2,995732 0,000622
consume 0,462035 0,000288
consumption 1,139434 0,000237
contend 0,597837 0,000248
content 0,174353 0,000036
continual 0,693147 0,000144
continually 0,446287 0,000093
continuance 1,237874 0,000257
continue 0,186330 0,000039
continued 0,072571 0,000015
contrary 0,198451 0,000041
controversy 1,386294 0,000576
conversant 1,609438 0,000334
convey 0,287682 0,000060
convocation 2,995732 0,001244
cook 0,223144 0,000093
cool 0,248461 0,000052
cope 1,171183 0,000243
copper 0,713350 0,000148
copulation 2,995732 0,000622
cord 0,693147 0,000288
coriander 3,506558 0,000728
corinthian 2,040221 0,000424
cormorant 2,407946 0,000500
corn 0,527633 0,000110
corner 0,072571 0,000030
cornet 2,407946 0,001000
corpse 0,616186 0,000128
corrupt 0,235722 0,000098
corruption 0,820981 0,000170
corruptly 2,995732 0,000622
cost 0,105361 0,000022
costly 0,916291 0,000190
cote 2,659260 0,000552
couch 0,579818 0,000361
coulter 3,218876 0,001337
counsel 0,462035 0,000192
counsellor 0,994252 0,000413
count 0,116534 0,000048
countenance 0,371064 0,000077
country 0,010050 0,000004
couple 0,248461 0,000103
coupling 2,407946 0,001000
courage 0,150823 0,000031
courageous 1,171183 0,000243
courageously 2,207275 0,000458
court 0,094311 0,000039
covenant 1,469676 0,000610
cover 0,223144 0,000093
covered 0,139262 0,000029
covering 0,415515 0,000086
covert 1,609438 0,000334
covet 0,967584 0,000402
covetousness 1,771957 0,000368
cow 0,653926 0,000136
coz 3,506558 0,000728
cracknel 3,506558 0,000728
craftsman 2,525729 0,001049
create 0,094311 0,000020
creature 0,116534 0,000024
creditor 1,237874 0,000257
creep 0,198451 0,000082
crimson 0,891598 0,000185
crooked 0,755023 0,000157
crop 0,653926 0,000136
crouch 0,941609 0,000196
crown 0,210721 0,000044
cruel 0,261365 0,000054
cruelty 0,462035 0,000096
cruse 3,218876 0,000668
crush 0,274437 0,000057
crying 1,560648 0,000324
cubit 2,120264 0,000881
cucumber 1,897120 0,000394
cud 2,120264 0,000440
cumbrance 3,218876 0,000668
cunning 0,462035 0,000096
cup 0,342490 0,000142
cupbearer 2,813411 0,001168
curious 0,261365 0,000054
current 0,116534 0,000024
curse 0,342490 0,000213
cursing 1,203973 0,000250
curtain 0,328504 0,000136
cush 3,506558 0,000728
custody 1,560648 0,000324
custom 0,210721 0,000044
customs 0,713350 0,000148
cut 0,030459 0,000013
cutting 2,659260 0,000552
cymbal 2,040221 0,000424
cyrus 1,832581 0,000381
dagger 1,139434 0,000237
dagon 2,813411 0,000584
daily 0,248461 0,000052
dainty 0,634878 0,000132
dale 1,714798 0,000356
dam 1,203973 0,000250
damage 0,223144 0,000046
damascus 2,525729 0,000524
damsel 1,237874 0,000514
dan 1,897120 0,000394
dance 0,235722 0,000147
dancing 0,371064 0,000077
daniel 1,427116 0,000296
darius 2,302585 0,000478
dark 0,051293 0,000011
darken 0,634878 0,000132
darkish 2,995732 0,000622
darkness 0,186330 0,000039
darts 1,386294 0,000288
dash 0,400478 0,000166
daub 1,660731 0,000345
daughter 0,174353 0,000072
david 0,597837 0,000124
dawn 0,314711 0,000065
day 0,000000 0,000000
dead 0,072571 0,000015
deadly 0,478036 0,000099
deaf 0,634878 0,000132
deal 0,061875 0,000039
dealings 1,237874 0,000257
dearth 1,966113 0,000408
death 0,020203 0,000004
deborah 3,506558 0,000728
debt 0,494296 0,000103
decay 0,544727 0,000113
decayed 1,203973 0,000250
deceitfully 2,813411 0,000584
deceive 0,261365 0,000109
deceiver 2,040221 0,000424
decide 0,040822 0,000008
declare 0,139262 0,000058
decline 0,356675 0,000148
decrease 1,272966 0,000264
decree 0,673345 0,000140
dedan 2,995732 0,000622
dedicate 0,967584 0,000603
dedication 1,832581 0,000381
deed 0,287682 0,000119
deep 0,020203 0,000013
deer 0,867501 0,000180
defeat 0,634878 0,000132
defence 0,527633 0,000110
defend 0,301105 0,000125
defer 0,941609 0,000196
defile 1,078810 0,000448
defraud 1,897120 0,000788
defy 0,693147 0,000288
degree 0,150823 0,000063
delay 0,186330 0,000077
delicate 0,301105 0,000063
delicately 1,171183 0,000243
delicateness 3,506558 0,000728
delight 0,150823 0,000063
delighted 0,287682 0,000060
delilah 2,995732 0,000622
deliver 0,223144 0,000093
deliverance 0,941609 0,000196
deliverer 1,897120 0,000394
demand 0,051293 0,000011
den 0,693147 0,000144
denounce 1,078810 0,000224
deny 0,072571 0,000030
depart 0,162519 0,000101
deprive 0,415515 0,000086
depths 0,446287 0,000093
depute 2,525729 0,000524
deputy 1,272966 0,000264
descend 0,174353 0,000109
description 0,248461 0,000052
descry 1,469676 0,000305
desert 0,314711 0,000065
deserve 0,314711 0,000065
deserving 0,891598 0,000185
desire 0,051293 0,000021
desolate 0,733969 0,000152
desolation 0,916291 0,000381
despair 0,174353 0,000036
despise 0,342490 0,000142
destitute 0,916291 0,000190
destroy 0,061875 0,000039
destroyer 1,427116 0,000296
destruction 0,342490 0,000071
detain 0,544727 0,000226
determine 0,061875 0,000026
detest 0,891598 0,000185
deuteronomy 2,995732 0,000622
device 0,597837 0,000124
devil 0,301105 0,000063
devise 0,733969 0,000305
devote 0,673345 0,000140
devoted 0,301105 0,000063
devour 0,462035 0,000288
dew 0,755023 0,000157
dial 1,897120 0,000394
diamond 0,673345 0,000140
didst 1,660731 0,000345
die 0,010050 0,000006
difference 0,174353 0,000036
dig 0,356675 0,000148
dignity 0,314711 0,000065
diligent 1,469676 0,000305
diligently 1,203973 0,000250
dim 0,356675 0,000074
diminish 0,776529 0,000161
diminished 0,776529 0,000161
dinah 3,218876 0,000668
dine 0,562119 0,000117
dip 0,673345 0,000280
direct 0,040822 0,000008
direction 0,051293 0,000011
dirt 0,544727 0,000113
disallow 2,659260 0,001104
discern 0,634878 0,000264
discharge 0,478036 0,000099
discomfited 1,966113 0,000408
discomfiture 1,660731 0,000345
discontent 0,616186 0,000128
discourage 0,693147 0,000288
discover 0,030459 0,000013
discreet 0,843970 0,000175
disdain 0,673345 0,000140
disease 0,328504 0,000136
diseased 1,237874 0,000257
disguise 0,494296 0,000205
dish 0,478036 0,000199
dishonour 1,469676 0,000305
disinherit 2,207275 0,000458
dismay 0,597837 0,000124
dismiss 0,430783 0,000089
disobedient 1,966113 0,000408
disobey 1,108663 0,000230
disperse 0,776529 0,000322
displease 1,021651 0,000212
displeased 1,108663 0,000230
displeasure 0,941609 0,000196
dispossess 2,120264 0,000440
dispossessed 2,525729 0,000524
disquiet 1,309333 0,000272
dissemble 1,609438 0,000334
distant 0,162519 0,000034
distil 1,514128 0,000314
distinctly 0,478036 0,000099
distress 0,274437 0,000057
distressed 0,673345 0,000140
distribute 0,210721 0,000088
ditch 0,994252 0,000206
diver 1,021651 0,000212
diverse 1,514128 0,000314
divide 0,150823 0,000094
divination 1,966113 0,000408
divine 0,356675 0,000074
diviner 2,120264 0,000440
division 0,527633 0,000219
divorce 1,237874 0,000257
divorcement 3,506558 0,000728
doctrine 0,616186 0,000128
dodo 2,813411 0,000584
doeg 3,506558 0,000728
doer 1,832581 0,000761
doest 2,659260 0,000552
doeth 2,525729 0,000524
dog 0,186330 0,000077
doings 0,967584 0,000201
dominion 0,941609 0,000196
door 0,000000 0,000000
dor 3,506558 0,000728
dost 1,237874 0,000257
doth 1,049822 0,000218
double 0,139262 0,000058
doubt 0,040822 0,000008
doubtless 0,430783 0,000089
dough 1,897120 0,000394
dove 0,916291 0,000190
downward 0,798508 0,000166
dowry 1,714798 0,000356
dragon 1,021651 0,000424
dram 1,832581 0,000381
draught 0,527633 0,000110
drave 2,659260 0,000552
draw 0,020203 0,000017
drawer 0,820981 0,000341
dread 0,248461 0,000052
dreadful 0,342490 0,000071
dream 0,083382 0,000052
dreamer 1,771957 0,000368
dress 0,162519 0,000034
dressed 0,261365 0,000054
dresser 1,771957 0,000368
drink 0,072571 0,000030
drinking 0,371064 0,000077
drive 0,030459 0,000025
driver 0,713350 0,000148
dromedaries 2,995732 0,000622
drop 0,061875 0,000026
drought 2,120264 0,000440
drove 2,120264 0,000440
drown 0,314711 0,000065
drunk 0,415515 0,000086
drunkard 0,994252 0,000206
drunken 0,820981 0,000170
drunkenness 1,237874 0,000257
dry 0,116534 0,000048
duke 0,967584 0,000402
dumb 0,562119 0,000117
dung 1,469676 0,000305
dungeon 1,237874 0,000257
dunghill 2,407946 0,000500
dust 0,162519 0,000034
duty 0,061875 0,000013
dwarf 1,021651 0,000212
dwell 0,342490 0,000213
dwelling 0,494296 0,000103
dwellings 1,514128 0,000314
dye 1,049822 0,000218
eagle 0,755023 0,000314
ear 0,061875 0,000026
eared 2,120264 0,000440
earing 3,506558 0,000728
earnestly 0,415515 0,000086
earring 1,660731 0,000690
earth 0,051293 0,000011
earthen 1,897120 0,000394
earthquake 1,021651 0,000212
ease 0,150823 0,000031
east 0,235722 0,000049
eastward 1,203973 0,000250
easy 0,000000 0,000000
eat 0,040822 0,000017
eater 1,469676 0,000305
eating 0,235722 0,000049
ebenezer 2,813411 0,000584
ecclesiastes 2,525729 0,000524
eden 1,771957 0,000368
edge 0,150823 0,000063
edomite 3,218876 0,000668
eggs 0,776529 0,000161
egypt 0,891598 0,000185
egyptian 1,108663 0,000460
eighteen 0,462035 0,000096
eighteenth 1,203973 0,000250
eighth 0,798508 0,000166
eightieth 2,407946 0,000500
eker 3,506558 0,000728
ekron 3,506558 0,000728
eld 0,385662 0,000160
elder 1,139434 0,000237
eleazar 3,218876 0,000668
eleventh 1,347074 0,000280
eli 2,995732 0,000622
elihu 3,506558 0,000728
elijah 2,120264 0,000440
eliphalet 3,506558 0,000728
elisha 2,659260 0,000552
elishah 3,506558 0,000728
elkanah 3,506558 0,000728
ellasar 3,506558 0,000728
elon 3,506558 0,000728
eloquent 0,820981 0,000170
elul 3,912023 0,000812
embalm 2,302585 0,000478
embalmed 1,966113 0,000408
embrace 0,235722 0,000098
embroider 1,049822 0,000218
embroiderer 2,813411 0,000584
emerald 1,309333 0,000272
emerod 3,506558 0,000728
employ 0,235722 0,000098
enam 3,506558 0,000728
encamp 1,560648 0,000648
encamping 2,995732 0,000622
enchanter 2,120264 0,000440
enchantment 1,139434 0,000473
encourage 0,301105 0,000125
endamage 3,506558 0,000728
endow 0,673345 0,000140
endue 1,832581 0,000381
endure 0,210721 0,000044
enemy 0,105361 0,000044
engine 0,776529 0,000161
engrave 1,237874 0,000257
engraver 2,659260 0,000552
engraving 1,660731 0,000345
enjoy 0,072571 0,000030
enlarge 0,673345 0,000280
enlighten 0,562119 0,000117
enmity 1,171183 0,000243
enoch 2,813411 0,000584
enos 3,218876 0,000668
enquire 1,771957 0,000736
enrich 0,941609 0,000196
ensign 1,469676 0,000305
entangle 1,078810 0,000224
enter 0,020203 0,000013
entice 1,386294 0,000288
entrance 0,210721 0,000044
entreat 0,713350 0,000148
entry 0,776529 0,000161
environ 1,832581 0,000381
envy 0,446287 0,000093
ephah 3,506558 0,000728
ephesians 2,302585 0,000478
ephod 2,995732 0,000622
ephraim 2,813411 0,000584
ephraimite 3,506558 0,000728
ephrathite 3,506558 0,000728
epistle 1,832581 0,000381
equally 0,223144 0,000046
ere 0,634878 0,000132
erect 0,446287 0,000093
err 0,733969 0,000305
errand 0,733969 0,000152
error 0,072571 0,000015
esau 2,207275 0,000458
escape 0,061875 0,000039
espouse 1,469676 0,000305
espy 1,966113 0,000816
establish 0,579818 0,000120
established 0,301105 0,000063
establishment 0,673345 0,000140
estate 0,478036 0,000099
esteemed 0,916291 0,000190
esther 2,407946 0,000500
estimate 0,653926 0,000136
estimation 1,139434 0,000473
eternal 0,415515 0,000086
ethan 3,506558 0,000728
ethanim 3,506558 0,000728
ether 1,832581 0,000381
ethiopia 2,302585 0,000478
ethiopian 2,302585 0,000956
eunuch 1,966113 0,000408
euphrates 2,207275 0,000458
eve 0,673345 0,000140
evening 0,072571 0,000015
eventide 2,120264 0,000440
everlasting 0,891598 0,000185
evil 0,150823 0,000063
ewe 2,407946 0,001000
exact 0,274437 0,000114
exaction 2,207275 0,000458
exalt 0,597837 0,000248
examine 0,150823 0,000031
exceed 0,462035 0,000288
exceedingly 0,462035 0,000096
excel 0,994252 0,000413
excellency 1,347074 0,000280
exchange 0,210721 0,000044
execute 0,527633 0,000329
exempt 0,314711 0,000065
exile 0,776529 0,000161
exodus 2,040221 0,000424
expel 1,203973 0,000500
expense 0,127833 0,000027
experience 0,072571 0,000015
expert 1,021651 0,000212
expire 0,916291 0,000190
expound 1,309333 0,000544
express 0,072571 0,000015
expressly 0,820981 0,000170
extend 0,261365 0,000054
extreme 0,186330 0,000039
eye 0,000000 0,000000
eyebrow 0,673345 0,000140
eyed 0,597837 0,000124
ezekiel 2,207275 0,000458
ezra 2,813411 0,000584
fade 0,371064 0,000077
fail 0,072571 0,000045
faint 0,186330 0,000077
fainthearted 3,218876 0,000668
faintness 1,714798 0,000356
fair 0,051293 0,000021
faith 0,210721 0,000044
faithful 0,261365 0,000054
faithfully 0,755023 0,000157
faithfulness 2,040221 0,000424
fall 0,000000 0,000000
fallow 1,897120 0,000394
false 0,210721 0,000044
falsehood 0,693147 0,000144
falsely 1,171183 0,000243
fame 0,478036 0,000099
familiar 0,150823 0,000031
family 0,061875 0,000026
famine 1,049822 0,000218
famished 1,272966 0,000264
famous 0,261365 0,000054
fare 0,597837 0,000124
fashion 0,105361 0,000044
fast 0,030459 0,000013
fasten 0,478036 0,000199
fasting 1,049822 0,000218
fat 0,314711 0,000065
father 0,061875 0,000026
fatherless 1,966113 0,000408
fatling 3,218876 0,000668
fatness 2,207275 0,000458
fatted 2,525729 0,000524
fault 0,139262 0,000058
faulty 1,427116 0,000296
favour 0,544727 0,000113
favourable 0,776529 0,000161
favoured 1,021651 0,000212
fear 0,020203 0,000013
fearful 0,400478 0,000083
feast 0,430783 0,000179
feather 0,462035 0,000096
feeble 0,356675 0,000148
feed 0,248461 0,000103
feeding 0,616186 0,000128
feel 0,020203 0,000004
feign 0,776529 0,000322
fell 1,171183 0,000486
fellest 3,506558 0,000728
felloe 3,506558 0,000728
fellow 0,040822 0,000017
fellowship 1,237874 0,000257
female 0,385662 0,000080
fence 0,693147 0,000144
ferret 1,660731 0,000345
ferry 1,427116 0,000296
fetch 0,510826 0,000212
fetter 0,994252 0,000206
fever 0,342490 0,000071
fewness 3,218876 0,000668
field 0,094311 0,000039
fierce 0,415515 0,000173
fierceness 1,897120 0,000394
fiery 0,713350 0,000148
fifteenth 1,237874 0,000257
fiftieth 1,832581 0,000381
fig 1,203973 0,000500
fight 0,083382 0,000052
figure 0,051293 0,000021
file 0,223144 0,000046
fillet 2,302585 0,000956
filthiness 2,995732 0,000622
fin 1,832581 0,000381
fine 0,061875 0,000013
finger 0,150823 0,000063
finish 0,287682 0,000060
finished 0,162519 0,000034
fir 1,427116 0,000296
firebrand 2,120264 0,000881
firepan 3,506558 0,000728
firm 0,248461 0,000052
firmament 1,660731 0,000345
firstborn 3,218876 0,000668
firstling 2,525729 0,001049
fish 0,287682 0,000119
fist 0,597837 0,000124
fit 0,030459 0,000013
flag 0,653926 0,000136
flagon 2,302585 0,000478
flame 0,248461 0,000103
flank 0,941609 0,000196
flat 0,139262 0,000029
flax 2,120264 0,000440
flay 1,771957 0,000736
flea 1,832581 0,000381
flee 0,301105 0,000188
fleece 1,832581 0,000381
flesh 0,210721 0,000044
fleshhook 3,506558 0,000728
flight 0,287682 0,000060
flint 1,171183 0,000243
flinty 2,207275 0,000458
float 0,328504 0,000068
flock 0,385662 0,000160
flood 0,430783 0,000179
floor 0,174353 0,000072
flour 1,078810 0,000224
flow 0,174353 0,000072
flower 0,174353 0,000072
fly 0,116534 0,000073
flying 0,235722 0,000049
foal 2,120264 0,000881
foe 0,616186 0,000128
fold 0,287682 0,000060
folding 1,049822 0,000218
folk 0,527633 0,000110
follow 0,020203 0,000004
followeth 2,525729 0,000524
folly 0,274437 0,000057
food 0,127833 0,000027
fool 0,235722 0,000098
foolish 0,235722 0,000049
foolishly 1,139434 0,000237
foolishness 1,514128 0,000314
foot 0,051293 0,000021
footman 1,108663 0,000230
footstool 1,714798 0,000356
forasmuch 2,302585 0,000478
forbare 3,218876 0,000668
forbear 1,427116 0,000296
forbid 0,248461 0,000155
force 0,030459 0,000025
ford 1,560648 0,000648
forefront 2,995732 0,000622
forehead 0,400478 0,000083
foreigner 0,891598 0,000185
foremost 0,673345 0,000140
forepart 2,813411 0,000584
foreskin 3,218876 0,001337
forest 0,356675 0,000148
forfeit 1,237874 0,000257
forgat 3,506558 0,000728
forget 0,010050 0,000006
forgive 0,314711 0,000196
fork 0,616186 0,000128
form 0,020203 0,000008
fornication 2,659260 0,000552
forsake 0,755023 0,000470
fort 1,171183 0,000243
forthwith 1,108663 0,000230
fortieth 2,302585 0,000478
fortify 0,994252 0,000413
fortress 1,021651 0,000212
forts 1,660731 0,000345
foundation 0,127833 0,000053
founder 0,891598 0,000185
fountain 0,653926 0,000272
fourfold 2,659260 0,000552
fourscore 2,407946 0,000500
foursquare 3,506558 0,000728
fourteen 0,616186 0,000128
fourteenth 1,347074 0,000280
fourth 0,174353 0,000036
fowl 1,108663 0,000230
fowls 1,272966 0,000264
fox 0,798508 0,000332
frame 0,174353 0,000036
frankincense 2,207275 0,000458
fray 1,021651 0,000212
freckled 1,714798 0,000356
freedom 0,223144 0,000046
freely 0,105361 0,000022
freewill 2,995732 0,000622
fresh 0,105361 0,000022
fret 0,713350 0,000296
friend 0,000000 0,000000
friendly 0,248461 0,000052
fringe 0,798508 0,000332
fro 0,494296 0,000103
frog 1,139434 0,000237
frontlet 3,506558 0,000728
frost 0,653926 0,000136
froward 2,813411 0,000584
fruit 0,162519 0,000067
fruitful 1,171183 0,000243
frustrate 1,897120 0,000394
fry 1,171183 0,000243
fugitive 0,967584 0,000402
fulfil 0,385662 0,000160
fulness 1,386294 0,000288
furiously 0,755023 0,000157
furnace 0,967584 0,000402
furnish 0,527633 0,000110
furnished 0,328504 0,000068
furniture 0,415515 0,000086
fury 0,328504 0,000068
gabbai 3,912023 0,000812
gad 2,207275 0,000458
gaddi 3,506558 0,000728
gadi 3,506558 0,000728
gadite 3,506558 0,000728
gain 0,040822 0,000008
galatians 2,813411 0,000584
galbanum 3,506558 0,000728
galilee 2,813411 0,000584
gall 1,386294 0,000288
gamaliel 3,218876 0,000668
garden 0,150823 0,000063
garment 0,400478 0,000166
garnish 1,714798 0,000356
garrison 1,309333 0,000544
gat 3,218876 0,000668
gate 0,210721 0,000088
gather 0,061875 0,000026
gathering 0,415515 0,000086
gaze 0,314711 0,000065
gazer 2,120264 0,000440
gederathite 3,506558 0,000728
gederite 3,506558 0,000728
gender 2,407946 0,000500
genealogy 1,714798 0,000712
generation 0,127833 0,000053
genesis 1,427116 0,000296
gentiles 2,040221 0,000424
gentleness 0,916291 0,000190
gently 0,235722 0,000049
gerah 3,506558 0,000728
gershom 3,218876 0,000668
gershon 3,506558 0,000728
gershonite 3,506558 0,000728
geshurites 3,506558 0,000728
gether 3,506558 0,000728
ghost 0,462035 0,000096
giant 0,562119 0,000233
gibbar 3,506558 0,000728
gibeonite 3,506558 0,000728
gideon 2,302585 0,000478
gift 0,210721 0,000088
gileadite 3,506558 0,000728
gird 1,427116 0,000593
girdle 1,078810 0,000448
girgashite 3,506558 0,000728
girgasite 3,506558 0,000728
girt 1,469676 0,000305
gittite 3,506558 0,000728
giveth 2,302585 0,000478
glad 0,072571 0,000015
gladness 1,049822 0,000218
glean 1,514128 0,000943
gleanings 3,218876 0,000668
glede 3,506558 0,000728
glister 2,659260 0,000552
glitter 0,579818 0,000120
glorify 1,272966 0,000264
glorious 0,462035 0,000096
gloriously 1,427116 0,000296
glory 0,301105 0,000063
glutton 1,714798 0,000356
goad 1,237874 0,000514
goat 1,021651 0,000212
goats 1,347074 0,000280
gob 3,218876 0,000668
god 0,083382 0,000035
goddess 1,049822 0,000218
gog 2,995732 0,000622
gold 0,083382 0,000017
golden 0,342490 0,000071
goldsmith 1,897120 0,000788
goliath 2,659260 0,000552
gomer 3,506558 0,000728
gomorrah 2,659260 0,000552
goodly 1,237874 0,000771
goodness 0,328504 0,000068
gopher 3,218876 0,000668
gore 1,514128 0,000629
goshen 2,995732 0,000622
gospel 1,021651 0,000212
gourd 2,407946 0,000500
govern 0,186330 0,000039
governor 0,733969 0,000305
grace 0,235722 0,000049
gracious 0,544727 0,000113
graciously 1,203973 0,000250
grant 0,061875 0,000026
grape 0,867501 0,000360
grass 0,301105 0,000063
grasshopper 1,966113 0,000816
grate 0,673345 0,000140
grave 0,116534 0,000097
graven 1,771957 0,000368
gray 0,733969 0,000152
greatly 0,210721 0,000044
greatness 0,693147 0,000144
greaves 2,407946 0,000500
green 0,105361 0,000022
greenish 1,832581 0,000381
greet 0,653926 0,000136
grief 0,356675 0,000074
grieve 0,673345 0,000280
grievous 0,967584 0,000201
grind 0,755023 0,000157
groan 0,446287 0,000093
grope 0,733969 0,000152
ground 0,030459 0,000006
grove 0,733969 0,000305
grow 0,010050 0,000006
grudge 0,994252 0,000206
guard 0,083382 0,000017
guest 0,235722 0,000049
guide 0,083382 0,000035
guile 1,514128 0,000314
guilt 0,544727 0,000113
guiltiness 3,218876 0,000668
guiltless 1,832581 0,000381
guilty 0,356675 0,000074
gur 3,506558 0,000728
gush 0,891598 0,000185
gutter 1,049822 0,000436
habakkuk 3,218876 0,000668
habergeon 2,813411 0,000584
habitation 1,021651 0,000424
hadst 1,714798 0,000356
haft 2,813411 0,000584
hagar 3,218876 0,000668
haggai 3,506558 0,000728
hail 0,415515 0,000086
hailstone 2,525729 0,000524
hair 0,072571 0,000030
hairy 1,078810 0,000224
hallow 2,407946 0,000500
hallowed 1,897120 0,000394
halt 0,733969 0,000152
halted 0,843970 0,000175
ham 1,139434 0,000237
hamathite 3,506558 0,000728
hammer 0,544727 0,000113
hamulites 3,506558 0,000728
hand 0,010050 0,000006
handbreadth 2,813411 0,000584
handful 0,776529 0,000322
handle 0,223144 0,000046
handmaid 1,660731 0,000690
handmaiden 2,659260 0,000552
hang 0,198451 0,000082
hanging 0,235722 0,000098
hap 2,040221 0,000424
haply 2,207275 0,000458
happen 0,030459 0,000013
happy 0,061875 0,000013
hard 0,040822 0,000008
harden 1,021651 0,000212
hardened 0,820981 0,000170
hare 1,203973 0,000250
harim 3,506558 0,000728
harlot 1,609438 0,000668
harm 0,210721 0,000044
harness 0,843970 0,000350
harp 0,843970 0,000350
harrow 1,771957 0,000368
hart 0,462035 0,000192
harvest 0,713350 0,000148
hast 0,891598 0,000185
haste 0,371064 0,000077
hasted 2,525729 0,000524
hasten 0,371064 0,000154
hastily 0,462035 0,000096
hate 0,150823 0,000094
hath 2,040221 0,000424
hatred 0,494296 0,000103
haughty 0,867501 0,000180
haunt 0,385662 0,000080
hawk 1,108663 0,000230
hazel 1,897120 0,000394
head 0,000000 0,000000
heal 0,867501 0,000360
health 0,198451 0,000041
heap 0,248461 0,000103
hear 0,010050 0,000004
hearing 0,139262 0,000029
hearken 1,714798 0,000712
heart 0,010050 0,000004
hearted 0,415515 0,000086
hearth 0,843970 0,000175
heat 0,198451 0,000041
heathen 1,203973 0,000250
heave 0,820981 0,000341
heaven 0,174353 0,000072
heavily 0,400478 0,000083
heaviness 1,714798 0,000356
heavy 0,030459 0,000006
hebrew 1,203973 0,000250
hebrews 1,832581 0,000381
hedge 0,597837 0,000124
heed 0,510826 0,000106
heel 0,356675 0,000148
heifer 2,040221 0,000424
height 0,210721 0,000044
heir 0,527633 0,000110
helmet 1,427116 0,000593
helper 1,714798 0,000712
helve 3,218876 0,000668
hem 1,171183 0,000243
heman 3,506558 0,000728
hems 2,813411 0,000584
henceforth 0,867501 0,000180
henceforward 1,660731 0,000345
herb 0,843970 0,000350
herd 0,597837 0,000248
herdmen 3,506558 0,000728
heretofore 1,272966 0,000264
heritage 1,897120 0,000394
heron 1,771957 0,000368
heth 3,218876 0,000668
hew 1,427116 0,000889
hewer 2,995732 0,001244
hezekiah 2,995732 0,000622
hezron 3,506558 0,000728
hezronites 3,506558 0,000728
hide 0,072571 0,000030
highway 0,916291 0,000381
hill 0,150823 0,000063
hillel 3,506558 0,000728
hin 3,218876 0,000668
hind 1,171183 0,000243
hinder 0,579818 0,000241
hindermost 3,506558 0,000728
hindmost 2,120264 0,000440
hinds 2,407946 0,000500
hinge 0,916291 0,000190
hip 1,078810 0,000224
hiram 2,813411 0,000584
hire 0,733969 0,000305
hiss 0,653926 0,000272
hit 0,314711 0,000065
hitherto 0,385662 0,000080
hittite 3,218876 0,000668
hivite 3,506558 0,000728
ho 1,203973 0,000250
hoar 1,609438 0,000334
hoary 1,714798 0,000356
hod 2,995732 0,000622
hold 0,010050 0,000006
holden 2,659260 0,000552
hole 0,261365 0,000109
holiness 1,347074 0,000280
hollow 0,430783 0,000089
holy 0,371064 0,000077
homam 3,506558 0,000728
homeborn 3,506558 0,000728
homer 1,203973 0,000500
honey 0,755023 0,000157
honeycomb 2,407946 0,000500
honor 0,891598 0,000185
honour 0,494296 0,000205
honourable 0,941609 0,000196
hoof 0,867501 0,000180
hook 0,634878 0,000264
hope 0,000000 0,000000
hor 2,813411 0,000584
horn 0,478036 0,000199
hornet 2,525729 0,000524
hornets 2,995732 0,000622
horonite 3,912023 0,000812
horror 0,198451 0,000041
horse 0,139262 0,000058
horseback 0,843970 0,000175
horseman 0,967584 0,000402
hosea 3,218876 0,000668
host 0,446287 0,000185
hostage 2,525729 0,000524
hot 0,116534 0,000048
hotly 1,347074 0,000280
hough 3,506558 0,000728
house 0,020203 0,000004
household 0,430783 0,000179
houses 0,139262 0,000029
howl 0,527633 0,000110
howsoever 2,120264 0,000440
huge 0,400478 0,000083
huldah 3,506558 0,000728
humble 0,261365 0,000109
humbly 0,867501 0,000180
hundredfold 2,659260 0,000552
hundredth 1,309333 0,000272
hunger 0,478036 0,000099
hungry 0,314711 0,000065
hunt 0,371064 0,000077
hunter 0,579818 0,000120
hunting 0,462035 0,000096
huppah 3,506558 0,000728
hurl 0,798508 0,000332
hurt 0,150823 0,000063
hurtful 1,714798 0,000356
husband 0,198451 0,000082
husbandman 2,120264 0,000440
husbandmen 2,120264 0,000440
husbandry 1,966113 0,000408
husk 1,897120 0,000394
hyssop 3,218876 0,000668
idle 0,261365 0,000054
idol 1,237874 0,000514
idolatrous 2,207275 0,000458
idolatry 1,966113 0,000408
ignorance 0,287682 0,000060
ignorantly 2,302585 0,000478
image 0,301105 0,000125
imagination 0,223144 0,000093
imagine 0,083382 0,000017
impose 0,162519 0,000034
impoverished 1,897120 0,000394
imprisonment 1,203973 0,000250
impute 1,771957 0,000368
imputed 1,609438 0,000334
incense 0,755023 0,000157
incline 0,733969 0,000152
inclined 0,186330 0,000039
inclose 1,897120 0,000394
increase 0,061875 0,000026
incurable 1,386294 0,000288
indignation 0,510826 0,000106
industrious 1,078810 0,000224
infant 0,673345 0,000140
infirmity 1,049822 0,000218
inflammation 2,207275 0,000458
inform 0,198451 0,000041
ingather 3,506558 0,000728
inhabit 0,597837 0,000248
inhabitants 0,446287 0,000093
inherit 0,579818 0,000241
inheritance 0,798508 0,000332
iniquity 1,514128 0,000629
inn 0,713350 0,000148
innocency 2,995732 0,000622
innocent 0,186330 0,000039
inquisition 1,514128 0,000314
instruct 0,494296 0,000205
instructer 3,506558 0,000728
instrument 0,248461 0,000103
insurrection 1,609438 0,000334
integrity 1,203973 0,000250
intend 0,094311 0,000020
intent 0,494296 0,000103
interpret 0,235722 0,000098
interpretation 0,994252 0,000413
interpreter 1,108663 0,000230
intreat 2,659260 0,001104
invade 0,755023 0,000314
invasion 1,427116 0,000296
invent 0,400478 0,000083
invite 0,261365 0,000054
inwards 1,966113 0,000408
ira 2,659260 0,000552
iron 0,162519 0,000034
isaac 1,609438 0,000334
isaiah 2,207275 0,000458
ishmael 2,813411 0,000584
ishmaelite 3,506558 0,000728
isles 1,560648 0,000324
israel 1,386294 0,000288
israelite 2,525729 0,000524
israelites 2,207275 0,000458
israelitish 3,218876 0,000668
issachar 3,218876 0,000668
issue 0,198451 0,000082
itch 1,771957 0,000368
ithiel 3,912023 0,000812
ivory 0,820981 0,000170
jacob 1,427116 0,000296
james 0,673345 0,000140
japheth 3,506558 0,000728
jared 3,506558 0,000728
jasper 2,207275 0,000458
javan 2,995732 0,000622
javelin 2,120264 0,000440
jaw 0,544727 0,000113
jawbone 3,218876 0,000668
jealous 0,446287 0,000093
jealousy 0,430783 0,000179
jebus 3,506558 0,000728
jebusi 3,506558 0,000728
jebusite 3,506558 0,000728
jehoshaphat 3,218876 0,000668
jehovah 2,659260 0,000552
jehu 2,995732 0,000622
jeopard 3,506558 0,000728
jeopardy 2,207275 0,000458
jerahmeel 3,506558 0,000728
jerahmeelites 3,506558 0,000728
jeremiah 2,525729 0,000524
jericho 2,207275 0,000458
jeroboam 2,995732 0,000622
jerusalem 1,237874 0,000257
jesse 2,995732 0,000622
jethro 3,506558 0,000728
jewel 0,634878 0,000132
jews 1,078810 0,000224
jezebel 3,506558 0,000728
jeziah 3,912023 0,000812
jezreelite 3,506558 0,000728
job 0,597837 0,000124
joel 2,813411 0,000584
john 0,328504 0,000068
joined 2,995732 0,000622
joining 2,995732 0,000622
joint 0,446287 0,000185
jonah 2,525729 0,000524
jonathan 2,120264 0,000440
joram 3,506558 0,000728
jordan 1,966113 0,000408
joseph 0,994252 0,000206
joshua 2,040221 0,000424
josiah 2,525729 0,000524
journey 0,150823 0,000125
journeying 3,218876 0,000668
joy 0,127833 0,000027
joyful 0,798508 0,000166
joyfulness 2,995732 0,000622
jubile 3,506558 0,000728
judah 2,302585 0,000478
jude 3,218876 0,000668
judge 0,061875 0,000039
judging 0,713350 0,000148
judgment 0,198451 0,000082
judith 2,120264 0,000440
juniper 2,407946 0,000500
justice 0,162519 0,000034
justify 0,562119 0,000233
kedar 3,506558 0,000728
keeper 0,820981 0,000341
kernel 2,207275 0,000458
keros 3,218876 0,000668
kettle 1,108663 0,000230
key 0,342490 0,000071
kick 0,314711 0,000131
kid 1,203973 0,000500
kidney 2,525729 0,000524
kill 0,083382 0,000052
kiln 2,525729 0,000524
kin 1,139434 0,000237
kinah 3,506558 0,000728
kindle 0,693147 0,000288
kindly 0,223144 0,000046
kindness 0,274437 0,000057
kindred 0,994252 0,000413
kine 2,207275 0,000458
king 0,210721 0,000088
kingdom 0,462035 0,000192
kinsman 1,469676 0,000610
kinswoman 2,525729 0,000524
kinswomen 3,218876 0,000668
kish 3,506558 0,000728
kishon 3,218876 0,000668
kiss 0,356675 0,000148
kite 1,832581 0,000381
knead 1,966113 0,000816
knee 0,150823 0,000063
kneel 0,478036 0,000298
knife 0,287682 0,000119
knit 0,673345 0,000140
knop 3,218876 0,001337
knoweth 2,120264 0,000440
knowledge 0,061875 0,000013
korah 3,218876 0,000668
korahite 3,506558 0,000728
kore 3,506558 0,000728
laban 3,218876 0,000668
labour 0,562119 0,000350
lace 0,867501 0,000180
lack 0,371064 0,000231
lad 0,653926 0,000272
ladder 0,616186 0,000128
lade 2,995732 0,001244
laden 0,673345 0,000140
lading 2,525729 0,000524
lady 0,162519 0,000034
lamb 0,693147 0,000288
lame 0,798508 0,000166
lament 0,713350 0,000296
lamentation 1,078810 0,000448
lamp 0,400478 0,000166
lancet 2,302585 0,000478
land 0,051293 0,000021
landmark 1,832581 0,000381
language 0,072571 0,000015
lap 0,527633 0,000219
lapwing 3,218876 0,000668
largeness 1,897120 0,000394
lattice 1,609438 0,000334
laugh 0,094311 0,000039
laver 3,218876 0,001337
law 0,020203 0,000008
lawful 1,078810 0,000224
lawgiver 1,771957 0,000368
lay 0,030459 0,000019
lead 0,020203 0,000008
leader 0,356675 0,000148
leadeth 2,407946 0,000500
leaf 0,446287 0,000093
league 0,653926 0,000136
leah 2,813411 0,000584
lean 0,127833 0,000053
leap 0,287682 0,000179
learn 0,020203 0,000008
leather 0,527633 0,000110
leave -0,009950 -0,000004
leaven 1,897120 0,000788
lebanon 2,659260 0,000552
ledge 1,049822 0,000218
leek 3,218876 0,000668
left 0,000000 0,000000
leg 0,235722 0,000049
lehi 3,506558 0,000728
lend 0,430783 0,000179
lengthen 0,994252 0,000413
leper 1,966113 0,000816
leprosy 2,207275 0,000458
leprous 2,407946 0,000500
letter 0,072571 0,000030
levi 2,813411 0,000584
levite 3,218876 0,000668
leviticus 2,813411 0,000584
levy 1,469676 0,000305
lewdness 2,659260 0,000552
liar 1,021651 0,000212
liberally 1,347074 0,000280
liberty 0,198451 0,000041
lice 1,966113 0,000408
lick 0,673345 0,000280
lid 0,597837 0,000124
lie 0,020203 0,000021
lien 3,218876 0,000668
lier 3,506558 0,000728
liest 2,995732 0,000622
lieutenants 1,966113 0,000408
life -0,009950 -0,000004
lifetime 0,843970 0,000175
lift 0,116534 0,000073
light 0,000000 0,000000
lighted 0,261365 0,000054
lighten 0,597837 0,000124
lightly 0,430783 0,000089
lightning 0,430783 0,000179
ligure 3,506558 0,000728
likeness 0,673345 0,000140
lily 1,272966 0,000529
linen 0,527633 0,000110
linger 0,446287 0,000093
lintel 2,525729 0,000524
lion 0,579818 0,000241
lionlike 3,218876 0,000668
lip 0,127833 0,000053
liquor 0,798508 0,000332
liv 1,832581 0,000381
live 0,010050 0,000004
lively 0,385662 0,000080
liver 1,171183 0,000243
liveth 2,302585 0,000478
living 0,020203 0,000004
lizard 1,560648 0,000324
lo 0,916291 0,000190
loaf 0,867501 0,000360
loan 1,427116 0,000296
loathsome 1,078810 0,000224
lock 0,162519 0,000067
locust 1,514128 0,000629
lod 3,506558 0,000728
lodge 0,494296 0,000205
lodging 0,776529 0,000161
lodgings 1,078810 0,000224
loft 1,771957 0,000368
log 0,798508 0,000166
loin 1,427116 0,000296
longing 0,653926 0,000136
longsuffering 3,218876 0,000668
loop 1,272966 0,000264
loose 0,094311 0,000039
lord 0,223144 0,000046
lordly 1,832581 0,000381
lords 0,843970 0,000175
lose 0,000000 0,000000
loss 0,083382 0,000017
lot 0,051293 0,000021
lotan 3,506558 0,000728
loud 0,105361 0,000044
love 0,030459 0,000013
lovely 0,462035 0,000096
lover 0,356675 0,000074
lowing 2,407946 0,000500
lucre 1,966113 0,000408
lud 3,218876 0,000668
luke 1,897120 0,000394
lump 0,916291 0,000190
lurk 0,616186 0,000128
lust 0,820981 0,000511
lusty 1,832581 0,000381
machi 3,506558 0,000728
mad 0,235722 0,000049
madness 0,597837 0,000124
magician 1,386294 0,000288
magistrate 0,820981 0,000341
magnifical 3,506558 0,000728
magnify 0,994252 0,000413
magog 3,506558 0,000728
maid 0,415515 0,000173
maiden 0,673345 0,000280
maidservant 2,525729 0,001049
mail 0,820981 0,000170
maim 1,272966 0,000264
maintain 0,094311 0,000020
maintenance 1,171183 0,000243
majesty 0,510826 0,000106
malachi 2,995732 0,000622
male 0,562119 0,000233
manasseh 3,218876 0,000668
mandrake 3,506558 0,000728
manifold 1,386294 0,000288
mankind 0,478036 0,000099
manna 2,120264 0,000440
manner 0,040822 0,000008
manners 0,274437 0,000057
manservant 2,525729 0,001049
manslayer 3,506558 0,000728
mantle 0,776529 0,000161
mar 1,108663 0,000230
mara 3,218876 0,000668
marah 3,506558 0,000728
marble 0,562119 0,000117
march 0,223144 0,000046
mark 0,105361 0,000044
marked 0,061875 0,000013
marriage 0,314711 0,000131
married 0,248461 0,000052
marry 0,356675 0,000148
marvel 0,693147 0,000288
marvellous 0,891598 0,000185
marvellously 1,660731 0,000345
mash 1,897120 0,000394
mashal 3,506558 0,000728
mason 1,560648 0,000324
massa 2,659260 0,000552
master 0,072571 0,000015
mastery 1,171183 0,000243
matrix 3,218876 0,000668
matter 0,000000 0,000000
matthew 1,714798 0,000356
mattock 1,966113 0,000816
maw 1,966113 0,000408
mayest 2,407946 0,000500
meadow 0,733969 0,000305
meal 0,261365 0,000054
mealtime 2,813411 0,000584
measure 0,127833 0,000080
meat 0,356675 0,000074
meddle 0,994252 0,000206
meddling 1,609438 0,000334
meditate 0,733969 0,000152
meek 1,272966 0,000264
meet 0,010050 0,000004
meeting 0,162519 0,000034
melchizedek 3,506558 0,000728
melon 1,966113 0,000408
melt 0,385662 0,000160
memorial 1,139434 0,000237
mend 0,653926 0,000136
mention 0,105361 0,000044
merchandise 1,469676 0,000305
merchant 0,494296 0,000205
merchantman 2,207275 0,000458
merciful 0,994252 0,000206
mercy 0,210721 0,000088
mered 3,506558 0,000728
merry 0,634878 0,000132
meshech 3,506558 0,000728
mesopotamia 2,525729 0,000524
mess 0,867501 0,000360
message 0,356675 0,000074
messenger 0,562119 0,000233
mete 2,302585 0,000478
meteyard 3,506558 0,000728
methuselah 2,659260 0,000552
micah 3,506558 0,000728
michael 0,400478 0,000083
midday 1,108663 0,000230
middle 0,030459 0,000006
midianite 3,506558 0,000728
midianitish 3,506558 0,000728
midnight 0,328504 0,000068
midst 0,287682 0,000060
midwife 2,525729 0,001049
mightily 1,469676 0,000305
mighty 0,328504 0,000205
milch 3,218876 0,000668
mildew 1,966113 0,000408
milk 0,400478 0,000083
millstone 2,302585 0,000478
mind 0,020203 0,000008
minded 0,400478 0,000083
mindful 1,514128 0,000314
mingle 0,356675 0,000074
minish 3,506558 0,000728
minister 0,562119 0,000350
ministers 0,776529 0,000161
ministry 1,660731 0,000345
minstrel 1,832581 0,000381
miracle 0,597837 0,000248
mire 1,049822 0,000218
miriam 2,813411 0,000584
mirth 0,776529 0,000161
mischief 0,494296 0,000205
misery 0,248461 0,000052
mist 0,430783 0,000089
mistress 0,478036 0,000099
misuse 1,714798 0,000356
mitre 2,040221 0,000424
mix 0,274437 0,000057
mixt 2,995732 0,000622
mizpah 3,506558 0,000728
mizraim 3,506558 0,000728
moabite 3,506558 0,000728
moabitess 3,506558 0,000728
moabitish 3,506558 0,000728
mock 0,478036 0,000298
moist 0,843970 0,000175
mole 1,203973 0,000250
molten 1,560648 0,000324
moment 0,010050 0,000002
money 0,051293 0,000011
month 0,040822 0,000017
moon 0,261365 0,000109
mordecai 2,813411 0,000584
morning 0,040822 0,000008
morrow 0,328504 0,000068
morsel 1,021651 0,000212
mortally 1,514128 0,000314
mortar 1,272966 0,000264
mortgage 1,609438 0,000334
moses 1,139434 0,000237
mother 0,072571 0,000015
mouldy 2,407946 0,000500
mount 0,210721 0,000044
mountain 0,400478 0,000083
mountains 0,400478 0,000083
mourn 0,994252 0,000413
mourner 1,309333 0,000272
mourning 0,673345 0,000140
mouse 0,776529 0,000322
mouth 0,061875 0,000026
mulberry 1,966113 0,000408
mule 0,967584 0,000402
multiply 0,776529 0,000484
multitude 0,385662 0,000080
murderer 0,733969 0,000152
murderers 1,386294 0,000288
murmur 0,287682 0,000119
murrain 3,218876 0,000668
musical 0,579818 0,000120
mustered 1,832581 0,000381
muzzle 1,171183 0,000243
myrrh 2,207275 0,000458
myrtle 1,966113 0,000408
naam 3,506558 0,000728
naaman 3,506558 0,000728
nabal 3,218876 0,000668
naboth 3,506558 0,000728
nahor 3,506558 0,000728
nahum 3,506558 0,000728
nail 0,356675 0,000148
naked 0,274437 0,000057
nakedness 1,560648 0,000324
naomi 2,995732 0,000622
naphtali 3,218876 0,000668
narrow 0,094311 0,000039
nathan 2,525729 0,000524
nation 0,579818 0,000120
nations 0,673345 0,000140
nativity 2,040221 0,000424
natural 0,094311 0,000020
naught 1,347074 0,000280
naughtiness 2,407946 0,000500
nave 2,525729 0,000524
navy 1,237874 0,000257
nazarite 3,218876 0,000668
nearer 0,400478 0,000083
nebaioth 3,218876 0,000668
nebuchadnezzar 2,525729 0,000524
neck 0,174353 0,000072
necromancer 2,407946 0,000500
needful 1,108663 0,000230
needlework 1,966113 0,000408
needy 1,660731 0,000345
negligent 1,609438 0,000334
nehemiah 3,506558 0,000728
neighbour 0,510826 0,000212
nephew 0,891598 0,000185
nest 0,579818 0,000120
nether 1,832581 0,000381
nethermost 2,659260 0,000552
network 0,415515 0,000173
newly 0,494296 0,000103
nigh 0,843970 0,000175
night 0,010050 0,000004
nimrod 2,407946 0,000500
nimshi 3,506558 0,000728
nineteen 1,108663 0,000230
nineteenth 1,171183 0,000243
ninth 0,994252 0,000206
nisan 3,912023 0,000812
noah 1,514128 0,000314
nob 2,659260 0,000552
noble 0,198451 0,000082
nod 0,371064 0,000077
noise 0,139262 0,000029
noised 2,525729 0,000524
noon 0,430783 0,000089
noonday 1,660731 0,000345
north 0,083382 0,000017
northward 1,203973 0,000250
nose 0,261365 0,000054
nostril 0,798508 0,000166
notice 0,020203 0,000004
nought 1,609438 0,000334
nourish 0,916291 0,000381
nourisher 3,218876 0,000668
numbering 2,302585 0,000478
nun 1,427116 0,000296
nurse 0,301105 0,000125
nursing 0,867501 0,000180
nut 0,820981 0,000170
oak 0,673345 0,000140
oath 0,385662 0,000080
obadiah 3,218876 0,000668
obedient 0,544727 0,000113
obeisance 1,897120 0,000394
obey 0,223144 0,000139
oblation 2,207275 0,000917
observe 0,094311 0,000039
observer 0,820981 0,000341
obstinate 0,713350 0,000148
occasion 0,105361 0,000066
occupation 0,371064 0,000077
occupy 0,174353 0,000036
occurrent 3,506558 0,000728
odd 0,385662 0,000080
odious 0,941609 0,000196
odour 1,021651 0,000212
offence 0,527633 0,000110
offended 0,616186 0,000128
offender 1,386294 0,000288
offer 0,020203 0,000013
offering 1,609438 0,000334
office 0,072571 0,000030
officer 0,314711 0,000131
oft 1,347074 0,000280
og 3,218876 0,000668
oil 0,446287 0,000185
ointment 1,966113 0,000408
olive 0,994252 0,000206
olives 1,897120 0,000394
olivet 3,506558 0,000728
omar 2,525729 0,000524
omer 3,218876 0,001337
onan 3,506558 0,000728
onion 1,203973 0,000250
ono 3,506558 0,000728
onward 1,108663 0,000230
onycha 3,506558 0,000728
onyx 3,218876 0,000668
openly 0,494296 0,000103
ophir 3,218876 0,000668
opinion 0,105361 0,000022
oppress 1,309333 0,000272
oppressed 0,693147 0,000144
oppression 0,916291 0,000190
oracle 1,237874 0,000257
ordain 0,891598 0,000370
ordinance 1,514128 0,000629
organ 0,634878 0,000132
ornament 0,527633 0,000110
oshea 3,506558 0,000728
ossifrage 3,506558 0,000728
ouch 2,813411 0,000584
outgoing 2,525729 0,000524
outlandish 1,966113 0,000408
outlive 1,560648 0,000324
outmost 2,995732 0,000622
outstretched 1,108663 0,000230
outward 0,579818 0,000120
oven 1,386294 0,000576
overcome 0,198451 0,000041
overdrive 3,218876 0,000668
overflow 0,616186 0,000128
overfly 3,218876 0,000668
overlay 2,207275 0,000917
overlaying 3,506558 0,000728
overlive 3,218876 0,000668
overplus 2,659260 0,000552
overrun 1,469676 0,000305
oversee 2,040221 0,000424
overseer 1,897120 0,000788
oversight 2,040221 0,000424
overspread 1,272966 0,000264
overtake 0,400478 0,000166
overthrow 0,967584 0,000603
overturn 0,994252 0,000206
owl 1,078810 0,000224
owner 0,083382 0,000017
ox 0,941609 0,000196
oxen 1,427116 0,000296
pace 0,186330 0,000039
paddle 1,386294 0,000288
pain 0,051293 0,000011
paint 0,274437 0,000057
palace 0,494296 0,000205
pallu 3,506558 0,000728
palluites 3,506558 0,000728
palm 0,494296 0,000103
palms 0,820981 0,000170
pan 0,755023 0,000314
parable 1,609438 0,000334
parcel 0,867501 0,000180
parched 1,203973 0,000250
pardon 0,287682 0,000119
pare 1,966113 0,000408
parlour 1,469676 0,000610
partition 1,139434 0,000237
partridge 1,427116 0,000296
party 0,030459 0,000006
pass 0,020203 0,000008
passage 0,105361 0,000044
passing 0,094311 0,000020
passover 3,218876 0,001337
pasture 1,108663 0,000460
path 0,150823 0,000031
pathrusim 3,506558 0,000728
patrimony 2,040221 0,000424
pattern 0,597837 0,000124
pau 2,813411 0,000584
paul 0,798508 0,000166
paved 1,108663 0,000230
pavement 0,755023 0,000157
pavilion 1,560648 0,000324
paw 1,021651 0,000424
pay 0,030459 0,000013
peace 0,094311 0,000020
peaceable 1,347074 0,000280
peaceably 1,714798 0,000356
peacock 1,469676 0,000305
peculiar 0,223144 0,000046
pedigree 1,897120 0,000394
pelican 2,407946 0,000500
pen 0,235722 0,000049
peradventure 2,525729 0,000524
perceive 0,198451 0,000082
perfect 0,061875 0,000026
perform 0,072571 0,000045
perfume 0,941609 0,000196
perish 0,462035 0,000192
perpetual 0,478036 0,000099
perpetually 1,078810 0,000224
persecute 0,994252 0,000206
persecutor 1,897120 0,000394
persia 1,966113 0,000408
persian 1,139434 0,000237
person -0,009950 -0,000006
persuade 0,223144 0,000093
pertain 1,832581 0,001142
perverse 1,237874 0,000257
perversely 2,525729 0,000524
perverseness 2,040221 0,000424
pervert 1,897120 0,000394
perverted 1,347074 0,000280
pestilence 1,386294 0,000288
peter 0,798508 0,000166
petition 0,941609 0,000196
pharaoh 2,207275 0,000458
philemon 3,218876 0,000668
philippians 2,813411 0,000584
philistine 2,407946 0,000500
philistines 2,407946 0,000500
phut 2,995732 0,000622
physicians 1,272966 0,000264
picture 0,139262 0,000029
piece 0,020203 0,000008
pierce 0,356675 0,000148
pigeon 1,108663 0,000460
pilgrimage 1,427116 0,000296
pill 1,560648 0,000324
pillar 0,597837 0,000248
pillow 0,544727 0,000226
pin 0,478036 0,000199
pine 0,462035 0,000096
pinon 3,506558 0,000728
pipe 0,385662 0,000240
pisgah 2,813411 0,000584
piss 2,995732 0,000622
pit 0,597837 0,000248
pitch 0,261365 0,000109
pitcher 1,560648 0,000648
pity 0,139262 0,000029
plague 0,673345 0,000419
plain 0,040822 0,000008
plainly 0,261365 0,000054
plains 0,967584 0,000201
plaister 3,506558 0,001456
planet 1,021651 0,000212
plank 0,673345 0,000140
plant 0,186330 0,000116
plat 2,525729 0,000524
plate 0,314711 0,000131
play 0,040822 0,000025
player 0,713350 0,000148
plea 1,049822 0,000218
plead 0,400478 0,000166
pleasant 0,162519 0,000034
pleased 0,150823 0,000031
pleasure 0,051293 0,000011
pledge 0,634878 0,000264
plenteous 2,407946 0,000500
plenteousness 3,218876 0,000668
plenty 0,235722 0,000049
plow 1,897120 0,001182
pluck 0,371064 0,000154
plummet 2,407946 0,000500
poison 0,371064 0,000077
pole 0,494296 0,000103
poll 2,207275 0,001375
pollute 1,427116 0,000593
pomegranate 2,040221 0,000847
pommel 2,120264 0,000440
pond 0,994252 0,000206
pool 0,693147 0,000288
poor 0,020203 0,000013
poplar 1,386294 0,000288
populous 1,386294 0,000288
porch 0,891598 0,000185
port 0,579818 0,000120
porter 0,941609 0,000391
portion 0,301105 0,000125
possess 0,061875 0,000026
possession 0,083382 0,000035
possessor 0,994252 0,000206
post 0,051293 0,000021
posterity 1,139434 0,000237
pot 0,478036 0,000199
pottage 3,218876 0,000668
potter 1,171183 0,000243
pound 0,314711 0,000065
pour 0,116534 0,000048
poverty 0,446287 0,000093
powder 0,597837 0,000124
power 0,030459 0,000006
practise 0,510826 0,000106
praise 0,274437 0,000228
pray 0,261365 0,000163
prayer 0,287682 0,000060
preach 0,755023 0,000157
precept 1,049822 0,000218
precious 0,162519 0,000034
preparation 0,328504 0,000068
prepare 0,116534 0,000048
prepared 0,105361 0,000022
prescribe 0,776529 0,000161
presence 0,094311 0,000020
presently 0,385662 0,000080
preserve 0,083382 0,000035
press 0,105361 0,000022
pressed 0,274437 0,000057
presume 0,462035 0,000192
presumptuously 2,995732 0,000622
prevail 0,287682 0,000119
prevent 0,040822 0,000008
prey 0,478036 0,000099
price 0,314711 0,000065
prick 0,843970 0,000175
pride 0,150823 0,000031
priest 0,616186 0,000256
priesthood 1,897120 0,000394
prince 0,462035 0,000192
princess 1,237874 0,000257
principal 0,287682 0,000060
print 0,116534 0,000024
prison 0,248461 0,000052
prisoner 0,356675 0,000074
privily 2,659260 0,000552
privy 1,660731 0,000345
proceed 0,116534 0,000048
process 0,400478 0,000083
proclaim 0,527633 0,000219
proclamation 1,609438 0,000334
profane 1,021651 0,000636
profess 0,616186 0,000128
profit 0,083382 0,000017
progenitor 2,040221 0,000424
project -0,009950 -0,000002
prolong 1,237874 0,000257
prolonged 0,597837 0,000124
promise 0,051293 0,000021
promote 0,274437 0,000057
promoted 1,237874 0,000257
pronounce 0,798508 0,000332
pronounced 0,446287 0,000093
proper 0,061875 0,000013
prophecy 1,021651 0,000212
prophesy 1,309333 0,000816
prophet 0,867501 0,000360
prophetess 2,995732 0,000622
proportion 0,235722 0,000049
prosper 1,171183 0,000486
prosperity 0,820981 0,000170
prosperous 0,891598 0,000185
prosperously 2,525729 0,000524
prostitute 1,966113 0,000408
protection 0,314711 0,000065
protest 0,342490 0,000142
proudly 0,733969 0,000152
prove 0,083382 0,000035
provender 2,407946 0,000500
proverb 1,108663 0,000230
proverbs 1,897120 0,000394
provide 0,127833 0,000027
province 0,776529 0,000322
provision 0,094311 0,000020
provocation 1,049822 0,000436
provoke 0,510826 0,000212
provoking 1,078810 0,000224
prudence 0,713350 0,000148
prudent 0,616186 0,000128
prune 2,525729 0,000524
psalm 1,514128 0,000314
psalmist 2,525729 0,000524
psalms 1,609438 0,000334
psaltery 3,218876 0,001337
pua 3,218876 0,000668
publish 0,478036 0,000099
pul 3,506558 0,000728
pull 0,127833 0,000053
pulpit 1,171183 0,000243
pulse 0,733969 0,000152
punish 0,314711 0,000131
punishment 0,287682 0,000060
purchase 0,400478 0,000166
pure 0,139262 0,000029
purge 1,427116 0,000593
purification 1,771957 0,000368
purify 0,916291 0,000571
purple 0,616186 0,000128
purpose 0,040822 0,000008
purposed 1,832581 0,000381
purposing 2,525729 0,000524
pursue 0,186330 0,000116
pursuer 1,272966 0,000264
purtenance 3,506558 0,000728
push 0,139262 0,000029
pygarg 3,506558 0,000728
quail 1,469676 0,000305
quake 1,832581 0,000381
quarrel 0,287682 0,000060
quarry 1,171183 0,000243
quarter 0,105361 0,000044
queen 0,415515 0,000086
quench 0,941609 0,000391
question 0,020203 0,000008
quick 0,127833 0,000027
quiet 0,094311 0,000020
quietly 0,261365 0,000054
quietness 1,832581 0,000381
quit 0,462035 0,000096
quiver 0,494296 0,000103
rachel 2,120264 0,000440
rage 0,139262 0,000029
rail 0,579818 0,000241
raiment 1,660731 0,000345
rain 0,150823 0,000063
raise 0,020203 0,000008
raisin 1,714798 0,000356
ram 0,994252 0,000413
rameses 2,995732 0,000622
range 0,328504 0,000068
rank 0,223144 0,000093
ransom 1,386294 0,000288
rate 0,261365 0,000054
raven 1,386294 0,000288
ravens 1,897120 0,000394
ravin 3,218876 0,000668
raw 0,713350 0,000148
razor 1,609438 0,000334
reach 0,000000 0,000000
read 0,020203 0,000008
ready 0,030459 0,000006
realm 0,867501 0,000180
reap 0,673345 0,000280
reaper 1,966113 0,000408
rear 0,371064 0,000154
reason 0,010050 0,000002
rebekah 3,506558 0,000728
rebel 0,733969 0,000457
rebellion 0,941609 0,000196
rebellious 1,049822 0,000218
rebuke 0,843970 0,000526
receive 0,040822 0,000025
reckon 0,385662 0,000160
reckoning 0,843970 0,000175
recompence 2,813411 0,000584
recompense 1,139434 0,000710
reconcile 0,597837 0,000248
reconciliation 1,021651 0,000212
record 0,223144 0,000139
recorder 2,525729 0,000524
recover 0,127833 0,000053
red 0,061875 0,000013
reddish 1,386294 0,000288
redeem 0,776529 0,000322
redeeming 1,771957 0,000368
redemption 1,272966 0,000264
reed 0,941609 0,000196
refine 0,755023 0,000157
reform 0,891598 0,000185
refrain 0,597837 0,000248
refresh 0,446287 0,000185
refuge 0,446287 0,000093
refuse 0,083382 0,000035
regard 0,083382 0,000035
region 0,462035 0,000096
register 0,287682 0,000060
rehearse 1,832581 0,000761
rehoboam 2,995732 0,000622
rehoboth 3,218876 0,000668
rei 2,813411 0,000584
reign 0,430783 0,000268
reject 0,478036 0,000099
rejoice 0,400478 0,000249
release 0,105361 0,000022
relieve 0,198451 0,000041
rely 0,579818 0,000241
remain 0,040822 0,000025
remainder 0,597837 0,000124
remedy 0,150823 0,000031
remember 0,030459 0,000013
remembrance 0,733969 0,000152
remnant 1,049822 0,000218
remove 0,040822 0,000025
rend 0,994252 0,000206
render 0,186330 0,000077
renew 0,314711 0,000131
renown 1,309333 0,000272
renowned 1,171183 0,000243
rent 0,510826 0,000106
repair 0,342490 0,000213
repay 0,673345 0,000140
repent 0,634878 0,000264
rephael 3,506558 0,000728
replenish 1,203973 0,000250
report 0,051293 0,000021
reproach 0,301105 0,000125
reprove 1,237874 0,000514
request 0,105361 0,000044
require 0,051293 0,000011
required 0,083382 0,000017
requite 1,771957 0,001104
rereward 3,506558 0,000728
rescue 0,494296 0,000205
resemble 0,400478 0,000083
residue 2,207275 0,000458
resort 0,733969 0,000305
respect 0,040822 0,000008
respite 1,427116 0,000296
rest 0,010050 0,000008
restitution 2,207275 0,000458
restore 0,223144 0,000093
restorer 2,525729 0,000524
restrained 0,776529 0,000161
restraint 0,713350 0,000148
retain 0,235722 0,000049
retire 0,415515 0,000086
retired 0,342490 0,000071
return 0,010050 0,000004
reuben 3,218876 0,000668
reubenites 3,506558 0,000728
reuel 3,506558 0,000728
reveal 0,223144 0,000046
revelation 0,693147 0,000144
revenge 0,462035 0,000096
revenger 3,506558 0,001456
revenue 0,342490 0,000071
reverence 0,579818 0,000120
reverse 0,527633 0,000110
revile 1,560648 0,000324
revive 0,510826 0,000318
revolt 0,967584 0,000402
reward 0,174353 0,000109
rib 0,843970 0,000350
ribband 3,218876 0,000668
rich 0,116534 0,000024
riches 0,798508 0,000166
rid 0,223144 0,000046
riddance 2,813411 0,000584
riddle 0,891598 0,000185
ride 0,261365 0,000217
rider 0,967584 0,000402
rie 3,506558 0,000728
righteous 1,203973 0,000250
righteously 2,813411 0,000584
righteousness 1,427116 0,000296
rightly 0,430783 0,000089
rigour 1,832581 0,000381
ringstraked 3,506558 0,000728
rinse 1,897120 0,000394
rip 1,021651 0,000424
ripe 0,820981 0,000170
rise 0,030459 0,000025
rite 0,994252 0,000206
river 0,174353 0,000036
rivers 0,713350 0,000148
road 0,116534 0,000024
roar 0,356675 0,000148
roast 0,798508 0,000166
roasted 1,272966 0,000264
rob 0,356675 0,000148
robe 0,673345 0,000280
rock 0,186330 0,000077
rod 0,616186 0,000256
roe 2,525729 0,001049
roebuck 3,218876 0,001337
roll 0,150823 0,000094
roman 0,713350 0,000148
roof 0,186330 0,000039
root 0,235722 0,000147
rope 0,430783 0,000089
rot 0,798508 0,000166
rough 0,186330 0,000039
roughly 0,544727 0,000113
rouse 0,494296 0,000103
rover 1,832581 0,000381
row 0,385662 0,000160
royal 0,400478 0,000083
rubbish 1,108663 0,000230
ruddy 0,967584 0,000201
ruin 0,116534 0,000024
ruinous 1,386294 0,000288
rule 0,030459 0,000013
ruler 0,891598 0,000370
ruling 1,171183 0,000243
rumour 1,078810 0,000224
rump 2,407946 0,000500
runneth 3,218876 0,000668
running 0,967584 0,000201
rush 0,127833 0,000027
ruth 2,659260 0,000552
sabbath 1,469676 0,000610
sack 0,653926 0,000272
sackcloth 2,407946 0,000500
sacrifice 0,210721 0,000175
sad 0,223144 0,000046
saddle 0,755023 0,000314
sadly 0,510826 0,000106
safe 0,116534 0,000024
safeguard 1,609438 0,000334
safely 0,371064 0,000077
safety 0,356675 0,000074
saint 0,673345 0,000140
saints 1,049822 0,000218
saith 1,714798 0,000356
sake 0,083382 0,000035
sale 0,776529 0,000161
salem 2,407946 0,000500
salma 3,506558 0,000728
salmon 1,660731 0,000345
salt 0,105361 0,000022
salute 0,634878 0,000264
salvation 0,798508 0,000166
samaria 2,659260 0,000552
samaritan 2,302585 0,000478
samson 2,120264 0,000440
samuel 1,237874 0,000257
sanballat 3,912023 0,000812
sanctify 1,386294 0,000576
sanctuary 1,237874 0,000514
sand 0,494296 0,000103
sapphire 1,832581 0,000381
sarah 2,040221 0,000424
sardius 3,218876 0,000668
satan 1,237874 0,000257
satisfaction 0,186330 0,000039
satisfy 0,061875 0,000013
saul 1,966113 0,000408
save 0,010050 0,000006
saviour 1,203973 0,000500
savour 1,514128 0,000629
savoury 1,832581 0,000381
scab 2,525729 0,001049
scaffold 1,514128 0,000314
scale 0,274437 0,000057
scall 3,506558 0,000728
scapegoat 2,659260 0,000552
scarce 0,653926 0,000136
scarceness 3,506558 0,000728
scarlet 0,798508 0,000166
scatter 0,693147 0,000144
scattered 0,139262 0,000029
sceptre 2,120264 0,000440
scholar 0,579818 0,000120
scorn 0,446287 0,000093
scorpion 1,966113 0,000408
scour 1,203973 0,000250
scourge 1,049822 0,000436
scrabble 2,525729 0,000524
scrape 0,634878 0,000264
scribe 1,771957 0,000736
scrip 2,659260 0,000552
scurvy 2,407946 0,000500
sea 0,116534 0,000024
seal 0,371064 0,000154
search 0,040822 0,000025
searching 3,506558 0,000728
seas 0,916291 0,000190
season 0,235722 0,000098
seat 0,051293 0,000021
seba 3,218876 0,000668
secret 0,051293 0,000021
secretly 0,597837 0,000124
secure 0,061875 0,000013
sedition 2,120264 0,000440
seduce 1,171183 0,000243
seed 0,510826 0,000212
seedtime 3,218876 0,000668
seek 0,083382 0,000035
seer 1,609438 0,000668
seethe 2,207275 0,000458
seething 1,966113 0,000408
seize 0,116534 0,000024
selah 3,218876 0,000668
selfsame 2,207275 0,000458
sell 0,210721 0,000088
seller 1,514128 0,000314
selvedge 3,218876 0,000668
senaah 3,506558 0,000728
send 0,020203 0,000008
sense 0,051293 0,000011
sentence 0,094311 0,000020
separate 0,094311 0,000039
separation 0,755023 0,000157
sepharvites 3,506558 0,000728
sepulchre 1,771957 0,000368
sered 3,506558 0,000728
serpent 0,693147 0,000288
servant 0,105361 0,000044
serve 0,051293 0,000032
service 0,072571 0,000015
servile 1,309333 0,000272
servitor 2,525729 0,000524
servitude 1,272966 0,000264
set 0,010050 0,000002
seth 2,995732 0,000622
setting 2,813411 0,000584
settle 0,083382 0,000035
sevenfold 2,659260 0,000552
seventeen 0,693147 0,000144
seventeenth 1,427116 0,000296
seventh 0,562119 0,000117
sever 0,941609 0,000391
sew 0,994252 0,000206
shadow 0,162519 0,000034
shaft 0,713350 0,000148
shake 0,072571 0,000045
shalt 1,171183 0,000243
shama 3,506558 0,000728
shame 0,223144 0,000093
shamelessly 2,302585 0,000478
shamer 3,506558 0,000728
shamir 3,506558 0,000728
share 0,030459 0,000006
sharezer 3,506558 0,000728
sharon 3,218876 0,000668
sharp 0,139262 0,000029
sharpen 1,386294 0,000288
sharply 0,510826 0,000106
shaul 3,506558 0,000728
shave 0,916291 0,000381
shaven 1,514128 0,000314
sheaf 1,714798 0,000712
sheal 3,912023 0,000812
shear 1,386294 0,000288
shearer 2,995732 0,000622
shearing 2,525729 0,000524
sheath 1,347074 0,000280
shechem 3,506558 0,000728
shechemites 3,218876 0,000668
sheep 0,371064 0,000077
sheepcote 3,218876 0,000668
sheepfold 3,218876 0,000668
sheepmaster 3,506558 0,000728
sheet 0,314711 0,000065
shekel 2,995732 0,001244
shelah 3,506558 0,000728
shem 3,218876 0,000668
shema 3,506558 0,000728
sheminith 3,506558 0,000728
shen 3,506558 0,000728
shepherd 0,843970 0,000350
sheth 3,506558 0,000728
sheva 3,506558 0,000728
shew 2,120264 0,000881
shewbread 3,506558 0,000728
shewing 2,995732 0,000622
shibboleth 2,995732 0,000622
shield 0,634878 0,000264
shiloh 2,995732 0,000622
shimei 3,506558 0,000728
shine 0,150823 0,000125
ship 0,198451 0,000041
shipman 3,506558 0,000728
shittim 3,506558 0,000728
shock 0,235722 0,000049
shoe 0,314711 0,000196
shoot 0,385662 0,000080
shooter 2,120264 0,000440
shooting 0,634878 0,000132
shore 0,287682 0,000060
short 0,020203 0,000004
shortly 0,462035 0,000096
shot 0,223144 0,000046
shoulder 0,139262 0,000058
shouldest 2,659260 0,000552
shout 0,186330 0,000116
shovel 1,347074 0,000280
shower 0,544727 0,000113
shred 1,108663 0,000230
shrink 0,462035 0,000096
shrub 1,237874 0,000257
shunammite 3,506558 0,000728
shut 0,051293 0,000021
sia 3,218876 0,000668
sibboleth 3,506558 0,000728
sick 0,150823 0,000031
sickle 2,040221 0,000424
sickness 0,478036 0,000199
siege 0,941609 0,000196
sigh 0,235722 0,000049
sight 0,040822 0,000008
sign 0,051293 0,000021
signet 1,966113 0,000816
silence 0,051293 0,000011
silent 0,051293 0,000011
silver 0,210721 0,000044
simeon 2,525729 0,000524
similitude 2,207275 0,000458
simplicity 0,527633 0,000110
sin 0,314711 0,000261
sincerely 0,867501 0,000180
sincerity 0,653926 0,000136
sinew 1,427116 0,000296
sinful 1,309333 0,000272
sing 0,261365 0,000109
singer 1,049822 0,000436
singing 0,371064 0,000077
singular 0,430783 0,000089
sinite 3,218876 0,000668
sink 0,072571 0,000030
sinner 0,867501 0,000180
sion 2,302585 0,000478
sir 0,150823 0,000031
sister 0,223144 0,000093
sit 0,010050 0,000006
situate 2,659260 0,000552
situation 0,198451 0,000041
sixscore 3,506558 0,000728
sixteen 0,653926 0,000136
sixteenth 1,171183 0,000243
sixth 0,446287 0,000093
size 0,223144 0,000046
skilful 0,967584 0,000201
skill 0,287682 0,000060
skin 0,174353 0,000072
skirt 0,527633 0,000110
skull 0,843970 0,000175
sky 0,186330 0,000077
slack 1,171183 0,000243
slander 1,609438 0,000668
slang 1,832581 0,000381
slaughter 0,820981 0,000170
slay 0,733969 0,000305
slayer 1,832581 0,000381
slaying 1,714798 0,000356
sleep 0,051293 0,000032
slew 1,386294 0,000288
slide 0,713350 0,000148
slime 1,386294 0,000288
sling 1,309333 0,000544
slingers 2,813411 0,000584
slip 0,150823 0,000063
slothful 1,897120 0,000394
slow 0,139262 0,000029
smell 0,261365 0,000109
smite 1,237874 0,000514
smith 0,820981 0,000341
smitten 1,171183 0,000243
smoke 0,186330 0,000077
smooth 0,235722 0,000049
smote 1,021651 0,000212
snail 1,660731 0,000345
snare 1,171183 0,000730
sneeze 1,203973 0,000250
snow 0,478036 0,000099
snowy 1,272966 0,000264
snuffer 2,813411 0,000584
socket 1,309333 0,000544
sod 2,207275 0,000458
sodden 1,714798 0,000356
sodom 2,040221 0,000424
sodomite 2,995732 0,001244
soever 1,966113 0,000408
softly 0,400478 0,000083
sojourn 1,139434 0,000710
sojourner 3,218876 0,000668
sojourners 3,218876 0,000668
soldier 0,415515 0,000086
sole 0,301105 0,000125
solemn 0,301105 0,000063
solemnity 0,843970 0,000175
solemnly 0,579818 0,000120
solomon 1,203973 0,000250
son 0,083382 0,000035
song 0,261365 0,000109
soothsayer 2,407946 0,000500
sorcerer 1,897120 0,000394
sore 0,527633 0,000110
sorely 1,049822 0,000218
sorrow 0,248461 0,000103
sorrowful 1,021651 0,000212
sort 0,072571 0,000030
soul 0,083382 0,000035
sound 0,010050 0,000006
south 0,235722 0,000049
southward 1,609438 0,000334
sow 0,579818 0,000482
space 0,105361 0,000022
span 1,237874 0,000257
spare 0,116534 0,000048
speak 0,030459 0,000019
speaking 0,072571 0,000015
spear 0,967584 0,000402
special 0,083382 0,000017
specially 0,820981 0,000170
speckled 1,560648 0,000324
speech 0,139262 0,000058
speed 0,274437 0,000114
speedily 0,713350 0,000148
spend 0,051293 0,000021
spice 1,108663 0,000460
spicery 3,218876 0,000668
spill 0,843970 0,000350
spin 0,510826 0,000212
spirit 0,051293 0,000021
spit 0,843970 0,000175
spittle 2,407946 0,000500
spoil 0,274437 0,000171
spoiler 2,813411 0,000584
spoke 2,040221 0,000424
spokesman 2,302585 0,000478
spoon 1,021651 0,000424
sport 0,446287 0,000093
sporting 1,427116 0,000296
spot 0,150823 0,000063
spotted 0,994252 0,000206
spread 0,051293 0,000021
spring 0,051293 0,000043
sprinkle 0,776529 0,000322
spue 3,218876 0,001337
spy 0,579818 0,000361
square 0,223144 0,000046
stable 0,478036 0,000099
stablish 2,813411 0,001168
stack 1,272966 0,000264
stacte 3,506558 0,000728
staff 0,261365 0,000054
stair 0,415515 0,000086
stalk 0,755023 0,000314
stall 1,139434 0,000237
stamp 0,261365 0,000109
stand -0,009950 -0,000006
standard 0,544727 0,000226
standeth 2,525729 0,000524
star 0,261365 0,000109
start -0,009950 -0,000002
stature 0,867501 0,000180
statute 1,469676 0,000610
stave 1,427116 0,000296
stay 0,061875 0,000039
stead 1,139434 0,000473
steady 0,301105 0,000063
steal 0,105361 0,000088
stealth 1,660731 0,000345
stedfastly 3,506558 0,000728
steel 0,494296 0,000103
step 0,030459 0,000013
steward 1,078810 0,000448
stick 0,174353 0,000072
sticks 0,733969 0,000152
stiff 0,430783 0,000089
stiffen 1,078810 0,000224
stink 1,469676 0,000610
stir 0,210721 0,000088
stock 0,235722 0,000049
stone 0,094311 0,000078
stool 0,653926 0,000272
stoop 0,400478 0,000083
store 0,061875 0,000013
storehouse 1,966113 0,000408
stork 2,207275 0,000458
story 0,030459 0,000013
straight 0,105361 0,000022
straightway 1,347074 0,000280
strait 1,049822 0,000218
straitly 3,218876 0,000668
straitness 2,813411 0,000584
strake 3,506558 0,000728
strange 0,061875 0,000013
strangely 0,579818 0,000120
stranger 0,139262 0,000029
strangers 0,356675 0,000074
straw 0,342490 0,000142
stream 0,139262 0,000058
street 0,116534 0,000048
strength 0,030459 0,000006
strengthen 0,478036 0,000199
stretch 0,116534 0,000048
stricken 0,653926 0,000136
strife 0,994252 0,000206
strike 0,020203 0,000008
strip 0,385662 0,000160
stripe 1,171183 0,000486
stripling 2,302585 0,000478
stript 2,407946 0,000500
strive 0,385662 0,000160
striving 2,995732 0,000622
stroke 0,301105 0,000063
strong 0,020203 0,000008
strow 2,995732 0,000622
struggle 0,127833 0,000027
stubble 1,609438 0,000334
stubborn 0,843970 0,000175
stubbornness 2,120264 0,000440
stuff 0,223144 0,000046
stumble 0,562119 0,000117
stump 0,994252 0,000206
subdue 0,941609 0,000196
subdued 0,494296 0,000103
submit 0,430783 0,000179
substance 0,415515 0,000086
subtilly 3,506558 0,000728
subtilty 2,407946 0,000500
suburb 1,078810 0,000224
succeed 0,105361 0,000044
success 0,162519 0,000034
succoth 3,218876 0,000668
succour 1,560648 0,000648
suck 0,597837 0,000248
suckling 2,120264 0,000881
suddenly 0,040822 0,000008
suffer 0,061875 0,000026
suffice 0,544727 0,000226
sufficient 0,139262 0,000029
suit 0,198451 0,000041
sum 0,261365 0,000054
summer 0,186330 0,000039
sun 0,072571 0,000015
sunrising 3,506558 0,000728
superfluous 0,867501 0,000180
supplant 1,771957 0,000368
supplication 1,108663 0,000460
suppose 0,020203 0,000004
sur 2,040221 0,000424
surely 0,186330 0,000039
surety 2,040221 0,000424
susi 3,506558 0,000728
sustain 0,314711 0,000131
sustenance 1,469676 0,000305
swallow 0,261365 0,000109
swan 1,171183 0,000243
sware 3,506558 0,000728
swarm 0,634878 0,000264
swear 0,261365 0,000109
swearing 0,994252 0,000206
sweat 0,562119 0,000117
sweep 0,274437 0,000057
sweet 0,139262 0,000058
sweetness 0,673345 0,000140
swell 0,186330 0,000077
swift 0,385662 0,000160
swim 0,478036 0,000099
swine 1,347074 0,000280
sword 0,430783 0,000179
sycomore 3,506558 0,000728
syria 2,120264 0,000440
syrian 2,207275 0,000917
tabernacle 1,897120 0,000788
table 0,083382 0,000035
tablets 2,040221 0,000424
tabor 3,218876 0,000668
tabret 3,506558 0,000728
tach 3,218876 0,000668
tail 0,356675 0,000148
taketh 2,302585 0,000478
tale 0,248461 0,000052
talebearer 3,506558 0,000728
talent 0,385662 0,000160
talk 0,061875 0,000026
talking 0,150823 0,000031
tall 0,198451 0,000082
tanach 3,506558 0,000728
tare 2,813411 0,000584
tarea 3,506558 0,000728
target 1,514128 0,000629
tarry 1,386294 0,000576
tartan 3,218876 0,000668
task 0,248461 0,000103
taskmaster 2,995732 0,000622
taste 0,105361 0,000044
tax 0,248461 0,000052
taxation 1,966113 0,000408
teach 0,083382 0,000052
teacher 0,415515 0,000086
tear 0,030459 0,000019
telling 1,560648 0,000324
tema 3,506558 0,000728
teman 3,506558 0,000728
tempered 0,653926 0,000136
temple 0,314711 0,000131
tempt 0,415515 0,000173
temptation 0,430783 0,000089
tender 0,301105 0,000063
tenderhearted 2,995732 0,000622
tenderness 0,616186 0,000128
tenon 3,218876 0,000668
tenor 1,078810 0,000224
tent 0,713350 0,000296
tenth 0,733969 0,000152
teraphim 3,506558 0,000728
terrace 1,139434 0,000237
terrible 0,186330 0,000039
terribleness 2,995732 0,000622
terrify 0,579818 0,000120
terror 0,162519 0,000067
testament 1,049822 0,000218
testify 0,820981 0,000341
testimony 0,562119 0,000233
thanksgiving 1,469676 0,000610
thee 0,597837 0,000124
theft 1,237874 0,000257
thenceforth 1,560648 0,000324
thereat 2,207275 0,000458
therefrom 1,771957 0,000368
thereon 1,469676 0,000305
thereout 3,506558 0,000728
thereunto 2,813411 0,000584
therewith 1,560648 0,000324
thessalonians 3,218876 0,000668
thicket 0,967584 0,000402
thickness 1,386294 0,000288
thief 0,462035 0,000096
thigh 1,078810 0,000448
thine 1,139434 0,000237
thinking 0,274437 0,000057
thirst 0,494296 0,000205
thirsty 0,820981 0,000170
thirteen 0,579818 0,000120
thirteenth 1,203973 0,000250
thirtieth 1,714798 0,000356
thistle 2,040221 0,000847
thither 0,579818 0,000120
thitherward 2,525729 0,000524
thorn 0,967584 0,000201
thread 0,342490 0,000071
threescore 2,120264 0,000440
thresh 2,302585 0,000478
threshing 2,207275 0,000458
threshold 0,562119 0,000233
thrice 0,755023 0,000157
throne 0,733969 0,000152
throw 0,010050 0,000008
thrust 0,287682 0,000060
thumb 0,916291 0,000381
thunder 0,430783 0,000268
thy 0,634878 0,000132
thyself 1,272966 0,000264
tidal 2,659260 0,000552
tiding 1,139434 0,000237
tie 0,105361 0,000044
tillage 1,966113 0,000408
tiller 2,207275 0,000458
timber 0,798508 0,000166
timbrel 3,218876 0,000668
timbrels 3,218876 0,000668
time -0,009950 -0,000004
timothy 2,995732 0,000622
tin 0,755023 0,000157
tingle 1,469676 0,000305
tired 0,198451 0,000041
tirshatha 3,506558 0,000728
tithe 1,832581 0,000761
tithing 3,506558 0,000728
title 0,116534 0,000024
titus 2,040221 0,000424
tob 3,506558 0,000728
tobiah 3,506558 0,000728
toe 0,616186 0,000256
toi 2,995732 0,000622
toil 0,430783 0,000089
token 0,693147 0,000288
tola 3,218876 0,000668
toll 1,427116 0,000296
tomorrow 0,755023 0,000157
tong 1,347074 0,000280
tongue 0,139262 0,000058
tool 0,478036 0,000099
tooth 0,186330 0,000077
topaz 2,525729 0,000524
tortoise 1,514128 0,000314
tou 3,506558 0,000728
touch 0,010050 0,000006
tow 1,560648 0,000324
tower 0,314711 0,000131
town 0,094311 0,000039
trade 0,287682 0,000060
traffick 3,506558 0,000728
train 0,162519 0,000067
trance 1,469676 0,000305
transgress 1,386294 0,000864
transgression 1,560648 0,000648
translate 0,634878 0,000132
trap 0,527633 0,000110
travail 1,897120 0,000788
traveller 0,755023 0,000314
treacherously 2,207275 0,000458
treachery 0,755023 0,000157
tread 0,328504 0,000136
treason 1,514128 0,000314
treasure 0,261365 0,000109
treasurer 1,966113 0,000816
treasury 1,237874 0,000514
tree 0,061875 0,000026
tremble 0,174353 0,000109
trench 1,347074 0,000280
trespass 1,609438 0,001003
trespassing 3,218876 0,000668
tribe 0,693147 0,000288
tribulation 1,897120 0,000788
tributary 1,966113 0,000408
tribute 1,021651 0,000212
trimmed 1,237874 0,000257
triumph 0,261365 0,000109
trodden 1,237874 0,000257
trode 2,995732 0,000622
troop 0,843970 0,000175
trouble 0,010050 0,000006
troubler 3,506558 0,000728
trough 1,272966 0,000529
true 0,020203 0,000004
trumpet 0,843970 0,000350
trumpeter 2,813411 0,000584
trust 0,061875 0,000026
truth 0,030459 0,000006
tubal 3,218876 0,000668
tumble 0,494296 0,000103
tumult 0,798508 0,000166
turtle 1,609438 0,000334
turtledove 3,218876 0,001337
twain 1,660731 0,000345
twelfth 1,237874 0,000257
twentieth 1,108663 0,000230
twilight 0,733969 0,000152
twin 1,108663 0,000230
twine 1,139434 0,000237
tyre 2,207275 0,000458
ulla 3,506558 0,000728
unawares 1,237874 0,000257
uncircumcised 3,506558 0,000728
uncle 0,544727 0,000113
unclean 1,386294 0,000288
uncleanness 2,407946 0,000500
uncover 0,916291 0,000381
understand 0,020203 0,000008
understanding 0,223144 0,000046
undo 0,693147 0,000144
undressed 1,386294 0,000288
ungird 3,218876 0,000668
ungodly 2,040221 0,000424
unholy 1,469676 0,000305
unicorn 2,525729 0,001049
united 0,094311 0,000020
unleavened 3,218876 0,000668
unmindful 1,966113 0,000408
unoccupied 1,560648 0,000324
unrighteous 1,966113 0,000408
unrighteously 3,218876 0,000668
unrighteousness 2,659260 0,000552
unsavoury 2,659260 0,000552
unstable 2,040221 0,000424
unwalled 3,218876 0,000668
unweighed 3,506558 0,000728
unwise 1,469676 0,000305
unwittingly 1,660731 0,000345
upbraid 1,386294 0,000288
upper 0,314711 0,000065
uppermost 1,237874 0,000257
upright 0,301105 0,000063
uprightness 1,771957 0,000368
uproar 1,021651 0,000212
upside 1,347074 0,000280
upward 0,579818 0,000120
ur 2,813411 0,000584
urge 0,274437 0,000057
urgent 0,798508 0,000166
uri 3,218876 0,000668
uriah 2,995732 0,000622
uriel 2,995732 0,000622
urim 3,218876 0,000668
usurer 2,302585 0,000478
usury 2,207275 0,000458
utmost 0,356675 0,000074
utter 0,162519 0,000067
utterly 0,371064 0,000077
uttermost 2,040221 0,000424
vagabond 1,203973 0,000250
vail 2,659260 0,000552
vain 0,116534 0,000024
vale 1,347074 0,000280
valiant 1,309333 0,000272
valiantly 2,040221 0,000424
valley 0,544727 0,000226
valour 1,560648 0,000324
vanity 0,400478 0,000166
vaunt 1,771957 0,000368
vengeance 0,579818 0,000120
venison 1,771957 0,000368
venom 1,714798 0,000356
venture 0,223144 0,000046
verify 1,171183 0,000243
verily 1,139434 0,000237
version 0,342490 0,000071
vessel 0,446287 0,000185
vestment 1,771957 0,000368
vestry 2,207275 0,000458
vesture 2,207275 0,000917
vex 0,579818 0,000241
vexation 0,820981 0,000341
vial 2,120264 0,000440
victory 0,356675 0,000074
victual 2,813411 0,000584
victuals 2,120264 0,000440
view 0,040822 0,000017
vile 0,634878 0,000132
vilely 2,120264 0,000440
villages 0,820981 0,000170
vine 0,867501 0,000360
vinegar 1,078810 0,000224
vineyard 1,237874 0,000514
vintage 1,660731 0,000345
violence 0,248461 0,000052
violent 0,223144 0,000046
violently 0,462035 0,000096
virgin 0,755023 0,000314
virginity 2,120264 0,000440
virtuous 0,653926 0,000136
vision 0,301105 0,000125
visit 0,030459 0,000019
visitation 1,514128 0,000314
voice 0,020203 0,000008
void 0,261365 0,000054
voluntary 0,843970 0,000175
vow 0,616186 0,000384
vulture 1,427116 0,000296
wafer 2,207275 0,000917
wages 0,916291 0,000190
wagon 1,078810 0,000448
wait 0,061875 0,000026
waiting 0,083382 0,000017
walk 0,000000 0,000000
wall 0,094311 0,000039
walled 1,347074 0,000280
wallow 1,309333 0,000272
wander 0,116534 0,000073
war 0,139262 0,000116
ward 0,755023 0,000314
wardrobe 1,078810 0,000224
ware 1,660731 0,000345
warfare 1,272966 0,000264
warm 0,116534 0,000024
warn 0,287682 0,000119
warp 1,771957 0,000368
warrior 1,108663 0,000230
wash 0,210721 0,000131
wast 2,120264 0,000440
waste 0,127833 0,000053
watch 0,020203 0,000013
watchman 1,427116 0,000296
watchmen 2,120264 0,000440
water 0,040822 0,000025
watercourse 2,407946 0,000500
watering 1,347074 0,000280
wave 0,210721 0,000131
wax 0,446287 0,000185
waxen 1,514128 0,000314
wayfaring 2,813411 0,000584
wayside 1,714798 0,000356
weak 0,105361 0,000044
weaken 0,562119 0,000117
wealth 0,287682 0,000060
wean 1,966113 0,000408
weapon 0,400478 0,000166
wear 0,083382 0,000035
wearied 0,820981 0,000170
weary 0,186330 0,000039
weasel 2,407946 0,000500
weave 0,693147 0,000288
weaver 1,832581 0,000381
wedge 1,203973 0,000250
week 0,127833 0,000053
weep 0,356675 0,000222
weigh 0,162519 0,000101
weight 0,116534 0,000048
welfare 0,916291 0,000190
wen 2,813411 0,000584
wench 1,714798 0,000356
west 0,083382 0,000017
western 0,616186 0,000128
westward 1,139434 0,000237
whale 1,469676 0,000305
whatsoever 0,287682 0,000060
wheat 0,994252 0,000206
wheaten 2,659260 0,000552
wheel 0,274437 0,000114
whelp 1,897120 0,000788
whensoever 2,659260 0,000552
whereabout 2,813411 0,000584
wherefore 1,139434 0,000237
whereinto 3,506558 0,000728
whereof 1,237874 0,000257
whereon 1,309333 0,000272
wheresoever 2,207275 0,000458
whereunto 2,525729 0,000524
wherewith 1,514128 0,000314
whet 1,966113 0,000408
whip 0,400478 0,000083
whirlwind 1,514128 0,000314
whisper 0,248461 0,000052
whit 1,171183 0,000243
white 0,051293 0,000011
whithersoever 2,525729 0,000524
wholly 0,400478 0,000083
whomsoever 1,897120 0,000394
whore 2,407946 0,000500
whoredom 3,218876 0,001337
whoring 2,995732 0,000622
whoso 2,207275 0,000458
whosoever 1,714798 0,000356
wicked 0,328504 0,000068
wickedly 1,966113 0,000408
wickedness 0,916291 0,000190
wide 0,030459 0,000006
widow 0,510826 0,000212
widowhood 2,407946 0,000500
wife 0,083382 0,000035
wild 0,051293 0,000011
wilderness 0,673345 0,000140
wiles 1,771957 0,000368
wilily 3,506558 0,000728
willingly 0,527633 0,000110
willow 1,171183 0,000243
wilt 2,040221 0,000424
win 0,356675 0,000074
wind 0,094311 0,000039
window 0,162519 0,000067
wine 0,235722 0,000049
winepress 3,218876 0,000668
wing 0,314711 0,000131
winged 1,272966 0,000264
winter 0,198451 0,000041
wipe 0,415515 0,000173
wire 0,867501 0,000180
wisdom 0,287682 0,000060
wise 0,094311 0,000039
wisely 0,653926 0,000136
wist 2,995732 0,000622
wit 0,198451 0,000041
witch 1,203973 0,000250
witchcraft 1,714798 0,000356
withal 1,347074 0,000280
withdraw 0,210721 0,000131
withered 0,843970 0,000175
withhold 0,820981 0,000341
withholden 3,506558 0,000728
withstand 1,021651 0,000424
witness 0,116534 0,000073
wittingly 2,813411 0,000584
wizard 1,897120 0,000788
woe 0,673345 0,000140
wolf 0,597837 0,000124
woman 0,030459 0,000013
womankind 2,040221 0,000424
womb 1,272966 0,000529
wonderful 0,162519 0,000034
wonderfully 0,510826 0,000106
wondrous 1,203973 0,000250
wood 0,083382 0,000017
woof 2,525729 0,000524
wool 1,049822 0,000218
woollen 1,660731 0,000345
word 0,020203 0,000004
worker 0,941609 0,000391
workman 0,755023 0,000314
workmanship 1,272966 0,000264
worm 0,733969 0,000152
worms 1,078810 0,000224
wormwood 1,966113 0,000408
worship 0,415515 0,000259
worshipper 1,514128 0,000314
worth 0,061875 0,000013
worthily 1,897120 0,000394
worthy 0,186330 0,000039
wot 2,040221 0,000424
wotteth 3,506558 0,000728
wouldest 3,218876 0,000668
wound 0,198451 0,000124
wounded 0,274437 0,000057
wrap 0,400478 0,000083
wrath 0,634878 0,000132
wreath 0,867501 0,000360
wreathen 3,506558 0,000728
wrest 1,203973 0,000250
wrestle 1,049822 0,000218
wrestling 2,813411 0,000584
wretchedness 1,139434 0,000237
wring 0,798508 0,000332
write 0,020203 0,000013
writer 0,328504 0,000068
writing 0,061875 0,000013
wrong 0,072571 0,000015
wroth 2,302585 0,000478
yarn 1,609438 0,000334
yea 1,897120 0,000394
yearly 1,203973 0,000250
yearn 1,609438 0,000668
yellow 0,314711 0,000065
yesterday 0,301105 0,000063
yesternight 2,525729 0,000524
yield 0,174353 0,000109
yoke 0,994252 0,000206
yonder 0,843970 0,000175
youth 0,139262 0,000029
zachariah 3,218876 0,000668
zeal 0,579818 0,000120
zealous 1,049822 0,000218
zebulun 3,506558 0,000728
zechariah 3,506558 0,000728
zephaniah 3,506558 0,000728
zer 3,218876 0,000668
zillah 3,218876 0,000668
zilpah 3,506558 0,000728
zion 2,995732 0,000622
