abide 0,248461 0,000095
abnormal 1,832581 0,000702
abode 0,579818 0,000222
absence 0,274437 0,000105
absolutely 0,287682 0,000110
abuse 0,562119 0,000215
accent 0,634878 0,000243
accept 0,061875 0,000071
access 0,314711 0,000241
accessible 0,446287 0,000171
accompany 0,094311 0,000036
accomplice 1,347074 0,000516
accomplished 0,385662 0,000148
account 0,010050 0,000008
accuse 0,385662 0,000295
achieve 0,597837 0,000229
acquaint 0,342490 0,000131
acquaintance 0,248461 0,000190
active 0,127833 0,000049
actual 0,174353 0,000067
acutely 1,832581 0,000702
addicted 1,660731 0,000636
addition 0,116534 0,000089
additional 0,198451 0,000076
address 0,072571 0,000111
adjacent 1,469676 0,000563
adjective 1,897120 0,000727
adjoin 0,798508 0,000306
admirable 0,527633 0,000202
admirably 1,203973 0,000461
admiration 0,342490 0,000131
admire 0,356675 0,000137
admirer 0,916291 0,000351
admit 0,116534 0,000134
advance 0,061875 0,000071
advantage 0,127833 0,000049
adventure 0,301105 0,000115
advice 0,186330 0,000071
advise 0,301105 0,000115
affair 0,094311 0,000072
affect 0,478036 0,000183
affection 0,235722 0,000090
affirm 0,843970 0,000646
affirmative 1,203973 0,000461
afraid 0,105361 0,000040
afternoon 0,274437 0,000105
afterward 1,139434 0,000436
age 0,040822 0,000016
aged 0,198451 0,000076
agent 0,223144 0,000085
agitated 0,693147 0,000265
agree 0,051293 0,000039
agreeable 0,462035 0,000177
agreeably 1,171183 0,000449
agreement 0,210721 0,000081
aid 0,210721 0,000081
air 0,061875 0,000024
ak 1,347074 0,000516
alarmed 0,478036 0,000183
alarmingly 2,302585 0,000882
allude 0,891598 0,000341
allusion 0,755023 0,000289
almond 1,897120 0,000727
alpenstock 3,218876 0,001233
alps 1,560648 0,000598
alteration 0,261365 0,000100
alternate 0,261365 0,000100
altogether 0,198451 0,000076
amazement 0,446287 0,000171
ambiguity 1,897120 0,000727
america 0,579818 0,000222
american 0,634878 0,000486
amiable 0,755023 0,000289
amoroso 3,506558 0,001343
amuse 0,371064 0,000142
amusement 0,478036 0,000183
amusing 0,693147 0,000265
analogy 1,660731 0,001272
analyze 1,771957 0,000679
ancestor 0,462035 0,000177
ancient 0,198451 0,000076
angle 0,478036 0,000183
angrily 0,867501 0,000332
angry 0,174353 0,000067
animated 0,755023 0,000289
annals 1,660731 0,000636
annie 2,407946 0,000922
announcement 1,078810 0,000413
annoyed 0,733969 0,000281
answer 0,020203 0,000015
antique 1,108663 0,000425
antiquity 0,941609 0,000721
apartment 0,597837 0,000229
apologize 1,309333 0,000501
apparent 0,314711 0,000121
appealing 1,171183 0,000449
appearance 0,072571 0,000028
applicable 0,400478 0,000153
apply 0,116534 0,000089
appoint 0,328504 0,000126
appreciation 1,049822 0,000402
apprehension 0,494296 0,000189
approach 0,040822 0,000047
approachable 2,995732 0,001147
approbation 1,203973 0,000461
approve 0,342490 0,000131
april 0,798508 0,000306
arch 0,713350 0,000546
archive 0,544727 0,000209
archway 2,120264 0,001624
ardently 1,714798 0,000657
arena 2,302585 0,000882
arm 0,030459 0,000023
arrange 0,198451 0,000152
arrangement 0,274437 0,000105
array 0,248461 0,000095
arrival 0,328504 0,000126
arrive 0,083382 0,000096
artfully 1,832581 0,000702
artist 0,562119 0,000215
ascertain 0,597837 0,000229
ascii 0,562119 0,000215
askance 1,660731 0,000636
asleep 0,162519 0,000062
aspect 0,446287 0,000171
asperity 2,207275 0,000845
assemble 0,462035 0,000177
assent 0,579818 0,000222
assign 0,597837 0,000229
assistance 0,105361 0,000040
assume 0,162519 0,000062
assure 0,127833 0,000098
astride 1,514128 0,000580
atmosphere 0,579818 0,000222
attach 0,116534 0,000045
attache 3,912023 0,001498
attachment 0,916291 0,000351
attack 0,198451 0,000076
attempt 0,051293 0,000020
attend 0,127833 0,000049
attendance 0,776529 0,000297
attendant 0,616186 0,000236
attention 0,083382 0,000064
attentive 0,713350 0,000273
attitude 0,446287 0,000171
audacious 1,309333 0,000501
audacity 1,237874 0,000474
audibleness 3,912023 0,001498
aunt 0,798508 0,000306
author 0,116534 0,000045
avoid 0,105361 0,000040
awake 0,150823 0,000058
aware 0,223144 0,000085
awkward 0,544727 0,000209
axiom 1,771957 0,000679
bad 0,020203 0,000015
baker 1,203973 0,000461
balance 0,342490 0,000131
balcony 1,347074 0,000516
banker 1,139434 0,000436
bar 0,235722 0,000090
barber 1,386294 0,000531
bareheaded 1,966113 0,000753
bargain 0,527633 0,000404
base 0,094311 0,000072
bear 0,000000 0,000000
beautiful 0,083382 0,000032
beautifully 0,867501 0,000332
beauty 0,162519 0,000124
beckon 0,867501 0,000332
bed 0,051293 0,000020
beg 0,116534 0,000045
behavior 1,714798 0,000657
behold 0,235722 0,000090
behoove 2,525729 0,000967
belief 0,198451 0,000076
bench 0,544727 0,000417
bend 0,314711 0,000121
beneath 0,198451 0,000076
benefit 0,356675 0,000137
bent 0,174353 0,000067
bestow 0,430783 0,000165
bet 0,967584 0,000371
bewilder 0,776529 0,000297
bid 0,186330 0,000071
binary 0,562119 0,000215
bind 0,030459 0,000012
bit 0,139262 0,000053
blazes 1,832581 0,000702
bless 0,415515 0,000159
block 0,494296 0,000189
bloom 0,527633 0,000202
blossom 0,673345 0,000258
blow 0,061875 0,000024
blue 0,174353 0,000067
blush 0,562119 0,000431
boat 0,446287 0,000171
boats 0,820981 0,000314
bold 0,223144 0,000085
bologna 2,207275 0,000845
bonnet 0,994252 0,000381
book 0,040822 0,000031
border 0,400478 0,000307
borghese 3,912023 0,001498
bosom 0,446287 0,000171
boss 1,469676 0,000563
boston 1,832581 0,000702
bother 0,843970 0,000646
bottle 0,430783 0,000165
bouquet 1,714798 0,000657
bow 0,127833 0,000147
boy 0,105361 0,000081
brace 0,891598 0,000341
breach 0,274437 0,000105
break 0,010050 0,000004
breakfast 0,342490 0,000131
breeze 0,713350 0,000273
bright 0,094311 0,000072
brightly 0,994252 0,000381
brilliancy 1,609438 0,000616
brilliant 0,430783 0,000165
bring 0,000000 0,000000
broad 0,127833 0,000049
brother 0,127833 0,000049
brutally 2,040221 0,000781
burst 0,248461 0,000095
bury 0,186330 0,000071
business 0,040822 0,000016
button 0,693147 0,000265
buttonhole 2,207275 0,000845
byron 1,660731 0,000636
cab 1,272966 0,000488
cabinet 0,941609 0,000721
caelian 3,912023 0,001498
calculate 0,116534 0,000089
calmly 0,510826 0,000196
calvinism 3,218876 0,001233
camphor 2,407946 0,000922
candidly 1,771957 0,000679
candy 1,714798 0,000657
cane 0,843970 0,000323
cap 0,356675 0,000137
capital 0,314711 0,000121
caprice 1,309333 0,000501
car 0,820981 0,000314
card 0,139262 0,000107
care 0,000000 0,000000
career 0,478036 0,000183
carefully 0,139262 0,000053
carriage 0,356675 0,000273
carry 0,010050 0,000012
cast 0,116534 0,000045
castle 0,755023 0,000578
catch 0,072571 0,000056
category 1,832581 0,001404
cautious 0,673345 0,000258
cavalier 1,660731 0,001272
cavaliere 3,506558 0,001343
cavernous 2,995732 0,001147
cease 0,061875 0,000071
celestial 1,171183 0,000449
cemetery 1,469676 0,000563
center 1,309333 0,000501
certainty 0,342490 0,000131
certitude 2,813411 0,001078
chaff 1,347074 0,000516
chain 0,174353 0,000067
chair 0,261365 0,000100
chalk 1,139434 0,000436
chamber 0,328504 0,000126
chambermaid 2,525729 0,000967
chance 0,061875 0,000024
chandler 2,040221 0,000781
change 0,010050 0,000004
chant 1,272966 0,000488
character 0,061875 0,000024
characteristic 0,400478 0,000153
charge 0,040822 0,000031
charitable 0,287682 0,000110
charitably 2,302585 0,000882
charity 0,186330 0,000071
charm 0,342490 0,000131
charmer 2,207275 0,000845
charming 0,527633 0,000202
chateau 2,813411 0,001078
chatter 0,713350 0,000820
check 0,072571 0,000083
cheek 0,261365 0,000100
cheerfully 0,820981 0,000314
chief 0,094311 0,000036
chiefly 0,527633 0,000202
child 0,040822 0,000031
childish 0,713350 0,000273
chin 0,478036 0,000183
choice 0,150823 0,000058
choir 1,347074 0,000516
choose 0,020203 0,000023
chop 1,021651 0,000391
christian 0,385662 0,000148
church 0,261365 0,000100
cicerone 3,218876 0,001233
cigarette 1,386294 0,000531
circle 0,150823 0,000116
circumstance 0,116534 0,000045
circus 1,386294 0,000531
city 0,051293 0,000020
civility 1,309333 0,000501
claim 0,083382 0,000096
clasped 0,843970 0,000323
class 0,248461 0,000095
classical 1,237874 0,000474
clever 0,371064 0,000142
cleverly 1,514128 0,000580
cleverness 1,609438 0,000616
climate 0,713350 0,000273
close 0,010050 0,000004
closing 0,446287 0,000171
clothes 0,127833 0,000049
cloud 0,150823 0,000058
cluster 0,693147 0,000265
coachman 1,108663 0,000425
coat 0,235722 0,000090
code 0,287682 0,000110
coffee 0,562119 0,000215
cold 0,040822 0,000016
collect 0,248461 0,000095
collection 0,162519 0,000062
college 0,693147 0,000265
colonist 2,525729 0,000967
color 0,967584 0,000371
colored 1,171183 0,000449
colosseum 3,506558 0,001343
comanche 3,506558 0,001343
combination 0,634878 0,000243
comfort 0,105361 0,000040
comfortable 0,261365 0,000100
comme 2,302585 0,000882
comment 0,478036 0,000183
commercial 0,274437 0,000105
commission 0,579818 0,000222
commit 0,116534 0,000089
common 0,072571 0,000028
commonness 2,995732 0,001147
communicate 0,446287 0,000171
companion 0,150823 0,000116
companionship 0,967584 0,000371
company 0,020203 0,000008
compatriot 2,407946 0,001844
compilation 0,478036 0,000183
completely 0,274437 0,000105
complexion 0,755023 0,000289
compliance 0,342490 0,000131
compliment 0,462035 0,000354
comply 0,287682 0,000220
compose 0,287682 0,000110
compressed 0,342490 0,000131
compromise 1,021651 0,000391
concept 0,527633 0,000202
conception 0,562119 0,000215
conclude 0,235722 0,000090
conclusion 0,210721 0,000081
concourse 1,897120 0,000727
condition 0,051293 0,000020
conduct 0,094311 0,000036
confess 0,127833 0,000049
confide 0,755023 0,000289
confidence 0,139262 0,000053
confirm 0,139262 0,000053
confirmation 0,356675 0,000137
congress 1,609438 0,000616
conscience 0,301105 0,000115
conscientiously 1,609438 0,000616
conscious 0,314711 0,000121
consciousness 0,371064 0,000142
consequential 0,478036 0,000183
considerable 0,105361 0,000040
consideration 0,223144 0,000085
consign 1,171183 0,000449
consistency 1,427116 0,000547
consolatory 2,207275 0,000845
constant 0,051293 0,000020
constantine 1,897120 0,000727
constantly 0,371064 0,000142
constitution 0,776529 0,000297
contact 0,210721 0,000081
contemplate 0,544727 0,000209
contemplative 1,714798 0,000657
contents 0,094311 0,000036
contingency 2,040221 0,000781
continue 0,186330 0,000143
continued 0,072571 0,000028
contract 0,139262 0,000053
contradictory 1,272966 0,000488
contrary 0,198451 0,000076
contribution 0,371064 0,000142
conversation 0,186330 0,000071
conversationally 3,506558 0,001343
converse 0,494296 0,000189
convert 0,186330 0,000143
convey 0,287682 0,000110
conviction 0,430783 0,000165
cool 0,248461 0,000095
copying 0,494296 0,000189
copyright 0,415515 0,000159
coquette 2,302585 0,001764
corkscrew 2,302585 0,000882
corner 0,072571 0,000056
corporation 0,400478 0,000153
correspond 0,843970 0,000323
corrupt 0,235722 0,000090
corso 2,659260 0,001018
cost 0,105361 0,000081
costume 1,021651 0,000391
count 0,116534 0,000089
countenance 0,371064 0,000142
country 0,010050 0,000008
countryman 0,867501 0,000332
countrywoman 3,218876 0,001233
couple 0,248461 0,000095
courier 2,040221 0,001563
cousin 0,597837 0,000229
covered 0,139262 0,000053
covet 0,967584 0,000371
crack 0,478036 0,000366
cravat 1,560648 0,000598
craziness 3,218876 0,001233
crazy 0,916291 0,000351
create 0,094311 0,000072
creation 0,198451 0,000076
creature 0,116534 0,000045
credence 2,302585 0,000882
credit 0,094311 0,000036
crest 0,820981 0,000314
crimson 0,891598 0,000341
critical 0,235722 0,000090
criticism 0,820981 0,000314
cross 0,083382 0,000064
crowd 0,174353 0,000067
crowded 0,301105 0,000115
crudity 2,995732 0,001147
cruel 0,261365 0,000100
culture 1,078810 0,000413
cup 0,342490 0,000131
cure 0,314711 0,000121
curiosity 0,210721 0,000161
curl 0,510826 0,000587
current 0,116534 0,000045
cursory 2,302585 0,000882
curtain 0,328504 0,000126
custodian 3,218876 0,001233
custom 0,210721 0,000081
cut 0,030459 0,000023
cynical 1,560648 0,000598
cynicism 2,407946 0,000922
cypress 1,609438 0,000616
daisy 1,832581 0,001404
damage 0,223144 0,000171
damages 0,400478 0,000153
dance 0,235722 0,000090
dancing 0,371064 0,000142
danger 0,105361 0,000040
dangerous 0,150823 0,000058
dangerously 1,560648 0,000598
dark 0,051293 0,000020
darkness 0,186330 0,000071
datum 0,494296 0,000189
daughter 0,174353 0,000067
david 0,597837 0,000229
davis 2,207275 0,000845
day 0,000000 0,000000
daylight 0,446287 0,000171
deal 0,061875 0,000024
death 0,020203 0,000008
decide 0,040822 0,000016
decidedly 0,867501 0,000332
decision 0,544727 0,000209
deck 0,544727 0,000209
declare 0,139262 0,000107
decline 0,356675 0,000137
decorate 0,891598 0,000683
deductible 0,562119 0,000215
deep 0,020203 0,000015
deeply 0,261365 0,000100
defect 0,261365 0,000200
defective 0,356675 0,000137
deferential 2,207275 0,000845
defiance 0,713350 0,000273
defiant 1,469676 0,000563
definite 0,755023 0,000289
defy 0,693147 0,000265
degree 0,150823 0,000058
delay 0,186330 0,000071
deletion 0,562119 0,000215
delicacy 0,597837 0,000229
delicate 0,301105 0,000115
delighted 0,287682 0,000110
delightfully 1,560648 0,000598
deliver 0,223144 0,000085
delusive 2,525729 0,000967
demand 0,051293 0,000039
demonstrative 1,897120 0,000727
dent 2,207275 0,000845
deny 0,072571 0,000056
depart 0,162519 0,000124
depend 0,040822 0,000031
deportment 1,714798 0,000657
deposit 0,776529 0,000297
deprecate 2,407946 0,000922
derisive 2,407946 0,000922
derivative 0,510826 0,000196
derive 0,210721 0,000161
descend 0,174353 0,000067
description 0,248461 0,000095
design 0,287682 0,000110
designing 1,771957 0,000679
desire 0,051293 0,000039
desolation 0,916291 0,000351
dessert 1,514128 0,000580
destroy 0,061875 0,000024
desultory 2,120264 0,000812
detach 0,287682 0,000220
determine 0,061875 0,000047
deucedly 3,218876 0,001233
devil 0,301105 0,000115
devoted 0,301105 0,000115
devoutly 1,386294 0,000531
diamond 0,673345 0,000258
dictate 0,579818 0,000222
die 0,010050 0,000012
difference 0,174353 0,000134
difficult 0,116534 0,000045
diffuse 1,386294 0,000531
dignity 0,314711 0,000121
diminutive 1,609438 0,000616
dimly 0,867501 0,000332
dimple 1,897120 0,000727
dine 0,562119 0,000646
dinner 0,186330 0,000143
direct 0,040822 0,000016
director 0,733969 0,000281
disagreeable 0,733969 0,000281
disagreeably 1,897120 0,000727
disappointed 0,415515 0,000159
disapprove 1,469676 0,000563
disclaim 0,462035 0,000177
disclaimer 0,562119 0,000431
disclosure 1,609438 0,000616
discontinue 0,510826 0,000196
discover 0,030459 0,000023
discretion 0,733969 0,000281
disgusted 0,820981 0,000314
dishabituated 3,912023 0,001498
disk 0,415515 0,000159
dislike 0,478036 0,000183
dismiss 0,430783 0,000165
disorder 0,544727 0,000209
dispassionate 2,120264 0,000812
display 0,162519 0,000187
displease 1,021651 0,000391
displeasure 0,941609 0,000361
disposed 0,385662 0,000148
dissuade 1,309333 0,000501
distance 0,105361 0,000040
distant 0,162519 0,000062
distinction 0,356675 0,000137
distinctly 0,478036 0,000183
distinguish 0,314711 0,000121
distinguished 0,301105 0,000115
distribute 0,210721 0,000242
distribution 0,430783 0,000165
distributor 0,544727 0,000209
diversely 3,218876 0,001233
divide 0,150823 0,000058
docility 2,407946 0,000922
doctor 0,400478 0,000153
dollar 1,237874 0,000474
domain 0,328504 0,000126
donate 0,544727 0,000209
donation 0,446287 0,000342
donor 0,478036 0,000183
door 0,000000 0,000000
doria 3,218876 0,001233
doubt 0,040822 0,000016
dover 1,897120 0,000727
download 0,562119 0,000215
downstairs 1,049822 0,000402
dozen 0,415515 0,000159
drag 0,248461 0,000095
draw 0,020203 0,000031
dreadful 0,342490 0,000131
dreadfully 1,021651 0,000391
dream 0,083382 0,000032
dress 0,162519 0,000124
dressed 0,261365 0,000100
drinking 0,371064 0,000142
drive 0,030459 0,000035
driver 0,713350 0,000273
drop 0,061875 0,000047
du 1,347074 0,000516
dusk 0,941609 0,000361
dusky 1,021651 0,000391
duty 0,061875 0,000024
dyspepsia 2,813411 0,001078
ear 0,061875 0,000047
earnest 0,261365 0,000100
earnestly 0,415515 0,000159
earnestness 0,867501 0,000332
earth 0,051293 0,000020
easily 0,072571 0,000028
easy 0,000000 0,000000
eat 0,040822 0,000016
eccentricity 1,469676 0,000563
echo 0,356675 0,000137
edge 0,150823 0,000116
edify 2,813411 0,001078
edition 0,287682 0,000220
education 0,415515 0,000159
educational 0,446287 0,000171
efficient 1,309333 0,000501
effort 0,094311 0,000072
ejaculate 1,514128 0,000580
ejaculation 1,714798 0,000657
eld 0,385662 0,000148
elect 0,210721 0,000081
electronic 0,544727 0,000209
electronically 0,544727 0,000209
elegance 0,994252 0,000381
elegant 0,634878 0,000243
element 0,342490 0,000131
elle 2,302585 0,000882
elope 2,302585 0,000882
eloquence 0,776529 0,000297
email 0,562119 0,000215
embank 3,912023 0,001498
embark 1,139434 0,000436
embarrassed 0,916291 0,000351
embarrassing 1,514128 0,000580
embrasure 2,120264 0,001624
embroider 1,049822 0,000402
embroidery 1,386294 0,000531
emerge 0,653926 0,000250
eminently 1,469676 0,000563
emphasis 0,891598 0,000341
emphatic 1,427116 0,000547
employee 0,510826 0,000391
enable 0,274437 0,000105
enchanting 1,714798 0,000657
encircle 1,021651 0,000391
enclosure 1,139434 0,000436
encode 0,653926 0,000250
encounter 0,446287 0,000342
endeavor 1,203973 0,000461
endow 0,673345 0,000258
enemy 0,105361 0,000040
engaged 0,198451 0,000076
engagement 0,634878 0,000243
england 0,385662 0,000148
english 0,094311 0,000036
enjoy 0,072571 0,000083
enormous 0,430783 0,000165
enshrine 2,302585 0,000882
ensure 0,342490 0,000131
enter 0,020203 0,000023
enterprise 0,755023 0,000289
entertained 0,616186 0,000236
entertainment 0,798508 0,000306
entity 0,544727 0,000209
entrance 0,210721 0,000081
enumerate 1,108663 0,000425
equalize 3,218876 0,001233
equipment 0,415515 0,000159
error 0,072571 0,000028
escapade 2,207275 0,000845
escort 0,755023 0,000289
essentially 1,347074 0,000516
established 0,301105 0,000115
establishment 0,673345 0,000258
esteem 0,478036 0,000183
europe 0,510826 0,000196
european 0,867501 0,000664
evade 0,891598 0,000341
evening 0,072571 0,000028
event 0,150823 0,000058
evidence 0,235722 0,000090
evident 0,356675 0,000137
evidently 0,371064 0,000142
evoke 1,514128 0,000580
exacting 1,272966 0,000488
examine 0,150823 0,000058
exceed 0,462035 0,000177
exceedingly 0,462035 0,000177
excellent 0,150823 0,000058
exchange 0,210721 0,000161
excited 0,248461 0,000095
exciting 0,693147 0,000265
exclaim 0,287682 0,000220
exclamation 0,755023 0,000289
exclusion 0,371064 0,000142
exclusive 1,203973 0,000461
excursion 0,891598 0,000341
executive 1,171183 0,000449
exempt 0,314711 0,000121
exert 0,820981 0,000314
exhilarated 2,659260 0,001018
exiguous 3,912023 0,001498
exist 0,072571 0,000056
existence 0,150823 0,000058
expect 0,051293 0,000079
expectation 0,356675 0,000137
expend 0,301105 0,000115
expense 0,127833 0,000098
expensiveness 2,995732 0,001147
expire 0,916291 0,000351
explain 0,116534 0,000089
explanation 0,139262 0,000053
export 0,446287 0,000171
expose 0,597837 0,000229
exposed 0,301105 0,000115
express 0,072571 0,000083
expression 0,116534 0,000045
expressive 0,733969 0,000281
expressly 0,820981 0,000314
exquisite 0,673345 0,000258
extent 0,083382 0,000032
extraordinary 0,371064 0,000142
extreme 0,186330 0,000071
extremely 0,385662 0,000148
eye 0,000000 0,000000
eyebrow 0,673345 0,000258
eyeglass 2,525729 0,000967
ezra 2,813411 0,001078
facility 0,342490 0,000131
fair 0,051293 0,000020
fairbanks 1,386294 0,000531
familiar 0,150823 0,000058
familiarity 0,843970 0,000323
familiarly 1,272966 0,000488
family 0,061875 0,000024
famous 0,261365 0,000100
fan 0,579818 0,000444
fancy 0,162519 0,000124
farewell 0,634878 0,000243
fashion 0,105361 0,000040
fast 0,030459 0,000012
fastidious 1,514128 0,000580
fatal 0,342490 0,000131
father 0,061875 0,000024
fault 0,139262 0,000053
faut 2,207275 0,000845
favor 0,994252 0,000381
favorable 1,469676 0,000563
fear 0,020203 0,000015
fearful 0,400478 0,000153
fearfully 1,049822 0,000402
feasible 1,832581 0,000702
feature 0,261365 0,000100
federal 0,527633 0,000202
fee 0,301105 0,000231
feel 0,020203 0,000015
feeling 0,072571 0,000028
fellow 0,040822 0,000016
feminine 1,049822 0,000402
feudal 2,040221 0,000781
fever 0,342490 0,000131
figure 0,051293 0,000020
file 0,223144 0,000171
financial 0,415515 0,000159
fine 0,061875 0,000047
finger 0,150823 0,000058
finish 0,287682 0,000110
finished 0,162519 0,000062
fireplace 1,108663 0,000425
fitness 0,446287 0,000171
flag 0,653926 0,000250
flash 0,261365 0,000100
flat 0,139262 0,000107
flatter 0,755023 0,000289
flattering 0,798508 0,000306
flirt 1,514128 0,002320
flit 0,967584 0,000741
floor 0,174353 0,000067
florence 1,609438 0,000616
florid 1,560648 0,000598
flounce 2,302585 0,000882
flourish 0,562119 0,000215
flower 0,174353 0,000134
flowering 1,966113 0,000753
flush 0,562119 0,000431
flutter 0,673345 0,000258
flying 0,235722 0,000090
fold 0,287682 0,000110
follow 0,020203 0,000008
folly 0,274437 0,000105
fond 0,261365 0,000100
foot 0,051293 0,000039
force 0,030459 0,000012
forefront 2,995732 0,001147
forehead 0,400478 0,000153
foreign 0,301105 0,000115
foreigner 0,891598 0,000683
forget 0,010050 0,000012
forgivingly 3,912023 0,001498
form 0,020203 0,000031
formal 0,673345 0,000258
format 0,562119 0,000431
formula 1,469676 0,000563
fortunate 0,415515 0,000159
fortune 0,162519 0,000062
forum 2,207275 0,000845
foundation 0,127833 0,000049
fragment 0,597837 0,000229
frankly 0,798508 0,000306
frankness 1,272966 0,000488
frederick 1,272966 0,000488
freedom 0,223144 0,000085
freely 0,105361 0,000040
freight 1,171183 0,000449
frequently 0,287682 0,000110
fresh 0,105361 0,000040
freshly 1,347074 0,000516
freshness 1,021651 0,000391
friday 0,967584 0,000371
friend 0,000000 0,000000
friendly 0,248461 0,000095
friendship 0,261365 0,000100
frightened 0,301105 0,000115
frightful 0,776529 0,000297
frigidity 3,218876 0,001233
frigidly 3,218876 0,001233
frill 1,897120 0,000727
frizzled 2,813411 0,001078
fro 0,494296 0,000189
function 0,820981 0,000314
functionary 1,966113 0,000753
funeral 0,597837 0,000229
furbelow 3,218876 0,001233
fuss 1,203973 0,000461
future 0,105361 0,000040
gaiety 1,237874 0,000474
gallantly 1,309333 0,000501
gallantry 1,347074 0,000516
gallery 0,693147 0,000265
garden 0,150823 0,000116
garrulity 2,995732 0,001147
gate 0,210721 0,000081
gather 0,061875 0,000024
gay 0,494296 0,000189
gaze 0,314711 0,000121
generation 0,127833 0,000049
generic 2,659260 0,001018
generous 0,356675 0,000137
generously 1,139434 0,000436
geneva 1,966113 0,000753
gentleman 0,223144 0,000171
gently 0,235722 0,000090
german 0,478036 0,000366
gigantic 0,994252 0,000381
girl 0,198451 0,000152
glad 0,072571 0,000028
glance 0,186330 0,000214
glass 0,174353 0,000067
gleam 0,510826 0,000196
gloom 0,579818 0,000222
glove 0,597837 0,000229
goal 0,274437 0,000105
gold 0,083382 0,000032
golden 0,342490 0,000131
goodbye 2,407946 0,000922
goodness 0,328504 0,000126
goose 0,755023 0,000289
gossip 0,994252 0,000381
govern 0,186330 0,000071
governor 0,733969 0,000281
grace 0,235722 0,000090
graceful 0,494296 0,000189
gracious 0,544727 0,000209
gradually 0,328504 0,000126
grand 0,342490 0,000131
granddaughter 2,302585 0,000882
grant 0,061875 0,000024
grateful 0,446287 0,000171
gratefully 0,415515 0,000159
gratification 0,994252 0,000381
gratify 0,733969 0,000281
grave 0,116534 0,000045
gravel 1,203973 0,000461
gravely 0,693147 0,000265
greatly 0,210721 0,000081
greeting 0,798508 0,000306
gregory 1,139434 0,000436
grimly 1,108663 0,000425
grin 0,733969 0,000562
gross 0,235722 0,000090
ground 0,030459 0,000012
grow 0,010050 0,000004
guarantee 1,203973 0,000461
guard 0,083382 0,000032
guess 0,223144 0,000085
guest 0,235722 0,000090
guide 0,083382 0,000064
guilty 0,356675 0,000137
habit 0,162519 0,000124
habitual 0,916291 0,000351
hair 0,072571 0,000028
hall 0,274437 0,000105
hamburg 2,040221 0,000781
hand 0,010050 0,000008
handsome 0,328504 0,000252
hang 0,198451 0,000152
hannibal 1,897120 0,000727
happen 0,030459 0,000012
happily 0,478036 0,000183
happy 0,061875 0,000024
hard 0,040822 0,000016
harm 0,210721 0,000081
harmless 0,248461 0,000095
harmony 0,579818 0,000222
harshness 1,560648 0,000598
hart 0,462035 0,000177
hasten 0,371064 0,000142
hasty 0,510826 0,000196
hat 0,446287 0,000171
hate 0,150823 0,000058
head 0,000000 0,000000
headache 1,514128 0,001160
health 0,198451 0,000076
healthy 0,356675 0,000137
hear 0,010050 0,000008
hearing 0,139262 0,000053
heart 0,010050 0,000004
heaven 0,174353 0,000067
heed 0,510826 0,000196
heiress 1,832581 0,000702
henry 0,713350 0,000273
hesitate 0,314711 0,000121
hesitation 0,616186 0,000236
hide 0,072571 0,000028
hierarchical 3,912023 0,001498
highly 0,261365 0,000100
hilarity 1,966113 0,000753
hill 0,150823 0,000058
hint 0,301105 0,000115
hire 0,733969 0,000281
historian 0,994252 0,000381
historic 1,832581 0,000702
history 0,186330 0,000071
hitherto 0,385662 0,000148
hold 0,010050 0,000012
holder 0,430783 0,000165
honest 0,235722 0,000090
honor 0,891598 0,000341
hope 0,000000 0,000000
hopelessly 1,078810 0,000413
hornpipe 2,407946 0,000922
horrible 0,356675 0,000137
horrid 0,713350 0,000273
horror 0,198451 0,000076
hospitable 1,078810 0,000413
hostess 1,347074 0,000516
hotel 0,820981 0,000629
hour 0,061875 0,000047
house 0,020203 0,000008
houses 0,139262 0,000053
hover 0,653926 0,000250
hum 0,579818 0,000222
humbly 0,867501 0,000332
humid 1,966113 0,000753
humility 0,867501 0,000332
humor 1,203973 0,000461
hungry 0,314711 0,000121
hunter 0,579818 0,000222
hurry 0,162519 0,000124
hurt 0,150823 0,000058
husband 0,198451 0,000076
idea 0,083382 0,000064
identification 0,527633 0,000202
identify 0,342490 0,000131
idiom 1,966113 0,000753
idle 0,261365 0,000100
idly 1,309333 0,000501
ignorant 0,301105 0,000115
illumination 1,897120 0,000727
image 0,301105 0,000115
imagination 0,223144 0,000085
imagine 0,083382 0,000064
imbecile 1,514128 0,000580
imbibe 1,771957 0,000679
imitation 0,673345 0,000258
immature 2,525729 0,000967
immensely 1,171183 0,000449
immodest 2,407946 0,000922
impartial 1,237874 0,000474
impatience 0,634878 0,000243
impatient 0,371064 0,000142
imperial 1,021651 0,000391
imperious 1,237874 0,000474
impertinent 1,171183 0,000449
imperturbable 1,897120 0,000727
impiety 1,966113 0,000753
imply 0,235722 0,000181
impose 0,162519 0,000062
impossible 0,094311 0,000036
impregnate 2,207275 0,000845
impress 0,634878 0,000243
impression 0,210721 0,000081
impressive 1,237874 0,000474
impressively 1,966113 0,000753
improper 1,139434 0,000436
impulse 0,400478 0,000153
imputation 1,660731 0,000636
inaccurate 0,510826 0,000196
inaudibly 2,813411 0,001078
incapable 0,562119 0,000215
incident 0,356675 0,000137
incidental 0,446287 0,000171
inclination 0,544727 0,000209
inclined 0,186330 0,000071
include 0,072571 0,000111
incomplete 0,301105 0,000115
incongruous 1,771957 0,000679
inconsequent 3,218876 0,001233
increase 0,061875 0,000024
indebtedness 3,218876 0,001233
indelicate 2,407946 0,000922
indemnify 0,446287 0,000171
indemnity 0,527633 0,000202
indication 0,798508 0,000306
indifference 0,527633 0,000202
indifferent 0,400478 0,000153
indignation 0,510826 0,000196
indirect 0,446287 0,000171
indirectly 0,371064 0,000142
indiscretion 1,427116 0,000547
indispensable 0,843970 0,000323
indisposed 2,120264 0,000812
indistinct 1,139434 0,000436
individual 0,139262 0,000053
indolent 1,427116 0,000547
indoors 1,469676 0,000563
induce 0,328504 0,000126
induction 2,525729 0,000967
ineffaceable 2,659260 0,001018
inevitable 0,544727 0,000209
inexhaustible 1,237874 0,000474
infancy 0,916291 0,000351
infant 0,673345 0,000258
inform 0,198451 0,000152
informant 2,207275 0,000845
infringement 0,544727 0,000209
ingenious 0,693147 0,000265
inhale 1,427116 0,000547
initiate 1,309333 0,000501
injure 0,356675 0,000137
injury 0,301105 0,000115
injustice 0,653926 0,000250
inn 0,713350 0,000273
innocence 0,634878 0,000243
innocent 0,186330 0,000071
inquire 0,235722 0,000090
inquiry 0,446287 0,000171
inscribe 1,171183 0,000449
inscription 1,171183 0,000449
inscrutable 1,514128 0,000580
insipid 1,966113 0,000753
inspect 0,798508 0,000306
instance 0,116534 0,000045
instant 0,210721 0,000081
instantly 0,356675 0,000137
instinct 0,356675 0,000137
instinctive 1,203973 0,000461
instinctively 0,733969 0,000281
instruction 0,328504 0,000126
instrument 0,248461 0,000095
intellectual 0,235722 0,000090
intellectually 2,207275 0,000845
intelligent 0,342490 0,000131
intend 0,094311 0,000108
intensely 0,820981 0,000314
intention 0,127833 0,000049
intently 0,891598 0,000341
intercourse 0,798508 0,000306
interfere 0,415515 0,000159
interference 1,108663 0,000425
interfusion 3,912023 0,001498
interior 0,673345 0,000258
interlocutor 1,966113 0,000753
internal 0,261365 0,000100
international 0,494296 0,000189
interpose 0,916291 0,000351
interpret 0,235722 0,000090
interrogation 1,897120 0,000727
interrupted 0,301105 0,000115
interval 0,301105 0,000115
interview 0,634878 0,000486
intimacy 0,843970 0,000323
intimate 0,430783 0,000330
intimation 1,272966 0,000488
intime 3,912023 0,001498
intrigue 1,108663 0,000425
introduce 0,261365 0,000300
introduction 0,385662 0,000295
invalidity 0,527633 0,000202
invidious 2,525729 0,000967
invisible 0,562119 0,000215
invite 0,261365 0,000100
ironical 1,386294 0,000531
ironically 1,771957 0,000679
irony 1,386294 0,000531
irrelevant 2,120264 0,000812
irrelevantly 3,506558 0,001343
irresponsible 1,832581 0,000702
irs 0,562119 0,000215
italian 0,653926 0,000501
italy 0,820981 0,000314
james 0,673345 0,000258
january 0,693147 0,000265
jealous 0,446287 0,000171
jest 0,616186 0,000236
jocosely 2,995732 0,001147
joke 0,356675 0,000137
journey 0,150823 0,000058
judge 0,061875 0,000024
judicious 1,139434 0,000436
judith 2,120264 0,000812
july 0,616186 0,000236
jump 0,430783 0,000330
jumping 0,798508 0,000306
june 0,527633 0,000202
justice 0,162519 0,000062
justly 0,653926 0,000250
kick 0,314711 0,000121
kindly 0,223144 0,000085
kinswoman 2,525729 0,000967
kiss 0,356675 0,000273
knee 0,150823 0,000058
knickerbockers 2,995732 0,001147
knock 0,287682 0,000110
knot 0,510826 0,000391
lady 0,162519 0,000124
lake 0,162519 0,000062
lance 1,171183 0,000449
land 0,051293 0,000039
landing 0,544727 0,000209
language 0,072571 0,000028
lap 0,527633 0,000202
largeness 1,897120 0,000727
late 0,094311 0,000036
laugh 0,094311 0,000108
law 0,020203 0,000015
lawless 1,660731 0,000636
laxity 2,659260 0,001018
lead 0,020203 0,000008
lean 0,127833 0,000098
learn 0,020203 0,000023
leave -0,009950 -0,000008
ledge 1,049822 0,000402
left 0,000000 0,000000
legal 0,261365 0,000100
legally 0,342490 0,000131
legation 3,506558 0,001343
lesson 0,287682 0,000110
letter 0,072571 0,000056
lettering 2,813411 0,001078
level 0,210721 0,000081
liability 0,462035 0,000177
liable 0,235722 0,000090
liberal 0,597837 0,000229
liberty 0,198451 0,000076
library 0,223144 0,000085
license 0,301105 0,000115
licensed 0,430783 0,000165
lieu 0,415515 0,000159
life -0,009950 -0,000008
lift 0,116534 0,000045
light 0,000000 0,000000
lighted 0,261365 0,000100
lightly 0,430783 0,000165
limitation 0,371064 0,000284
limited 0,261365 0,000100
linger 0,446287 0,000342
link 0,174353 0,000134
lion 0,579818 0,000222
lip 0,127833 0,000049
listen 0,105361 0,000081
literally 0,713350 0,000273
literary 0,287682 0,000110
live 0,010050 0,000008
lively 0,385662 0,000148
liver 1,171183 0,000449
locate 0,371064 0,000142
location 0,494296 0,000189
logic 1,049822 0,000402
logical 1,021651 0,000391
lonesome 2,120264 0,000812
loose 0,094311 0,000036
lose 0,000000 0,000000
lot 0,051293 0,000039
loud 0,105361 0,000040
loudly 0,400478 0,000153
lounge 1,108663 0,000425
lounger 2,525729 0,000967
love 0,030459 0,000012
loveliness 1,469676 0,000563
lovely 0,462035 0,000177
lover 0,356675 0,000137
lucidly 3,506558 0,001343
luck 0,446287 0,000171
luminous 1,078810 0,000413
lump 0,916291 0,000702
luncheon 1,427116 0,000547
luxury 0,462035 0,000177
machine 0,210721 0,000081
madam 0,967584 0,000371
madame 1,108663 0,000425
mademoiselle 1,966113 0,000753
magnificent 0,328504 0,000126
magnitude 1,078810 0,000413
main 0,127833 0,000049
maintain 0,094311 0,000036
majestically 1,560648 0,000598
malaria 2,659260 0,001018
mamma 1,203973 0,000461
manage 0,261365 0,000100
manfred 2,813411 0,001078
manifest 0,478036 0,000183
manner 0,040822 0,000016
manners 0,274437 0,000105
marble 0,562119 0,000215
marchese 3,218876 0,001233
margin 0,994252 0,000381
marked 0,061875 0,000024
married 0,248461 0,000095
marry 0,356675 0,000273
martyrs 1,714798 0,000657
mass 0,210721 0,000081
master 0,072571 0,000028
maternity 2,525729 0,000967
matrimony 1,771957 0,000679
matron 1,347074 0,000516
matter 0,000000 0,000000
maturity 1,427116 0,000547
maximum 0,478036 0,000183
meaning 0,186330 0,000071
measure 0,127833 0,000049
meddle 0,994252 0,000381
medicine 0,562119 0,000215
meditate 0,733969 0,000281
meditation 0,776529 0,000297
meditatively 2,525729 0,000967
medium 0,223144 0,000085
meet 0,010050 0,000008
meeting 0,162519 0,000062
melancholy 0,342490 0,000131
menial 1,714798 0,000657
mental 0,430783 0,000165
mentally 1,237874 0,000474
mention 0,105361 0,000040
mere 0,094311 0,000036
merit 0,371064 0,000142
message 0,356675 0,000273
metaphysician 2,302585 0,000882
method 0,094311 0,000072
metropolis 1,469676 0,000563
miasma 2,995732 0,001147
michael 0,400478 0,000153
middle 0,030459 0,000012
midi 2,995732 0,001147
midnight 0,328504 0,000126
mila 3,912023 0,001498
mild 0,430783 0,000165
miller 1,309333 0,000501
mind 0,020203 0,000015
minded 0,400478 0,000153
mingle 0,356675 0,000137
minute 0,150823 0,000116
minutely 1,309333 0,000501
misfortune 0,400478 0,000153
mission 0,210721 0,000081
mississippi 0,415515 0,000159
mistake 0,186330 0,000071
mixture 0,597837 0,000229
mockery 0,916291 0,000351
modest 0,371064 0,000142
modification 0,478036 0,000183
modify 0,356675 0,000137
moment 0,010050 0,000008
monde 2,207275 0,000845
money 0,051293 0,000020
monotone 3,912023 0,001498
monotonous 1,078810 0,000413
monstrous 0,400478 0,000153
month 0,040822 0,000016
monument 0,776529 0,000297
monumental 1,966113 0,000753
moon 0,261365 0,000100
moonlight 0,673345 0,000258
moonshine 2,040221 0,000781
moor 0,994252 0,000381
morning 0,040822 0,000016
morrow 0,328504 0,000126
morsel 1,021651 0,000391
mortal 0,314711 0,000121
mortified 1,272966 0,000488
mossy 1,714798 0,000657
mother 0,072571 0,000028
motive 0,356675 0,000137
mound 1,272966 0,000488
mountain 0,400478 0,000153
mountains 0,400478 0,000153
mourner 1,309333 0,000501
movement 0,287682 0,000220
moving 1,832581 0,000702
muffle 1,108663 0,000425
murmur 0,287682 0,000220
music 0,198451 0,000076
muslin 1,272966 0,000488
mustache 2,040221 0,000781
mysterious 0,314711 0,000121
mystery 0,235722 0,000090
mystify 1,609438 0,000616
narrate 1,203973 0,000461
national 0,755023 0,000289
native 0,314711 0,000241
natural 0,094311 0,000036
naturally 0,210721 0,000081
neat 0,653926 0,000250
negligence 0,415515 0,000159
neighbor 1,237874 0,000474
neighboring 1,386294 0,000531
nephew 0,891598 0,000341
nervous 0,494296 0,000189
nest 0,579818 0,000222
network 0,415515 0,000159
newport 2,995732 0,001147
news 0,210721 0,000081
newsletter 0,562119 0,000215
nice 0,371064 0,000284
night 0,010050 0,000004
nocturnal 1,272966 0,000488
nod 0,371064 0,000142
nonproprietary 0,562119 0,000215
nonsense 0,478036 0,000183
nook 1,427116 0,000547
north 0,083382 0,000032
nose 0,261365 0,000100
nosegay 2,407946 0,000922
notice 0,020203 0,000023
notify 0,371064 0,000142
numerous 0,235722 0,000090
nurse 0,301105 0,000115
nursing 0,867501 0,000332
obey 0,223144 0,000085
object 0,105361 0,000081
objection 0,400478 0,000153
objective 1,660731 0,000636
oblige 0,210721 0,000081
obsequious 1,560648 0,000598
observance 1,427116 0,000547
observant 1,309333 0,000501
observation 0,446287 0,000171
observations 0,867501 0,000332
observe 0,094311 0,000108
obsolete 0,446287 0,000171
obvious 0,415515 0,000159
occasion 0,105361 0,000081
occupation 0,371064 0,000142
occupy 0,174353 0,000067
occur 0,083382 0,000096
ocean 0,415515 0,000159
odd 0,385662 0,000148
odor 1,386294 0,000531
offended 0,616186 0,000236
offense 1,609438 0,000616
offensively 2,525729 0,000967
offer 0,020203 0,000031
office 0,072571 0,000028
official 0,223144 0,000085
online 0,510826 0,000196
opinion 0,105361 0,000040
opportunity 0,061875 0,000047
opposition 0,494296 0,000189
oppressively 2,995732 0,001147
optical 2,407946 0,000922
opulence 2,120264 0,000812
organ 0,634878 0,000243
organism 1,832581 0,000702
organized 0,356675 0,000137
original 0,105361 0,000040
originator 0,478036 0,000183
ornamental 1,386294 0,000531
ornamented 1,171183 0,000449
ostracism 3,218876 0,001233
oubliette 3,506558 0,001343
outdated 0,562119 0,000215
overhang 1,171183 0,000449
overlook 0,527633 0,000404
overmuch 2,040221 0,000781
overtake 0,400478 0,000153
owe 0,105361 0,000040
owner 0,083382 0,000032
pain 0,051293 0,000020
painful 0,328504 0,000126
pair 0,210721 0,000161
palace 0,494296 0,000189
palatine 2,813411 0,001078
pale 0,186330 0,000071
papal 2,120264 0,000812
paper 0,083382 0,000032
paperwork 0,562119 0,000215
paragraph 0,328504 0,000252
parapet 1,714798 0,000657
parasol 2,040221 0,000781
pardon 0,287682 0,000110
parent 0,261365 0,000100
parental 1,514128 0,000580
paris 0,562119 0,000215
parlor 1,660731 0,000636
partisan 1,560648 0,000598
partner 0,510826 0,000196
party 0,030459 0,000023
pass 0,020203 0,000008
passe 3,218876 0,001233
passing 0,094311 0,000036
passion 0,174353 0,000134
passionate 0,634878 0,000243
pat 0,776529 0,000297
patch 0,616186 0,000236
paternally 3,218876 0,001233
path 0,150823 0,000058
pathological 3,218876 0,001233
patience 0,139262 0,000053
patient 0,274437 0,000105
pause 0,314711 0,000241
paved 1,108663 0,000425
pavement 0,755023 0,000289
pay 0,030459 0,000035
payment 0,274437 0,000105
pebble 1,108663 0,000425
peculiar 0,223144 0,000085
pedestrian 1,966113 0,000753
penetrate 0,415515 0,000159
penny 0,634878 0,000243
pension 1,714798 0,000657
pensive 1,171183 0,000449
pensiveness 3,912023 0,001498
perceive 0,198451 0,000152
perfect 0,061875 0,000024
perfection 0,446287 0,000171
perfectly 0,162519 0,000062
perform 0,072571 0,000083
performance 0,127833 0,000098
perfume 0,941609 0,000361
perilous 0,798508 0,000306
period 0,235722 0,000090
periodic 0,544727 0,000209
permanent 0,223144 0,000085
permissible 2,302585 0,000882
permission 0,150823 0,000058
permit 0,094311 0,000036
perpetually 1,078810 0,000413
perplex 0,653926 0,000250
perplexing 1,560648 0,000598
persiflage 3,506558 0,001343
person -0,009950 -0,000011
personage 0,967584 0,000371
personal 0,223144 0,000085
personality 0,967584 0,000371
persuade 0,223144 0,000085
peter 0,798508 0,000306
philosophic 1,203973 0,000461
phrase 0,139262 0,000053
physical 0,198451 0,000076
piano 1,078810 0,000413
pick 0,223144 0,000171
picture 0,139262 0,000107
picturesque 0,755023 0,000289
piece 0,020203 0,000008
pilaster 2,659260 0,001018
pill 1,560648 0,000598
pincian 3,912023 0,001498
pine 0,462035 0,000177
pink 0,820981 0,000314
pitch 0,261365 0,000100
pitiful 0,798508 0,000306
pity 0,139262 0,000053
placidity 2,525729 0,000967
placidly 1,832581 0,000702
plaguy 3,218876 0,001233
plain 0,040822 0,000016
play 0,040822 0,000031
pleadingly 3,506558 0,001343
pleasant 0,162519 0,000124
pleasantry 1,347074 0,000516
pleased 0,150823 0,000058
pleasure 0,051293 0,000020
plenty 0,235722 0,000090
pluck 0,371064 0,000142
pocket 0,371064 0,000142
poet 0,544727 0,000209
poise 1,203973 0,000461
poke 0,941609 0,000721
poky 2,813411 0,001078
pole 0,494296 0,000189
polish 1,108663 0,000425
polite 0,693147 0,000265
politeness 0,798508 0,000306
poor 0,020203 0,000008
portable 2,207275 0,000845
porter 0,941609 0,000361
portrait 0,597837 0,000229
possess 0,061875 0,000024
possession 0,083382 0,000032
possibility 0,150823 0,000116
post 0,051293 0,000020
potential 2,302585 0,000882
practically 0,235722 0,000090
practice 0,116534 0,000089
prattle 1,771957 0,000679
pray 0,261365 0,000100
preaching 1,309333 0,000501
precede 0,385662 0,000148
prefer 0,174353 0,000134
preference 0,843970 0,000323
pregnantly 3,506558 0,001343
preoccupy 1,386294 0,000531
prepare 0,116534 0,000045
prepared 0,105361 0,000040
presence 0,094311 0,000036
presently 0,385662 0,000148
preserve 0,083382 0,000032
presume 0,462035 0,000177
pretend 0,186330 0,000143
pretext 0,891598 0,000683
prettily 1,469676 0,000563
prettiness 3,218876 0,001233
pretty 0,150823 0,000173
prevail 0,287682 0,000110
prevent 0,040822 0,000016
previous 0,094311 0,000036
princess 1,237874 0,000948
principal 0,287682 0,000110
print 0,116534 0,000089
private 0,198451 0,000076
privilege 0,527633 0,000202
privileged 1,347074 0,000516
probable 0,494296 0,000189
proceed 0,116534 0,000045
processing 0,562119 0,000215
proclaim 0,527633 0,000202
produce 0,061875 0,000047
production 0,274437 0,000105
profess 0,616186 0,000236
professor 0,261365 0,000100
profit 0,083382 0,000064
profundity 2,525729 0,000967
program 2,407946 0,000922
progress 0,162519 0,000062
prohibition 0,415515 0,000159
project -0,009950 -0,000008
prolonged 0,597837 0,000229
prominently 0,494296 0,000189
promise 0,051293 0,000039
promising 0,430783 0,000165
promote 0,274437 0,000105
promotion 0,342490 0,000131
pronounce 0,798508 0,000612
pronounced 0,446287 0,000171
proof 0,274437 0,000105
proofread 0,562119 0,000215
proper 0,061875 0,000024
property 0,127833 0,000049
proportion 0,235722 0,000090
propose 0,186330 0,000143
proprietary 0,562119 0,000215
prospect 0,430783 0,000165
protect 0,139262 0,000053
protest 0,342490 0,000262
protestant 1,514128 0,000580
protestation 1,560648 0,000598
protuberance 2,813411 0,001078
prove 0,083382 0,000064
provide 0,127833 0,000098
provincial 1,203973 0,000461
provision 0,094311 0,000072
prudent 0,616186 0,000236
public 0,083382 0,000032
publicity 2,040221 0,000781
publicly 0,994252 0,000381
puerility 3,218876 0,001233
puff 0,733969 0,000281
pull 0,127833 0,000049
punctiliously 3,218876 0,001233
punitive 0,562119 0,000215
purely 0,713350 0,000273
purpose 0,040822 0,000031
pursue 0,186330 0,000071
pursuit 0,287682 0,000110
push 0,139262 0,000053
puzzled 0,494296 0,000189
quaint 1,021651 0,000391
quarter 0,105361 0,000040
queer 0,776529 0,000595
querulous 2,120264 0,000812
question 0,020203 0,000015
qui 1,469676 0,000563
quick 0,127833 0,000049
quicken 0,798508 0,000306
quiet 0,094311 0,000036
quit 0,462035 0,000177
quotation 1,469676 0,000563
racket 2,040221 0,000781
radiance 1,139434 0,000436
radiant 0,867501 0,000332
raise 0,020203 0,000015
randolph 3,218876 0,001233
rapid 0,371064 0,000142
rapidity 0,820981 0,000314
rapidly 0,371064 0,000142
rarely 0,527633 0,000202
rate 0,261365 0,000100
rattle 0,616186 0,000236
raw 0,713350 0,000273
reach 0,000000 0,000000
read 0,020203 0,000015
readable 0,510826 0,000196
reader 0,301105 0,000115
ready 0,030459 0,000012
reaffirm 3,218876 0,001233
real 0,040822 0,000016
reason 0,010050 0,000004
reasonable 0,116534 0,000045
reassure 0,820981 0,000629
rebuke 0,843970 0,000323
receipt 0,261365 0,000100
receive 0,040822 0,000047
reciprocate 2,302585 0,000882
reckless 1,049822 0,000402
recklessness 1,660731 0,000636
recommend 0,400478 0,000153
record 0,223144 0,000085
recur 0,941609 0,000361
red 0,061875 0,000024
redistribute 0,544727 0,000209
redistributing 0,562119 0,000215
redistribution 0,562119 0,000215
reduce 0,314711 0,000121
refer 0,223144 0,000085
reference 0,198451 0,000076
reflect 0,235722 0,000181
reflection 0,274437 0,000105
refund 0,562119 0,000215
refusal 0,820981 0,000314
refuse 0,083382 0,000032
regard 0,083382 0,000064
region 0,462035 0,000177
register 0,287682 0,000110
regret 0,342490 0,000131
regular 0,287682 0,000110
regulate 0,210721 0,000081
rejoin 0,776529 0,000595
relate 0,415515 0,000159
relation 0,223144 0,000085
release 0,105361 0,000081
relief 0,186330 0,000071
relieve 0,198451 0,000076
relish 0,916291 0,000351
remain 0,040822 0,000047
remark 0,223144 0,000171
remarkable 0,235722 0,000090
remarkably 0,733969 0,000281
remarks 0,462035 0,000177
remedy 0,150823 0,000058
remember 0,030459 0,000023
remind 0,301105 0,000115
remonstrate 1,386294 0,000531
remotely 2,120264 0,000812
remove 0,040822 0,000031
rename 0,544727 0,000209
rendezvous 1,560648 0,000598
repair 0,342490 0,000131
repeat 0,051293 0,000039
replace 0,198451 0,000076
replacement 0,544727 0,000209
reply 0,105361 0,000081
report 0,051293 0,000059
representation 0,261365 0,000100
representative 0,820981 0,000314
reproach 0,301105 0,000115
reprobate 1,897120 0,000727
reputation 0,342490 0,000131
request 0,105361 0,000040
require 0,051293 0,000020
required 0,083382 0,000032
requirement 0,400478 0,000153
reside 0,713350 0,000546
residence 0,653926 0,000250
resolve 0,287682 0,000110
respect 0,040822 0,000016
respectability 1,427116 0,000547
respectable 0,430783 0,000165
respectfully 1,139434 0,000436
respond 0,693147 0,000531
response 0,843970 0,000323
rest 0,010050 0,000012
restriction 0,371064 0,000142
resume 0,301105 0,000231
retired 0,342490 0,000131
retort 0,820981 0,000314
retrace 1,237874 0,000474
retreat 0,342490 0,000131
return 0,010050 0,000012
revenge 0,462035 0,000177
revenue 0,342490 0,000131
revert 1,049822 0,000402
revolve 0,776529 0,000297
revulsion 1,609438 0,000616
reward 0,174353 0,000067
ribbon 0,843970 0,000646
rich 0,116534 0,000045
richmond 2,120264 0,000812
rid 0,223144 0,000085
riddle 0,891598 0,000341
ride 0,261365 0,000100
rise 0,030459 0,000035
risk 0,301105 0,000231
roll 0,150823 0,000116
roman 0,713350 0,000273
romancer 2,659260 0,001018
romantic 0,891598 0,000341
rome 0,713350 0,000273
roof 0,186330 0,000071
rough 0,186330 0,000071
rouleaux 3,506558 0,001343
row 0,385662 0,000148
royalty 0,371064 0,000284
rub 0,342490 0,000131
rude 0,342490 0,000131
ruefully 2,120264 0,000812
rug 1,203973 0,000461
rugged 0,798508 0,000306
ruin 0,116534 0,000045
rule 0,030459 0,000012
rumor 1,609438 0,000616
russian 1,237874 0,000474
rustle 0,967584 0,000371
rustling 1,203973 0,000461
sacrifice 0,210721 0,000081
safe 0,116534 0,000045
safely 0,371064 0,000142
sail 0,415515 0,000159
sake 0,083382 0,000032
salon 2,207275 0,000845
salt 0,105361 0,000040
salute 0,634878 0,000243
sanctity 1,347074 0,000516
sanders 3,506558 0,001343
sanitary 2,040221 0,000781
saratoga 3,506558 0,001343
satisfaction 0,186330 0,000071
savage 0,248461 0,000095
save 0,010050 0,000004
scale 0,274437 0,000105
scandal 0,843970 0,000323
scandalous 1,237874 0,000474
scatter 0,693147 0,000265
scattered 0,139262 0,000053
scene 0,127833 0,000049
scent 0,544727 0,000209
school 0,150823 0,000058
scientifically 2,407946 0,000922
scold 1,078810 0,000413
scorn 0,446287 0,000171
search 0,040822 0,000016
season 0,235722 0,000090
seat 0,051293 0,000059
seating 1,609438 0,000616
secluded 1,237874 0,000474
secret 0,051293 0,000020
secretary 0,820981 0,000314
secure 0,061875 0,000024
select 0,301105 0,000231
send 0,020203 0,000015
sensation 0,371064 0,000142
sense 0,051293 0,000020
sensibility 1,237874 0,000474
sentence 0,094311 0,000036
sentiment 0,356675 0,000273
sentimental 1,139434 0,000436
september 0,673345 0,000258
serenely 1,386294 0,000531
serenity 1,203973 0,000461
series 0,494296 0,000189
servant 0,105361 0,000081
serve 0,051293 0,000039
service 0,072571 0,000028
set 0,010050 0,000004
settle 0,083382 0,000064
seventeen 0,693147 0,000265
shade 0,223144 0,000085
shadow 0,162519 0,000124
shaft 0,713350 0,000273
shake 0,072571 0,000028
shank 2,407946 0,000922
shaped 0,527633 0,000202
share 0,030459 0,000035
sharp 0,139262 0,000053
sharply 0,510826 0,000196
shawl 1,021651 0,000391
sheen 2,207275 0,000845
ship 0,198451 0,000076
shock 0,235722 0,000090
shocking 1,139434 0,000436
shore 0,287682 0,000110
short 0,020203 0,000008
shoulder 0,139262 0,000107
shrewd 0,994252 0,000381
shudder 0,446287 0,000171
shut 0,051293 0,000020
shyly 2,040221 0,000781
sick 0,150823 0,000058
sickness 0,478036 0,000183
sight 0,040822 0,000016
sign 0,051293 0,000039
signorina 3,912023 0,001498
silence 0,051293 0,000020
silent 0,051293 0,000020
simple 0,094311 0,000036
simplify 1,966113 0,000753
simply 0,150823 0,000058
sing 0,261365 0,000300
singing 0,371064 0,000142
single 0,083382 0,000032
singular 0,430783 0,000165
singularly 0,843970 0,000323
sir 0,150823 0,000058
sister 0,223144 0,000085
sit 0,010050 0,000015
situation 0,198451 0,000076
skepticism 2,813411 0,001078
skiff 1,714798 0,000657
skirt 0,527633 0,000202
sky 0,186330 0,000071
slap 0,798508 0,000306
sleep 0,051293 0,000059
slender 0,693147 0,000265
slight 0,072571 0,000056
slippery 1,139434 0,000436
slow 0,139262 0,000053
slowly 0,150823 0,000058
smart 0,597837 0,000229
smartly 1,514128 0,000580
smell 0,261365 0,000100
smile 0,150823 0,000173
smoke 0,186330 0,000071
smooth 0,235722 0,000181
sniff 1,272966 0,000488
soberly 1,469676 0,000563
sociable 1,272966 0,000488
social 0,371064 0,000142
society 0,210721 0,000081
soft 0,210721 0,000081
softly 0,400478 0,000153
softness 0,891598 0,000341
sojourn 1,139434 0,000436
solemnly 0,579818 0,000222
solicit 0,314711 0,000121
solicitation 0,430783 0,000165
son 0,083382 0,000064
song 0,261365 0,000100
sore 0,527633 0,000202
sort 0,072571 0,000028
sound 0,010050 0,000012
source 0,274437 0,000105
southern 0,579818 0,000222
spare 0,116534 0,000045
speak 0,030459 0,000047
speaking 0,072571 0,000028
special 0,083382 0,000032
specific 0,820981 0,000314
specimen 0,579818 0,000222
speech 0,139262 0,000053
spend 0,051293 0,000039
sphere 0,693147 0,000265
spin 0,510826 0,000196
spindle 1,966113 0,000753
spirit 0,051293 0,000039
spite 0,139262 0,000053
splendid 0,400478 0,000153
splendidly 1,171183 0,000449
splendor 1,514128 0,000580
spoil 0,274437 0,000105
spot 0,150823 0,000058
spread 0,051293 0,000020
sprig 2,302585 0,000882
spring 0,051293 0,000039
spurious 2,120264 0,000812
squeeze 0,798508 0,000306
staff 0,261365 0,000100
stage 0,186330 0,000071
staircase 0,820981 0,000629
stand -0,009950 -0,000015
stare 0,328504 0,000377
starlight 1,897120 0,000727
starlit 2,995732 0,001147
start -0,009950 -0,000004
statement 0,186330 0,000071
station 0,235722 0,000090
status 0,446287 0,000171
stay 0,061875 0,000071
steamboat 1,832581 0,000702
steamer 1,272966 0,000488
step 0,030459 0,000035
stiff 0,430783 0,000330
stocking 0,843970 0,000323
stool 0,653926 0,000250
store 0,061875 0,000024
story 0,030459 0,000012
straight 0,105361 0,000040
straighten 0,967584 0,000371
straightway 1,347074 0,000516
strange 0,061875 0,000024
straw 0,342490 0,000131
street 0,116534 0,000045
stretch 0,116534 0,000045
strict 0,186330 0,000071
strike 0,020203 0,000008
striking 0,274437 0,000105
strikingly 1,714798 0,000657
stroll 0,820981 0,000629
structure 0,634878 0,000243
study 0,094311 0,000072
style 0,261365 0,000100
stylish 2,120264 0,000812
subject 0,061875 0,000024
subjective 2,120264 0,000812
subjoin 2,407946 0,000922
subscribe 0,342490 0,000131
substantial 0,755023 0,000289
subtle 0,713350 0,000273
succeed 0,105361 0,000040
sudden 0,072571 0,000028
suddenly 0,040822 0,000016
suffer 0,061875 0,000047
sufficient 0,139262 0,000053
sugar 0,776529 0,000297
suggestion 0,356675 0,000137
summer 0,186330 0,000071
summerhouse 3,912023 0,001498
summons 0,867501 0,000332
sun 0,072571 0,000028
sunday 0,494296 0,000189
sunny 0,843970 0,000323
sunshine 0,616186 0,000236
superb 1,203973 0,000461
superficial 1,108663 0,000425
superior 0,261365 0,000100
supply 0,210721 0,000161
support 0,094311 0,000036
suppose 0,020203 0,000008
surface 0,287682 0,000110
surprise 0,150823 0,000116
surround 0,162519 0,000062
surveillance 2,302585 0,000882
survive 0,186330 0,000071
suspect 0,162519 0,000062
swamp 0,287682 0,000110
sway 0,494296 0,000189
sweet 0,139262 0,000107
sweetly 1,049822 0,000402
sweetness 0,673345 0,000258
swinging 0,798508 0,000306
swiss 1,897120 0,000727
switzerland 1,714798 0,000657
sylph 2,813411 0,001078
sympathetically 1,897120 0,000727
synonymous 0,446287 0,000171
table 0,083382 0,000032
tact 1,309333 0,000501
talent 0,385662 0,000148
talk 0,061875 0,000047
talking 0,150823 0,000058
tall 0,198451 0,000076
taste 0,105361 0,000081
tax 0,248461 0,000190
tea 0,579818 0,000222
teach 0,083382 0,000064
teacher 0,415515 0,000318
tear 0,030459 0,000012
tease 1,386294 0,000531
temper 0,261365 0,000100
temple 0,314711 0,000121
tender 0,301105 0,000115
term 0,061875 0,000047
terrible 0,186330 0,000071
testify 0,820981 0,000314
tete 2,995732 0,001147
textbook 2,659260 0,001018
thinking 0,274437 0,000105
thither 0,579818 0,000222
threshold 0,562119 0,000215
throng 0,891598 0,000341
throw 0,010050 0,000012
thrust 0,287682 0,000110
thump 1,203973 0,000461
tiger 1,078810 0,000413
time -0,009950 -0,000008
timid 0,544727 0,000209
tiptoe 0,941609 0,000361
tired 0,198451 0,000076
tiresome 1,078810 0,000413
title 0,116534 0,000045
tomorrow 0,755023 0,000289
tone 0,198451 0,000152
tooth 0,186330 0,000071
topic 0,733969 0,000281
torment 0,597837 0,000229
toss 0,494296 0,000189
touch 0,010050 0,000004
tourist 2,207275 0,001691
tournure 3,912023 0,001498
tout 1,771957 0,000679
tower 0,314711 0,000121
town 0,094311 0,000036
trademark 0,562119 0,000215
tradition 0,755023 0,000289
train 0,162519 0,000124
tranquil 0,994252 0,000381
transcribe 0,462035 0,000177
transcription 0,527633 0,000202
transport 0,653926 0,000250
travel 0,198451 0,000228
traveler 1,771957 0,000679
traverse 0,867501 0,000664
treat 0,127833 0,000098
treatment 0,127833 0,000049
tree 0,061875 0,000024
tremendous 0,693147 0,000265
tremendously 2,040221 0,000781
tremor 1,386294 0,000531
trip 0,510826 0,000391
triumphantly 0,941609 0,000361
trois 2,995732 0,001147
trouble 0,010050 0,000008
true 0,020203 0,000008
trustworthy 1,514128 0,000580
truth 0,030459 0,000012
tuck 1,049822 0,000402
twist 0,314711 0,000121
type 0,174353 0,000134
umbrella 1,203973 0,000461
unable 0,248461 0,000095
unacquaint 1,427116 0,000547
unattended 1,897120 0,000727
unbecomingly 3,506558 0,001343
unbroken 0,733969 0,000281
unconscious 0,400478 0,000153
uncultivated 2,207275 0,000845
undefended 2,995732 0,001147
understand 0,020203 0,000015
understanding 0,223144 0,000085
undertake 0,385662 0,000148
uneasily 1,347074 0,000516
unenforceability 0,562119 0,000215
unexpected 0,430783 0,000165
unhappy 0,400478 0,000153
uniform 0,210721 0,000081
united 0,094311 0,000036
universally 0,967584 0,000371
unkind 1,386294 0,000531
unknown 0,105361 0,000040
unlink 0,562119 0,000215
unmarried 1,347074 0,000516
unpleasant 0,562119 0,000215
unprecedented 1,771957 0,000679
unprotected 0,673345 0,000258
unreasoning 1,966113 0,000753
unremittingly 3,218876 0,001233
unscrupulous 1,771957 0,000679
unshrinking 3,506558 0,001343
unsolicited 0,510826 0,000196
unsophisticated 2,407946 0,000922
unwonted 1,309333 0,000501
update 0,510826 0,000196
uppermost 1,237874 0,000474
upstart 2,040221 0,000781
urbane 2,659260 0,001018
urbanity 2,302585 0,000882
urchin 1,609438 0,000616
urge 0,274437 0,000105
urgently 1,560648 0,000598
user 0,544727 0,000209
usual 0,139262 0,000053
ut 0,510826 0,000196
utter 0,162519 0,000062
utterly 0,371064 0,000142
vacation 1,347074 0,000516
vague 0,579818 0,000222
vaguely 0,967584 0,000371
vanilla 0,544727 0,000209
variance 1,560648 0,000598
variety 0,150823 0,000058
vault 0,798508 0,000612
vehicle 0,843970 0,000646
veiled 1,272966 0,000488
velvet 0,891598 0,000341
venture 0,223144 0,000171
verdure 1,469676 0,000563
version 0,342490 0,000131
vesper 2,525729 0,000967
vex 0,579818 0,000222
victoria 1,966113 0,000753
view 0,040822 0,000047
vigil 1,609438 0,000616
vigilance 1,309333 0,000501
vigilant 1,560648 0,000598
villa 1,347074 0,000516
villainous 1,609438 0,000616
violate 0,342490 0,000131
violation 1,560648 0,000598
violent 0,223144 0,000085
virus 0,527633 0,000202
visage 1,203973 0,000461
visible 0,235722 0,000090
visibly 0,916291 0,000351
vision 0,301105 0,000115
visit 0,030459 0,000035
visitor 0,446287 0,000171
vivacious 1,832581 0,000702
vivacity 1,237874 0,000474
vocalize 3,912023 0,001498
voice 0,020203 0,000015
void 0,261365 0,000100
volunteer 0,314711 0,000121
volunteers 0,430783 0,000165
vulgar 0,634878 0,000243
wait 0,061875 0,000047
waiter 0,916291 0,000702
walk 0,000000 0,000000
walker 1,714798 0,001314
wall 0,094311 0,000072
wander 0,116534 0,000089
wane 0,967584 0,000371
warm 0,116534 0,000045
warranty 0,544727 0,000417
watch 0,020203 0,000015
water 0,040822 0,000016
watering 1,347074 0,000516
waver 0,733969 0,000281
weak 0,105361 0,000040
weakness 0,248461 0,000095
wear 0,083382 0,000096
week 0,127833 0,000098
west 0,083382 0,000032
western 0,616186 0,000236
whatsoever 0,287682 0,000110
whip 0,400478 0,000153
whisker 1,171183 0,000449
white 0,051293 0,000020
wide 0,030459 0,000023
widow 0,510826 0,000196
wild 0,051293 0,000020
window 0,162519 0,000062
winter 0,198451 0,000152
winterbourne 3,912023 0,001498
wise 0,094311 0,000036
woman 0,030459 0,000023
wonderful 0,162519 0,000062
wonderfully 0,510826 0,000196
wooer 2,813411 0,001078
word 0,020203 0,000008
worth 0,061875 0,000024
wounded 0,274437 0,000105
wretched 0,328504 0,000126
write 0,020203 0,000023
writing 0,061875 0,000024
wrong 0,072571 0,000028
yard 0,223144 0,000085
yellow 0,314711 0,000121
yesterday 0,301105 0,000115
york 0,916291 0,000351
youthful 0,673345 0,000258
zeal 0,579818 0,000222
zurich 2,995732 0,001147
