abandon 0,223144 0,000206
abashed 1,560648 0,000360
abate 1,108663 0,000256
abbreviated 2,813411 0,000649
abduct 2,813411 0,000649
abide 0,248461 0,000057
ability 0,478036 0,000220
abode 0,579818 0,000267
abridge 1,714798 0,000395
abridgement 2,995732 0,000691
abruptly 0,843970 0,000195
absence 0,274437 0,000063
absent 0,371064 0,000086
absolutely 0,287682 0,000066
abstain 1,139434 0,000526
abstract 0,733969 0,000339
absurd 0,430783 0,000099
abundance 0,843970 0,000195
abuse 0,562119 0,000259
abusive 2,302585 0,000531
accept 0,061875 0,000057
acceptable 0,967584 0,000223
access 0,314711 0,000145
accessible 0,446287 0,000103
accession 1,966113 0,000453
accident 0,274437 0,000063
accidental 0,755023 0,000174
accidentally 0,820981 0,000189
accompany 0,094311 0,000065
accomplish 0,634878 0,000439
accomplished 0,385662 0,000089
accord 0,527633 0,000243
accost 1,049822 0,000242
account 0,010050 0,000002
accumulate 0,891598 0,000206
accusation 0,891598 0,000206
accustomed 0,287682 0,000066
acidulate 3,506558 0,000809
acknowledge 0,274437 0,000063
acquaint 0,342490 0,000158
acquaintance 0,248461 0,000115
acquaintanceship 3,506558 0,000809
acquire 0,371064 0,000342
acquirement 1,560648 0,000360
acquisition 1,272966 0,000294
action 0,094311 0,000044
active 0,127833 0,000029
activity 0,415515 0,000096
actor 0,755023 0,000348
actual 0,174353 0,000040
adapt 0,653926 0,000151
add 0,094311 0,000065
addicted 1,660731 0,000383
addition 0,116534 0,000054
additional 0,198451 0,000046
address 0,072571 0,000067
adjust 0,891598 0,000206
admiration 0,342490 0,000079
admire 0,356675 0,000082
admission 0,693147 0,000160
admit 0,116534 0,000081
adopt 0,673345 0,000155
adore 0,891598 0,000206
adorn 0,634878 0,000146
adornment 1,560648 0,000360
adulterous 2,525729 0,000583
advance 0,061875 0,000014
advantage 0,127833 0,000029
adventurous 1,237874 0,000285
advice 0,186330 0,000043
advisable 1,309333 0,000302
affair 0,094311 0,000044
affect 0,478036 0,000110
affection 0,235722 0,000109
affectionate 0,616186 0,000142
affectionately 1,237874 0,000285
affinity 1,427116 0,000329
affirm 0,843970 0,000389
afflict 0,597837 0,000138
affliction 0,798508 0,000184
afford 0,186330 0,000086
afraid 0,105361 0,000024
afternoon 0,274437 0,000063
age 0,040822 0,000019
aged 0,198451 0,000046
agent 0,223144 0,000103
agree 0,051293 0,000035
agreeable 0,462035 0,000107
agreement 0,210721 0,000049
agricultural 1,832581 0,000423
ahmed 3,506558 0,000809
aid 0,210721 0,000049
ailment 1,832581 0,000423
ak 1,347074 0,000311
alas 0,462035 0,000107
albrecht 3,912023 0,000902
alive 0,051293 0,000012
alkali 2,525729 0,000583
allay 1,272966 0,000294
allege 1,108663 0,000256
allen 2,120264 0,000489
allude 0,891598 0,000617
ally 0,713350 0,000165
alteration 0,261365 0,000060
alternate 0,261365 0,000060
alternately 1,021651 0,000236
altogether 0,198451 0,000046
amaranth 3,912023 0,000902
amaze 1,660731 0,000383
ambassador 1,108663 0,000256
amiability 2,120264 0,000489
amorous 1,386294 0,000320
amuse 0,371064 0,000086
amusement 0,478036 0,000220
amusing 0,693147 0,000160
analogous 2,120264 0,000489
analysis 1,347074 0,000311
anaryan 3,912023 0,000902
ancestor 0,462035 0,000107
ancestral 2,040221 0,000471
ancient 0,198451 0,000046
andropogon 3,912023 0,000902
anger 0,287682 0,000066
angrily 0,867501 0,000200
angry 0,174353 0,000040
animal 0,223144 0,000103
annotate 2,813411 0,000649
annoyed 0,733969 0,000169
anoint 1,309333 0,000604
answer 0,020203 0,000014
antimony 3,912023 0,000902
anus 2,995732 0,000691
anxiety 0,287682 0,000066
anxious 0,261365 0,000060
apar 3,912023 0,000902
apartment 0,597837 0,000138
aphorisms 2,659260 0,000613
aphrodisiac 3,912023 0,000902
apparent 0,314711 0,000073
appearance 0,072571 0,000017
appease 0,941609 0,000217
appertain 1,832581 0,000423
apple 0,494296 0,000114
applicable 0,400478 0,000092
application 0,653926 0,000302
apply 0,116534 0,000108
appoint 0,328504 0,000152
appreciation 1,049822 0,000242
apprehension 0,494296 0,000114
apprehensive 1,514128 0,000349
apprise 1,897120 0,000438
approach 0,040822 0,000028
appropriately 2,040221 0,000471
approve 0,342490 0,000079
approximate 2,525729 0,000583
apt 0,579818 0,000134
aqueduct 2,407946 0,000555
arab 1,386294 0,000320
arabesque 2,302585 0,000531
arabian 1,203973 0,000278
arbour 2,040221 0,000471
archery 2,407946 0,000555
architecture 1,108663 0,000256
archive 0,544727 0,000126
ardently 1,714798 0,000395
argue 0,371064 0,000086
arithmetical 2,302585 0,000531
arm 0,030459 0,000014
armlet 2,995732 0,001382
armpit 2,207275 0,000509
army 0,356675 0,000082
arrange 0,198451 0,000183
arrangement 0,274437 0,000063
array 0,248461 0,000115
arrest 0,544727 0,000126
arris 3,912023 0,000902
arrival 0,328504 0,000076
arrive 0,083382 0,000058
arrow 0,510826 0,000236
ars 3,218876 0,000742
arsenic 3,218876 0,000742
art 0,127833 0,000059
artful 1,171183 0,000270
artfulness 2,813411 0,000649
artha 3,912023 0,000902
article 0,400478 0,000092
artifice 1,427116 0,000658
artificial 0,616186 0,000142
artisan 1,660731 0,000383
artist 0,562119 0,000259
ascertain 0,597837 0,000414
ascetic 1,771957 0,000817
ascii 0,562119 0,000130
ash 0,400478 0,000092
asia 1,108663 0,000256
asiatic 1,660731 0,000383
asleep 0,162519 0,000037
asoka 3,912023 0,000902
asparagus 2,207275 0,000509
aspiration 1,049822 0,000242
ass 0,916291 0,000211
assemblage 1,714798 0,000395
assembly 0,798508 0,000368
assert 0,462035 0,000107
assiduity 1,897120 0,000438
assist 0,328504 0,000227
assistance 0,105361 0,000024
associate 0,713350 0,000329
association 0,713350 0,000165
assume 0,162519 0,000037
assure 0,127833 0,000029
assuredly 0,967584 0,000223
astrologer 2,207275 0,001018
astrology 2,813411 0,000649
attach 0,116534 0,000081
attachment 0,916291 0,000211
attain 0,328504 0,000227
attainment 1,427116 0,000658
attempt 0,051293 0,000035
attend 0,127833 0,000088
attendant 0,616186 0,000284
attention 0,083382 0,000038
attentive 0,713350 0,000165
attentively 0,755023 0,000174
attire 0,916291 0,000211
attract 0,261365 0,000181
attractive 0,820981 0,000189
attractiveness 2,302585 0,000531
attribute 0,527633 0,000122
aud 3,506558 0,000809
aunt 0,798508 0,000184
auspicious 1,966113 0,000453
author 0,116534 0,000054
authorise 2,407946 0,000555
authority 0,223144 0,000051
authorize 1,514128 0,000349
avanti 3,912023 0,000902
avarice 1,049822 0,000242
avaricious 1,771957 0,000409
aversion 0,941609 0,000217
avert 0,843970 0,000389
avoid 0,105361 0,000097
await 0,314711 0,000073
awake 0,150823 0,000035
awaken 0,430783 0,000199
aware 0,223144 0,000051
bad 0,020203 0,000009
badly 0,446287 0,000103
baking 1,832581 0,000423
bald 0,967584 0,000223
bali 3,506558 0,000809
ball 0,287682 0,000133
balmy 1,771957 0,000409
bamboo 1,771957 0,000817
banish 0,562119 0,000130
bank 0,210721 0,000049
banyan 2,995732 0,000691
barbarous 1,108663 0,000256
barber 1,386294 0,000320
bare 0,150823 0,000035
bark 0,478036 0,000220
barley 1,609438 0,000371
barren 0,713350 0,000165
base 0,094311 0,000044
bashful 1,609438 0,000371
bashfulness 1,966113 0,000453
basis 0,673345 0,000155
basket 0,579818 0,000134
batch 1,832581 0,000423
bath 0,274437 0,000063
bathe 1,139434 0,000263
bathing 1,272966 0,000294
bawd 3,218876 0,000742
bead 1,171183 0,000540
bean 1,309333 0,000302
bear 0,000000 0,000000
bearer 0,776529 0,000179
beast 0,235722 0,000109
beautiful 0,083382 0,000019
beautify 1,771957 0,000409
beauty 0,162519 0,000037
becomingly 2,407946 0,000555
bed 0,051293 0,000024
bee 0,673345 0,000155
beet 3,218876 0,000742
befall 0,527633 0,000122
befitting 1,771957 0,000409
beg 0,116534 0,000027
beggar 0,597837 0,000276
behave 0,462035 0,000426
behaviour 0,941609 0,000217
belief 0,198451 0,000046
bell 0,301105 0,000069
belong 0,072571 0,000050
belongings 1,714798 0,000395
beloved 0,415515 0,000096
bend 0,314711 0,000145
benefactor 0,967584 0,000223
beneficial 1,272966 0,000294
benefit 0,356675 0,000082
bent 0,174353 0,000040
bestow 0,430783 0,000199
betel 2,995732 0,000691
betroth 1,660731 0,000383
betrothal 2,302585 0,000531
bhima 3,912023 0,000902
bignonia 3,912023 0,000902
binary 0,562119 0,000130
bind 0,030459 0,000007
binding 0,867501 0,000200
bird 0,150823 0,000070
birth 0,301105 0,000069
bite 0,371064 0,000342
bitter 0,210721 0,000049
black 0,061875 0,000014
blame 0,162519 0,000037
bleach 2,040221 0,000471
blemish 1,660731 0,000383
blessing 0,415515 0,000096
blind 0,174353 0,000080
blood 0,116534 0,000027
bloom 0,527633 0,000122
blow 0,061875 0,000029
blue 0,174353 0,000040
blunt 0,891598 0,000206
boar 1,347074 0,000311
board 0,261365 0,000060
boat 0,446287 0,000103
bodiless 3,506558 0,000809
bodily 0,673345 0,000155
body 0,010050 0,000005
boil 0,385662 0,000178
boldly 0,462035 0,000107
boldness 0,916291 0,000211
bombay 2,407946 0,000555
bone 0,198451 0,000092
book 0,040822 0,000019
border 0,400478 0,000092
borrow 0,462035 0,000107
bosom 0,446287 0,000103
boss 1,469676 0,000339
bottle 0,430783 0,000099
bouquet 1,714798 0,000791
bow 0,127833 0,000029
bower 1,714798 0,000395
box 0,248461 0,000057
boy 0,105361 0,000024
bracelet 1,309333 0,000302
brahman 3,218876 0,000742
brahmans 3,218876 0,000742
braid 1,347074 0,000311
branch 0,186330 0,000086
bras 2,995732 0,000691
brave 0,342490 0,000079
breach 0,274437 0,000063
break 0,010050 0,000005
breakfast 0,342490 0,000079
breast 0,198451 0,000092
breath 0,174353 0,000040
breed 0,342490 0,000079
bribe 0,891598 0,000206
bridegroom 1,203973 0,000278
bright 0,094311 0,000022
brightness 0,634878 0,000146
bring 0,000000 0,000000
bristle 0,941609 0,000217
british 0,843970 0,000195
broad 0,127833 0,000029
brother 0,127833 0,000029
brothers 0,356675 0,000082
bruce 2,995732 0,000691
brutality 1,427116 0,000329
brute 0,462035 0,000107
bud 0,867501 0,000200
buff 1,897120 0,000438
buffalo 1,832581 0,000423
buffoon 1,966113 0,000453
build 0,094311 0,000022
building 0,210721 0,000049
bulb 2,302585 0,000531
bull 0,430783 0,000099
bully 1,203973 0,000278
bunch 0,776529 0,000358
burden 0,198451 0,000046
burn 0,061875 0,000043
burst 0,248461 0,000057
burton 2,040221 0,000471
bury 0,186330 0,000043
bush 0,430783 0,000099
busily 1,021651 0,000236
business 0,040822 0,000009
butter 0,798508 0,000184
buttock 2,525729 0,000583
bye 0,776529 0,000179
cadamba 3,912023 0,000902
cage 0,941609 0,000217
calamity 0,755023 0,000174
calculate 0,116534 0,000054
calcutta 2,040221 0,000471
calf 0,798508 0,000184
camel 1,309333 0,000302
cane 0,843970 0,000195
canopy 1,514128 0,000349
capable 0,261365 0,000060
capital 0,314711 0,000073
captain 0,328504 0,000076
captive 0,755023 0,000174
card 0,139262 0,000064
care 0,000000 0,000000
careful 0,174353 0,000040
carefully 0,139262 0,000032
careless 0,494296 0,000114
carelessness 1,021651 0,000236
caress 0,776529 0,000179
carnal 1,714798 0,000395
carpenter 0,891598 0,000206
carpentry 2,659260 0,000613
carpet 0,462035 0,000107
carriage 0,356675 0,000082
carrier 1,347074 0,000311
carry 0,010050 0,000009
cart 0,597837 0,000138
carve 1,272966 0,000294
cassia 2,995732 0,000691
caste 1,469676 0,000678
casting 0,544727 0,000126
cat 0,462035 0,000107
catalogue 1,272966 0,000294
cataphracta 3,912023 0,000902
cattle 0,544727 0,000126
caution 0,478036 0,000110
cavalry 1,469676 0,000339
cave 0,653926 0,000302
cavity 1,660731 0,000383
ce 1,832581 0,000423
cease 0,061875 0,000029
celebrate 0,967584 0,000223
celebrated 0,562119 0,000130
celebrity 1,771957 0,000409
censurable 3,506558 0,000809
censure 1,078810 0,000746
central 0,733969 0,000169
century 0,328504 0,000152
ceremony 0,446287 0,000206
certainty 0,342490 0,000079
certificate 1,514128 0,000349
chafe 1,021651 0,000236
chaff 1,347074 0,000932
chaitra 3,912023 0,000902
chance 0,061875 0,000029
change 0,010050 0,000007
chant 1,272966 0,000294
chaplet 2,407946 0,000555
chapter 0,328504 0,000152
character 0,061875 0,000029
characteristic 0,400478 0,000185
charge 0,040822 0,000019
charging 1,347074 0,000311
charitable 0,287682 0,000066
charity 0,186330 0,000043
charm 0,342490 0,000079
charming 0,527633 0,000122
chaste 1,203973 0,000278
chastity 1,514128 0,000349
cheap 0,579818 0,000134
check 0,072571 0,000033
cheek 0,261365 0,000121
cheerful 0,385662 0,000089
chemistry 1,714798 0,000395
cherish 0,653926 0,000151
chide 1,771957 0,000409
chief 0,094311 0,000022
chiefly 0,527633 0,000122
child 0,040822 0,000019
childhood 0,527633 0,000122
childless 1,966113 0,000453
childlike 1,771957 0,000409
chin 0,478036 0,000110
china 0,776529 0,000179
choice 0,150823 0,000035
choose 0,020203 0,000009
christian 0,385662 0,000178
churn 2,207275 0,000509
circle 0,150823 0,000035
circulation 1,514128 0,000349
circumstance 0,116534 0,000054
cistern 1,560648 0,000360
citizen 0,673345 0,000311
citron 2,407946 0,000555
city 0,051293 0,000024
civil 0,544727 0,000126
claim 0,083382 0,000038
claimant 2,525729 0,000583
clapping 1,108663 0,000256
clarify 2,407946 0,000555
clash 1,078810 0,000249
clasping 1,078810 0,000249
class 0,248461 0,000115
classify 1,897120 0,000438
claw 0,798508 0,000184
clay 0,494296 0,000114
clean 0,210721 0,000097
cleaning 1,049822 0,000242
clever 0,371064 0,000086
cleverness 1,609438 0,000371
climb 0,400478 0,000092
climbing 0,733969 0,000169
cling 0,415515 0,000096
clitoria 3,912023 0,000902
close 0,010050 0,000007
closely 0,223144 0,000051
cloth 0,356675 0,000082
clothe 0,287682 0,000066
clothes 0,127833 0,000029
cloths 1,560648 0,000360
cloud 0,150823 0,000035
clump 1,171183 0,000270
cluster 0,693147 0,000160
coarse 0,478036 0,000110
cock 0,713350 0,000329
cocoa 2,120264 0,000489
code 0,287682 0,000066
cohabitation 3,912023 0,000902
coin 0,544727 0,000251
coition 3,506558 0,000809
cold 0,040822 0,000009
collate 2,525729 0,000583
collect 0,248461 0,000115
collection 0,162519 0,000037
collyrium 3,912023 0,001804
colour 0,510826 0,000236
coloured 0,693147 0,000160
colouring 1,514128 0,000349
combination 0,634878 0,000293
combine 0,843970 0,000195
combined 0,713350 0,000165
comedy 0,916291 0,000211
command 0,116534 0,000054
commandment 1,514128 0,000698
commence 0,579818 0,000267
commencement 1,108663 0,000256
commend 0,798508 0,000184
commendation 1,560648 0,000360
comment 0,478036 0,000110
commentary 1,427116 0,000658
commentator 1,897120 0,000438
commerce 1,078810 0,000249
commercial 0,274437 0,000063
commit 0,116534 0,000081
commodity 1,771957 0,000409
common 0,072571 0,000017
companion 0,150823 0,000070
company 0,020203 0,000005
compare 0,162519 0,000075
compartment 1,514128 0,000349
compassion 0,820981 0,000189
compassionate 1,272966 0,000294
compatriot 2,407946 0,000555
compilation 0,478036 0,000110
compile 1,966113 0,000453
complete 0,105361 0,000073
completely 0,274437 0,000063
completion 1,386294 0,000320
complexion 0,755023 0,000174
compliance 0,342490 0,000079
compliment 0,462035 0,000107
comply 0,287682 0,000199
compose 0,287682 0,000133
composition 0,798508 0,000184
comprehension 1,203973 0,000278
compressed 0,342490 0,000079
conceal 0,198451 0,000137
conceit 0,994252 0,000229
conceited 1,139434 0,000263
concentrated 0,867501 0,000200
concept 0,527633 0,000122
concerned 0,287682 0,000066
concert 0,916291 0,000211
conch 3,506558 0,000809
conciliate 1,771957 0,000409
conciliation 2,659260 0,000613
conciliatory 2,120264 0,000489
concise 2,040221 0,000471
conclude 0,235722 0,000054
conclusion 0,210721 0,000049
concoct 1,897120 0,000438
concoction 2,813411 0,000649
concubine 1,771957 0,000817
condition 0,051293 0,000024
condoling 3,218876 0,000742
conduce 1,469676 0,000339
conducive 1,560648 0,000360
conduct 0,094311 0,000044
confer 0,820981 0,000189
confidant 1,714798 0,000791
confidante 2,525729 0,000583
confide 0,755023 0,000697
confidence 0,139262 0,000064
confidential 1,021651 0,000236
confine 0,223144 0,000103
confirm 0,139262 0,000032
confirmation 0,356675 0,000082
conformation 2,813411 0,000649
conformity 1,514128 0,000349
confusion 0,287682 0,000066
congress 1,609438 0,000371
connected 0,415515 0,000096
connection 0,446287 0,000206
connivance 2,407946 0,000555
conquer 0,527633 0,000243
conquest 0,967584 0,000223
consciousness 0,371064 0,000086
consent 0,223144 0,000103
consequence 0,186330 0,000043
consequential 0,478036 0,000110
considerable 0,105361 0,000024
consideration 0,223144 0,000103
consist 0,314711 0,000290
consistency 1,427116 0,000329
consistent 0,798508 0,000184
consonant 2,120264 0,000489
consort 1,309333 0,000302
constancy 1,347074 0,000311
constant 0,051293 0,000012
constantly 0,371064 0,000086
construct 0,713350 0,000165
consult 0,400478 0,000092
consummation 1,966113 0,000453
consumptive 2,040221 0,000471
contact 0,210721 0,000049
contemplation 0,527633 0,000122
contemplatively 3,912023 0,000902
contempt 0,446287 0,000103
contents 0,094311 0,000022
continual 0,693147 0,000160
continually 0,446287 0,000103
continuation 1,347074 0,000311
continue 0,186330 0,000129
continued 0,072571 0,000017
contract 0,139262 0,000096
contraction 1,514128 0,000349
contradict 0,798508 0,000368
contrariety 2,525729 0,000583
contrary 0,198451 0,000046
contribution 0,371064 0,000086
control 0,223144 0,000051
convene 2,302585 0,000531
conversant 1,609438 0,000371
conversation 0,186330 0,000086
converse 0,494296 0,000456
convert 0,186330 0,000043
convex 2,525729 0,000583
cooing 2,302585 0,000531
cook 0,223144 0,000051
cookery 1,660731 0,000383
cool 0,248461 0,000057
copper 0,713350 0,000165
copying 0,494296 0,000114
copyright 0,415515 0,000096
coral 1,514128 0,000349
cord 0,693147 0,000160
cordially 1,237874 0,000285
corn 0,527633 0,000122
corner 0,072571 0,000017
corporation 0,400478 0,000092
corpse 0,616186 0,000142
correct 0,235722 0,000163
correspond 0,843970 0,000195
corrupt 0,235722 0,000109
cost 0,105361 0,000049
cot 1,771957 0,000409
cotton 0,891598 0,000206
couch 0,579818 0,000267
couche 3,912023 0,000902
council 0,653926 0,000151
country 0,010050 0,000005
couple 0,248461 0,000057
court 0,094311 0,000044
courteous 0,967584 0,000223
courtesan 2,659260 0,000613
courtesans 2,813411 0,000649
courtezan 2,995732 0,000691
courtship 1,660731 0,000383
cover 0,223144 0,000051
covered 0,139262 0,000032
covering 0,415515 0,000096
covert 1,609438 0,000371
covet 0,967584 0,000223
covetous 1,771957 0,000409
covetousness 1,771957 0,000409
cow 0,653926 0,000151
cowardly 0,994252 0,000229
cowherd 2,995732 0,000691
cows 0,867501 0,000200
crab 1,609438 0,000371
create 0,094311 0,000065
creation 0,198451 0,000046
credit 0,094311 0,000022
creditor 1,237874 0,000285
creep 0,198451 0,000046
creeper 2,040221 0,000941
crest 0,820981 0,000189
crime 0,261365 0,000121
critical 0,235722 0,000054
crooked 0,755023 0,000174
crop 0,653926 0,000151
cross 0,083382 0,000019
crow 0,867501 0,000400
cruel 0,261365 0,000060
cuckoo 2,207275 0,001018
cucumber 1,897120 0,000438
culinary 2,407946 0,000555
cunning 0,462035 0,000107
cup 0,342490 0,000079
cupid 1,771957 0,000409
curiosity 0,210721 0,000097
curious 0,261365 0,000060
current 0,116534 0,000027
curse 0,342490 0,000079
curtain 0,328504 0,000076
curved 1,171183 0,000270
cushion 0,820981 0,000189
custom 0,210721 0,000049
customary 0,653926 0,000151
customer 1,139434 0,000263
customs 0,713350 0,000165
cut 0,030459 0,000014
cypher 2,659260 0,000613
daily 0,248461 0,000057
damage 0,223144 0,000103
damages 0,400478 0,000092
damsel 1,237874 0,000285
dance 0,235722 0,000054
dancing 0,371064 0,000086
danger 0,105361 0,000024
dangerous 0,150823 0,000035
dark 0,051293 0,000012
darkness 0,186330 0,000043
datum 0,494296 0,000114
daughter 0,174353 0,000080
day 0,000000 0,000000
dead 0,072571 0,000017
deal 0,061875 0,000043
dealings 1,237874 0,000285
death 0,020203 0,000005
debt 0,494296 0,000228
deceased 1,078810 0,000249
deceitful 1,347074 0,000311
deceive 0,261365 0,000060
decency 1,108663 0,000256
decide 0,040822 0,000009
declare 0,139262 0,000064
decorate 0,891598 0,000823
decoration 1,309333 0,000302
dedicate 0,967584 0,000223
deductible 0,562119 0,000130
deed 0,287682 0,000066
deer 0,867501 0,000200
defeat 0,634878 0,000146
defect 0,261365 0,000121
defective 0,356675 0,000082
deference 0,967584 0,000223
define 0,673345 0,000155
definite 0,755023 0,000174
definition 1,203973 0,000278
deform 0,967584 0,000223
degree 0,150823 0,000070
deity 1,171183 0,000540
dejected 1,021651 0,000236
dejection 1,386294 0,000320
delay 0,186330 0,000043
deletion 0,562119 0,000130
delhi 2,813411 0,000649
delicacy 0,597837 0,000138
delicate 0,301105 0,000069
delight 0,150823 0,000070
delighted 0,287682 0,000066
delire 3,912023 0,000902
deliverance 0,941609 0,000217
demand 0,051293 0,000012
demeanour 1,469676 0,000339
demon 0,916291 0,000211
demonstrative 1,897120 0,000438
denote 1,139434 0,000263
denounce 1,078810 0,000249
deny 0,072571 0,000017
depend 0,040822 0,000028
dependant 2,995732 0,000691
dependent 0,820981 0,000189
deposit 0,776529 0,000179
depress 0,616186 0,000142
deprive 0,415515 0,000192
depth 0,494296 0,000114
deride 1,386294 0,000320
derivative 0,510826 0,000118
derive 0,210721 0,000146
des 1,427116 0,000329
descendant 0,867501 0,000200
description 0,248461 0,000115
deserve 0,314711 0,000073
deserving 0,891598 0,000206
design 0,287682 0,000199
desirable 0,733969 0,000169
desire 0,051293 0,000047
desirous 0,634878 0,000146
despair 0,174353 0,000040
despise 0,342490 0,000158
despondency 1,560648 0,000360
destine 0,494296 0,000114
destiny 0,597837 0,000138
destitute 0,916291 0,000211
destroy 0,061875 0,000043
destruction 0,342490 0,000079
detach 0,287682 0,000066
detailed 1,469676 0,000339
detect 0,562119 0,000130
determination 0,616186 0,000142
determine 0,061875 0,000029
device 0,597837 0,000276
devilry 2,525729 0,000583
devoid 1,309333 0,000302
devoted 0,301105 0,000069
devotee 2,120264 0,000489
devotion 0,510826 0,000118
dharma 3,506558 0,000809
diagram 2,120264 0,000489
dialect 1,171183 0,000270
dice 1,469676 0,000339
dictate 0,579818 0,000134
dictionary 1,347074 0,000311
die 0,010050 0,000005
difference 0,174353 0,000040
difficult 0,116534 0,000027
difficulty 0,116534 0,000054
dig 0,356675 0,000082
digestive 2,407946 0,000555
dignity 0,314711 0,000073
dimension 0,916291 0,000211
diminished 0,776529 0,000179
dine 0,562119 0,000130
dip 0,673345 0,000311
dire 1,171183 0,000270
direct 0,040822 0,000028
direction 0,051293 0,000012
director 0,733969 0,000169
disaffected 2,813411 0,000649
disaffection 2,659260 0,000613
disagreeable 0,733969 0,000169
disappear 0,223144 0,000051
disaster 0,820981 0,000379
disbelieve 1,832581 0,000423
disclaim 0,462035 0,000107
disclaimer 0,562119 0,000259
discontinuance 3,506558 0,000809
discontinue 0,510826 0,000118
discourage 0,693147 0,000160
discourse 0,579818 0,000134
discoursing 1,897120 0,000438
discover 0,030459 0,000014
discovery 0,287682 0,000066
discredit 1,660731 0,000383
discuss 0,400478 0,000092
discussion 0,597837 0,000138
disease 0,328504 0,000152
disfigured 1,469676 0,000339
disgraceful 1,049822 0,000242
disguise 0,494296 0,000342
disgust 0,430783 0,000099
disillusion 2,040221 0,000471
disinterested 1,386294 0,000320
disk 0,415515 0,000096
dislike 0,478036 0,000331
dismiss 0,430783 0,000298
disobey 1,108663 0,000511
disparage 2,120264 0,000489
disparagement 2,040221 0,000471
dispel 1,139434 0,000263
display 0,162519 0,000112
displease 1,021651 0,000236
displeased 1,108663 0,000256
displeasure 0,941609 0,000217
disposition 0,371064 0,000171
dispute 0,446287 0,000309
disregard 0,820981 0,000568
disrespect 2,040221 0,000471
dissatisfaction 1,609438 0,000371
dissatisfied 1,021651 0,000236
dissertation 2,525729 0,000583
dissipate 0,916291 0,000211
dissuade 1,309333 0,000302
distance 0,105361 0,000024
distant 0,162519 0,000037
distil 1,514128 0,000349
distinction 0,356675 0,000082
distinctly 0,478036 0,000110
distinguished 0,301105 0,000069
distinguishing 1,078810 0,000249
distress 0,274437 0,000063
distressed 0,673345 0,000155
distressing 1,108663 0,000256
distribute 0,210721 0,000146
distribution 0,430783 0,000099
distributor 0,544727 0,000126
district 0,713350 0,000165
distrust 0,733969 0,000169
disturb 0,198451 0,000092
ditch 0,994252 0,000229
dive 0,967584 0,000223
diversion 0,916291 0,000211
divert 0,634878 0,000293
divide 0,150823 0,000070
divine 0,356675 0,000082
division 0,527633 0,000122
doctor 0,400478 0,000092
doctrine 0,616186 0,000284
dog 0,186330 0,000086
doings 0,967584 0,000223
doll 1,386294 0,000320
domain 0,328504 0,000076
domestic 0,510826 0,000118
donate 0,544727 0,000126
donation 0,446287 0,000206
donor 0,478036 0,000110
door 0,000000 0,000000
doorway 0,733969 0,000169
double 0,139262 0,000064
doubly 1,049822 0,000242
doubt 0,040822 0,000019
doubtless 0,430783 0,000099
dough 1,897120 0,000438
dove 0,916291 0,000211
download 0,562119 0,000130
drama 1,203973 0,000278
dramas 2,813411 0,000649
dramatic 1,078810 0,000249
dravida 3,912023 0,000902
draw 0,020203 0,000014
dream 0,083382 0,000038
dress 0,162519 0,000112
dressed 0,261365 0,000060
drink 0,072571 0,000033
drinking 0,371064 0,000086
drive 0,030459 0,000007
driver 0,713350 0,000165
drug 0,967584 0,000223
druggist 2,659260 0,000613
drunk 0,415515 0,000096
dry 0,116534 0,000027
duck 0,820981 0,000189
dullness 2,040221 0,000471
dust 0,162519 0,000037
duty 0,061875 0,000029
dwarfish 2,659260 0,000613
dweller 1,237874 0,000285
dye 1,049822 0,000242
dyeing 2,525729 0,000583
dyer 2,407946 0,000555
dynasty 2,207275 0,000509
eager 0,210721 0,000049
ear 0,061875 0,000029
earnest 0,261365 0,000060
earring 1,660731 0,000383
earth 0,051293 0,000012
earthquake 1,021651 0,000236
ease 0,150823 0,000035
easily 0,072571 0,000017
east 0,235722 0,000054
eastern 0,733969 0,000169
easy 0,000000 0,000000
eat 0,040822 0,000028
eating 0,235722 0,000054
edict 1,714798 0,000395
edification 2,207275 0,000509
edition 0,287682 0,000133
educate 0,544727 0,000126
education 0,415515 0,000096
educational 0,446287 0,000103
edward 1,049822 0,000242
effort 0,094311 0,000044
egg 1,021651 0,000236
eggs 0,776529 0,000179
egress 2,040221 0,000471
eighteen 0,462035 0,000107
eighteenth 1,203973 0,000278
eighth 0,798508 0,000184
eld 0,385662 0,000178
elder 1,139434 0,000263
elect 0,210721 0,000049
electronic 0,544727 0,000126
electronically 0,544727 0,000126
elegant 0,634878 0,000146
elegy 2,525729 0,000583
element 0,342490 0,000158
elementary 1,427116 0,000329
elephant 0,967584 0,000446
elicit 1,272966 0,000294
eloquence 0,776529 0,000179
eloquent 0,820981 0,000189
emaciation 2,995732 0,000691
email 0,562119 0,000130
embellish 1,771957 0,000409
embrace 0,235722 0,000217
embryo 1,966113 0,000453
emissary 2,207275 0,000509
emission 2,995732 0,000691
emit 1,469676 0,000678
employ 0,235722 0,000163
employee 0,510826 0,000236
employment 0,527633 0,000122
emulation 1,897120 0,000438
en 0,994252 0,000229
enable 0,274437 0,000190
enchanted 1,078810 0,000249
encircle 1,021651 0,000236
enclosure 1,139434 0,000263
encode 0,653926 0,000151
encounter 0,446287 0,000103
encourage 0,301105 0,000069
encouragement 0,755023 0,000174
endear 1,832581 0,000423
endeavour 0,713350 0,000329
endow 0,673345 0,000311
enemy 0,105361 0,000049
energetic 1,078810 0,000249
engage 0,494296 0,000342
engaged 0,198451 0,000046
england 0,385662 0,000089
english 0,094311 0,000022
enigma 1,771957 0,000409
enigmatical 2,040221 0,000471
enjoin 1,171183 0,000270
enjoy 0,072571 0,000067
enjoyment 0,562119 0,000259
enlarge 0,673345 0,000311
enlargement 2,207275 0,000509
enlighten 0,562119 0,000130
enmity 1,171183 0,000270
ensure 0,342490 0,000079
enter 0,020203 0,000019
enterprising 1,609438 0,000371
entertain 0,579818 0,000134
entertained 0,616186 0,000142
entertaining 0,941609 0,000217
entire 0,274437 0,000063
entity 0,544727 0,000126
entrance 0,210721 0,000049
entreaty 1,021651 0,000471
enumeration 1,660731 0,000383
envy 0,446287 0,000103
epic 2,040221 0,000471
epidermis 2,813411 0,000649
equal 0,162519 0,000075
equally 0,223144 0,000051
equipage 1,469676 0,000339
equipment 0,415515 0,000096
era 1,347074 0,000311
erect 0,446287 0,000103
erotic 3,506558 0,000809
err 0,733969 0,000169
error 0,072571 0,000017
eruption 1,897120 0,000438
esprit 2,525729 0,000583
essence 0,693147 0,000160
establish 0,579818 0,000134
esteem 0,478036 0,000110
eternal 0,415515 0,000096
eugenia 3,912023 0,000902
eulogy 2,120264 0,000489
eunuch 1,966113 0,000907
euphorbia 3,506558 0,000809
europe 0,510826 0,000118
evening 0,072571 0,000017
event 0,150823 0,000070
eventually 1,171183 0,000270
evidence 0,235722 0,000054
evident 0,356675 0,000082
evidently 0,371064 0,000086
evil 0,150823 0,000035
exact 0,274437 0,000063
exaggeration 1,237874 0,000285
examination 0,385662 0,000089
examine 0,150823 0,000070
exceed 0,462035 0,000107
exceedingly 0,462035 0,000107
excellence 1,021651 0,000471
excellency 1,347074 0,000311
excellent 0,150823 0,000035
exception 0,446287 0,000206
excess 0,579818 0,000134
excessive 0,597837 0,000138
excessively 1,469676 0,000339
exchange 0,210721 0,000097
excite 0,798508 0,000184
excited 0,248461 0,000057
excitement 0,415515 0,000096
exciting 0,693147 0,000160
exclusion 0,371064 0,000086
excommunicate 2,040221 0,000471
excrement 2,525729 0,000583
excuse 0,139262 0,000032
executive 1,171183 0,000270
exemplify 2,207275 0,000509
exempt 0,314711 0,000073
exercise 0,235722 0,000109
exert 0,820981 0,000189
exertion 0,693147 0,000160
exhausted 0,400478 0,000092
exhibit 0,579818 0,000134
exhibition 0,994252 0,000229
exist 0,072571 0,000033
existence 0,150823 0,000035
existing 0,891598 0,000206
exit 1,347074 0,000311
expect 0,051293 0,000024
expend 0,301105 0,000069
expenditure 1,427116 0,000329
expense 0,127833 0,000059
experience 0,072571 0,000033
experienced 0,356675 0,000082
experiment 0,494296 0,000114
experimental 1,560648 0,000360
explain 0,116534 0,000081
explanation 0,139262 0,000064
export 0,446287 0,000103
expose 0,597837 0,000138
exposed 0,301105 0,000069
expound 1,309333 0,000302
express 0,072571 0,000067
expression 0,116534 0,000054
expressive 0,733969 0,000169
expulsion 1,771957 0,000409
extant 1,832581 0,000423
extent 0,083382 0,000019
external 0,562119 0,000130
extol 1,660731 0,000766
extort 1,347074 0,000311
extra 0,820981 0,000189
extract 0,544727 0,000377
extremely 0,385662 0,000089
eye 0,000000 0,000000
eyebrow 0,673345 0,000155
eyelid 0,891598 0,000206
facility 0,342490 0,000158
fail 0,072571 0,000067
failure 0,415515 0,000096
faint 0,186330 0,000086
fair 0,051293 0,000024
fairbanks 1,386294 0,000320
faith 0,210721 0,000049
faithful 0,261365 0,000060
fall 0,000000 0,000000
falls 0,328504 0,000076
false 0,210721 0,000049
falsehood 0,693147 0,000160
fame 0,478036 0,000110
familiar 0,150823 0,000035
familiarity 0,843970 0,000195
familiarly 1,272966 0,000294
family 0,061875 0,000029
famine 1,049822 0,000242
famous 0,261365 0,000060
fascinating 1,139434 0,000263
fascination 1,078810 0,000249
fashion 0,105361 0,000024
fast 0,030459 0,000007
fat 0,314711 0,000073
fatal 0,342490 0,000079
father 0,061875 0,000014
fatigue 0,494296 0,000228
fatigued 1,203973 0,000278
fault 0,139262 0,000064
faut 2,207275 0,000509
favour 0,544727 0,000251
favourable 0,776529 0,000179
favourably 1,771957 0,000409
favourite 0,653926 0,000151
fawn 1,078810 0,000249
fear 0,020203 0,000009
feast 0,430783 0,000099
feature 0,261365 0,000060
federal 0,527633 0,000122
fee 0,301105 0,000139
feed 0,248461 0,000057
feel 0,020203 0,000009
feeling 0,072571 0,000033
fellow 0,040822 0,000019
female 0,385662 0,000089
females 1,309333 0,000302
feminine 1,049822 0,000242
femme 2,040221 0,000471
fennel 2,995732 0,000691
ferment 1,832581 0,000423
festival 0,994252 0,000459
festive 1,514128 0,000349
festivity 1,514128 0,000349
fibre 1,560648 0,000360
fickle 1,660731 0,000383
fickleness 2,207275 0,000509
fiction 0,843970 0,000195
fictitious 1,560648 0,000360
field 0,094311 0,000022
fifteenth 1,237874 0,000285
fig 1,203973 0,000278
fight 0,083382 0,000058
figure 0,051293 0,000024
file 0,223144 0,000103
filter 1,771957 0,000409
finally 0,150823 0,000035
financial 0,415515 0,000096
fine 0,061875 0,000014
finger 0,150823 0,000070
finish 0,287682 0,000066
finished 0,162519 0,000037
firewood 1,897120 0,000438
firm 0,248461 0,000057
fist 0,597837 0,000138
fistula 3,912023 0,000902
fit 0,030459 0,000021
fitness 0,446287 0,000103
fixed 1,272966 0,000294
fixing 2,813411 0,000649
flacourtia 3,912023 0,000902
flagellation 3,506558 0,000809
flamingo 2,659260 0,000613
flattery 0,867501 0,000200
flavour 1,386294 0,000320
flax 2,120264 0,000489
flesh 0,210721 0,000049
flight 0,287682 0,000066
flock 0,385662 0,000089
floor 0,174353 0,000040
florist 3,218876 0,000742
flour 1,078810 0,000249
flow 0,174353 0,000121
flower 0,174353 0,000080
fluid 1,203973 0,000278
fold 0,287682 0,000133
foliage 0,916291 0,000211
follow 0,020203 0,000005
follower 0,713350 0,000329
folly 0,274437 0,000063
fond 0,261365 0,000060
fondle 2,120264 0,000489
fondness 1,386294 0,000320
food 0,127833 0,000029
foolish 0,235722 0,000054
foot 0,051293 0,000024
footnote 1,427116 0,000658
footstep 0,430783 0,000099
force 0,030459 0,000014
forcible 1,609438 0,000371
forcibly 0,820981 0,000189
fore 0,755023 0,000174
forehead 0,400478 0,000185
foreign 0,301105 0,000069
forenoon 1,347074 0,000311
forest 0,356675 0,000165
forfeit 1,237874 0,000285
forget 0,010050 0,000002
form 0,020203 0,000019
format 0,562119 0,000259
fortunate 0,415515 0,000096
fortune 0,162519 0,000037
foster 0,891598 0,000206
foul 0,616186 0,000142
foundation 0,127833 0,000029
fourth 0,174353 0,000040
fragrance 1,171183 0,000270
fragrant 1,108663 0,000256
frame 0,174353 0,000080
france 0,544727 0,000126
freedom 0,223144 0,000051
freely 0,105361 0,000024
french 0,342490 0,000079
frequent 0,287682 0,000133
frequently 0,287682 0,000066
fresh 0,105361 0,000024
friction 1,771957 0,000409
friend 0,000000 0,000000
friendliness 1,560648 0,000360
friendly 0,248461 0,000057
friendship 0,261365 0,000121
frighten 0,733969 0,000169
frightened 0,301105 0,000069
fruit 0,162519 0,000075
fulfil 0,385662 0,000267
fumigation 3,506558 0,000809
funeral 0,597837 0,000138
furnish 0,527633 0,000122
furniture 0,415515 0,000096
future 0,105361 0,000024
gain 0,040822 0,000038
gait 1,078810 0,000249
gallantry 1,347074 0,000311
gambling 1,609438 0,000371
game 0,210721 0,000097
ganda 3,912023 0,000902
gandharva 3,912023 0,000902
gange 1,771957 0,000409
garden 0,150823 0,000070
gardening 2,207275 0,000509
garland 1,203973 0,000555
garlic 2,525729 0,000583
garment 0,400478 0,000185
gather 0,061875 0,000029
gathering 0,415515 0,000192
gem 1,108663 0,000256
generality 1,660731 0,000383
generate 1,386294 0,000320
generation 0,127833 0,000029
generosity 0,798508 0,000184
generous 0,356675 0,000082
genius 0,400478 0,000092
gently 0,235722 0,000054
gesticulation 2,120264 0,000489
gesture 0,510826 0,000236
ghee 3,912023 0,000902
gift 0,210721 0,000097
gilt 1,469676 0,000339
girdle 1,078810 0,000249
girl 0,198451 0,000092
glance 0,186330 0,000086
glandular 3,506558 0,000809
glass 0,174353 0,000080
glean 1,514128 0,000349
globe 0,755023 0,000174
globule 2,525729 0,000583
glossy 1,609438 0,000371
goad 1,237874 0,000285
goal 0,274437 0,000063
goat 1,021651 0,000236
goats 1,347074 0,000311
god 0,083382 0,000038
goddess 1,049822 0,000484
gold 0,083382 0,000019
golden 0,342490 0,000079
goldsmith 1,897120 0,000438
goose 0,755023 0,000174
gourd 2,407946 0,001111
gouter 3,912023 0,000902
govern 0,186330 0,000086
grace 0,235722 0,000054
graceful 0,494296 0,000114
gracefully 1,203973 0,000278
gradually 0,328504 0,000076
grain 0,562119 0,000130
grammar 1,171183 0,000270
granary 2,040221 0,000471
grant 0,061875 0,000014
grape 0,867501 0,000200
grass 0,301105 0,000069
grat 3,218876 0,000742
grateful 0,446287 0,000103
gratefully 0,415515 0,000096
gratification 0,994252 0,000229
gratify 0,733969 0,000169
greatly 0,210721 0,000049
greatness 0,693147 0,000160
greek 0,494296 0,000228
green 0,105361 0,000024
gregory 1,139434 0,000263
grey 0,562119 0,000130
gross 0,235722 0,000054
ground 0,030459 0,000007
groundless 1,771957 0,000409
grounds 0,446287 0,000103
grove 0,733969 0,000169
grow 0,010050 0,000007
grudge 0,994252 0,000229
gruel 2,207275 0,000509
guard 0,083382 0,000077
guardian 0,597837 0,000138
guidance 0,776529 0,000179
guide 0,083382 0,000058
guitar 1,771957 0,000409
gum 1,386294 0,000320
guyot 3,506558 0,000809
guzerat 3,912023 0,000902
gymnastic 1,897120 0,000438
gymnastics 2,525729 0,000583
habit 0,162519 0,000075
habituated 1,832581 0,000423
hair 0,072571 0,000017
halo 1,771957 0,000409
hand 0,010050 0,000005
handle 0,223144 0,000051
handsome 0,328504 0,000076
hang 0,198451 0,000092
hanging 0,235722 0,000054
happen 0,030459 0,000014
happiness 0,150823 0,000035
happy 0,061875 0,000014
hard 0,040822 0,000009
harden 1,021651 0,000236
hare 1,203973 0,000278
harem 2,040221 0,000941
harm 0,210721 0,000049
harmless 0,248461 0,000057
harmonize 2,040221 0,000471
harmony 0,579818 0,000134
harp 0,843970 0,000195
harsh 0,462035 0,000107
harshly 1,078810 0,000249
hart 0,462035 0,000107
hasten 0,371064 0,000086
hate 0,150823 0,000139
hater 2,525729 0,001165
hatred 0,494296 0,000114
haughty 0,867501 0,000200
hawk 1,108663 0,000256
head 0,000000 0,000000
health 0,198451 0,000046
healthy 0,356675 0,000082
heap 0,248461 0,000057
hear 0,010050 0,000007
hearing 0,139262 0,000032
hearsay 2,525729 0,000583
heart 0,010050 0,000005
hearted 0,415515 0,000096
heat 0,198451 0,000046
heavenly 0,843970 0,000195
hedge 0,597837 0,000138
hedysarum 3,912023 0,000902
heir 0,527633 0,000122
hemp 2,040221 0,000471
herbal 3,912023 0,000902
herd 0,597837 0,000276
hereditary 1,108663 0,000256
hermit 1,469676 0,000339
hero 0,430783 0,000099
heroine 1,560648 0,000360
heron 1,771957 0,000409
hesitation 0,616186 0,000142
hide 0,072571 0,000050
hiding 0,616186 0,000142
highly 0,261365 0,000060
hin 3,218876 0,000742
hindi 3,912023 0,000902
hindoo 2,813411 0,000649
hindu 2,995732 0,000691
hindus 3,218876 0,000742
hindustan 3,912023 0,000902
hint 0,301105 0,000069
hip 1,078810 0,000249
hiss 0,653926 0,000151
history 0,186330 0,000043
hog 1,309333 0,000302
hold 0,010050 0,000009
holder 0,430783 0,000099
hole 0,261365 0,000060
holiday 0,713350 0,000165
holy 0,371064 0,000086
homage 1,078810 0,000249
hommage 3,912023 0,000902
honest 0,235722 0,000054
honey 0,755023 0,000174
honour 0,494296 0,000342
hope 0,000000 0,000000
horn 0,478036 0,000110
horse 0,139262 0,000064
horseback 0,843970 0,000195
hospitality 0,713350 0,000165
hostile 0,776529 0,000179
hour 0,061875 0,000014
house 0,020203 0,000005
household 0,430783 0,000099
householder 2,659260 0,000613
houses 0,139262 0,000032
hover 0,653926 0,000151
human 0,072571 0,000017
humanities 3,218876 0,000742
humanity 0,494296 0,000114
humble 0,261365 0,000060
humpbacked 3,218876 0,000742
hunger 0,478036 0,000110
hunting 0,462035 0,000107
hurry 0,162519 0,000037
hurt 0,150823 0,000035
husband 0,198451 0,000092
hyena 2,813411 0,000649
hymn 0,994252 0,000229
ichneumon 3,912023 0,000902
idea 0,083382 0,000038
identical 0,994252 0,000229
identification 0,527633 0,000122
identify 0,342490 0,000158
idle 0,261365 0,000060
idol 1,237874 0,000285
ignorance 0,287682 0,000066
ignorant 0,301105 0,000069
ignore 1,309333 0,000302
iii 0,287682 0,000066
illness 0,616186 0,000142
illustrious 1,021651 0,000236
image 0,301105 0,000139
imaginable 1,427116 0,000329
imagination 0,223144 0,000051
imitate 0,579818 0,000401
imitation 0,673345 0,000155
immoderate 2,207275 0,000509
immoral 1,660731 0,000383
immorality 1,966113 0,000453
immortal 0,755023 0,000348
immortality 1,171183 0,000270
impel 0,916291 0,000211
imperfection 1,272966 0,000294
impetuosity 1,714798 0,000395
impetuous 1,021651 0,000236
implicitly 1,832581 0,000423
imply 0,235722 0,000054
import 0,843970 0,000195
importune 1,714798 0,000395
impose 0,162519 0,000037
impossible 0,094311 0,000022
impracticable 1,237874 0,000285
impress 0,634878 0,000146
impressed 0,510826 0,000118
imprison 0,798508 0,000184
improper 1,139434 0,000263
impure 1,469676 0,000339
impurity 1,560648 0,000360
inability 1,386294 0,000320
inaccessibility 3,506558 0,000809
inaccurate 0,510826 0,000118
inarticulately 2,813411 0,000649
inauspicious 2,525729 0,000583
incantation 2,302585 0,000531
incarnation 1,771957 0,000409
incense 0,755023 0,000174
incidental 0,446287 0,000103
inclination 0,544727 0,000251
inclined 0,186330 0,000043
include 0,072571 0,000067
income 0,798508 0,000184
incomplete 0,301105 0,000069
incomprehensible 1,108663 0,000256
inconsistent 1,272966 0,000294
incontinence 2,659260 0,000613
incorrect 1,832581 0,000423
increase 0,061875 0,000057
incur 0,843970 0,000584
incurable 1,386294 0,000320
indecision 1,514128 0,000349
indemnify 0,446287 0,000103
indemnity 0,527633 0,000122
independent 0,510826 0,000118
india 0,843970 0,000195
indian 0,544727 0,000126
indifference 0,527633 0,000122
indifferent 0,400478 0,000092
indifferently 1,049822 0,000242
indirect 0,446287 0,000103
indirectly 0,371064 0,000086
indiscretion 1,427116 0,000329
indiscriminately 2,040221 0,000471
indistinct 1,139434 0,000263
indistinctly 1,897120 0,000438
individual 0,139262 0,000064
individually 1,609438 0,000371
indra 3,506558 0,000809
induce 0,328504 0,000152
indulgence 0,755023 0,000174
indus 2,813411 0,000649
infancy 0,916291 0,000211
infant 0,673345 0,000155
inference 1,386294 0,000639
inferior 0,579818 0,000267
inferring 2,995732 0,000691
infidelity 1,660731 0,000383
inflame 1,049822 0,000242
inflict 0,579818 0,000134
influence 0,198451 0,000092
inform 0,198451 0,000183
infringement 0,544727 0,000126
ingenious 0,693147 0,000160
ingenuity 0,891598 0,000206
ingratitude 1,171183 0,000270
ingredient 1,514128 0,000349
ingress 2,302585 0,000531
inhabitant 1,560648 0,000360
inhabitants 0,446287 0,000103
inherit 0,579818 0,000267
inheritance 0,798508 0,000184
initial 0,994252 0,000229
injure 0,356675 0,000165
injurious 1,427116 0,000329
injury 0,301105 0,000069
ink 0,916291 0,000211
inkling 1,427116 0,000329
inlay 1,714798 0,000395
innocent 0,186330 0,000043
innumerable 0,634878 0,000146
insect 0,916291 0,000211
insist 0,223144 0,000051
instance 0,116534 0,000054
instigate 2,120264 0,000489
instinct 0,356675 0,000082
instruct 0,494296 0,000114
instructor 1,347074 0,000311
instrument 0,248461 0,000115
instrumental 2,040221 0,000471
intellect 0,634878 0,000146
intellectual 0,235722 0,000054
intelligence 0,301105 0,000069
intelligent 0,342490 0,000079
intend 0,094311 0,000044
intense 0,430783 0,000099
intensely 0,820981 0,000189
intensity 0,994252 0,000229
intent 0,494296 0,000114
intention 0,127833 0,000059
intentionally 1,660731 0,000383
interchange 1,427116 0,000329
intercourse 0,798508 0,000184
interference 1,108663 0,000256
interior 0,673345 0,000155
intermingle 1,714798 0,000395
internal 0,261365 0,000060
internally 1,897120 0,000438
international 0,494296 0,000114
interpret 0,235722 0,000054
interrupt 0,562119 0,000130
interval 0,301105 0,000069
interview 0,634878 0,000293
intimacy 0,843970 0,000195
intimate 0,430783 0,000199
intimately 1,309333 0,000302
intone 2,813411 0,000649
intoxicated 1,427116 0,000329
intoxicating 2,120264 0,000489
intoxication 1,309333 0,000302
intrigue 1,108663 0,000511
introduce 0,261365 0,000060
introduction 0,385662 0,000089
introductory 1,771957 0,000409
intuitive 2,407946 0,000555
invalidity 0,527633 0,000122
invariably 0,798508 0,000184
invasion 1,427116 0,000329
inventress 3,912023 0,000902
inverted 2,120264 0,000489
invest 1,021651 0,000236
invisibility 3,506558 0,000809
invisible 0,562119 0,000130
invitation 0,494296 0,000114
invite 0,261365 0,000121
involve 0,820981 0,000189
iron 0,162519 0,000037
irregular 0,733969 0,000169
irregularity 1,386294 0,000320
irregularly 1,832581 0,000423
irremediable 2,525729 0,000583
irrespective 2,407946 0,000555
irs 0,562119 0,000130
iso 1,897120 0,000438
issue 0,198451 0,000046
italicize 3,218876 0,000742
iv 0,328504 0,000076
ivory 0,820981 0,000189
ix 0,494296 0,000114
jambolana 3,912023 0,000902
january 0,693147 0,000160
jasmine 2,407946 0,000555
jay 2,659260 0,000613
jealous 0,446287 0,000103
jealousy 0,430783 0,000099
jest 0,616186 0,000142
jester 2,407946 0,001111
jesting 1,427116 0,000329
jestingly 2,659260 0,000613
jewel 0,634878 0,000293
jeweller 2,120264 0,000489
jewellery 2,302585 0,000531
jocularly 2,995732 0,000691
joint 0,446287 0,000103
joke 0,356675 0,000165
jon 3,912023 0,000902
jones 1,309333 0,000302
journey 0,150823 0,000035
joy 0,127833 0,000059
judge 0,061875 0,000014
jugglery 3,912023 0,000902
juice 1,272966 0,000587
jujube 3,912023 0,000902
jules 2,525729 0,000583
jump 0,430783 0,000099
justice 0,162519 0,000037
kama 3,506558 0,000809
keeper 0,820981 0,000189
keeping 1,078810 0,000249
kick 0,314711 0,000145
kill 0,083382 0,000038
kindle 0,693147 0,000320
kindly 0,223144 0,000051
kindness 0,274437 0,000063
kinds 3,912023 0,000902
king 0,210721 0,000097
kingdom 0,462035 0,000107
kinsman 1,469676 0,000339
kiss 0,356675 0,000247
kissing 1,021651 0,000236
kitchen 0,562119 0,000130
kite 1,832581 0,000423
kneel 0,478036 0,000110
knob 1,427116 0,000329
knot 0,510826 0,000236
knowledge 0,061875 0,000014
kokila 3,912023 0,000902
kusha 3,912023 0,000902
labour 0,562119 0,000259
lac 2,995732 0,000691
laden 0,673345 0,000155
lady 0,162519 0,000075
lake 0,162519 0,000037
lament 0,713350 0,000165
lamp 0,400478 0,000092
land 0,051293 0,000012
language 0,072571 0,000017
languages 0,967584 0,000223
lap 0,527633 0,000122
lascivious 2,659260 0,000613
lash 0,562119 0,000130
lastly 0,867501 0,000200
lat 3,506558 0,000809
late 0,094311 0,000022
lathering 3,506558 0,000809
latin 0,653926 0,000151
laugh 0,094311 0,000044
laughter 0,274437 0,000063
law 0,020203 0,000009
lawful 1,078810 0,000249
lay 0,030459 0,000021
lazy 0,616186 0,000142
le 1,049822 0,000242
lead 0,020203 0,000009
leader 0,356675 0,000082
leading 0,139262 0,000032
leaf 0,446287 0,000103
league 0,653926 0,000151
lean 0,127833 0,000029
learn 0,020203 0,000019
leave -0,009950 -0,000009
left 0,000000 0,000000
leg 0,235722 0,000054
legal 0,261365 0,000060
legally 0,342490 0,000079
legerdemain 3,506558 0,000809
lemonade 2,525729 0,000583
leper 1,966113 0,000453
lessen 0,713350 0,000165
letter 0,072571 0,000033
levity 1,609438 0,000371
liability 0,462035 0,000107
liable 0,235722 0,000054
liaison 2,407946 0,000555
liberal 0,597837 0,000138
liberality 1,347074 0,000311
liberation 1,832581 0,000423
library 0,223144 0,000103
license 0,301105 0,000069
licensed 0,430783 0,000099
lie 0,020203 0,000014
lieu 0,415515 0,000096
life -0,009950 -0,000005
lifetime 0,843970 0,000195
lift 0,116534 0,000027
light 0,000000 0,000000
lighted 0,261365 0,000060
lightly 0,430783 0,000099
likelihood 1,660731 0,000383
likeness 0,673345 0,000155
liking 1,021651 0,000471
lily 1,272966 0,000294
limb 0,248461 0,000057
limit 0,287682 0,000066
limitation 0,371064 0,000086
limited 0,261365 0,000060
lingam 3,912023 0,000902
link 0,174353 0,000080
lion 0,579818 0,000134
lip 0,127833 0,000059
liquor 0,798508 0,000368
liquorice 3,506558 0,000809
list 0,301105 0,000139
listen 0,105361 0,000073
literary 0,287682 0,000066
literature 0,653926 0,000151
live 0,010050 0,000005
livelihood 1,514128 0,000349
living 0,020203 0,000005
lobe 2,813411 0,000649
local 0,713350 0,000165
locality 1,139434 0,000263
locate 0,371064 0,000086
location 0,494296 0,000114
lock 0,162519 0,000037
loin 1,427116 0,000329
loiter 1,347074 0,000311
london 0,415515 0,000096
lonely 0,400478 0,000092
loose 0,094311 0,000022
loosely 1,347074 0,000311
loosen 0,891598 0,000206
loquacious 2,120264 0,000489
lord 0,223144 0,000051
lords 0,843970 0,000195
lose 0,000000 0,000000
loss 0,083382 0,000038
lot 0,051293 0,000012
lotion 2,659260 0,000613
lottery 1,897120 0,000438
lotus 1,897120 0,000875
loud 0,105361 0,000024
loudly 0,400478 0,000092
love 0,030459 0,000021
loveliness 1,469676 0,000339
lovely 0,462035 0,000107
lover 0,356675 0,000165
loving 0,478036 0,000110
lovingly 1,427116 0,000329
lucky 0,494296 0,000114
lunatic 1,203973 0,000278
lust 0,820981 0,000189
lusty 1,832581 0,000423
lute 2,040221 0,000471
machine 0,210721 0,000097
mad 0,235722 0,000054
madness 0,597837 0,000138
magic 0,673345 0,000155
magical 1,660731 0,000383
magnificent 0,328504 0,000076
maid 0,415515 0,000192
maiden 0,673345 0,000155
main 0,127833 0,000029
maintain 0,094311 0,000022
maintenance 1,171183 0,000270
majority 0,597837 0,000138
maker 0,653926 0,000151
male 0,562119 0,000259
malignity 1,966113 0,000453
malwa 3,506558 0,000809
manage 0,261365 0,000121
manes 2,040221 0,000471
mango 2,813411 0,000649
manhood 0,776529 0,000179
manifest 0,478036 0,000441
manifestation 1,139434 0,000526
manipulate 2,407946 0,001111
manipulation 2,813411 0,000649
mankind 0,478036 0,000110
manner 0,040822 0,000009
manners 0,274437 0,000063
manual 1,469676 0,000339
manuscript 0,967584 0,000223
mare 1,203973 0,000278
mark 0,105361 0,000073
marked 0,061875 0,000014
market 0,510826 0,000236
marriage 0,314711 0,000145
marriageable 2,659260 0,000613
married 0,248461 0,000057
marry 0,356675 0,000165
mass 0,210721 0,000049
master 0,072571 0,000033
masters 0,446287 0,000103
mastery 1,171183 0,000270
material 0,261365 0,000060
materialist 2,659260 0,000613
materialistic 2,659260 0,000613
matrimony 1,771957 0,000409
matron 1,347074 0,000311
matter 0,000000 0,000000
maturely 2,659260 0,000613
maux 3,506558 0,000809
maximum 0,478036 0,000110
meal 0,261365 0,000060
meaning 0,186330 0,000086
meanness 1,237874 0,000285
meat 0,356675 0,000082
mechanical 0,843970 0,000195
medicinal 2,995732 0,000691
medicine 0,562119 0,000259
mediocre 2,407946 0,000555
medium 0,223144 0,000051
meet 0,010050 0,000007
meeting 0,162519 0,000075
melancholy 0,342490 0,000079
mendicant 2,120264 0,000489
menial 1,714798 0,000395
mental 0,430783 0,000099
mention 0,105361 0,000097
mercantile 2,407946 0,000555
merchandise 1,469676 0,000339
merchant 0,494296 0,000114
mercury 1,203973 0,000278
mere 0,094311 0,000022
merit 0,371064 0,000171
meritorious 1,771957 0,000409
message 0,356675 0,000165
messenger 0,562119 0,000259
metal 0,527633 0,000122
method 0,094311 0,000044
michael 0,400478 0,000092
midday 1,108663 0,000256
middle 0,030459 0,000007
middling 1,966113 0,000453
mighty 0,328504 0,000076
milk 0,400478 0,000185
milky 1,714798 0,000395
mimicry 3,218876 0,000742
mind 0,020203 0,000009
minded 0,400478 0,000092
mineralogy 3,506558 0,000809
minerva 1,832581 0,000423
minister 0,562119 0,000130
ministers 0,776529 0,000179
minor 0,713350 0,000165
minstrel 1,832581 0,000423
minute 0,150823 0,000035
mirror 0,579818 0,000134
mirth 0,776529 0,000179
mis 1,609438 0,000371
miscarriage 2,407946 0,000555
miscellaneous 1,771957 0,000409
miscellany 2,995732 0,000691
misconduct 1,966113 0,000453
miser 1,560648 0,000360
miserable 0,210721 0,000049
misfortune 0,400478 0,000185
mission 0,210721 0,000049
mississippi 0,415515 0,000096
mistake 0,186330 0,000043
mistress 0,478036 0,000110
mix 0,274437 0,000190
mixing 1,272966 0,000294
mixture 0,597837 0,000138
mode 0,579818 0,000267
moderate 0,579818 0,000134
moderately 1,660731 0,000383
moderation 1,108663 0,000256
modern 0,301105 0,000069
modesty 0,733969 0,000169
modification 0,478036 0,000110
modify 0,356675 0,000082
moisten 1,660731 0,000766
moksha 3,912023 0,000902
moment 0,010050 0,000002
mon 1,714798 0,000395
money 0,051293 0,000012
monier 3,912023 0,000902
monkey 0,941609 0,000434
monogamous 3,912023 0,000902
monogamy 3,506558 0,000809
month 0,040822 0,000019
monthly 1,427116 0,000329
moon 0,261365 0,000121
moonlight 0,673345 0,000155
moor 0,994252 0,000229
morality 0,867501 0,000200
morning 0,040822 0,000009
morrow 0,328504 0,000076
mortar 1,272966 0,000294
mother 0,072571 0,000033
motion 0,223144 0,000103
motionless 0,544727 0,000126
mots 2,659260 0,000613
mount 0,210721 0,000097
mouse 0,776529 0,000179
moustache 1,514128 0,000349
mouth 0,061875 0,000029
movement 0,287682 0,000133
mover 2,302585 0,000531
mull 2,207275 0,000509
multiply 0,776529 0,000358
music 0,198451 0,000046
musical 0,579818 0,000134
mustard 1,714798 0,000395
mute 0,776529 0,000179
mutual 0,510826 0,000118
mutually 1,386294 0,000320
mysterious 0,314711 0,000073
mystical 1,469676 0,000339
nagara 3,912023 0,000902
nail 0,356675 0,000165
naked 0,274437 0,000063
nandi 3,912023 0,000902
narrate 1,203973 0,000278
narrative 0,579818 0,000134
narrow 0,094311 0,000022
nation 0,579818 0,000134
native 0,314711 0,000073
natural 0,094311 0,000022
naturally 0,210721 0,000049
nature 0,094311 0,000044
navel 2,040221 0,000471
neat 0,653926 0,000151
neck 0,174353 0,000040
necklace 1,660731 0,000383
nectar 1,966113 0,000453
neglect 0,274437 0,000190
negligence 0,415515 0,000096
negotiation 1,560648 0,000360
neighbour 0,510826 0,000353
neighbourhood 0,776529 0,000179
nervous 0,494296 0,000114
network 0,415515 0,000096
newly 0,494296 0,000114
news 0,210721 0,000049
newsletter 0,562119 0,000130
niggardly 2,040221 0,000471
night 0,010050 0,000005
nihilists 2,995732 0,000691
nipple 2,659260 0,000613
noble 0,198451 0,000046
nod 0,371064 0,000086
noise 0,139262 0,000032
nominal 1,714798 0,000395
nonproprietary 0,562119 0,000130
noon 0,430783 0,000099
noonday 1,660731 0,000383
north 0,083382 0,000019
northern 0,653926 0,000151
nose 0,261365 0,000060
nostril 0,798508 0,000184
note 0,094311 0,000022
notice 0,020203 0,000009
notify 0,371064 0,000086
notorious 1,049822 0,000242
nourish 0,916291 0,000211
novelist 1,832581 0,000423
novelty 0,798508 0,000184
numerous 0,235722 0,000054
nurse 0,301105 0,000139
nut 0,820981 0,000379
oath 0,385662 0,000089
obedience 0,494296 0,000114
obedient 0,544727 0,000126
obey 0,223144 0,000154
object 0,105361 0,000073
objection 0,400478 0,000092
oblation 2,207275 0,001018
obligation 0,597837 0,000138
oblige 0,210721 0,000097
observance 1,427116 0,000329
observation 0,446287 0,000103
observations 0,867501 0,000200
observe 0,094311 0,000065
obsolete 0,446287 0,000103
obstacle 0,510826 0,000118
obstinacy 1,108663 0,000256
obstruct 1,309333 0,000302
obstruction 1,609438 0,000371
occasion 0,105361 0,000049
occasional 0,510826 0,000118
occasionally 0,371064 0,000086
occult 2,040221 0,000471
occupation 0,371064 0,000086
occupy 0,174353 0,000080
occur 0,083382 0,000019
occurrence 0,693147 0,000320
ocean 0,415515 0,000096
odd 0,385662 0,000089
odour 1,021651 0,000236
offer 0,020203 0,000019
offering 1,609438 0,000371
office 0,072571 0,000017
officer 0,314711 0,000145
official 0,223144 0,000051
offspring 0,994252 0,000229
oil 0,446287 0,000103
oils 2,407946 0,000555
ointment 1,966113 0,000907
olden 1,966113 0,000453
omen 1,171183 0,000540
oneself 1,386294 0,000320
onion 1,203973 0,000278
online 0,510826 0,000118
openly 0,494296 0,000114
opinion 0,105361 0,000049
opportunity 0,061875 0,000029
oppose 0,579818 0,000267
opposed 0,653926 0,000151
oppressed 0,693147 0,000160
optionally 3,912023 0,000902
orb 1,514128 0,000349
ordain 0,891598 0,000206
ordinance 1,514128 0,000349
ordinarily 1,469676 0,000339
ordinary 0,186330 0,000043
organ 0,634878 0,000293
organized 0,356675 0,000082
oriental 1,108663 0,000256
orifice 2,525729 0,000583
original 0,105361 0,000024
originally 0,673345 0,000155
originator 0,478036 0,000110
ornament 0,527633 0,000243
ornamental 1,386294 0,000320
ornamented 1,171183 0,000270
orphan 0,798508 0,000184
outdated 0,562119 0,000130
outer 0,510826 0,000118
outward 0,579818 0,000134
outwardly 1,309333 0,000302
oval 1,560648 0,000360
overcome 0,198451 0,000092
overhear 0,994252 0,000229
overlook 0,527633 0,000122
overture 1,347074 0,000311
overwhelm 1,514128 0,000349
ovid 2,407946 0,000555
owe 0,105361 0,000024
owner 0,083382 0,000019
pacify 1,272966 0,000294
packed 0,616186 0,000142
padding 2,659260 0,000613
pain 0,051293 0,000024
painful 0,328504 0,000076
painting 0,713350 0,000329
pair 0,210721 0,000049
pala 3,912023 0,000902
palace 0,494296 0,000228
palate 1,660731 0,000383
palm 0,494296 0,000114
palms 0,820981 0,000189
pandita 3,912023 0,000902
pang 0,634878 0,000146
pantheon 2,525729 0,000583
paper 0,083382 0,000019
paperwork 0,562119 0,000130
papier 3,506558 0,000809
par 1,347074 0,000311
paragraph 0,328504 0,000152
parasite 2,040221 0,000941
parent 0,261365 0,000060
paroxysm 1,347074 0,000311
parrot 1,560648 0,000720
parsley 2,659260 0,000613
parterre 2,525729 0,000583
partridge 1,427116 0,000329
party 0,030459 0,000014
pass 0,020203 0,000014
passage 0,105361 0,000024
passer 1,078810 0,000249
passing 0,094311 0,000022
passion 0,174353 0,000080
passionate 0,634878 0,000146
paste 1,386294 0,000320
paternal 1,171183 0,000270
patience 0,139262 0,000032
patroness 2,120264 0,000489
pay 0,030459 0,000028
payment 0,274437 0,000063
peace 0,094311 0,000022
peaceful 0,478036 0,000110
peacock 1,469676 0,000678
pebble 1,108663 0,000256
peck 1,560648 0,000360
peculiar 0,223144 0,000051
peculiarity 0,755023 0,000348
pecuniary 1,386294 0,000320
peepul 3,912023 0,000902
peg 1,139434 0,000263
pelt 1,386294 0,000320
pen 0,235722 0,000054
pencil 0,616186 0,000142
pendulous 2,659260 0,000613
penniless 1,714798 0,000395
pepper 1,171183 0,000270
perceive 0,198451 0,000137
perception 0,967584 0,000223
perceptive 3,218876 0,000742
perfect 0,061875 0,000014
perfectly 0,162519 0,000037
perforate 2,995732 0,001382
perform 0,072571 0,000067
performance 0,127833 0,000059
perfume 0,941609 0,000651
perfumed 1,427116 0,000329
perfumer 3,218876 0,000742
period 0,235722 0,000054
periodic 0,544727 0,000126
permanent 0,223144 0,000051
permission 0,150823 0,000035
permit 0,094311 0,000044
perseverance 1,108663 0,000256
person -0,009950 -0,000007
personal 0,223144 0,000051
personally 0,798508 0,000184
perspiration 1,237874 0,000285
perspire 1,966113 0,000453
persuade 0,223144 0,000051
perusal 1,272966 0,000294
peruse 1,609438 0,000371
pestilent 2,525729 0,000583
philanthropist 2,040221 0,000471
philter 3,218876 0,001485
phrase 0,139262 0,000032
phut 2,995732 0,000691
physalis 3,912023 0,000902
physical 0,198451 0,000046
physician 0,693147 0,000160
physicians 1,272966 0,000294
pick 0,223144 0,000051
picking 0,634878 0,000146
picnic 1,897120 0,000438
picture 0,139262 0,000064
piece 0,020203 0,000005
pierce 0,356675 0,000329
pigeon 1,108663 0,000256
pigment 2,813411 0,000649
pilgrimage 1,427116 0,000329
pill 1,560648 0,000360
pillar 0,597837 0,000138
pillow 0,544727 0,000126
pincers 2,120264 0,000489
pincher 3,218876 0,000742
pinus 3,506558 0,000809
pipe 0,385662 0,000089
piper 2,302585 0,000531
pit 0,597837 0,000276
pitiless 1,347074 0,000311
pity 0,139262 0,000032
plain 0,040822 0,000009
planet 1,021651 0,000236
plant 0,186330 0,000129
plate 0,314711 0,000073
play 0,040822 0,000038
plaything 1,386294 0,000320
pleasant 0,162519 0,000037
pleased 0,150823 0,000035
pleasing 0,653926 0,000151
pleasure 0,051293 0,000024
plenty 0,235722 0,000054
pluck 0,371064 0,000086
plum 1,347074 0,000311
poem 0,798508 0,000184
poet 0,544727 0,000251
poetical 1,514128 0,000349
poetically 2,525729 0,000583
poetry 0,693147 0,000160
poison 0,371064 0,000086
polar 1,966113 0,000453
police 0,755023 0,000174
polished 0,673345 0,000155
pollute 1,427116 0,000329
polygamy 2,659260 0,000613
pomegranate 2,040221 0,000471
pool 0,693147 0,000160
poor 0,020203 0,000005
popular 0,430783 0,000099
popularly 1,966113 0,000453
portion 0,301105 0,000139
position 0,162519 0,000075
possess 0,061875 0,000057
possession 0,083382 0,000038
possibility 0,150823 0,000035
post 0,051293 0,000024
pot 0,478036 0,000220
potato 1,078810 0,000249
potter 1,171183 0,000270
pound 0,314711 0,000218
poverty 0,446287 0,000103
powder 0,597837 0,000414
power 0,030459 0,000014
powerful 0,223144 0,000051
practical 0,494296 0,000114
practically 0,235722 0,000054
practice 0,116534 0,000054
practise 0,510826 0,000353
praise 0,274437 0,000190
praiseworthy 2,040221 0,000471
precede 0,385662 0,000267
precept 1,049822 0,000242
preceptor 1,609438 0,000371
precious 0,162519 0,000037
preface 0,713350 0,000165
prefer 0,174353 0,000080
preferable 1,386294 0,000320
preference 0,843970 0,000195
pregnancy 2,120264 0,000489
premier 2,813411 0,000649
premise 0,891598 0,000206
prepare 0,116534 0,000054
prepared 0,105361 0,000024
prescribe 0,776529 0,000179
prescription 1,469676 0,000339
presence 0,094311 0,000022
presently 0,385662 0,000089
preservative 2,659260 0,000613
preserve 0,083382 0,000038
press 0,105361 0,000073
pressed 0,274437 0,000063
pressure 0,527633 0,000122
presume 0,462035 0,000107
pretence 0,891598 0,000411
pretend 0,186330 0,000172
pretext 0,891598 0,000206
prettily 1,469676 0,000339
prevalent 1,309333 0,000302
prevent 0,040822 0,000038
previous 0,094311 0,000022
pride 0,150823 0,000035
priestly 2,207275 0,000509
prime 0,653926 0,000151
primitive 0,916291 0,000211
prince 0,462035 0,000213
principal 0,287682 0,000066
principle 0,274437 0,000063
principled 2,995732 0,000691
print 0,116534 0,000054
printer 1,714798 0,000395
private 0,198451 0,000046
privately 1,171183 0,000270
probable 0,494296 0,000114
proceed 0,116534 0,000027
proceeds 0,916291 0,000211
processing 0,562119 0,000130
procurable 3,506558 0,000809
procure 0,415515 0,000287
produce 0,061875 0,000057
production 0,274437 0,000127
productive 1,469676 0,000339
profession 0,446287 0,000103
professor 0,261365 0,000060
profit 0,083382 0,000038
profound 0,446287 0,000103
progeny 1,897120 0,000438
prohibit 1,347074 0,000621
prohibition 0,415515 0,000096
project -0,009950 -0,000005
prominently 0,494296 0,000114
promise 0,051293 0,000035
promote 0,274437 0,000063
promotion 0,342490 0,000079
pronounce 0,798508 0,000368
pronounced 0,446287 0,000103
proofread 0,562119 0,000130
proofreading 1,966113 0,000453
proper 0,061875 0,000014
properly 0,385662 0,000089
property 0,127833 0,000059
propitiate 1,609438 0,000371
propitious 1,469676 0,000339
proportion 0,235722 0,000109
proportionately 2,407946 0,000555
propose 0,186330 0,000043
proposition 0,820981 0,000189
proprietary 0,562119 0,000130
propriety 0,843970 0,000195
prose 1,021651 0,000236
prospectus 3,218876 0,000742
prosperity 0,820981 0,000189
prosperous 0,891598 0,000206
prostitution 2,525729 0,000583
protect 0,139262 0,000064
protection 0,314711 0,000073
protrude 1,203973 0,000278
prove 0,083382 0,000038
provide 0,127833 0,000059
province 0,776529 0,000358
provision 0,094311 0,000044
proviso 2,659260 0,000613
provocative 2,407946 0,000555
provoke 0,510826 0,000118
prudent 0,616186 0,000142
puberty 2,813411 0,000649
public 0,083382 0,000019
publication 1,049822 0,000242
publicly 0,994252 0,000229
publish 0,478036 0,000110
pull 0,127833 0,000059
pumpkin 2,302585 0,000531
punctuation 1,966113 0,000453
pundit 3,506558 0,001617
punish 0,314711 0,000073
punitive 0,562119 0,000130
pupil 0,579818 0,000134
purchase 0,400478 0,000277
pure 0,139262 0,000032
purify 0,916291 0,000211
purity 0,776529 0,000179
purple 0,616186 0,000142
purpose 0,040822 0,000019
puzzle 0,941609 0,000217
quadruped 2,302585 0,000531
quail 1,469676 0,000678
quality 0,186330 0,000086
quantity 0,478036 0,000220
quarrel 0,287682 0,000199
quarrelling 1,386294 0,000320
quarry 1,171183 0,000270
quarter 0,105361 0,000024
queen 0,415515 0,000096
queens 1,660731 0,000383
question 0,020203 0,000009
quick 0,127833 0,000029
quickness 1,237874 0,000285
quiet 0,094311 0,000022
quote 0,755023 0,000522
race 0,162519 0,000037
radish 3,218876 0,000742
raiment 1,660731 0,000383
rain 0,150823 0,000035
raise 0,020203 0,000019
raja 2,995732 0,000691
ram 0,994252 0,000459
rank 0,223144 0,000051
rapid 0,371064 0,000086
rapidly 0,371064 0,000086
rarely 0,527633 0,000122
rasa 2,995732 0,000691
rate 0,261365 0,000121
reach 0,000000 0,000000
read 0,020203 0,000009
readable 0,510826 0,000118
reader 0,301105 0,000069
readiness 0,634878 0,000146
ready 0,030459 0,000007
real 0,040822 0,000009
realise 1,021651 0,000236
realistic 2,302585 0,000531
reality 0,301105 0,000069
realize 0,693147 0,000320
rear 0,371064 0,000086
reason 0,010050 0,000005
reasonable 0,116534 0,000027
reasoning 0,713350 0,000165
rebuke 0,843970 0,000389
receipt 0,261365 0,000121
receive 0,040822 0,000038
reception 0,693147 0,000160
recipe 2,120264 0,000978
recite 1,347074 0,000621
recklessness 1,660731 0,000383
reckon 0,385662 0,000089
recline 1,108663 0,000256
recognise 0,843970 0,000389
recognize 0,733969 0,000169
reconcile 0,597837 0,000276
reconciliation 1,021651 0,000236
recourse 1,171183 0,000270
recover 0,127833 0,000059
recreation 1,309333 0,000302
red 0,061875 0,000014
reddish 1,386294 0,000320
redistribute 0,544727 0,000126
redistributing 0,562119 0,000130
redistribution 0,562119 0,000130
redness 2,040221 0,000471
reduce 0,314711 0,000073
reed 0,941609 0,000217
refer 0,223144 0,000154
reference 0,198451 0,000092
reflect 0,235722 0,000054
reflection 0,274437 0,000063
refrain 0,597837 0,000138
refreshment 0,843970 0,000195
refuge 0,446287 0,000103
refund 0,562119 0,000130
refuse 0,083382 0,000038
regain 0,634878 0,000146
regard 0,083382 0,000038
region 0,462035 0,000107
register 0,287682 0,000066
regret 0,342490 0,000158
regular 0,287682 0,000066
regulate 0,210721 0,000097
reign 0,430783 0,000199
reject 0,478036 0,000331
relate 0,415515 0,000287
relation 0,223144 0,000103
relationship 0,867501 0,000200
relative 0,462035 0,000107
relax 1,108663 0,000256
release 0,105361 0,000024
religion 0,415515 0,000096
religious 0,446287 0,000103
rely 0,579818 0,000267
remain 0,040822 0,000028
remains 0,150823 0,000035
remark 0,223144 0,000051
remarks 0,462035 0,000107
remarry 3,218876 0,000742
remede 3,912023 0,000902
remedy 0,150823 0,000070
remember 0,030459 0,000021
remembrance 0,733969 0,000169
remind 0,301105 0,000069
remote 0,478036 0,000110
removal 1,171183 0,000270
remove 0,040822 0,000028
rename 0,544727 0,000126
render 0,186330 0,000043
renew 0,314711 0,000218
repair 0,342490 0,000158
repeat 0,051293 0,000035
repeatedly 1,108663 0,000256
replace 0,198451 0,000046
replacement 0,544727 0,000126
reply 0,105361 0,000097
report 0,051293 0,000035
repose 0,494296 0,000114
reprehend 2,813411 0,000649
represent 0,210721 0,000097
representation 0,261365 0,000060
reprint 1,660731 0,000383
reproach 0,301105 0,000139
reproachable 3,912023 0,000902
reproachful 1,309333 0,000302
reproduce 1,078810 0,000249
repulse 0,994252 0,000229
reputation 0,342490 0,000079
request 0,105361 0,000049
require 0,051293 0,000024
required 0,083382 0,000019
requirement 0,400478 0,000092
resemble 0,400478 0,000277
reservoir 2,302585 0,000531
reside 0,713350 0,000165
residence 0,653926 0,000151
resident 1,203973 0,000278
resist 0,274437 0,000127
resolve 0,287682 0,000066
resort 0,733969 0,000677
resource 0,544727 0,000126
respect 0,040822 0,000028
respectable 0,430783 0,000099
respectful 0,755023 0,000174
respects 0,527633 0,000122
respond 0,693147 0,000160
rest 0,010050 0,000005
restore 0,223144 0,000051
restraint 0,713350 0,000165
restriction 0,371064 0,000086
result 0,174353 0,000040
resume 0,301105 0,000069
retain 0,235722 0,000054
retired 0,342490 0,000079
return 0,010050 0,000009
reveal 0,223144 0,000206
revenge 0,462035 0,000107
revenue 0,342490 0,000079
revere 1,427116 0,000329
reverse 0,527633 0,000122
revise 1,660731 0,000383
revolve 0,776529 0,000179
reward 0,174353 0,000080
rhetoric 1,560648 0,000360
rice 1,469676 0,000339
rich 0,116534 0,000027
richard 1,021651 0,000236
riches 0,798508 0,000184
rid 0,223144 0,000051
riddle 0,891598 0,000206
rider 0,967584 0,000223
ridiculous 0,478036 0,000110
rig 1,272966 0,000294
rinse 1,897120 0,000438
rise 0,030459 0,000028
rishis 3,912023 0,000902
rising 2,525729 0,000583
risk 0,301105 0,000069
rite 0,994252 0,000459
rival 0,494296 0,000228
rivalry 1,609438 0,000371
river 0,174353 0,000040
rivers 0,713350 0,000165
road 0,116534 0,000054
robber 0,653926 0,000151
roguery 2,525729 0,000583
roguish 2,407946 0,000555
role 1,609438 0,000371
roll 0,150823 0,000035
romance 0,673345 0,000155
root 0,235722 0,000109
rope 0,430783 0,000099
rosary 2,302585 0,000531
rough 0,186330 0,000043
roughness 1,514128 0,000349
rouse 0,494296 0,000114
row 0,385662 0,000178
royal 0,400478 0,000092
royalty 0,371064 0,000171
rub 0,342490 0,000316
ruin 0,116534 0,000054
rule 0,030459 0,000021
rustic 1,078810 0,000249
sacred 0,415515 0,000096
sacrifice 0,210721 0,000097
sacrificer 2,995732 0,001382
safely 0,371064 0,000086
saffron 2,120264 0,000489
sage 0,820981 0,000379
sake 0,083382 0,000019
salary 1,171183 0,000270
sale 0,776529 0,000358
salt 0,105361 0,000024
salutation 1,237874 0,000285
sample 1,272966 0,000294
sancho 2,659260 0,000613
sanctuary 1,237874 0,000285
sand 0,494296 0,000114
sandal 2,120264 0,000489
sanskrit 2,659260 0,000613
sara 3,506558 0,000809
satisfaction 0,186330 0,000043
satisfactory 0,562119 0,000130
satisfy 0,061875 0,000043
saturate 1,609438 0,000371
savage 0,248461 0,000057
save 0,010050 0,000002
savour 1,514128 0,000349
scanning 1,966113 0,000453
scanty 0,941609 0,000217
scarification 3,912023 0,000902
scattered 0,139262 0,000032
scene 0,127833 0,000029
scenic 3,218876 0,000742
scent 0,544727 0,000126
scheme 0,462035 0,000107
school 0,150823 0,000035
science 0,415515 0,000192
scissors 1,660731 0,000383
scold 1,078810 0,000249
scorn 0,446287 0,000103
scotch 1,309333 0,000302
scratch 0,544727 0,000251
scratching 1,108663 0,000256
screw 1,049822 0,000242
sculpture 1,660731 0,000383
seal 0,371064 0,000086
search 0,040822 0,000009
season 0,235722 0,000163
seasoned 1,609438 0,000371
seat 0,051293 0,000024
secluded 1,237874 0,000285
seclusion 1,237874 0,000285
secrecy 0,798508 0,000184
secret 0,051293 0,000024
secretly 0,597837 0,000138
secure 0,061875 0,000043
securely 0,916291 0,000211
seduce 1,171183 0,000810
seduction 1,771957 0,000409
seed 0,510826 0,000236
seek 0,083382 0,000058
seize 0,116534 0,000027
seldom 0,301105 0,000069
select 0,301105 0,000139
selfish 0,798508 0,000184
sell 0,210721 0,000097
seller 1,514128 0,000349
semen 3,506558 0,000809
send 0,020203 0,000014
senior 1,309333 0,000302
sense 0,051293 0,000012
sensibility 1,237874 0,000285
sensual 1,203973 0,000278
sentence 0,094311 0,000044
sentiment 0,356675 0,000082
sentinel 1,237874 0,000285
separate 0,094311 0,000065
separately 1,108663 0,000256
separation 0,755023 0,000174
seraglio 2,659260 0,000613
serpent 0,693147 0,000160
servant 0,105361 0,000049
serve 0,051293 0,000047
service 0,072571 0,000033
sesamum 3,506558 0,000809
set 0,010050 0,000007
settle 0,083382 0,000038
seventh 0,562119 0,000130
severally 2,040221 0,000471
severely 0,634878 0,000146
sewing 1,514128 0,000349
sex 0,462035 0,000213
sexual 2,525729 0,000583
shabby 1,021651 0,000236
shaiva 3,912023 0,000902
shake 0,072571 0,000033
shame 0,223144 0,000051
shamelessness 2,995732 0,000691
shampoo 3,912023 0,001804
shampooer 3,912023 0,000902
shampooing 3,912023 0,000902
shank 2,407946 0,000555
shape 0,150823 0,000035
share 0,030459 0,000021
sharp 0,139262 0,000032
shastra 3,912023 0,000902
shastras 3,912023 0,000902
shastri 3,912023 0,000902
shave 0,916291 0,000211
sheep 0,371064 0,000086
sheik 2,995732 0,000691
shelter 0,301105 0,000069
sherbet 2,407946 0,001111
ship 0,198451 0,000046
shock 0,235722 0,000054
short 0,020203 0,000005
shortly 0,462035 0,000107
shoulder 0,139262 0,000064
shower 0,544727 0,000126
shrewd 0,994252 0,000229
shrewdness 1,897120 0,000438
shrink 0,462035 0,000107
shruti 3,912023 0,000902
shut 0,051293 0,000012
shyness 1,560648 0,000360
sick 0,150823 0,000035
sickly 0,891598 0,000206
siddha 3,912023 0,000902
sideways 1,139434 0,000263
sigh 0,235722 0,000109
sight 0,040822 0,000009
sign 0,051293 0,000024
silence 0,051293 0,000012
silent 0,051293 0,000012
silk 0,478036 0,000110
silver 0,210721 0,000049
sima 3,912023 0,000902
simple 0,094311 0,000044
simplicity 0,527633 0,000122
simply 0,150823 0,000035
sin 0,314711 0,000073
sing 0,261365 0,000060
singer 1,049822 0,000242
singing 0,371064 0,000086
single 0,083382 0,000019
sink 0,072571 0,000017
sir 0,150823 0,000035
sister 0,223144 0,000103
sit 0,010050 0,000007
sita 3,912023 0,000902
situated 0,733969 0,000169
sixteenth 1,171183 0,000270
sixth 0,446287 0,000103
size 0,223144 0,000051
skilful 0,967584 0,000223
skilfulness 3,912023 0,000902
skill 0,287682 0,000066
skilled 1,272966 0,000294
skin 0,174353 0,000080
slave 0,356675 0,000165
slay 0,733969 0,000169
sleep 0,051293 0,000024
sleepy 0,713350 0,000165
slight 0,072571 0,000050
slip 0,150823 0,000035
slough 1,469676 0,000339
slow 0,139262 0,000032
slowly 0,150823 0,000035
smallness 1,660731 0,000383
smartly 1,514128 0,000349
smell 0,261365 0,000181
smile 0,150823 0,000104
smoke 0,186330 0,000043
smooth 0,235722 0,000054
snakes 1,347074 0,000311
sneer 0,994252 0,000229
sneeze 1,203973 0,000278
soak 1,171183 0,000540
soap 1,272966 0,000294
sociable 1,272966 0,000294
social 0,371064 0,000086
socially 2,407946 0,000555
society 0,210721 0,000097
sodomy 3,218876 0,000742
soft 0,210721 0,000049
soften 0,494296 0,000114
softly 0,400478 0,000092
softness 0,891598 0,000206
sole 0,301105 0,000069
solely 0,733969 0,000169
solemnly 0,579818 0,000134
solicit 0,314711 0,000073
solicitation 0,430783 0,000099
solution 0,755023 0,000174
soma 3,506558 0,000809
son 0,083382 0,000038
song 0,261365 0,000060
sorcery 2,525729 0,000583
sorrow 0,248461 0,000057
sort 0,072571 0,000033
soul 0,083382 0,000038
sound 0,010050 0,000007
soup 1,078810 0,000249
sour 0,891598 0,000206
source 0,274437 0,000063
south 0,235722 0,000054
southern 0,579818 0,000134
sow 0,579818 0,000267
space 0,105361 0,000024
sparrow 1,203973 0,000555
speak 0,030459 0,000021
speaker 0,634878 0,000146
speaking 0,072571 0,000017
special 0,083382 0,000019
speciality 2,995732 0,000691
specially 0,820981 0,000189
specific 0,820981 0,000189
specimen 0,579818 0,000134
spectacle 0,544727 0,000126
spectacles 0,843970 0,000195
speech 0,139262 0,000064
speed 0,274437 0,000063
spell 0,653926 0,000151
spend 0,051293 0,000035
spin 0,510826 0,000118
spirit 0,051293 0,000024
spirited 0,713350 0,000165
spiritless 1,832581 0,000423
spiritual 0,653926 0,000151
spirituous 3,218876 0,000742
spite 0,139262 0,000032
spitting 1,609438 0,000371
split 0,798508 0,000184
splitting 1,514128 0,000349
spontaneous 1,139434 0,000263
sport 0,446287 0,000206
sporting 1,427116 0,000329
sportive 2,040221 0,000471
spot 0,150823 0,000035
spread 0,051293 0,000024
spring 0,051293 0,000024
sprinkle 0,776529 0,000179
sprout 1,514128 0,000698
spur 0,693147 0,000160
spy 0,579818 0,000134
squander 1,469676 0,000339
stab 0,967584 0,000223
staff 0,261365 0,000060
stage 0,186330 0,000086
stain 0,478036 0,000110
staining 2,525729 0,000583
stake 0,446287 0,000103
stalk 0,755023 0,000348
stamp 0,261365 0,000060
stand -0,009950 -0,000009
standard 0,544727 0,000126
stanza 1,966113 0,000453
star 0,261365 0,000121
stare 0,328504 0,000076
starling 2,813411 0,000649
start -0,009950 -0,000005
starve 0,562119 0,000130
statement 0,186330 0,000043
statue 0,634878 0,000146
status 0,446287 0,000103
steal 0,105361 0,000024
step 0,030459 0,000007
stick 0,174353 0,000040
sting 0,616186 0,000142
stinginess 2,659260 0,000613
stingy 2,120264 0,000489
stock 0,235722 0,000054
stomach 0,616186 0,000142
stone 0,094311 0,000022
stool 0,653926 0,000302
stoppage 2,120264 0,000489
stopping 2,525729 0,000583
store 0,061875 0,000043
storm 0,274437 0,000063
story 0,030459 0,000014
straight 0,105361 0,000024
straightforward 1,832581 0,000423
stranger 0,139262 0,000032
strangers 0,356675 0,000082
stratum 1,897120 0,000438
street 0,116534 0,000054
strength 0,030459 0,000007
stretch 0,116534 0,000054
strict 0,186330 0,000043
strictly 0,579818 0,000134
strike 0,020203 0,000014
striking 0,274437 0,000063
string 0,371064 0,000086
stringing 2,995732 0,000691
strive 0,385662 0,000089
strong 0,020203 0,000005
struggle 0,127833 0,000059
stud 1,078810 0,000249
student 0,579818 0,000134
study 0,094311 0,000065
stupidity 0,916291 0,000211
style 0,261365 0,000060
subdue 0,941609 0,000217
subject 0,061875 0,000043
subjugate 2,407946 0,001111
submission 0,776529 0,000179
subordinate 0,967584 0,000223
subscribe 0,342490 0,000079
subsequent 0,867501 0,000200
subsequently 1,469676 0,000339
subsistence 1,609438 0,000371
substance 0,415515 0,000192
subtlety 1,272966 0,000294
succeed 0,105361 0,000097
success 0,162519 0,000037
successful 0,478036 0,000110
succumb 1,427116 0,000329
suck 0,597837 0,000276
sudden 0,072571 0,000017
suddenly 0,040822 0,000009
suffer 0,061875 0,000029
suffering 0,210721 0,000049
sufficiency 1,966113 0,000453
sufficient 0,139262 0,000032
sugar 0,776529 0,000179
suggestively 2,659260 0,000613
suit 0,198451 0,000046
suitable 0,462035 0,000107
suited 0,597837 0,000138
sulky 1,514128 0,000349
sulphur 1,609438 0,000371
sum 0,261365 0,000060
summer 0,186330 0,000043
sun 0,072571 0,000017
superfluous 0,867501 0,000200
superintend 1,347074 0,000621
superintendence 1,832581 0,000423
superintendent 1,609438 0,000371
superior 0,261365 0,000121
superiority 0,673345 0,000155
superlative 2,302585 0,000531
supine 2,207275 0,000509
supplement 1,469676 0,000339
supply 0,210721 0,000049
support 0,094311 0,000065
supporter 1,609438 0,000371
suppose 0,020203 0,000009
supposer 3,506558 0,000809
supreme 0,616186 0,000142
surface 0,287682 0,000066
surpass 0,755023 0,000174
surprised 0,210721 0,000049
surround 0,162519 0,000075
surroundings 0,994252 0,000229
survive 0,186330 0,000043
suspect 0,162519 0,000037
suspend 0,527633 0,000122
suspicion 0,210721 0,000097
suspicious 0,579818 0,000134
sustain 0,314711 0,000073
sutra 3,912023 0,000902
swallow 0,261365 0,000121
swamp 0,287682 0,000066
swan 1,171183 0,000270
swear 0,261365 0,000060
sweat 0,562119 0,000130
sweet 0,139262 0,000032
sweetly 1,049822 0,000242
sweetmeat 1,897120 0,000438
swell 0,186330 0,000086
swing 0,430783 0,000099
sword 0,430783 0,000099
syllable 0,776529 0,000179
symbol 1,108663 0,000256
sympathize 1,309333 0,000302
symptom 0,693147 0,000160
synonymous 0,446287 0,000103
table 0,083382 0,000019
tactic 1,832581 0,000423
tailor 1,108663 0,000256
taint 1,139434 0,000263
tale 0,248461 0,000115
talent 0,385662 0,000178
talk 0,061875 0,000043
talking 0,150823 0,000035
tank 1,832581 0,000845
tarnish 1,771957 0,000409
tassel 1,966113 0,000453
taste 0,105361 0,000073
tattooing 2,813411 0,000649
tavern 1,021651 0,000236
tax 0,248461 0,000115
teach 0,083382 0,000077
teacher 0,415515 0,000192
teaching 1,560648 0,000360
team 1,049822 0,000242
tear 0,030459 0,000007
technical 1,660731 0,000383
teller 1,660731 0,000383
temper 0,261365 0,000060
temperament 0,967584 0,000223
temple 0,314711 0,000145
temporarily 1,560648 0,000360
temporary 0,713350 0,000165
tend 0,430783 0,000199
tendency 0,527633 0,000122
tender 0,301105 0,000069
tenderness 0,616186 0,000142
tenth 0,733969 0,000169
term 0,061875 0,000029
terrace 1,139434 0,000263
testicle 3,506558 0,000809
testing 2,407946 0,000555
textured 3,218876 0,000742
theatre 0,820981 0,000379
theatrical 1,427116 0,000329
thee 0,597837 0,000138
theme 0,891598 0,000206
therefrom 1,771957 0,000409
thicken 1,237874 0,000571
thickness 1,386294 0,000320
thief 0,462035 0,000107
thigh 1,078810 0,000498
thinking 0,274437 0,000063
thirst 0,494296 0,000114
thirteenth 1,203973 0,000278
thither 0,579818 0,000134
tho 2,207275 0,000509
thorn 0,967584 0,000223
thread 0,342490 0,000158
threaten 0,186330 0,000043
thrice 0,755023 0,000174
throat 0,223144 0,000051
throb 1,021651 0,000236
throne 0,733969 0,000169
throw 0,010050 0,000009
thrust 0,287682 0,000066
thug 3,218876 0,000742
thundering 1,237874 0,000285
tidy 1,171183 0,000270
tie 0,105361 0,000073
tiger 1,078810 0,000498
time -0,009950 -0,000007
timid 0,544727 0,000126
timidity 1,469676 0,000339
tin 0,755023 0,000174
tinkle 1,078810 0,000249
tired 0,198451 0,000046
title 0,116534 0,000027
toe 0,616186 0,000284
token 0,693147 0,000320
tolerably 0,994252 0,000229
tone 0,198451 0,000046
tong 1,347074 0,000311
tongue 0,139262 0,000032
tonic 2,120264 0,000489
tooth 0,186330 0,000086
topic 0,733969 0,000169
toss 0,494296 0,000114
touch 0,010050 0,000009
tout 1,771957 0,000409
town 0,094311 0,000044
toy 0,733969 0,000169
trace 0,198451 0,000046
tract 1,049822 0,000242
trademark 0,562119 0,000130
trader 1,272966 0,000294
train 0,162519 0,000075
training 0,776529 0,000179
transaction 0,967584 0,000223
transcribe 0,462035 0,000107
transcriber 1,714798 0,000395
transcript 2,302585 0,000531
transcription 0,527633 0,000122
transfer 0,693147 0,000160
translate 0,634878 0,000293
translation 0,891598 0,000411
translator 1,347074 0,000311
transmigration 2,525729 0,000583
transpose 2,407946 0,000555
trapa 3,912023 0,000902
travelling 0,693147 0,000160
treasure 0,261365 0,000060
treat 0,127833 0,000118
treatise 1,272966 0,000587
treatment 0,127833 0,000029
tree 0,061875 0,000029
tremblingly 2,995732 0,000691
trick 0,274437 0,000063
trifler 2,659260 0,000613
trimmed 1,237874 0,000285
trimming 1,660731 0,000383
trouble 0,010050 0,000007
true 0,020203 0,000005
trunk 0,579818 0,000134
trust 0,061875 0,000029
truth 0,030459 0,000014
truthfulness 1,966113 0,000453
tube 1,309333 0,000302
tubular 3,218876 0,000742
tuft 1,347074 0,000311
turban 1,660731 0,000383
tuscan 2,120264 0,000489
tutor 1,078810 0,000249
twine 1,139434 0,000263
twining 2,813411 0,000649
twist 0,314711 0,000145
twofold 1,966113 0,000453
type 0,174353 0,000080
udder 2,525729 0,000583
ulcer 2,995732 0,000691
umbilical 3,218876 0,000742
unable 0,248461 0,000057
unacquaint 1,427116 0,000329
unbroken 0,733969 0,000169
uncertain 0,301105 0,000069
uncertainty 0,776529 0,000179
unchanged 0,994252 0,000229
unchaste 2,995732 0,000691
uncle 0,544727 0,000126
unclean 1,386294 0,000320
uncover 0,916291 0,000211
understand 0,020203 0,000009
understanding 0,223144 0,000051
undertake 0,385662 0,000089
undertaking 0,693147 0,000160
uneasy 0,544727 0,000126
uneaten 3,506558 0,000809
unenforceability 0,562119 0,000130
unequal 0,843970 0,000195
unexceptional 3,912023 0,000902
unexpectedly 0,916291 0,000211
unexpressed 2,659260 0,000613
unfailing 1,714798 0,000395
unfavourable 1,514128 0,000349
unfinished 1,049822 0,000242
unfit 1,108663 0,000256
unfriendly 1,660731 0,000383
unfulfilled 2,120264 0,000489
ungrateful 0,798508 0,000184
unguent 3,218876 0,001485
unhappiness 1,560648 0,000360
uniform 0,210721 0,000049
unintelligible 1,237874 0,000285
union 0,494296 0,000228
unique 1,237874 0,000285
unite 0,867501 0,000400
united 0,094311 0,000022
universal 0,478036 0,000110
universally 0,967584 0,000223
unjustly 1,108663 0,000256
unknown 0,105361 0,000024
unlawful 1,469676 0,000339
unlink 0,562119 0,000130
unmarried 1,347074 0,000311
unnecessary 0,653926 0,000151
unobtainable 3,506558 0,000809
unpaid 2,120264 0,000489
unpleasant 0,562119 0,000130
unrestrained 1,714798 0,000395
unrighteous 1,966113 0,000453
unseen 0,616186 0,000142
unsolicited 0,510826 0,000118
untarnished 3,218876 0,000742
unwell 1,771957 0,000409
unwilling 0,653926 0,000151
unwillingness 1,832581 0,000423
unworthy 0,673345 0,000155
update 0,510826 0,000118
upper 0,314711 0,000073
urge 0,274437 0,000063
usage 0,733969 0,000169
useless 0,235722 0,000054
user 0,544727 0,000126
usual 0,139262 0,000032
ut 0,510826 0,000118
utensil 1,347074 0,000311
utmost 0,356675 0,000082
utter 0,162519 0,000075
utterly 0,371064 0,000086
vain 0,116534 0,000027
vajra 3,912023 0,000902
valour 1,560648 0,000360
valuable 0,342490 0,000079
vampire 1,897120 0,000438
vanilla 0,544727 0,000126
vanity 0,400478 0,000092
variety 0,150823 0,000035
vary 0,342490 0,000079
vast 0,223144 0,000051
veda 3,506558 0,000809
vegetable 0,693147 0,000160
vehicle 0,843970 0,000195
vendor 2,207275 0,000509
venerable 0,843970 0,000195
venerate 1,660731 0,000383
venus 1,237874 0,000285
verbal 1,203973 0,000278
vermilion 2,040221 0,000471
vernacular 2,525729 0,000583
vernonia 3,912023 0,000902
vers 2,525729 0,000583
verse 0,478036 0,000331
version 0,342490 0,000079
vessel 0,446287 0,000103
vestment 1,771957 0,000409
vice 0,478036 0,000220
vicinity 1,078810 0,000249
view 0,040822 0,000028
vigorous 0,544727 0,000126
vigour 0,843970 0,000195
vii 0,430783 0,000099
viii 0,446287 0,000103
village 0,356675 0,000082
villager 1,427116 0,000329
villages 0,820981 0,000189
violate 0,342490 0,000237
virgin 0,755023 0,000348
virginity 2,120264 0,000489
virtue 0,287682 0,000066
virtuous 0,653926 0,000151
virus 0,527633 0,000122
vishnu 2,813411 0,000649
visible 0,235722 0,000054
visit 0,030459 0,000028
visitor 0,446287 0,000103
vita 2,407946 0,000555
vocabulary 1,714798 0,000395
voice 0,020203 0,000005
void 0,261365 0,000060
volume 0,356675 0,000165
volunteer 0,314711 0,000073
volunteers 0,430783 0,000099
voluptuary 2,659260 0,000613
voluptuous 1,469676 0,000339
vow 0,616186 0,000284
vowel 2,120264 0,000489
vulgar 0,634878 0,000146
vulture 1,427116 0,000329
wager 1,347074 0,000621
waist 0,693147 0,000160
walk 0,000000 0,000000
wall 0,094311 0,000044
wander 0,116534 0,000027
wane 0,967584 0,000223
wanton 1,021651 0,000236
war 0,139262 0,000032
ward 0,755023 0,000174
warlike 1,427116 0,000329
warm 0,116534 0,000027
warn 0,287682 0,000066
warranty 0,544727 0,000251
wash 0,210721 0,000146
washerman 3,912023 0,000902
washermen 3,912023 0,000902
wasp 1,897120 0,000438
watch 0,020203 0,000005
water 0,040822 0,000019
wax 0,446287 0,000103
weak 0,105361 0,000024
weakness 0,248461 0,000057
wealth 0,287682 0,000066
wealthy 0,579818 0,000267
weapon 0,400478 0,000092
wear 0,083382 0,000077
weary 0,186330 0,000043
weave 0,693147 0,000160
wedding 0,733969 0,000169
wedge 1,203973 0,000278
weed 0,755023 0,000174
weep 0,356675 0,000082
weight 0,116534 0,000027
welfare 0,916291 0,000211
west 0,083382 0,000019
western 0,616186 0,000142
whatsoever 0,287682 0,000066
wheat 0,994252 0,000229
wheedle 2,407946 0,000555
wheel 0,274437 0,000063
wheeler 2,302585 0,000531
whirl 0,527633 0,000122
white 0,051293 0,000012
whiten 1,771957 0,000409
wholesome 0,867501 0,000200
wholly 0,400478 0,000092
wick 1,771957 0,000409
wicked 0,328504 0,000076
wickedness 0,916291 0,000211
wide 0,030459 0,000014
widen 0,916291 0,000211
widow 0,510826 0,000236
wife 0,083382 0,000038
wild 0,051293 0,000012
willed 1,347074 0,000311
william 0,798508 0,000184
williams 1,966113 0,000453
willingness 1,514128 0,000349
wilson 1,771957 0,000409
win 0,356675 0,000247
wind 0,094311 0,000022
window 0,162519 0,000037
wine 0,235722 0,000054
wire 0,867501 0,000200
wisdom 0,287682 0,000066
wise 0,094311 0,000022
witch 1,203973 0,000278
witness 0,116534 0,000054
witty 1,139434 0,000263
woman 0,030459 0,000014
womanhood 1,771957 0,000409
womankind 2,040221 0,000471
womb 1,272966 0,000294
wonderful 0,162519 0,000037
woo 1,514128 0,000349
wood 0,083382 0,000019
wooden 0,415515 0,000096
wool 1,049822 0,000242
word 0,020203 0,000005
worldly 0,820981 0,000189
worms 1,078810 0,000249
wormwood 1,966113 0,000453
worship 0,415515 0,000192
worth 0,061875 0,000014
worthless 0,843970 0,000195
worthy 0,186330 0,000043
wound 0,198451 0,000092
wrap 0,400478 0,000092
wrapt 1,714798 0,000395
wreath 0,867501 0,000200
wreck 0,693147 0,000160
wrestler 1,832581 0,000423
wretched 0,328504 0,000076
wrinkle 0,755023 0,000174
writ 1,386294 0,000320
write 0,020203 0,000019
writer 0,328504 0,000152
writing 0,061875 0,000014
writings 0,994252 0,000229
wrong 0,072571 0,000017
yarn 1,609438 0,000371
yawn 0,820981 0,000379
yawning 1,237874 0,000285
yellow 0,314711 0,000073
yield 0,174353 0,000040
yoni 3,912023 0,000902
yonis 3,912023 0,000902
youth 0,139262 0,000032
youthful 0,673345 0,000155
zenana 3,912023 0,000902
zodiac 2,525729 0,000583
