ab 2,302585 0,000462
abandon 0,223144 0,000134
abase 2,040221 0,000409
abasement 1,897120 0,000380
abate 1,108663 0,000222
abbot 2,040221 0,000409
abide 0,248461 0,000050
abides 2,207275 0,000443
abject 1,049822 0,000211
ablaze 2,207275 0,000443
abode 0,579818 0,000116
absolution 1,966113 0,000394
absorb 0,446287 0,000089
abstract 0,733969 0,000147
abundant 0,867501 0,000174
abyss 0,994252 0,000199
accept 0,061875 0,000050
access 0,314711 0,000126
accessible 0,446287 0,000089
accidia 3,912023 0,000784
accompany 0,094311 0,000038
accomplished 0,385662 0,000077
accord 0,527633 0,000212
accost 1,049822 0,000211
account 0,010050 0,000002
accursed 1,108663 0,000222
accusation 0,891598 0,000179
accuse 0,385662 0,000077
accustomed 0,287682 0,000058
acestes 3,912023 0,000784
acheron 2,659260 0,000533
achilleid 3,506558 0,000703
achilles 1,560648 0,000313
acorn 1,771957 0,000355
acquaint 0,342490 0,000069
acquaintance 0,248461 0,000050
acquire 0,371064 0,000149
action 0,094311 0,000038
active 0,127833 0,000026
activity 0,415515 0,000083
acts 1,966113 0,000394
actual 0,174353 0,000035
acute 0,733969 0,000147
adam 0,941609 0,000189
adamant 2,120264 0,000425
adapt 0,653926 0,000131
add 0,094311 0,000019
addition 0,116534 0,000047
additional 0,198451 0,000040
address 0,072571 0,000044
administer 0,867501 0,000174
admirable 0,527633 0,000106
admiral 1,347074 0,000540
admit 0,116534 0,000047
admonition 1,427116 0,000286
adorn 0,634878 0,000255
adrian 2,813411 0,000564
adriatic 2,407946 0,000483
advance 0,061875 0,000037
advantage 0,127833 0,000051
adversary 0,867501 0,000348
adversity 1,560648 0,000313
aegisthus 3,506558 0,000703
aeneid 3,506558 0,000703
aeolus 3,506558 0,000703
afar 0,994252 0,000199
affair 0,094311 0,000019
affection 0,235722 0,000095
affectionate 0,616186 0,000124
affirm 0,843970 0,000338
affirmation 2,207275 0,000443
afflict 0,597837 0,000120
affliction 0,798508 0,000160
afford 0,186330 0,000112
afield 2,525729 0,000506
aflame 2,525729 0,000506
aforesaid 1,469676 0,000295
afraid 0,105361 0,000021
africa 0,967584 0,000194
age 0,040822 0,000016
aged 0,198451 0,000040
agent 0,223144 0,000045
agile 1,427116 0,000286
aglauros 3,506558 0,000703
agnus 2,995732 0,000601
agree 0,051293 0,000021
agreement 0,210721 0,000042
aid 0,210721 0,000085
ail 1,108663 0,000222
aim 0,287682 0,000058
air 0,061875 0,000012
ak 1,347074 0,000270
albeit 2,207275 0,000443
albert 1,832581 0,000367
alberto 3,218876 0,000645
alike 0,287682 0,000058
alive 0,051293 0,000010
alle 3,506558 0,000703
allegoric 3,506558 0,000703
allegorically 2,995732 0,000601
allegory 1,714798 0,000344
alleluia 3,506558 0,000703
allot 1,108663 0,000222
allure 1,386294 0,000278
allusion 0,755023 0,000151
aloft 0,916291 0,000184
alp 2,813411 0,000564
alphonso 3,506558 0,000703
alps 1,560648 0,000313
alter 0,235722 0,000095
alteration 0,261365 0,000052
alternate 0,261365 0,000105
alto 2,813411 0,000564
amazement 0,446287 0,000089
ambrosia 2,813411 0,000564
amend 0,820981 0,000329
ample 0,527633 0,000106
amply 0,967584 0,000194
ancestor 0,462035 0,000093
anchises 2,813411 0,000564
ancient 0,198451 0,000040
ancilla 3,912023 0,000784
ancona 2,995732 0,000601
andes 2,659260 0,000533
anew 0,867501 0,000174
angel 0,579818 0,000116
angelic 1,514128 0,000304
angels 0,776529 0,000156
anger 0,287682 0,000058
angle 0,478036 0,000096
anguish 0,579818 0,000116
anima 3,218876 0,000645
animal 0,223144 0,000045
anjou 2,995732 0,000601
announcement 1,078810 0,000216
annoy 1,237874 0,000248
answer 0,020203 0,000012
ant 1,309333 0,000263
ante 2,525729 0,000506
antenor 2,995732 0,000601
antigone 2,813411 0,000564
antiphon 3,218876 0,000645
antipodal 3,218876 0,000645
antique 1,108663 0,000222
antiquity 0,941609 0,000189
apace 1,771957 0,000355
apennine 2,995732 0,000601
apennines 2,995732 0,000601
apocalypse 2,659260 0,000533
apollo 1,660731 0,000333
apostrophe 2,040221 0,000409
apparent 0,314711 0,000063
appeal 0,261365 0,000052
appearance 0,072571 0,000015
appease 0,941609 0,000189
appetite 0,314711 0,000063
apple 0,494296 0,000198
applicable 0,400478 0,000080
apply 0,116534 0,000070
apportion 2,040221 0,000409
apprehend 0,798508 0,000160
apprehension 0,494296 0,000099
approach 0,040822 0,000033
appropriation 2,040221 0,000409
approve 0,342490 0,000069
april 0,798508 0,000160
apt 0,579818 0,000116
aquarius 2,995732 0,000601
aquinas 2,995732 0,000601
arachne 2,995732 0,000601
arbitrarily 2,302585 0,000462
arc 1,609438 0,000323
arch 0,713350 0,000143
archbishop 1,560648 0,000313
archive 0,544727 0,000109
ardor 1,660731 0,000333
argument 0,287682 0,000058
argus 2,120264 0,000425
aries 2,995732 0,000601
aright 1,078810 0,000216
aristotle 1,560648 0,000313
ark 1,560648 0,000313
arm 0,030459 0,000012
armed 0,385662 0,000077
army 0,356675 0,000072
arnaut 3,912023 0,000784
arnold 2,302585 0,000462
arouse 0,653926 0,000262
arrange 0,198451 0,000040
array 0,248461 0,000050
arrest 0,544727 0,000109
arrive 0,083382 0,000050
arrogant 1,347074 0,000270
arrow 0,510826 0,000205
art 0,127833 0,000026
articulation 2,302585 0,000462
ascend 0,430783 0,000346
ascent 0,994252 0,000399
ascertain 0,597837 0,000120
ascii 0,562119 0,000113
ash 0,400478 0,000080
ashamed 0,248461 0,000050
asia 1,108663 0,000222
asleep 0,162519 0,000033
aspect 0,446287 0,000089
asperge 3,506558 0,000703
aspire 0,967584 0,000194
asquint 3,506558 0,000703
assail 0,891598 0,000358
assassinate 1,897120 0,000380
assault 0,798508 0,000160
assemble 0,462035 0,000185
assembly 0,798508 0,000160
assent 0,579818 0,000116
assert 0,462035 0,000093
assign 0,597837 0,000240
assist 0,328504 0,000198
assistance 0,105361 0,000021
assuage 1,771957 0,000355
assume 0,162519 0,000065
assurance 0,430783 0,000086
assure 0,127833 0,000051
assyrians 2,302585 0,000462
astonish 0,261365 0,000052
astonishment 0,301105 0,000060
astray 1,078810 0,000216
astronomy 1,832581 0,000367
astute 1,609438 0,000323
athena 2,995732 0,000601
athens 1,386294 0,000278
athwart 1,560648 0,000313
attach 0,116534 0,000023
attack 0,198451 0,000040
attain 0,328504 0,000132
attempt 0,051293 0,000010
attend 0,127833 0,000051
attent 2,813411 0,000564
attention 0,083382 0,000017
attentive 0,713350 0,000143
attitude 0,446287 0,000089
attribute 0,527633 0,000106
audacious 1,309333 0,000263
aught 0,891598 0,000179
august 0,616186 0,000124
augustine 1,966113 0,000394
augustus 1,714798 0,000344
aurora 1,714798 0,000344
auster 3,506558 0,000703
austria 1,966113 0,000394
autem 3,218876 0,000645
author 0,116534 0,000023
authority 0,223144 0,000045
autumnal 1,966113 0,000394
avail 0,462035 0,000185
avarice 1,049822 0,000211
avaricious 1,771957 0,000355
ave 2,302585 0,000462
avenge 0,891598 0,000358
aver 1,660731 0,000333
avoid 0,105361 0,000021
await 0,314711 0,000189
awake 0,150823 0,000060
awaken 0,430783 0,000086
aware 0,223144 0,000045
awry 1,660731 0,000333
axle 1,832581 0,000367
ay 1,108663 0,000222
azure 1,514128 0,000304
bacchus 1,714798 0,000344
bad 0,020203 0,000012
bait 0,994252 0,000199
balance 0,342490 0,000069
balcony 1,347074 0,000270
bald 0,967584 0,000194
ball 0,287682 0,000058
ban 1,660731 0,000666
band 0,342490 0,000137
banish 0,562119 0,000113
bank 0,210721 0,000085
banner 0,967584 0,000388
baptism 1,832581 0,000367
baptist 2,207275 0,000443
barbarian 1,386294 0,000278
barbarous 1,108663 0,000222
bare 0,150823 0,000030
bargaining 1,897120 0,000380
bark 0,478036 0,000096
barren 0,713350 0,000143
barrier 0,776529 0,000156
base 0,094311 0,000038
bastard 1,560648 0,000313
bath 0,274437 0,000110
bathe 1,139434 0,000228
battle 0,235722 0,000095
battlements 1,714798 0,000344
bead 1,171183 0,000235
beak 1,347074 0,000270
beam 0,430783 0,000173
bean 1,309333 0,000263
bear 0,000000 0,000000
beard 0,527633 0,000106
bearded 1,108663 0,000222
beast 0,235722 0,000095
beat 0,083382 0,000033
beati 3,912023 0,000784
beatitude 2,525729 0,000506
beatitudes 3,506558 0,000703
beatrice 2,525729 0,000506
beautiful 0,083382 0,000017
beauty 0,162519 0,000065
bed 0,051293 0,000010
bee 0,673345 0,000135
befall 0,527633 0,000317
befit 1,966113 0,000394
befitting 1,771957 0,000355
beg 0,116534 0,000047
beget 1,171183 0,000470
begetter 3,912023 0,000784
beggar 0,597837 0,000120
behead 1,897120 0,000380
behold 0,235722 0,000142
behove 2,302585 0,000923
belated 1,514128 0,000304
belief 0,198451 0,000040
bell 0,301105 0,000060
bello 2,659260 0,000533
bellow 1,272966 0,000255
belly 0,798508 0,000160
belong 0,072571 0,000015
beloved 0,415515 0,000083
belt 0,653926 0,000131
bend 0,314711 0,000189
beneath 0,198451 0,000040
benedictus 3,912023 0,000784
benefit 0,356675 0,000072
benign 2,302585 0,000462
benignant 2,407946 0,000483
benignantly 3,912023 0,000784
benincasa 3,912023 0,000784
bent 0,174353 0,000035
benvenuto 2,813411 0,000564
bequeath 1,309333 0,000263
beseech 0,891598 0,000179
besetting 2,207275 0,000443
besought 1,309333 0,000263
bestialize 3,912023 0,000784
bestow 0,430783 0,000086
bestride 2,407946 0,000966
bethink 1,272966 0,000255
betray 0,301105 0,000060
betroth 1,660731 0,000333
betters 1,660731 0,000333
bewail 1,469676 0,000295
beware 0,820981 0,000165
bewilder 0,776529 0,000156
bewilderment 1,660731 0,000333
bewitch 2,995732 0,000601
bible 0,755023 0,000151
biblical 2,407946 0,000483
bid 0,186330 0,000037
bide 1,771957 0,000355
biform 3,912023 0,000784
binary 0,562119 0,000113
bind 0,030459 0,000018
bird 0,150823 0,000060
birth 0,301105 0,000060
birthplace 2,120264 0,000425
bishop 1,049822 0,000211
bite 0,371064 0,000223
bitter 0,210721 0,000042
bitterly 0,579818 0,000116
bitterness 0,634878 0,000127
black 0,061875 0,000012
blackbird 2,525729 0,000506
blame 0,162519 0,000065
blameless 1,469676 0,000295
blasphemy 1,427116 0,000286
blast 0,462035 0,000093
blaze 0,634878 0,000127
blended 1,203973 0,000241
bless 0,415515 0,000083
blessed 0,356675 0,000072
blest 1,469676 0,000295
blind 0,174353 0,000070
blond 2,302585 0,000462
blood 0,116534 0,000023
bloody 0,527633 0,000212
blow 0,061875 0,000050
blue 0,174353 0,000035
boast 0,328504 0,000132
boat 0,446287 0,000089
boccaccio 2,813411 0,000564
bodily 0,673345 0,000135
body 0,010050 0,000004
bohemia 2,120264 0,000425
boil 0,385662 0,000077
bold 0,223144 0,000045
bologna 2,207275 0,000443
bolt 0,494296 0,000099
bone 0,198451 0,000040
boniface 2,659260 0,000533
book 0,040822 0,000016
border 0,400478 0,000161
bosom 0,446287 0,000089
bough 0,916291 0,000367
bounty 1,309333 0,000263
bow 0,127833 0,000077
boxy 3,912023 0,000784
boyhood 1,237874 0,000248
brabant 3,218876 0,000645
brain 0,314711 0,000063
branch 0,186330 0,000075
brand 0,733969 0,000147
brazen 1,171183 0,000235
breach 0,274437 0,000055
bread 0,248461 0,000050
break 0,010050 0,000010
breast 0,198451 0,000080
breath 0,174353 0,000035
breathe 0,261365 0,000157
breathing 0,462035 0,000093
breeze 0,713350 0,000286
brethren 0,916291 0,000184
briareus 2,659260 0,000533
bribe 0,891598 0,000358
bridal 1,427116 0,000286
bride 0,798508 0,000320
bridge 0,430783 0,000086
bridle 0,916291 0,000184
bright 0,094311 0,000038
brightness 0,634878 0,000127
brilliant 0,430783 0,000086
bring 0,000000 0,000000
brosse 3,218876 0,000645
brothel 2,813411 0,000564
brother 0,127833 0,000026
brothers 0,356675 0,000072
brow 0,446287 0,000179
brown 0,274437 0,000055
bruges 2,995732 0,000601
bubble 0,941609 0,000189
bucket 1,049822 0,000421
bucolic 2,995732 0,000601
build 0,094311 0,000019
bull 0,430783 0,000086
buoyant 1,897120 0,000380
burden 0,198451 0,000119
burial 0,941609 0,000189
burn 0,061875 0,000037
burns 1,203973 0,000241
burst 0,248461 0,000100
bursting 0,713350 0,000143
bury 0,186330 0,000037
business 0,040822 0,000008
butcher 0,891598 0,000179
butt 1,078810 0,000216
butterfly 1,171183 0,000235
caesar 1,609438 0,000323
cage 0,941609 0,000189
cain 1,660731 0,000333
cairn 2,813411 0,000564
calamity 0,755023 0,000151
calculate 0,116534 0,000047
calends 2,995732 0,000601
calliope 3,506558 0,000703
callisto 3,506558 0,000703
camino 3,912023 0,000784
campo 2,813411 0,000564
cana 3,506558 0,000703
canal 1,171183 0,000235
cancel 1,897120 0,000380
candle 0,415515 0,000167
candlestick 1,427116 0,000286
canine 1,966113 0,000394
canonical 2,659260 0,000533
canst 1,514128 0,000304
canticle 2,659260 0,000533
canto 2,407946 0,000483
canzone 3,506558 0,000703
capacity 0,510826 0,000102
cappelletti 3,912023 0,000784
capricorn 3,218876 0,000645
captain 0,328504 0,000066
captive 0,755023 0,000151
captivity 1,714798 0,000344
car 0,820981 0,000165
card 0,139262 0,000028
cardinal 1,469676 0,000295
care 0,000000 0,000000
carp 2,302585 0,000462
carry 0,010050 0,000006
cart 0,597837 0,000120
carved 0,843970 0,000169
carving 2,525729 0,000506
cast 0,116534 0,000047
castor 2,302585 0,000462
catch 0,072571 0,000015
cavalier 1,660731 0,000666
cave 0,653926 0,000131
cavern 0,967584 0,000194
cease 0,061875 0,000037
cecrops 3,218876 0,000645
ceiling 0,510826 0,000102
celebrate 0,967584 0,000194
celebrated 0,562119 0,000113
celestial 1,171183 0,000235
centaur 1,832581 0,000735
centre 0,385662 0,000077
century 0,328504 0,000132
ceremony 0,446287 0,000089
ceres 2,302585 0,000462
certainty 0,342490 0,000069
chain 0,174353 0,000070
challenge 0,755023 0,000151
chamberlain 1,771957 0,000355
chance 0,061875 0,000012
change 0,010050 0,000006
chant 1,272966 0,000255
chapel 1,078810 0,000216
chapter 0,328504 0,000066
character 0,061875 0,000012
charge 0,040822 0,000025
chariot 1,139434 0,000228
charitable 0,287682 0,000058
charity 0,186330 0,000075
charles 0,597837 0,000120
chary 2,302585 0,000462
chase 0,430783 0,000086
chaste 1,203973 0,000241
chastisement 1,771957 0,000355
check 0,072571 0,000029
cheek 0,261365 0,000105
cheerful 0,385662 0,000077
cherubim 2,040221 0,000409
chest 0,342490 0,000069
chew 0,967584 0,000194
chief 0,094311 0,000019
chiefly 0,527633 0,000106
child 0,040822 0,000016
childish 0,713350 0,000143
childishly 2,525729 0,000506
chill 0,597837 0,000120
chilled 1,139434 0,000228
chin 0,478036 0,000096
chink 1,347074 0,000270
chiron 2,659260 0,000533
choice 0,150823 0,000030
choir 1,347074 0,000540
choose 0,020203 0,000008
christ 0,867501 0,000174
christian 0,385662 0,000155
christianity 1,347074 0,000270
christmas 0,891598 0,000179
church 0,261365 0,000105
churl 2,995732 0,000601
churlishness 3,912023 0,000784
circe 2,040221 0,000409
circle 0,150823 0,000091
circling 1,203973 0,000241
circuit 0,867501 0,000174
circumscribe 1,966113 0,000788
circumstance 0,116534 0,000023
cistern 1,560648 0,000313
cite 1,469676 0,000295
cithern 3,506558 0,000703
citizen 0,673345 0,000270
city 0,051293 0,000021
civil 0,544727 0,000109
civilized 1,237874 0,000248
claim 0,083382 0,000017
clasped 0,843970 0,000169
clasping 1,078810 0,000216
classic 1,108663 0,000222
classical 1,237874 0,000248
claudius 2,407946 0,000483
clay 0,494296 0,000099
clean 0,210721 0,000042
cleanse 1,237874 0,000496
cleansing 1,832581 0,000367
cleave 1,309333 0,000788
cleft 1,237874 0,000248
clemency 1,832581 0,000367
clement 2,040221 0,000409
clergy 1,272966 0,000255
cli 3,912023 0,000784
cliff 0,916291 0,000184
climber 2,407946 0,000483
clio 3,506558 0,000703
cloak 0,527633 0,000106
cloister 2,040221 0,000409
close 0,010050 0,000008
closing 0,446287 0,000089
clothe 0,287682 0,000115
clothes 0,127833 0,000026
clotho 3,218876 0,000645
cloud 0,150823 0,000060
cloven 2,040221 0,000409
coagulate 2,813411 0,000564
coarse 0,478036 0,000096
coast 0,544727 0,000109
cock 0,713350 0,000143
code 0,287682 0,000058
cognizance 2,207275 0,000443
cognizant 2,813411 0,000564
coin 0,544727 0,000218
cold 0,040822 0,000008
coldness 1,021651 0,000205
collect 0,248461 0,000050
collection 0,162519 0,000033
college 0,693147 0,000139
color 0,967584 0,000388
colored 1,171183 0,000235
colossians 2,995732 0,000601
comb 0,916291 0,000184
combine 0,843970 0,000169
comedy 0,916291 0,000184
cometh 1,897120 0,000380
comfort 0,105361 0,000042
comforter 1,469676 0,000295
command 0,116534 0,000070
comment 0,478036 0,000192
commentator 1,897120 0,000380
commercial 0,274437 0,000055
commit 0,116534 0,000047
common 0,072571 0,000015
commonly 0,755023 0,000151
communicate 0,446287 0,000089
compact 0,867501 0,000174
companion 0,150823 0,000060
companionship 0,967584 0,000194
company 0,020203 0,000004
compare 0,162519 0,000033
compassion 0,820981 0,000165
compassionate 1,272966 0,000255
compel 0,385662 0,000155
compilation 0,478036 0,000096
complaint 0,478036 0,000096
complete 0,105361 0,000042
compliance 0,342490 0,000069
complines 3,506558 0,000703
comply 0,287682 0,000115
compose 0,287682 0,000058
comprehend 0,478036 0,000192
compressed 0,342490 0,000069
conceal 0,198451 0,000119
conceive 0,223144 0,000089
concentrated 0,867501 0,000174
concept 0,527633 0,000106
conception 0,562119 0,000113
concord 1,771957 0,000355
concubine 1,771957 0,000355
condemn 0,446287 0,000089
condense 1,514128 0,000607
condition 0,051293 0,000021
conduct 0,094311 0,000038
conductress 2,659260 0,000533
confess 0,127833 0,000026
confession 0,579818 0,000116
confidant 1,714798 0,000344
confidence 0,139262 0,000028
confident 0,510826 0,000102
confidently 1,049822 0,000211
confirm 0,139262 0,000056
confirmation 0,356675 0,000072
conform 1,203973 0,000241
conformity 1,514128 0,000304
confound 0,430783 0,000259
confused 0,248461 0,000050
confusedly 1,660731 0,000333
confusion 0,287682 0,000058
congeal 1,386294 0,000278
conjecture 0,544727 0,000109
conjoin 2,120264 0,000425
conjure 1,427116 0,000286
conquer 0,527633 0,000212
conscience 0,301105 0,000121
consciousness 0,371064 0,000074
consecrated 1,309333 0,000263
consecration 2,207275 0,000443
consequence 0,186330 0,000037
consequential 0,478036 0,000096
considerable 0,105361 0,000021
consist 0,314711 0,000063
consistency 1,427116 0,000286
consistory 2,659260 0,000533
consolation 0,634878 0,000127
console 0,673345 0,000270
constance 2,407946 0,000483
constant 0,051293 0,000010
constantine 1,897120 0,000380
constituent 1,966113 0,000394
constrain 0,733969 0,000294
consul 1,832581 0,000367
consume 0,462035 0,000185
contact 0,210721 0,000042
contemplation 0,527633 0,000106
contemplative 1,714798 0,000344
contend 0,597837 0,000360
content 0,174353 0,000035
contented 0,400478 0,000080
contention 1,203973 0,000241
contents 0,094311 0,000019
continue 0,186330 0,000037
continued 0,072571 0,000015
contract 0,139262 0,000056
contrary 0,198451 0,000040
contrast 0,385662 0,000155
contribution 0,371064 0,000074
contrite 2,120264 0,000425
contrition 2,120264 0,000425
contrive 0,994252 0,000199
contumacy 2,813411 0,000564
convent 1,469676 0,000295
conversion 1,386294 0,000278
convert 0,186330 0,000075
convito 3,506558 0,000703
cool 0,248461 0,000050
copying 0,494296 0,000099
copyright 0,415515 0,000083
corbel 3,218876 0,000645
cord 0,693147 0,000278
corner 0,072571 0,000015
cornice 1,714798 0,000344
corollary 3,218876 0,000645
coronation 2,302585 0,000462
corporation 0,400478 0,000080
corporeal 1,966113 0,000394
correct 0,235722 0,000047
correspond 0,843970 0,000169
corrupt 0,235722 0,000095
corruption 0,820981 0,000165
corsair 2,407946 0,000483
corso 2,659260 0,000533
coruscant 3,506558 0,000703
cosmography 2,995732 0,000601
cost 0,105361 0,000042
costly 0,916291 0,000184
couch 0,579818 0,000116
couldst 2,120264 0,000425
council 0,653926 0,000131
counsel 0,462035 0,000185
counsellor 0,994252 0,000199
count 0,116534 0,000070
countenance 0,371064 0,000149
counter 0,733969 0,000147
country 0,010050 0,000004
couple 0,248461 0,000100
courser 2,120264 0,000425
court 0,094311 0,000019
courteous 0,967584 0,000194
courtesy 0,693147 0,000139
covenant 1,469676 0,000295
cover 0,223144 0,000045
covered 0,139262 0,000028
covering 0,415515 0,000083
covetous 1,771957 0,000355
cow 0,653926 0,000131
crack 0,478036 0,000096
crane 1,237874 0,000248
crash 0,733969 0,000147
craving 1,108663 0,000222
create 0,094311 0,000057
creation 0,198451 0,000040
creator 1,139434 0,000228
creature 0,116534 0,000047
credit 0,094311 0,000019
crime 0,261365 0,000105
critical 0,235722 0,000047
crook 1,714798 0,000344
crooked 0,755023 0,000151
crop 0,653926 0,000131
cross 0,083382 0,000033
crowd 0,174353 0,000070
crown 0,210721 0,000085
crozier 3,506558 0,000703
crucify 1,560648 0,000313
cruel 0,261365 0,000052
cruelly 0,820981 0,000165
cud 2,120264 0,000425
cull 2,207275 0,000443
cultivation 1,469676 0,000295
cum 1,966113 0,000394
cumaean 3,912023 0,000784
cur 1,347074 0,000270
curb 1,272966 0,000255
cure 0,314711 0,000063
current 0,116534 0,000023
curse 0,342490 0,000069
curve 0,916291 0,000184
custodia 3,506558 0,000703
custom 0,210721 0,000042
customary 0,653926 0,000131
customs 0,713350 0,000143
cut 0,030459 0,000006
cyrus 1,832581 0,000367
cytherea 2,995732 0,000601
da 1,469676 0,000295
daily 0,248461 0,000050
dale 1,714798 0,000344
damage 0,223144 0,000089
damages 0,400478 0,000080
dame 1,021651 0,000205
damned 1,139434 0,000228
damsel 1,237874 0,000248
dance 0,235722 0,000095
dancing 0,371064 0,000074
danger 0,105361 0,000021
daniel 1,427116 0,000286
dante 1,514128 0,000304
daring 0,843970 0,000169
dark 0,051293 0,000010
darken 0,634878 0,000127
darkening 1,514128 0,000304
darkly 1,237874 0,000248
darkness 0,186330 0,000037
darts 1,386294 0,000278
datum 0,494296 0,000099
daughter 0,174353 0,000070
david 0,597837 0,000120
dawn 0,314711 0,000126
day 0,000000 0,000000
dazzle 1,272966 0,000766
dazzling 0,941609 0,000189
dead 0,072571 0,000015
deadly 0,478036 0,000096
deaf 0,634878 0,000127
deal 0,061875 0,000012
dealer 1,171183 0,000235
dealings 1,237874 0,000248
death 0,020203 0,000008
debate 1,021651 0,000205
debt 0,494296 0,000099
deceitful 1,347074 0,000270
deceive 0,261365 0,000157
december 0,562119 0,000113
decide 0,040822 0,000008
declare 0,139262 0,000056
decline 0,356675 0,000143
decree 0,673345 0,000270
decretal 3,506558 0,000703
dedicate 0,967584 0,000194
deductible 0,562119 0,000113
deed 0,287682 0,000115
deem 0,562119 0,000113
deep 0,020203 0,000008
default 1,897120 0,000380
defeat 0,634878 0,000255
defect 0,261365 0,000105
defective 0,356675 0,000072
defence 0,527633 0,000106
defend 0,301105 0,000060
defer 0,941609 0,000189
deficient 1,272966 0,000255
defile 1,078810 0,000433
deform 0,967584 0,000194
degenerate 1,078810 0,000433
degree 0,150823 0,000030
dei 1,966113 0,000394
deign 0,994252 0,000598
del 1,832581 0,000367
delay 0,186330 0,000075
deletion 0,562119 0,000113
delia 2,995732 0,000601
deliberation 1,078810 0,000216
delight 0,150823 0,000091
delightful 0,478036 0,000096
delinquent 1,966113 0,000394
deliver 0,223144 0,000089
della 2,407946 0,000483
demand 0,051293 0,000010
demon 0,916291 0,000184
demonstrate 0,967584 0,000194
demonstration 0,994252 0,000199
denial 0,776529 0,000156
denote 1,139434 0,000228
dense 0,693147 0,000139
denude 2,407946 0,000483
deny 0,072571 0,000015
depart 0,162519 0,000130
departure 0,430783 0,000086
depend 0,040822 0,000008
dependent 0,820981 0,000165
depict 1,237874 0,000745
deplore 1,237874 0,000248
depraved 1,560648 0,000313
depress 0,616186 0,000124
deprive 0,415515 0,000167
depths 0,446287 0,000089
derision 1,108663 0,000222
derivative 0,510826 0,000102
derive 0,210721 0,000085
descend 0,174353 0,000140
descendant 0,867501 0,000174
descent 0,634878 0,000127
desert 0,314711 0,000126
deserted 0,385662 0,000077
deserve 0,314711 0,000126
deserved 0,634878 0,000127
design 0,287682 0,000058
desirable 0,733969 0,000147
desire 0,051293 0,000041
desirous 0,634878 0,000127
desolation 0,916291 0,000184
despair 0,174353 0,000035
despise 0,342490 0,000069
despoil 2,302585 0,000923
despoiled 1,897120 0,000380
destine 0,494296 0,000099
destroy 0,061875 0,000025
destruction 0,342490 0,000069
detach 0,287682 0,000058
determine 0,061875 0,000025
deus 2,659260 0,000533
deuteronomy 2,995732 0,000601
development 0,693147 0,000139
devout 1,203973 0,000241
devoutly 1,386294 0,000278
dew 0,755023 0,000151
di 1,832581 0,000367
diana 1,832581 0,000367
dice 1,469676 0,000295
dicta 3,912023 0,000784
dictate 0,579818 0,000116
dictator 2,407946 0,000483
dido 2,120264 0,000425
didst 1,660731 0,000333
die 0,010050 0,000008
diet 1,078810 0,000216
difficult 0,116534 0,000023
difficulty 0,116534 0,000023
diffuse 1,386294 0,000278
diffused 1,469676 0,000295
dig 0,356675 0,000072
digest 1,171183 0,000235
dignified 0,755023 0,000151
dignity 0,314711 0,000063
digression 1,347074 0,000270
diligence 1,237874 0,000248
dim 0,356675 0,000072
diminished 0,776529 0,000156
dimly 0,867501 0,000174
dine 0,562119 0,000113
dip 0,673345 0,000135
direct 0,040822 0,000033
direction 0,051293 0,000021
disappear 0,223144 0,000045
disapproval 1,966113 0,000394
discern 0,634878 0,000382
discharge 0,478036 0,000096
discipline 0,634878 0,000127
disclaim 0,462035 0,000185
disclaimer 0,562119 0,000225
disclose 0,634878 0,000509
discolor 2,813411 0,000564
discontinue 0,510826 0,000102
discordant 1,514128 0,000304
discourse 0,579818 0,000233
discoursing 1,897120 0,000380
discover 0,030459 0,000012
disculpation 3,912023 0,000784
disdain 0,673345 0,000135
disdainfully 1,897120 0,000380
diseased 1,237874 0,000248
disengage 0,843970 0,000169
disentangle 2,040221 0,000818
disfigured 1,469676 0,000295
dishonor 2,120264 0,000425
disjoin 2,995732 0,000601
disk 0,415515 0,000083
dismal 0,843970 0,000169
dismay 0,597837 0,000120
dismiss 0,430783 0,000086
disobedience 1,560648 0,000313
dispensation 1,966113 0,000394
disperse 0,776529 0,000156
display 0,162519 0,000130
displease 1,021651 0,000205
disposal 0,916291 0,000184
disposed 0,385662 0,000077
disposition 0,371064 0,000149
disregard 0,820981 0,000165
dissipate 0,916291 0,000367
dissolve 0,733969 0,000147
distaff 2,207275 0,000443
distance 0,105361 0,000021
distant 0,162519 0,000033
distil 1,514128 0,000304
distinct 0,301105 0,000060
distinction 0,356675 0,000143
distinctly 0,478036 0,000096
distinguish 0,314711 0,000063
distinguished 0,301105 0,000060
distinguishing 1,078810 0,000216
distress 0,274437 0,000055
distribute 0,210721 0,000127
distribution 0,430783 0,000086
distributor 0,544727 0,000109
district 0,713350 0,000286
distrust 0,733969 0,000147
disturb 0,198451 0,000040
disturbance 0,713350 0,000143
disuse 2,040221 0,000409
ditch 0,994252 0,000199
ditty 2,302585 0,000462
diurnal 2,407946 0,000483
diver 1,021651 0,000205
diverse 1,514128 0,000304
divest 1,469676 0,000295
divide 0,150823 0,000091
divination 1,966113 0,000394
divine 0,356675 0,000072
divinity 0,867501 0,000174
division 0,527633 0,000106
doctrine 0,616186 0,000124
dog 0,186330 0,000037
domain 0,328504 0,000066
dominate 1,386294 0,000278
domine 2,813411 0,000564
dominion 0,941609 0,000189
domitian 2,407946 0,000483
donate 0,544727 0,000109
donation 0,446287 0,000179
donne 2,659260 0,000533
donor 0,478036 0,000096
door 0,000000 0,000000
dost 1,237874 0,000248
doth 1,049822 0,000211
double 0,139262 0,000028
doubly 1,049822 0,000211
doubt 0,040822 0,000008
doubtless 0,430783 0,000086
dove 0,916291 0,000184
downcast 1,386294 0,000278
download 0,562119 0,000113
downward 0,798508 0,000160
downwardly 3,912023 0,000784
dowry 1,714798 0,000344
drachm 3,218876 0,000645
drag 0,248461 0,000149
dragon 1,021651 0,000205
draught 0,527633 0,000106
drave 2,659260 0,000533
draw 0,020203 0,000020
dread 0,248461 0,000050
dream 0,083382 0,000050
dress 0,162519 0,000033
drink 0,072571 0,000029
drinking 0,371064 0,000074
drive 0,030459 0,000024
drop 0,061875 0,000025
drown 0,314711 0,000063
drowsiness 1,609438 0,000323
drowsy 1,237874 0,000248
drunk 0,415515 0,000083
dry 0,116534 0,000070
duke 0,967584 0,000194
dull 0,174353 0,000035
dumb 0,562119 0,000113
dusky 1,021651 0,000205
dust 0,162519 0,000033
duty 0,061875 0,000025
dux 3,218876 0,000645
dwell 0,342490 0,000206
dye 1,049822 0,000211
eager 0,210721 0,000042
eagle 0,755023 0,000303
ear 0,061875 0,000025
earnest 0,261365 0,000052
earnestly 0,415515 0,000083
earth 0,051293 0,000021
earthly 0,673345 0,000135
earthquake 1,021651 0,000205
ease 0,150823 0,000030
easily 0,072571 0,000015
east 0,235722 0,000047
easter 1,714798 0,000344
eastern 0,733969 0,000147
easy 0,000000 0,000000
eat 0,040822 0,000016
ecce 2,813411 0,000564
ecstatic 1,309333 0,000263
edge 0,150823 0,000030
edict 1,714798 0,000344
edition 0,287682 0,000115
educational 0,446287 0,000089
edward 1,049822 0,000211
eel 1,609438 0,000323
effective 0,967584 0,000194
efficacy 1,966113 0,000394
effluence 2,813411 0,000564
effort 0,094311 0,000038
ego 1,771957 0,000355
egypt 0,891598 0,000179
eighth 0,798508 0,000160
eld 0,385662 0,000077
elder 1,139434 0,000228
elect 0,210721 0,000085
electronic 0,544727 0,000109
electronically 0,544727 0,000109
eli 2,995732 0,000601
elias 3,218876 0,000645
eliot 2,407946 0,000483
elsa 3,218876 0,000645
elysium 2,407946 0,000483
email 0,562119 0,000113
embrace 0,235722 0,000095
emerald 1,309333 0,000525
eminent 0,967584 0,000194
emissary 2,207275 0,000443
emotion 0,356675 0,000072
emperor 0,916291 0,000367
empire 0,634878 0,000127
employee 0,510826 0,000205
empress 1,897120 0,000380
emptiness 1,609438 0,000323
empyrean 2,659260 0,000533
enamelled 2,525729 0,000506
enamored 3,218876 0,000645
encircle 1,021651 0,000205
enclose 0,713350 0,000143
enclosure 1,139434 0,000228
encode 0,653926 0,000131
encounter 0,446287 0,000089
encourage 0,301105 0,000121
encumber 1,272966 0,000255
endowment 1,514128 0,000607
endure 0,210721 0,000127
enemy 0,105361 0,000042
enforce 0,941609 0,000189
england 0,385662 0,000077
english 0,094311 0,000019
engrave 1,237874 0,000248
enigma 1,771957 0,000711
enjoin 1,171183 0,000235
enjoy 0,072571 0,000015
enjoyment 0,562119 0,000113
enkindle 2,525729 0,000506
enlarge 0,673345 0,000270
enlighten 0,562119 0,000113
enmity 1,171183 0,000235
enquire 1,771957 0,000355
enquiring 2,407946 0,000483
enrage 0,916291 0,000184
enrapt 3,912023 0,000784
ensign 1,469676 0,000295
ensure 0,342490 0,000069
enter 0,020203 0,000016
enticement 2,525729 0,000506
entire 0,274437 0,000055
entity 0,544727 0,000109
entrance 0,210721 0,000042
entrap 2,407946 0,000483
entrust 1,203973 0,000241
envious 1,309333 0,000263
envy 0,446287 0,000089
ephesians 2,302585 0,000462
ephod 2,995732 0,000601
epipsychidion 3,506558 0,000703
epistles 2,120264 0,000425
epithet 1,347074 0,000270
equal 0,162519 0,000065
equator 2,040221 0,000409
equinox 2,302585 0,000462
equipment 0,415515 0,000083
erase 1,660731 0,000333
ere 0,634878 0,000127
eriphyle 2,995732 0,000601
err 0,733969 0,000147
error 0,072571 0,000029
erst 2,525729 0,000506
escape 0,061875 0,000025
escort 0,755023 0,000151
escorts 2,995732 0,000601
essay 0,755023 0,000151
essence 0,693147 0,000139
est 1,309333 0,000263
esther 2,407946 0,000483
estrange 1,386294 0,000278
eternal 0,415515 0,000083
eternally 1,347074 0,000270
ether 1,832581 0,000367
ethiop 3,218876 0,000645
eulogy 2,120264 0,000425
euphrates 2,207275 0,000443
euripides 2,120264 0,000425
europe 0,510826 0,000102
evangelic 3,506558 0,000703
eve 0,673345 0,000135
evening 0,072571 0,000015
evil 0,150823 0,000060
exalt 0,597837 0,000240
exceed 0,462035 0,000093
excel 0,994252 0,000598
excess 0,579818 0,000116
excited 0,248461 0,000050
exclaim 0,287682 0,000115
exclude 0,755023 0,000151
exclusion 0,371064 0,000074
exclusively 1,139434 0,000228
excommunicate 2,040221 0,000409
excuse 0,139262 0,000028
exempt 0,314711 0,000063
exert 0,820981 0,000165
exhalation 1,966113 0,000394
exhausted 0,400478 0,000080
exile 0,776529 0,000156
exist 0,072571 0,000029
existence 0,150823 0,000030
exordium 2,302585 0,000462
expect 0,051293 0,000010
expectant 1,427116 0,000286
expectation 0,356675 0,000072
expend 0,301105 0,000060
expense 0,127833 0,000051
experience 0,072571 0,000015
experienced 0,356675 0,000072
experiment 0,494296 0,000099
expiate 1,771957 0,000355
expiation 2,302585 0,000462
explain 0,116534 0,000070
explanation 0,139262 0,000028
export 0,446287 0,000089
exposed 0,301105 0,000060
expound 1,309333 0,000263
express 0,072571 0,000015
expression 0,116534 0,000023
expressly 0,820981 0,000165
extend 0,261365 0,000052
extent 0,083382 0,000017
external 0,562119 0,000113
extinct 1,108663 0,000222
extinguish 0,562119 0,000113
extol 1,660731 0,000333
extreme 0,186330 0,000037
extricate 1,272966 0,000255
eye 0,000000 0,000000
eyebrow 0,673345 0,000135
eyelid 0,891598 0,000179
ezekiel 2,207275 0,000443
faced 0,820981 0,000165
facility 0,342490 0,000069
faculty 0,510826 0,000205
fail 0,072571 0,000029
fain 0,967584 0,000194
fair 0,051293 0,000010
faith 0,210721 0,000042
faithful 0,261365 0,000052
falcon 1,897120 0,000761
fall 0,000000 0,000000
fallacious 1,966113 0,000394
falls 0,328504 0,000066
false 0,210721 0,000042
falsehood 0,693147 0,000139
falsely 1,171183 0,000235
fame 0,478036 0,000192
famed 2,040221 0,000409
familiar 0,150823 0,000060
family 0,061875 0,000025
famished 1,272966 0,000255
famous 0,261365 0,000052
fan 0,579818 0,000233
fano 2,995732 0,000601
fantasy 1,714798 0,000344
farewell 0,634878 0,000127
farm 0,713350 0,000143
fashion 0,105361 0,000042
fast 0,030459 0,000012
fasting 1,049822 0,000211
fatal 0,342490 0,000069
fate 0,174353 0,000070
father 0,061875 0,000025
fatigue 0,494296 0,000099
fatling 3,218876 0,000645
fatuous 2,995732 0,000601
fault 0,139262 0,000028
faulty 1,427116 0,000286
favor 0,994252 0,000199
favorably 2,120264 0,000425
fear 0,020203 0,000012
feast 0,430783 0,000173
feather 0,462035 0,000278
feathering 3,218876 0,000645
federal 0,527633 0,000106
fee 0,301105 0,000121
feebly 0,843970 0,000169
feed 0,248461 0,000100
feeding 0,616186 0,000124
feel 0,020203 0,000008
feeling 0,072571 0,000015
fellow 0,040822 0,000008
female 0,385662 0,000077
fervor 2,302585 0,000462
festival 0,994252 0,000199
feud 1,514128 0,000304
fictitious 1,560648 0,000313
field 0,094311 0,000038
fierce 0,415515 0,000083
fiery 0,713350 0,000143
fight 0,083382 0,000050
figure 0,051293 0,000031
file 0,223144 0,000089
filii 3,912023 0,000784
finally 0,150823 0,000030
financial 0,415515 0,000083
fine 0,061875 0,000012
finespun 3,218876 0,000645
finger 0,150823 0,000060
finished 0,162519 0,000033
fir 1,427116 0,000286
firm 0,248461 0,000050
fish 0,287682 0,000115
fisherman 1,049822 0,000211
fit 0,030459 0,000012
fitness 0,446287 0,000089
fixedly 1,427116 0,000286
flame 0,248461 0,000149
flamelet 3,912023 0,000784
flanders 2,207275 0,000443
flank 0,941609 0,000189
flash 0,261365 0,000052
flattery 0,867501 0,000174
fledge 1,897120 0,000380
flee 0,301105 0,000121
flentes 3,912023 0,000784
flesh 0,210721 0,000042
fleshless 2,813411 0,000564
fleur 2,995732 0,000601
flight 0,287682 0,000115
float 0,328504 0,000066
flock 0,385662 0,000155
floor 0,174353 0,000035
florence 1,609438 0,000323
florentine 2,302585 0,000462
florentines 2,995732 0,000601
florin 2,302585 0,000462
flow 0,174353 0,000070
flower 0,174353 0,000070
floweret 2,995732 0,000601
fly 0,116534 0,000047
flying 0,235722 0,000047
foe 0,616186 0,000124
fold 0,287682 0,000058
foliage 0,916291 0,000184
folk 0,527633 0,000106
follow 0,020203 0,000004
follower 0,713350 0,000143
followeth 2,525729 0,000506
folly 0,274437 0,000055
fond 0,261365 0,000052
food 0,127833 0,000026
foolish 0,235722 0,000047
foot 0,051293 0,000021
foothold 1,897120 0,000380
footprint 1,897120 0,000380
footstep 0,430783 0,000086
forbear 1,427116 0,000286
forbearance 1,272966 0,000255
forbid 0,248461 0,000050
force 0,030459 0,000012
ford 1,560648 0,000313
forehead 0,400478 0,000080
foresee 0,494296 0,000099
foresight 1,139434 0,000228
forest 0,356675 0,000072
forester 2,525729 0,000506
forethought 2,120264 0,000425
forget 0,010050 0,000006
forgive 0,314711 0,000063
forkful 3,506558 0,000703
form 0,020203 0,000016
formally 1,386294 0,000278
format 0,562119 0,000225
formation 1,139434 0,000228
formative 2,995732 0,000601
forsake 0,755023 0,000151
forsooth 1,832581 0,000367
fortitude 1,078810 0,000216
fortress 1,021651 0,000205
fortunate 0,415515 0,000083
fortune 0,162519 0,000065
forum 2,207275 0,000443
foul 0,616186 0,000124
foundation 0,127833 0,000026
fount 2,040221 0,000409
fountain 0,653926 0,000131
fourth 0,174353 0,000035
fox 0,798508 0,000320
fra 2,659260 0,000533
fragrance 1,171183 0,000235
france 0,544727 0,000109
francis 1,469676 0,000295
franco 2,813411 0,000564
frate 3,506558 0,000703
fraud 1,078810 0,000216
fraudulent 2,207275 0,000443
frederick 1,272966 0,000255
freebooter 2,659260 0,000533
freedom 0,223144 0,000045
freely 0,105361 0,000021
french 0,342490 0,000069
frequent 0,287682 0,000058
fresh 0,105361 0,000021
friend 0,000000 0,000000
friendly 0,248461 0,000050
frightened 0,301105 0,000060
frigid 1,897120 0,000380
frost 0,653926 0,000131
frozen 0,733969 0,000147
fruit 0,162519 0,000065
fruition 2,040221 0,000409
fruitlessly 2,407946 0,000483
fulfil 0,385662 0,000155
fulfilment 1,514128 0,000304
funeral 0,597837 0,000120
fungus 2,120264 0,000425
fur 0,994252 0,000199
furnace 0,967584 0,000194
future 0,105361 0,000021
gaia 3,218876 0,000645
gain 0,040822 0,000025
gait 1,078810 0,000216
gall 1,386294 0,000278
gallant 0,867501 0,000174
gallop 0,820981 0,000165
game 0,210721 0,000042
gange 1,771957 0,000355
ganymede 2,813411 0,000564
gap 0,843970 0,000169
garb 1,203973 0,000241
garden 0,150823 0,000030
garland 1,203973 0,000241
garment 0,400478 0,000161
gate 0,210721 0,000085
gatekeeper 2,813411 0,000564
gather 0,061875 0,000037
gathering 0,415515 0,000083
gaze 0,314711 0,000252
gem 1,108663 0,000445
gemini 3,218876 0,000645
gemma 3,912023 0,000784
generation 0,127833 0,000051
genesis 1,427116 0,000286
genius 0,400478 0,000080
genoa 1,966113 0,000394
genoese 2,407946 0,000483
gentle 0,274437 0,000055
gently 0,235722 0,000047
geographer 2,525729 0,000506
geography 1,514128 0,000304
geomancy 3,912023 0,000784
georgics 3,218876 0,000645
germ 1,386294 0,000278
german 0,478036 0,000096
geryon 2,995732 0,000601
ghent 2,525729 0,000506
ghibelline 3,218876 0,000645
giant 0,562119 0,000225
gibbous 3,218876 0,000645
gideon 2,302585 0,000462
gift 0,210721 0,000085
gird 1,427116 0,000859
girdle 1,078810 0,000216
girl 0,198451 0,000040
girt 1,469676 0,000295
glad 0,072571 0,000015
gladden 1,609438 0,000323
gladly 0,544727 0,000109
gladness 1,049822 0,000211
glass 0,174353 0,000035
gleam 0,510826 0,000102
glimmer 0,967584 0,000194
gloom 0,579818 0,000116
gloria 2,813411 0,000564
glorious 0,462035 0,000093
glory 0,301105 0,000060
gloss 1,469676 0,000295
glow 0,314711 0,000063
glut 2,040221 0,000409
gluttonous 2,302585 0,000462
gluttony 2,120264 0,000425
gnaw 0,967584 0,000194
goad 1,237874 0,000496
goal 0,274437 0,000055
goat 1,021651 0,000205
goats 1,347074 0,000270
god 0,083382 0,000033
goddess 1,049822 0,000211
gold 0,083382 0,000017
golden 0,342490 0,000069
gomorrah 2,659260 0,000533
goodness 0,328504 0,000066
gospel 1,021651 0,000205
gospels 2,407946 0,000483
govern 0,186330 0,000075
government 0,462035 0,000093
grace 0,235722 0,000095
gracious 0,544727 0,000109
graciously 1,203973 0,000241
grain 0,562119 0,000113
grandchild 1,514128 0,000304
grandson 1,347074 0,000270
grant 0,061875 0,000025
grape 0,867501 0,000174
grasp 0,274437 0,000055
grass 0,301105 0,000121
grateful 0,446287 0,000089
gratefully 0,415515 0,000083
gratia 2,813411 0,000564
gratifying 1,272966 0,000255
gratitude 0,478036 0,000096
grave 0,116534 0,000023
graven 1,771957 0,000355
graze 1,108663 0,000222
grazie 3,506558 0,000703
greatness 0,693147 0,000139
greed 1,609438 0,000323
greedy 1,021651 0,000205
greek 0,494296 0,000198
green 0,105361 0,000021
greeting 0,798508 0,000160
gregory 1,139434 0,000228
grey 0,562119 0,000113
grief 0,356675 0,000072
grieve 0,673345 0,000270
grieving 1,386294 0,000278
grievous 0,967584 0,000194
griffon 3,506558 0,000703
gross 0,235722 0,000047
grot 2,813411 0,000564
ground 0,030459 0,000006
grow 0,010050 0,000008
guard 0,083382 0,000050
guardian 0,597837 0,000120
guelph 3,218876 0,000645
guest 0,235722 0,000047
guidance 0,776529 0,000156
guide 0,083382 0,000067
guido 2,302585 0,000462
guilty 0,356675 0,000072
gulf 0,733969 0,000294
gully 1,966113 0,000394
habit 0,162519 0,000065
hadst 1,714798 0,000344
hail 0,415515 0,000083
hair 0,072571 0,000015
haircloth 3,912023 0,000784
hallelujah 2,813411 0,000564
halo 1,771957 0,000355
halt 0,733969 0,000147
haman 3,506558 0,000703
hamper 1,237874 0,000496
hand 0,010050 0,000004
handmaid 1,660731 0,000666
hang 0,198451 0,000040
happiness 0,150823 0,000030
happy 0,061875 0,000012
hapsburg 3,912023 0,000784
harbinger 2,813411 0,000564
harbor 1,427116 0,000286
hard 0,040822 0,000016
hardihood 1,771957 0,000355
harlot 1,609438 0,000323
harm 0,210721 0,000042
harmful 2,407946 0,000483
harmless 0,248461 0,000050
harmony 0,579818 0,000116
harsh 0,462035 0,000093
hart 0,462035 0,000093
harvest 0,713350 0,000286
hast 0,891598 0,000179
haste 0,371064 0,000074
hasten 0,371064 0,000223
hasting 2,813411 0,000564
hasty 0,510826 0,000102
hate 0,150823 0,000060
hateful 0,891598 0,000179
hatred 0,494296 0,000099
haughty 0,867501 0,000174
hawk 1,108663 0,000222
hay 1,171183 0,000235
head 0,000000 0,000000
headquarters 1,660731 0,000333
heal 0,867501 0,000174
healer 2,659260 0,000533
healing 1,347074 0,000270
heap 0,248461 0,000100
hear 0,010050 0,000006
hearing 0,139262 0,000028
heart 0,010050 0,000004
hearted 0,415515 0,000083
heat 0,198451 0,000080
heathen 1,203973 0,000241
heave 0,820981 0,000165
heaven 0,174353 0,000070
heavenly 0,843970 0,000169
heaving 0,994252 0,000199
heavy 0,030459 0,000012
hebrews 1,832581 0,000367
hedge 0,597837 0,000120
heed 0,510826 0,000205
heel 0,356675 0,000072
height 0,210721 0,000042
heir 0,527633 0,000212
heiress 1,832581 0,000367
helicon 2,813411 0,000564
hellespont 2,207275 0,000443
helm 1,347074 0,000270
hem 1,171183 0,000470
hemisphere 1,966113 0,000788
henceforth 0,867501 0,000174
henry 0,713350 0,000143
herb 0,843970 0,000169
herbage 2,407946 0,000483
herdsman 2,040221 0,000409
hereditary 1,108663 0,000222
heresy 1,469676 0,000295
heritage 1,897120 0,000380
hermaphrodite 3,506558 0,000703
hermitage 2,302585 0,000462
hide 0,072571 0,000044
hiding 0,616186 0,000124
highlands 2,302585 0,000462
hike 3,218876 0,000645
hill 0,150823 0,000060
hillside 1,386294 0,000278
hinder 0,579818 0,000349
hindrance 1,049822 0,000211
hinge 0,916291 0,000184
hint 0,301105 0,000060
hippocrates 2,407946 0,000483
historical 0,843970 0,000169
hit 0,314711 0,000063
hitherward 2,995732 0,000601
hitter 3,912023 0,000784
ho 1,203973 0,000241
hoarse 0,867501 0,000174
hog 1,309333 0,000263
hohenstaufen 3,218876 0,000645
hoist 1,139434 0,000228
hold 0,010050 0,000008
holder 0,430783 0,000086
hollow 0,430783 0,000173
holofernes 2,813411 0,000564
holy 0,371064 0,000074
honest 0,235722 0,000047
honey 0,755023 0,000151
honor 0,891598 0,000358
honorable 1,386294 0,000278
honored 1,427116 0,000286
hoof 0,867501 0,000348
hook 0,634878 0,000127
hope 0,000000 0,000000
horizon 0,597837 0,000120
horn 0,478036 0,000192
horrible 0,356675 0,000072
horse 0,139262 0,000028
hosanna 2,813411 0,000564
hospitality 0,713350 0,000143
hostel 3,218876 0,000645
hostile 0,776529 0,000156
hostility 1,171183 0,000235
hot 0,116534 0,000047
hotly 1,347074 0,000270
hour 0,061875 0,000025
house 0,020203 0,000004
household 0,430783 0,000086
howl 0,527633 0,000212
howsoever 2,120264 0,000425
huddle 1,078810 0,000216
hue 0,776529 0,000156
hugh 2,040221 0,000409
hum 0,579818 0,000116
human 0,072571 0,000015
humble 0,261365 0,000105
humbly 0,867501 0,000174
humid 1,966113 0,000394
humiliate 1,469676 0,000295
humiliating 1,427116 0,000286
humility 0,867501 0,000348
hung 0,174353 0,000035
hunger 0,478036 0,000096
hungering 2,813411 0,000564
hunt 0,371064 0,000074
hunter 0,579818 0,000116
hurry 0,162519 0,000033
hurt 0,150823 0,000060
husband 0,198451 0,000080
husk 1,897120 0,000380
hut 0,776529 0,000156
hymn 0,994252 0,000199
hypsipyle 2,813411 0,000564
hyssop 3,218876 0,000645
ice 0,527633 0,000106
ida 2,040221 0,000409
identification 0,527633 0,000106
identify 0,342490 0,000069
ideo 3,506558 0,000703
idleness 0,755023 0,000151
ignorance 0,287682 0,000058
iii 0,287682 0,000058
ilion 2,813411 0,000564
illegitimate 1,966113 0,000394
illuminate 0,941609 0,000378
illumination 1,897120 0,000380
illumine 1,309333 0,000263
image 0,301105 0,000181
imagery 2,302585 0,000462
imagination 0,223144 0,000045
imaginative 1,609438 0,000323
imagine 0,083382 0,000050
immense 0,314711 0,000063
immortal 0,755023 0,000151
immortality 1,171183 0,000235
immovable 1,203973 0,000241
impel 0,916291 0,000184
imperfect 0,673345 0,000135
imperial 1,021651 0,000205
impersonal 1,897120 0,000380
impiety 1,966113 0,000394
implore 0,776529 0,000311
imply 0,235722 0,000095
import 0,843970 0,000169
impose 0,162519 0,000065
impossible 0,094311 0,000019
impotence 1,832581 0,000367
impotency 3,506558 0,000703
impregnate 2,207275 0,000885
impress 0,634878 0,000127
impressed 0,510826 0,000102
impression 0,210721 0,000042
imprint 1,139434 0,000228
impugn 2,659260 0,000533
inaccurate 0,510826 0,000102
inaction 1,966113 0,000394
inanimate 1,237874 0,000248
inaudible 1,560648 0,000313
incense 0,755023 0,000151
incidence 3,912023 0,000784
incidental 0,446287 0,000089
incise 3,912023 0,000784
incite 1,427116 0,000572
inclination 0,544727 0,000109
incline 0,733969 0,000147
include 0,072571 0,000058
incomplete 0,301105 0,000060
incorrect 1,832581 0,000367
incorruptible 1,966113 0,000394
increase 0,061875 0,000037
indemnify 0,446287 0,000089
indemnity 0,527633 0,000106
independent 0,510826 0,000102
india 0,843970 0,000169
indian 0,544727 0,000218
indication 0,798508 0,000160
indignant 0,820981 0,000165
indigo 2,407946 0,000483
indirect 0,446287 0,000089
indirectly 0,371064 0,000074
individual 0,139262 0,000028
indolence 1,309333 0,000263
indolent 1,427116 0,000286
indulgence 0,755023 0,000151
ineffable 1,771957 0,000355
infamy 1,139434 0,000228
infant 0,673345 0,000135
infer 0,891598 0,000179
inferior 0,579818 0,000116
infernal 0,843970 0,000169
infinite 0,430783 0,000086
inflame 1,049822 0,000421
influence 0,198451 0,000080
informant 2,207275 0,000443
informative 3,912023 0,000784
infringement 0,544727 0,000109
infuse 1,514128 0,000304
infusion 2,525729 0,000506
inhabit 0,597837 0,000120
inhabitants 0,446287 0,000089
inheritance 0,798508 0,000160
iniquity 1,514128 0,000304
initiate 1,309333 0,000263
injunction 1,108663 0,000222
injure 0,356675 0,000072
injury 0,301105 0,000060
ink 0,916291 0,000184
inn 0,713350 0,000143
innate 1,427116 0,000286
innocent 0,186330 0,000075
inordinate 1,771957 0,000355
insatiable 1,427116 0,000286
inscribe 1,171183 0,000235
insect 0,916291 0,000184
inspiration 0,755023 0,000151
inspire 0,371064 0,000149
instance 0,116534 0,000023
instant 0,210721 0,000042
instantly 0,356675 0,000072
instructor 1,347074 0,000270
instrument 0,248461 0,000050
instrumentally 3,912023 0,000784
intellect 0,634878 0,000127
intellective 3,506558 0,000703
intellectual 0,235722 0,000047
intelligence 0,301105 0,000060
intend 0,094311 0,000038
intense 0,430783 0,000086
intent 0,494296 0,000099
intention 0,127833 0,000026
intently 0,891598 0,000179
intercede 1,832581 0,000367
intercession 1,897120 0,000380
interdict 2,040221 0,000818
interior 0,673345 0,000135
internal 0,261365 0,000052
international 0,494296 0,000099
interpret 0,235722 0,000047
interpretation 0,994252 0,000199
interrupted 0,301105 0,000060
invade 0,755023 0,000151
invalidity 0,527633 0,000106
inverted 2,120264 0,000425
invisible 0,562119 0,000113
invitation 0,494296 0,000198
invite 0,261365 0,000052
invocation 2,659260 0,000533
inwardly 0,798508 0,000160
iris 2,120264 0,000425
iron 0,162519 0,000033
ironical 1,386294 0,000278
irony 1,386294 0,000278
irs 0,562119 0,000113
island 0,400478 0,000080
islands 0,755023 0,000151
israel 1,386294 0,000278
issue 0,198451 0,000159
italian 0,653926 0,000262
italy 0,820981 0,000165
iterum 3,912023 0,000784
iv 0,328504 0,000066
ix 0,494296 0,000099
jam 1,237874 0,000248
james 0,673345 0,000135
jealousy 0,430783 0,000086
jerusalem 1,237874 0,000248
jesus 1,237874 0,000248
joan 2,407946 0,000483
jocasta 3,506558 0,000703
john 0,328504 0,000066
joint 0,446287 0,000089
jordan 1,966113 0,000394
joshua 2,040221 0,000409
journey 0,150823 0,000030
joust 2,813411 0,001128
jove 1,108663 0,000222
joy 0,127833 0,000051
joyful 0,798508 0,000160
joyous 0,941609 0,000189
jubilee 2,040221 0,000409
judas 2,120264 0,000425
judge 0,061875 0,000025
judgment 0,198451 0,000040
judicature 2,302585 0,000462
judith 2,120264 0,000425
juice 1,272966 0,000255
july 0,616186 0,000124
junction 1,514128 0,000304
june 0,527633 0,000106
juno 1,897120 0,000380
jupiter 1,560648 0,000313
jura 2,813411 0,000564
justice 0,162519 0,000033
justification 1,139434 0,000228
justify 0,562119 0,000113
justinian 2,659260 0,000533
justly 0,653926 0,000131
jut 1,609438 0,000323
juvenal 2,659260 0,000533
keen 0,371064 0,000074
key 0,342490 0,000069
kick 0,314711 0,000063
kill 0,083382 0,000050
kindle 0,693147 0,000417
kindness 0,274437 0,000055
kindred 0,994252 0,000199
king 0,210721 0,000085
kingdom 0,462035 0,000185
kino 3,912023 0,000784
kinsfolk 2,525729 0,000506
kiss 0,356675 0,000072
kissing 1,021651 0,000205
knee 0,150823 0,000030
kneel 0,478036 0,000096
knights 1,309333 0,000263
knot 0,510826 0,000102
knowledge 0,061875 0,000012
labia 3,506558 0,000703
labor 1,108663 0,000222
lachesis 3,218876 0,000645
lack 0,371064 0,000074
lackland 3,912023 0,000784
laden 0,673345 0,000135
lady 0,162519 0,000065
laggard 2,659260 0,000533
lake 0,162519 0,000033
lamb 0,693147 0,000139
lament 0,713350 0,000429
lamentation 1,078810 0,000216
lamp 0,400478 0,000161
lance 1,171183 0,000235
land 0,051293 0,000021
landing 0,544727 0,000109
language 0,072571 0,000015
lap 0,527633 0,000106
larboard 2,407946 0,000483
largess 2,813411 0,000564
late 0,094311 0,000019
latin 0,653926 0,000131
latins 2,407946 0,000483
latona 2,813411 0,000564
laudable 1,609438 0,000323
laugh 0,094311 0,000019
laughter 0,274437 0,000055
laurel 1,347074 0,000270
lavinia 2,659260 0,000533
law 0,020203 0,000008
lawful 1,078810 0,000216
lawgiver 1,771957 0,000355
lay 0,030459 0,000024
lead 0,020203 0,000012
leader 0,356675 0,000143
leadeth 2,407946 0,000483
leading 0,139262 0,000028
leaf 0,446287 0,000089
leafage 3,218876 0,000645
leaflet 3,218876 0,000645
league 0,653926 0,000131
leah 2,813411 0,000564
lean 0,127833 0,000051
leander 2,995732 0,000601
leanness 2,813411 0,000564
leap 0,287682 0,000173
learn 0,020203 0,000012
leave -0,009950 -0,000006
lebanon 2,659260 0,000533
ledge 1,049822 0,000211
left 0,000000 0,000000
leg 0,235722 0,000047
legal 0,261365 0,000052
legally 0,342490 0,000069
legend 0,820981 0,000165
leisure 0,579818 0,000116
lengthwise 2,407946 0,000483
lessen 0,713350 0,000286
lessening 1,660731 0,000333
lethe 2,407946 0,000483
letter 0,072571 0,000015
level 0,210721 0,000042
levi 2,813411 0,000564
leviticus 2,813411 0,000564
liability 0,462035 0,000093
liable 0,235722 0,000047
liberal 0,597837 0,000120
liberate 1,469676 0,000295
liberty 0,198451 0,000040
libra 2,995732 0,000601
library 0,223144 0,000045
license 0,301105 0,000060
licensed 0,430783 0,000086
lick 0,673345 0,000135
lid 0,597837 0,000120
lie 0,020203 0,000016
lieu 0,415515 0,000083
life -0,009950 -0,000004
lift 0,116534 0,000093
light 0,000000 0,000000
lightning 0,430783 0,000086
likeness 0,673345 0,000135
lily 1,272966 0,000511
limb 0,248461 0,000050
limbed 2,120264 0,000425
limbo 2,407946 0,000483
limit 0,287682 0,000058
limitation 0,371064 0,000074
limited 0,261365 0,000052
linda 3,912023 0,000784
linen 0,527633 0,000106
linger 0,446287 0,000089
link 0,174353 0,000070
lion 0,579818 0,000116
lip 0,127833 0,000026
lisp 1,714798 0,000344
list 0,301105 0,000060
listen 0,105361 0,000085
literary 0,287682 0,000058
live 0,010050 0,000004
lively 0,385662 0,000077
livid 1,171183 0,000235
living 0,020203 0,000004
lo 0,916291 0,000184
load 0,430783 0,000173
loading 1,309333 0,000263
loca 3,506558 0,000703
local 0,713350 0,000143
locate 0,371064 0,000074
location 0,494296 0,000099
lock 0,162519 0,000098
locust 1,514128 0,000304
lodge 0,494296 0,000198
lofty 0,494296 0,000297
lombard 2,120264 0,000425
lonely 0,400478 0,000080
longing 0,653926 0,000262
loom 1,078810 0,000216
loose 0,094311 0,000076
loosening 2,302585 0,000462
lop 1,771957 0,000355
lord 0,223144 0,000045
lords 0,843970 0,000169
lose 0,000000 0,000000
loss 0,083382 0,000017
lot 0,051293 0,000010
loud 0,105361 0,000021
loudly 0,400478 0,000080
louis 1,078810 0,000216
love 0,030459 0,000018
loving 0,478036 0,000096
lucent 2,995732 0,000601
lucia 2,813411 0,000564
lucid 1,386294 0,000278
lucifer 1,966113 0,000394
luke 1,897120 0,000380
lukewarmness 2,995732 0,000601
lullaby 2,040221 0,000409
luminous 1,078810 0,000216
lunar 2,525729 0,000506
lure 1,108663 0,000222
lust 0,820981 0,000165
lustful 1,832581 0,000367
lustre 1,139434 0,000228
lusty 1,832581 0,000367
luxury 0,462035 0,000093
lyre 1,660731 0,000333
machine 0,210721 0,000042
mad 0,235722 0,000047
magnificent 0,328504 0,000066
magnus 2,525729 0,000506
magpie 2,659260 0,000533
maid 0,415515 0,000083
maiden 0,673345 0,000270
main 0,127833 0,000026
maintain 0,094311 0,000019
major 1,108663 0,000222
maker 0,653926 0,000131
malediction 2,659260 0,000533
malign 2,120264 0,000425
malignly 3,912023 0,000784
manager 0,597837 0,000120
manfred 2,813411 0,000564
manhood 0,776529 0,000156
manifest 0,478036 0,000096
mankind 0,478036 0,000096
manna 2,120264 0,000425
manner 0,040822 0,000008
mantle 0,776529 0,000156
manto 3,218876 0,000645
mantua 2,525729 0,000506
mantuan 2,813411 0,000564
marble 0,562119 0,000113
march 0,223144 0,000045
marchese 3,218876 0,000645
marcia 2,995732 0,000601
marco 2,659260 0,000533
maremma 3,218876 0,000645
margaret 1,897120 0,000380
mariner 1,078810 0,000216
mark 0,105361 0,000042
marked 0,061875 0,000012
marketplace 2,659260 0,000533
marquis 1,609438 0,000323
marriage 0,314711 0,000063
married 0,248461 0,000050
marry 0,356675 0,000072
mars 1,427116 0,000286
marseilles 1,966113 0,000394
marsh 1,139434 0,000228
marshal 1,272966 0,000511
martin 1,386294 0,000278
martyrdom 1,897120 0,000380
marvel 0,693147 0,000556
marvelously 2,302585 0,000462
mary 0,693147 0,000139
masculine 1,347074 0,000270
mask 0,673345 0,000135
mass 0,210721 0,000042
massy 1,966113 0,000394
master 0,072571 0,000015
masters 0,446287 0,000089
mastery 1,171183 0,000235
match 0,301105 0,000060
mater 2,813411 0,000564
material 0,261365 0,000052
maternal 1,272966 0,000255
matilda 2,659260 0,000533
matin 2,813411 0,000564
matins 2,995732 0,000601
matter 0,000000 0,000000
matthew 1,714798 0,000344
mature 0,941609 0,000378
maximum 0,478036 0,000096
maximus 2,659260 0,000533
mayst 2,302585 0,000462
mea 2,659260 0,000533
meadow 0,733969 0,000147
meagreness 2,995732 0,000601
meaning 0,186330 0,000037
measure 0,127833 0,000051
mediaeval 2,995732 0,000601
meditation 0,776529 0,000156
medium 0,223144 0,000045
meed 2,407946 0,000483
meet 0,010050 0,000006
meeting 0,162519 0,000033
meleager 2,813411 0,000564
melody 1,347074 0,000270
melt 0,385662 0,000232
memory 0,162519 0,000065
mend 0,653926 0,000131
mention 0,105361 0,000085
merchantability 0,994252 0,000199
merciful 0,994252 0,000199
mercury 1,203973 0,000241
mercy 0,210721 0,000042
mere 0,094311 0,000019
meridian 1,771957 0,000355
merit 0,371064 0,000074
messenger 0,562119 0,000225
messer 2,813411 0,000564
metal 0,527633 0,000212
metamorphoses 2,525729 0,000506
metaphysics 1,514128 0,000304
method 0,094311 0,000038
michael 0,400478 0,000080
mid 1,832581 0,000367
midas 2,525729 0,000506
midday 1,108663 0,000222
middle 0,030459 0,000006
midheaven 3,912023 0,000784
midmost 2,813411 0,000564
midnight 0,328504 0,000066
mien 1,660731 0,000333
milan 1,771957 0,000355
milanese 2,813411 0,000564
mild 0,430783 0,000173
mile 0,174353 0,000070
milk 0,400478 0,000080
milton 1,609438 0,000323
mime 3,506558 0,000703
mind 0,020203 0,000004
mindful 1,514128 0,000304
mindless 2,525729 0,000506
minerva 1,832581 0,000367
mingle 0,356675 0,000072
minion 2,302585 0,000462
minister 0,562119 0,000113
ministers 0,776529 0,000156
minor 0,713350 0,000143
minos 2,525729 0,000506
mira 3,218876 0,000645
mire 1,049822 0,000211
mirror 0,579818 0,000233
miscreant 1,897120 0,000380
miserere 2,813411 0,000564
misfortune 0,400478 0,000080
misreading 3,506558 0,000703
mission 0,210721 0,000042
mississippi 0,415515 0,000083
mist 0,430783 0,000173
mistress 0,478036 0,000096
mitre 2,040221 0,000409
mix 0,274437 0,000055
mixture 0,597837 0,000120
moat 1,897120 0,000380
mobile 1,966113 0,000394
mock 0,478036 0,000096
mode 0,579818 0,000233
model 0,510826 0,000102
moderate 0,579818 0,000116
modern 0,301105 0,000060
modest 0,371064 0,000074
modesty 0,733969 0,000147
modicum 2,302585 0,000462
modification 0,478036 0,000096
modify 0,356675 0,000072
moist 0,843970 0,000169
mole 1,203973 0,000241
molten 1,560648 0,000313
moment 0,010050 0,000002
monaco 3,506558 0,000703
monastery 1,469676 0,000295
monday 0,891598 0,000179
money 0,051293 0,000010
monk 1,108663 0,000222
monster 0,527633 0,000106
month 0,040822 0,000016
mood 0,462035 0,000093
moon 0,261365 0,000052
moonrise 2,525729 0,000506
moore 2,525729 0,000506
moral 0,301105 0,000121
morality 0,867501 0,000174
morally 1,171183 0,000235
mordecai 2,813411 0,000564
morning 0,040822 0,000008
morocco 1,832581 0,000367
mortal 0,314711 0,000126
mortification 1,021651 0,000205
moses 1,139434 0,000228
mother 0,072571 0,000015
motion 0,223144 0,000089
motionless 0,544727 0,000109
motive 0,356675 0,000072
motor 2,207275 0,000443
mount 0,210721 0,000169
mountain 0,400478 0,000080
mountaineer 2,120264 0,000425
mountainous 1,560648 0,000313
mountains 0,400478 0,000080
mourn 0,994252 0,000399
mourning 0,673345 0,000135
mouth 0,061875 0,000025
movement 0,287682 0,000115
mulberry 1,966113 0,000394
multum 2,813411 0,000564
murder 0,248461 0,000100
murderer 0,733969 0,000147
murmur 0,287682 0,000058
murmuring 0,967584 0,000194
muses 1,660731 0,000333
music 0,198451 0,000040
musical 0,579818 0,000116
mute 0,776529 0,000156
mutual 0,510826 0,000102
mutually 1,386294 0,000278
muzzle 1,171183 0,000235
myrtle 1,966113 0,000394
mystery 0,235722 0,000047
mystic 1,108663 0,000222
mystical 1,469676 0,000295
myth 1,832581 0,000367
mythology 1,832581 0,000367
naiades 3,506558 0,000703
nail 0,356675 0,000143
naked 0,274437 0,000055
naples 1,272966 0,000255
narration 1,609438 0,000323
narrative 0,579818 0,000116
narrow 0,094311 0,000019
narrowness 1,560648 0,000313
native 0,314711 0,000063
natural 0,094311 0,000019
naturally 0,210721 0,000042
nature 0,094311 0,000038
naught 1,347074 0,000270
navigate 1,771957 0,000355
nearer 0,400478 0,000080
necessity 0,210721 0,000042
neck 0,174353 0,000070
necklace 1,660731 0,000333
nectar 1,966113 0,000394
needful 1,108663 0,000222
needle 0,673345 0,000135
neglect 0,274437 0,000110
negligence 0,415515 0,000083
negligent 1,609438 0,000323
neighbor 1,237874 0,000496
neighboring 1,386294 0,000278
nephew 0,891598 0,000179
nest 0,579818 0,000116
nettle 1,272966 0,000255
network 0,415515 0,000083
news 0,210721 0,000042
newsletter 0,562119 0,000113
nicholas 1,771957 0,000355
nickname 1,660731 0,000333
night 0,010050 0,000004
nightfall 1,309333 0,000263
nightingale 1,514128 0,000304
nil 2,120264 0,000425
nile 1,469676 0,000295
nimble 1,171183 0,000235
nimrod 2,407946 0,000483
nineteenth 1,171183 0,000235
ninth 0,994252 0,000199
niobe 2,813411 0,000564
nobility 0,755023 0,000151
noble 0,198451 0,000080
nocturnal 1,272966 0,000255
nod 0,371064 0,000074
nonproprietary 0,562119 0,000113
noon 0,430783 0,000086
normandy 2,525729 0,000506
north 0,083382 0,000017
northern 0,653926 0,000131
nose 0,261365 0,000052
nosed 1,560648 0,000313
notary 2,407946 0,000483
note 0,094311 0,000038
notice 0,020203 0,000008
notify 0,371064 0,000074
nourish 0,916291 0,000184
nourishment 0,994252 0,000199
nova 2,302585 0,000462
novelty 0,798508 0,000160
november 0,544727 0,000109
numeral 2,813411 0,000564
nunc 2,659260 0,000533
nurse 0,301105 0,000121
nurture 1,660731 0,000333
nymph 2,040221 0,000409
nymphs 1,832581 0,000367
oak 0,673345 0,000135
oar 1,021651 0,000410
obduracy 3,218876 0,000645
obdurate 1,771957 0,000355
obedience 0,494296 0,000099
obedient 0,544727 0,000109
object 0,105361 0,000063
objection 0,400478 0,000080
obligation 0,597837 0,000120
oblige 0,210721 0,000042
obliterate 1,469676 0,000589
oblivion 1,272966 0,000255
obscure 0,478036 0,000192
obscurely 1,832581 0,000367
observe 0,094311 0,000038
obsolete 0,446287 0,000089
obstacle 0,510826 0,000102
occasion 0,105361 0,000042
occult 2,040221 0,000409
occur 0,083382 0,000017
ocean 0,415515 0,000083
octavian 3,912023 0,000784
october 0,653926 0,000131
odor 1,386294 0,000556
odour 1,021651 0,000205
offence 0,527633 0,000212
offend 0,798508 0,000160
offended 0,616186 0,000124
offer 0,020203 0,000008
office 0,072571 0,000015
officer 0,314711 0,000063
official 0,223144 0,000089
oft 1,347074 0,000270
oftentimes 1,832581 0,000367
ofttimes 2,995732 0,000601
olive 0,994252 0,000199
olympus 1,966113 0,000394
omit 0,843970 0,000169
online 0,510826 0,000102
onward 1,108663 0,000222
ooze 1,427116 0,000286
operate 0,916291 0,000184
opinion 0,105361 0,000021
opponent 1,108663 0,000222
opportunity 0,061875 0,000025
opposition 0,494296 0,000099
opprobrium 2,813411 0,000564
oracle 1,237874 0,000248
orange 0,776529 0,000156
orbit 1,714798 0,000344
ordain 0,891598 0,000358
ordo 3,506558 0,000703
orestes 2,659260 0,000533
organ 0,634878 0,000255
organize 2,040221 0,000409
organized 0,356675 0,000072
orient 1,832581 0,000367
oriental 1,108663 0,000222
origin 0,527633 0,000106
original 0,105361 0,000021
originally 0,673345 0,000135
originator 0,478036 0,000096
orison 2,407946 0,000966
ornament 0,527633 0,000106
orvieto 3,912023 0,000784
outcry 1,272966 0,000255
outdated 0,562119 0,000113
outer 0,510826 0,000102
outermost 2,302585 0,000462
outlet 1,386294 0,000278
outrage 0,891598 0,000179
outraged 1,272966 0,000255
outset 1,237874 0,000248
outspread 2,120264 0,000425
outstretched 1,108663 0,000222
outstrip 1,347074 0,000270
outward 0,579818 0,000116
outwardly 1,309333 0,000263
overcast 1,609438 0,000323
overcome 0,198451 0,000119
overshadow 1,609438 0,000323
overspread 1,272966 0,000255
overtake 0,400478 0,000161
ovid 2,407946 0,000483
owe 0,105361 0,000063
owner 0,083382 0,000017
oxen 1,427116 0,000286
pace 0,186330 0,000075
packed 0,616186 0,000124
paganism 2,813411 0,000564
pain 0,051293 0,000021
painful 0,328504 0,000066
paint 0,274437 0,000110
painter 0,755023 0,000151
painting 0,713350 0,000143
pair 0,210721 0,000042
palace 0,494296 0,000198
palazzo 2,813411 0,000564
pale 0,186330 0,000037
palinurus 3,912023 0,000784
pallas 2,659260 0,000533
pallid 1,237874 0,000248
palm 0,494296 0,000099
palms 0,820981 0,000165
pan 0,755023 0,000151
pang 0,634878 0,000127
panting 0,597837 0,000120
pap 2,407946 0,000966
papacy 2,659260 0,000533
papal 2,120264 0,000425
paper 0,083382 0,000017
paperwork 0,562119 0,000113
paradise 0,776529 0,000156
paragraph 0,328504 0,000132
paramour 2,525729 0,000506
parcel 0,867501 0,000174
pardon 0,287682 0,000173
paris 0,562119 0,000113
parnassus 2,659260 0,000533
parricide 1,897120 0,000380
partisan 1,560648 0,000313
partly 0,301105 0,000060
party 0,030459 0,000006
pasiphae 2,995732 0,000601
pass 0,020203 0,000012
passage 0,105361 0,000042
passer 1,078810 0,000216
passing 0,094311 0,000019
passive 0,941609 0,000189
pastor 1,514128 0,000304
paternoster 2,659260 0,000533
path 0,150823 0,000060
pathway 1,469676 0,000295
patience 0,139262 0,000028
pauline 3,506558 0,000703
paunch 2,207275 0,000443
pause 0,314711 0,000063
pavement 0,755023 0,000151
pay 0,030459 0,000018
payment 0,274437 0,000055
peace 0,094311 0,000019
peacemaker 2,659260 0,001066
peak 0,916291 0,000367
pebble 1,108663 0,000222
peculiar 0,223144 0,000045
pedagogue 2,407946 0,000483
pelorus 3,218876 0,000645
pen 0,235722 0,000047
penalty 0,820981 0,000165
penance 1,514128 0,000304
pencil 0,616186 0,000247
penetrate 0,415515 0,000083
penitence 1,514128 0,000304
penitent 1,237874 0,000248
pennon 2,813411 0,000564
peradventure 2,525729 0,000506
perceive 0,198451 0,000119
perception 0,967584 0,000194
perchance 1,386294 0,000278
perfect 0,061875 0,000012
perfection 0,446287 0,000089
perforce 1,609438 0,000323
perform 0,072571 0,000058
performance 0,127833 0,000026
period 0,235722 0,000047
periodic 0,544727 0,000109
perish 0,462035 0,000185
permanent 0,223144 0,000045
permission 0,150823 0,000030
permit 0,094311 0,000019
perpendicular 1,386294 0,000278
perpetual 0,478036 0,000096
perplexity 0,755023 0,000151
perse 2,995732 0,000601
persecute 0,994252 0,000199
persecution 1,108663 0,000222
persecutor 1,897120 0,000380
person -0,009950 -0,000006
personage 0,967584 0,000194
personal 0,223144 0,000045
personification 1,897120 0,000380
persuade 0,223144 0,000045
persuasion 0,891598 0,000179
pertain 1,832581 0,000367
perverted 1,347074 0,000270
peter 0,798508 0,000160
petition 0,941609 0,000189
petri 3,912023 0,000784
petrifying 2,813411 0,000564
phaethon 2,995732 0,000601
philip 1,237874 0,000248
phillip 3,912023 0,000784
philomela 3,912023 0,000784
philosophy 0,597837 0,000120
phrase 0,139262 0,000028
physical 0,198451 0,000040
physician 0,693147 0,000139
pia 2,995732 0,000601
picae 3,912023 0,000784
picture 0,139262 0,000056
piedmontese 3,506558 0,000703
pier 1,347074 0,000270
pierce 0,356675 0,000143
pierre 2,040221 0,000409
piety 1,078810 0,000216
pilate 2,525729 0,000506
pilgrim 1,203973 0,000483
pilot 1,021651 0,000205
pine 0,462035 0,000093
pinion 2,040221 0,000409
pious 0,733969 0,000147
pisa 2,407946 0,000483
pisan 3,218876 0,000645
pisces 2,995732 0,000601
pit 0,597837 0,000240
piteous 1,272966 0,000255
piteously 1,714798 0,000344
pitiable 1,347074 0,000270
pitiful 0,798508 0,000160
pitiless 1,347074 0,000270
pity 0,139262 0,000028
pivot 2,040221 0,000409
plain 0,040822 0,000008
plaint 2,120264 0,000425
planet 1,021651 0,000205
plank 0,673345 0,000135
plant 0,186330 0,000112
plato 1,237874 0,000248
plautus 2,813411 0,000564
play 0,040822 0,000025
playful 1,386294 0,000278
pleasant 0,162519 0,000033
pleasantness 2,407946 0,000483
pleased 0,150823 0,000030
pleasing 0,653926 0,000131
pleasure 0,051293 0,000021
pledge 0,634878 0,000127
pluck 0,371064 0,000149
plumage 1,771957 0,000355
plume 0,994252 0,000199
plunder 0,994252 0,000399
plunge 0,314711 0,000063
ply 1,021651 0,000205
po 1,897120 0,000380
podesta 3,218876 0,000645
poem 0,798508 0,000160
poesy 2,407946 0,000483
poet 0,544727 0,000218
poetic 1,309333 0,000263
poise 1,203973 0,000241
poison 0,371064 0,000149
poisonous 1,272966 0,000255
pole 0,494296 0,000099
polished 0,673345 0,000135
pollock 3,218876 0,000645
pollux 2,659260 0,000533
polymnestor 3,912023 0,000784
poop 2,302585 0,000462
poor 0,020203 0,000004
pope 0,941609 0,000378
popular 0,430783 0,000086
porphyry 2,302585 0,000462
port 0,579818 0,000116
portal 1,347074 0,000270
portion 0,301105 0,000060
portray 2,040221 0,000818
position 0,162519 0,000033
possess 0,061875 0,000037
possession 0,083382 0,000033
possessor 0,994252 0,000199
possibility 0,150823 0,000030
post 0,051293 0,000021
postpone 1,021651 0,000205
potency 2,302585 0,000462
potential 2,302585 0,000462
pour 0,116534 0,000093
poverty 0,446287 0,000089
power 0,030459 0,000012
powerful 0,223144 0,000045
practically 0,235722 0,000047
practice 0,116534 0,000047
practise 0,510826 0,000102
praise 0,274437 0,000165
pray 0,261365 0,000210
prayer 0,287682 0,000115
preacher 1,049822 0,000211
precede 0,385662 0,000232
precious 0,162519 0,000033
prefer 0,174353 0,000035
pregnant 1,272966 0,000255
premature 1,203973 0,000241
preparation 0,328504 0,000066
prepare 0,116534 0,000047
presence 0,094311 0,000019
preserve 0,083382 0,000033
press 0,105361 0,000063
pressed 0,274437 0,000055
presul 3,912023 0,000784
presumption 0,994252 0,000199
presumptuous 1,469676 0,000295
prevail 0,287682 0,000058
prevalence 1,832581 0,000367
prevent 0,040822 0,000016
previous 0,094311 0,000019
prevision 3,506558 0,000703
prey 0,478036 0,000096
priam 2,659260 0,000533
prick 0,843970 0,000338
pricking 1,966113 0,000394
pride 0,150823 0,000030
priest 0,616186 0,000124
prima 2,207275 0,000443
primal 2,407946 0,000483
primeval 1,897120 0,000380
prince 0,462035 0,000185
principle 0,274437 0,000055
print 0,116534 0,000047
prison 0,248461 0,000050
prisoner 0,356675 0,000072
private 0,198451 0,000040
privilege 0,527633 0,000106
privily 2,659260 0,000533
prize 0,494296 0,000099
pro 2,040221 0,000409
proceed 0,116534 0,000023
proceeding 0,510826 0,000102
proceeds 0,916291 0,000184
processing 0,562119 0,000113
procession 0,693147 0,000139
proclaim 0,527633 0,000212
prodigal 1,660731 0,000333
prodigality 2,525729 0,000506
prodigy 1,469676 0,000295
produce 0,061875 0,000037
production 0,274437 0,000055
professor 0,261365 0,000052
profit 0,083382 0,000033
profound 0,446287 0,000089
progeny 1,897120 0,000761
progne 3,912023 0,000784
progress 0,162519 0,000033
prohibition 0,415515 0,000083
project -0,009950 -0,000002
projection 1,714798 0,000344
prominently 0,494296 0,000099
promise 0,051293 0,000021
promising 0,430783 0,000086
promontory 1,427116 0,000286
promote 0,274437 0,000055
promoted 1,237874 0,000248
promotion 0,342490 0,000069
prompt 0,478036 0,000096
proof 0,274437 0,000055
proofread 0,562119 0,000113
proper 0,061875 0,000012
property 0,127833 0,000051
prophecy 1,021651 0,000205
prophesy 1,309333 0,000263
prophetic 1,560648 0,000313
proportion 0,235722 0,000047
propose 0,186330 0,000037
proposition 0,820981 0,000165
proprietary 0,562119 0,000113
propter 3,218876 0,000645
prose 1,021651 0,000205
prostitute 1,966113 0,000394
prostrate 0,673345 0,000135
protect 0,139262 0,000056
prove 0,083382 0,000033
provencal 3,218876 0,000645
provence 2,659260 0,000533
provide 0,127833 0,000051
province 0,776529 0,000156
provision 0,094311 0,000038
prow 1,714798 0,000344
prudence 0,713350 0,000143
psalm 1,514128 0,000304
psalmist 2,525729 0,000506
psalmody 2,407946 0,000483
public 0,083382 0,000017
pull 0,127833 0,000026
pulpit 1,171183 0,000235
punish 0,314711 0,000063
punishment 0,287682 0,000058
punitive 0,562119 0,000113
purchase 0,400478 0,000080
pure 0,139262 0,000056
purgation 3,218876 0,000645
purgatory 1,966113 0,000394
purge 1,427116 0,001145
purification 1,771957 0,000355
purify 0,916291 0,000367
purity 0,776529 0,000156
purple 0,616186 0,000124
purpose 0,040822 0,000008
purse 0,562119 0,000113
pursue 0,186330 0,000075
pursuer 1,272966 0,000255
pursuit 0,287682 0,000058
push 0,139262 0,000028
pygmalion 2,995732 0,000601
pylades 2,813411 0,000564
pyramus 2,995732 0,000601
pyrrhus 2,525729 0,000506
quadrant 2,525729 0,000506
quae 2,995732 0,000601
quality 0,186330 0,000075
quarrel 0,287682 0,000058
quarter 0,105361 0,000042
queen 0,415515 0,000083
quench 0,941609 0,000189
question 0,020203 0,000008
questioning 0,755023 0,000151
qui 1,469676 0,000295
quia 2,407946 0,000483
quicken 0,798508 0,000320
quid 1,966113 0,000394
quiet 0,094311 0,000038
quiver 0,494296 0,000198
quod 2,207275 0,000443
quorum 2,813411 0,000564
race 0,162519 0,000033
rachel 2,120264 0,000425
rack 0,673345 0,000135
radiance 1,139434 0,000228
rafter 1,714798 0,000344
rage 0,139262 0,000028
raiment 1,660731 0,000333
rain 0,150823 0,000091
rainbow 1,171183 0,000235
raise 0,020203 0,000008
ram 0,994252 0,000199
ramble 1,427116 0,000286
ransom 1,386294 0,000278
rapine 1,832581 0,000367
rapt 1,469676 0,000295
rarely 0,527633 0,000106
ravage 1,560648 0,000313
ray 0,462035 0,000278
reach 0,000000 0,000000
read 0,020203 0,000012
readable 0,510826 0,000102
reader 0,301105 0,000060
ready 0,030459 0,000006
reaffirm 3,218876 0,000645
real 0,040822 0,000008
realm 0,867501 0,000348
reap 0,673345 0,000135
rear 0,371064 0,000074
reason 0,010050 0,000004
reasonable 0,116534 0,000023
reasoning 0,713350 0,000143
reassure 0,820981 0,000165
rebuke 0,843970 0,000508
rebut 3,218876 0,000645
recall 0,235722 0,000095
recapture 2,120264 0,000425
recede 0,916291 0,000367
receipt 0,261365 0,000052
receive 0,040822 0,000033
recite 1,347074 0,000270
reckon 0,385662 0,000155
recline 1,108663 0,000222
recluse 2,040221 0,000409
recognition 0,713350 0,000143
recognize 0,733969 0,000442
record 0,223144 0,000045
recover 0,127833 0,000026
red 0,061875 0,000012
redeem 0,776529 0,000467
redemption 1,272966 0,000255
redistribute 0,544727 0,000109
redistributing 0,562119 0,000113
redistribution 0,562119 0,000113
reed 0,941609 0,000189
reel 0,820981 0,000165
reenforce 3,218876 0,000645
reestablish 2,813411 0,000564
refer 0,223144 0,000134
reference 0,198451 0,000080
refine 0,755023 0,000303
reflect 0,235722 0,000095
reflection 0,274437 0,000055
refreshen 3,912023 0,000784
refund 0,562119 0,000113
refuse 0,083382 0,000033
regain 0,634878 0,000255
regard 0,083382 0,000033
regina 2,813411 0,000564
region 0,462035 0,000185
register 0,287682 0,000058
regna 3,218876 0,000645
regulate 0,210721 0,000042
rehearse 1,832581 0,000367
rehoboam 2,995732 0,000601
reign 0,430783 0,000173
rein 0,867501 0,000174
reiterate 1,309333 0,000263
reject 0,478036 0,000192
rejection 1,609438 0,000323
rejoice 0,400478 0,000161
rekindle 1,832581 0,000735
relate 0,415515 0,000083
relative 0,462035 0,000185
release 0,105361 0,000063
relegate 2,995732 0,000601
relief 0,186330 0,000037
relieve 0,198451 0,000040
religion 0,415515 0,000083
relucent 3,912023 0,000784
remain 0,040822 0,000025
remainder 0,597837 0,000120
remains 0,150823 0,000030
remedy 0,150823 0,000030
remember 0,030459 0,000012
remembrance 0,733969 0,000147
remission 2,525729 0,000506
remorseful 2,525729 0,000506
remote 0,478036 0,000096
removal 1,171183 0,000235
remove 0,040822 0,000033
rename 0,544727 0,000109
rend 0,994252 0,000199
render 0,186330 0,000075
renew 0,314711 0,000126
renewal 1,514128 0,000304
reno 2,995732 0,000601
renovated 2,659260 0,000533
renown 1,309333 0,000263
renowned 1,171183 0,000235
rent 0,510826 0,000102
repair 0,342490 0,000069
repeat 0,051293 0,000041
repent 0,634878 0,000382
repentance 0,798508 0,000160
repentant 1,832581 0,000367
replace 0,198451 0,000040
replacement 0,544727 0,000109
replete 2,040221 0,000409
reply 0,105361 0,000063
report 0,051293 0,000031
repose 0,494296 0,000099
represent 0,210721 0,000127
representation 0,261365 0,000052
repress 0,867501 0,000174
reproach 0,301105 0,000060
reproachful 1,309333 0,000263
reproof 1,272966 0,000255
reprove 1,237874 0,000496
reputation 0,342490 0,000069
repute 1,108663 0,000445
request 0,105361 0,000021
require 0,051293 0,000021
required 0,083382 0,000017
requirement 0,400478 0,000080
requisite 1,078810 0,000216
rescue 0,494296 0,000198
resemble 0,400478 0,000161
reshape 3,218876 0,000645
reside 0,713350 0,000143
resist 0,274437 0,000110
resistance 0,430783 0,000086
resound 0,916291 0,000367
resounding 1,609438 0,000323
respect 0,040822 0,000008
respective 1,171183 0,000235
resplendent 1,514128 0,000304
rest 0,010050 0,000008
restoration 1,272966 0,000255
restore 0,223144 0,000134
restrain 0,579818 0,000116
restrained 0,776529 0,000156
restriction 0,371064 0,000074
result 0,174353 0,000035
retain 0,235722 0,000095
retract 1,660731 0,000333
retreat 0,342490 0,000137
return 0,010050 0,000008
reveal 0,223144 0,000134
revelation 0,693147 0,000139
revenue 0,342490 0,000069
reverence 0,579818 0,000116
reverent 1,771957 0,000355
revive 0,510826 0,000205
revolt 0,967584 0,000194
revolution 0,634878 0,000127
revolve 0,776529 0,000311
reward 0,174353 0,000035
rewed 3,912023 0,000784
rho 3,912023 0,000784
rhyme 1,237874 0,000496
rich 0,116534 0,000070
riches 0,798508 0,000160
riddle 0,891598 0,000179
ride 0,261365 0,000105
rift 1,560648 0,000313
righteous 1,203973 0,000241
righteousness 1,427116 0,000286
rightly 0,430783 0,000086
rim 1,427116 0,000286
rind 2,302585 0,000462
ripen 0,941609 0,000189
rise 0,030459 0,000031
risk 0,301105 0,000060
rite 0,994252 0,000199
rival 0,494296 0,000099
river 0,174353 0,000035
rivers 0,713350 0,000143
riviera 3,218876 0,000645
road 0,116534 0,000047
roar 0,356675 0,000072
roaring 0,693147 0,000139
rob 0,356675 0,000143
robed 1,897120 0,000380
robust 0,967584 0,000194
rock 0,186330 0,000075
roll 0,150823 0,000091
roman 0,713350 0,000286
romance 0,673345 0,000135
rome 0,713350 0,000143
roof 0,186330 0,000037
root 0,235722 0,000047
rose 0,941609 0,000189
rosy 1,078810 0,000216
rough 0,186330 0,000037
rouse 0,494296 0,000099
rout 1,560648 0,000313
route 0,713350 0,000143
roving 1,469676 0,000295
royal 0,400478 0,000080
royally 2,659260 0,000533
royalty 0,371064 0,000149
ruddy 0,967584 0,000194
rude 0,342490 0,000069
rudolph 3,912023 0,000784
rue 1,203973 0,000241
rugged 0,798508 0,000160
ruin 0,116534 0,000023
rule 0,030459 0,000018
ruler 0,891598 0,000179
ruling 1,171183 0,000235
ruminate 1,897120 0,000761
rumor 1,609438 0,000323
running 0,967584 0,000194
rush 0,127833 0,000077
sacra 2,995732 0,000601
sacrament 1,660731 0,000333
sacred 0,415515 0,000083
sacrifice 0,210721 0,000085
sacrilege 1,832581 0,000367
sacrosanct 3,912023 0,000784
sad 0,223144 0,000045
saddened 1,771957 0,000355
saddle 0,755023 0,000151
safe 0,116534 0,000023
safely 0,371064 0,000074
sage 0,820981 0,000329
sail 0,415515 0,000167
saints 1,049822 0,000211
sake 0,083382 0,000017
salt 0,105361 0,000021
salutation 1,237874 0,000496
salvation 0,798508 0,000160
salve 2,302585 0,000462
samaria 2,659260 0,000533
sample 1,272966 0,000255
samuel 1,237874 0,000248
san 1,272966 0,000255
sand 0,494296 0,000099
sane 1,309333 0,000263
sanguine 1,609438 0,000323
santa 1,771957 0,000355
sapient 2,995732 0,000601
sapphira 3,218876 0,000645
sapphire 1,832581 0,000367
saracen 2,995732 0,000601
sardinia 2,525729 0,000506
sate 1,966113 0,001183
satisfaction 0,186330 0,000037
satisfy 0,061875 0,000037
saturn 1,832581 0,000367
saturnia 3,506558 0,000703
saul 1,966113 0,000394
savage 0,248461 0,000050
save 0,010050 0,000004
saviour 1,203973 0,000241
savor 2,120264 0,000850
savory 2,302585 0,000462
sayest 2,813411 0,000564
scab 2,525729 0,000506
scala 3,506558 0,000703
scale 0,274437 0,000055
scanty 0,941609 0,000189
scarce 0,653926 0,000131
scarlet 0,798508 0,000160
scatter 0,693147 0,000417
scattered 0,139262 0,000028
scene 0,127833 0,000026
scent 0,544727 0,000109
schism 2,207275 0,000443
scholastic 1,966113 0,000394
school 0,150823 0,000030
schoolman 3,218876 0,000645
science 0,415515 0,000083
scion 2,407946 0,000483
sclavonian 3,506558 0,000703
scorched 1,386294 0,000278
scorn 0,446287 0,000179
scornful 1,203973 0,000241
scorpio 3,506558 0,000703
scorpion 1,966113 0,000394
scot 2,525729 0,000506
scourge 1,049822 0,000632
scramble 0,941609 0,000189
screen 0,843970 0,000169
sculpture 1,660731 0,000333
scum 1,714798 0,000344
sea 0,116534 0,000023
seaboard 2,302585 0,000462
seal 0,371064 0,000149
search 0,040822 0,000008
seashore 2,120264 0,000425
seat 0,051293 0,000031
secluded 1,237874 0,000248
secrecy 0,798508 0,000160
secret 0,051293 0,000010
secretly 0,597837 0,000120
sect 1,021651 0,000205
secure 0,061875 0,000037
securely 0,916291 0,000184
sed 2,525729 0,000506
seduce 1,171183 0,000235
seed 0,510826 0,000102
seek 0,083382 0,000067
seemliness 3,912023 0,000784
seize 0,116534 0,000070
seizure 1,714798 0,000344
seldom 0,301105 0,000060
sell 0,210721 0,000127
semblance 1,049822 0,000211
send 0,020203 0,000008
sense 0,051293 0,000010
sensitive 0,693147 0,000139
sensual 1,203973 0,000241
sentence 0,094311 0,000019
senza 3,506558 0,000703
separate 0,094311 0,000057
september 0,673345 0,000135
septentrion 3,218876 0,000645
sepulchral 2,120264 0,000425
sepulture 2,525729 0,000506
sequester 2,040221 0,000409
serene 0,916291 0,000184
serpent 0,693147 0,000139
servant 0,105361 0,000021
serve 0,051293 0,000010
service 0,072571 0,000015
servile 1,309333 0,000263
set 0,010050 0,000006
settlement 0,994252 0,000199
sevenfold 2,659260 0,000533
seventh 0,562119 0,000113
severally 2,040221 0,000409
sew 0,994252 0,000199
shade 0,223144 0,000089
shades 0,916291 0,000184
shadow 0,162519 0,000065
shaft 0,713350 0,000143
shake 0,072571 0,000015
shalt 1,171183 0,000235
shame 0,223144 0,000089
shameless 1,427116 0,000286
shape 0,150823 0,000060
shaped 0,527633 0,000106
share 0,030459 0,000018
sharp 0,139262 0,000028
sharpen 1,386294 0,000278
sharpened 1,049822 0,000211
sheep 0,371064 0,000074
shelf 0,634878 0,000127
shelley 2,302585 0,000462
shelter 0,301105 0,000060
shepherd 0,843970 0,000508
shield 0,634878 0,000255
shift 0,510826 0,000102
shine 0,150823 0,000121
ship 0,198451 0,000080
shock 0,235722 0,000047
shoot 0,385662 0,000155
shooting 0,634878 0,000127
shore 0,287682 0,000115
short 0,020203 0,000012
shorten 0,916291 0,000184
shortly 0,462035 0,000093
shot 0,223144 0,000045
shoulder 0,139262 0,000056
shouldst 2,120264 0,000425
shout 0,186330 0,000037
shred 1,108663 0,000222
shrub 1,237874 0,000248
shun 0,994252 0,000199
shut 0,051293 0,000021
shuttle 2,207275 0,000443
shy 0,673345 0,000135
sibyl 2,407946 0,000483
sicilian 1,897120 0,000380
sicily 1,714798 0,000344
sick 0,150823 0,000030
siege 0,941609 0,000189
siena 2,813411 0,000564
sienese 2,995732 0,000601
sigh 0,235722 0,000142
sight 0,040822 0,000008
sign 0,051293 0,000021
signal 0,462035 0,000093
signify 0,634878 0,000382
silence 0,051293 0,000010
silent 0,051293 0,000010
silently 0,544727 0,000109
silly 0,400478 0,000080
silver 0,210721 0,000042
simple 0,094311 0,000019
sin 0,314711 0,000189
sinful 1,309333 0,000263
sing 0,261365 0,000157
singer 1,049822 0,000211
singing 0,371064 0,000074
single 0,083382 0,000017
singular 0,430783 0,000086
sink 0,072571 0,000029
sinner 0,867501 0,000348
siren 2,207275 0,000443
sirens 2,525729 0,000506
sirocco 3,218876 0,000645
sis 3,218876 0,000645
sister 0,223144 0,000089
sit 0,010050 0,000008
sixth 0,446287 0,000089
sketch 0,653926 0,000131
skill 0,287682 0,000058
skin 0,174353 0,000035
sky 0,186330 0,000037
slack 1,171183 0,000235
slackened 1,203973 0,000241
slaughter 0,820981 0,000165
slave 0,356675 0,000072
slay 0,733969 0,000442
sleek 1,386294 0,000278
sleep 0,051293 0,000031
slew 1,386294 0,000278
slip 0,150823 0,000030
slope 0,527633 0,000212
sloth 1,347074 0,000270
slothful 1,897120 0,000380
slough 1,469676 0,000295
slow 0,139262 0,000084
slowly 0,150823 0,000030
sluggard 2,813411 0,000564
slumber 0,510826 0,000205
smell 0,261365 0,000105
smile 0,150823 0,000121
smith 0,820981 0,000165
smitten 1,171183 0,000235
smoke 0,186330 0,000037
smooth 0,235722 0,000047
smote 1,021651 0,000205
snake 0,891598 0,000179
snare 1,171183 0,000235
snarl 1,078810 0,000216
snatch 0,462035 0,000093
snow 0,478036 0,000096
socket 1,309333 0,000263
sodom 2,040221 0,000409
soft 0,210721 0,000042
soften 0,494296 0,000198
softly 0,400478 0,000080
soil 0,478036 0,000096
sojourn 1,139434 0,000228
solace 1,514128 0,000304
soldiery 2,120264 0,000425
sole 0,301105 0,000060
solicit 0,314711 0,000063
solicitation 0,430783 0,000086
solicitude 1,347074 0,000270
solid 0,274437 0,000055
solitary 0,462035 0,000093
solomon 1,203973 0,000241
solve 0,478036 0,000192
son 0,083382 0,000033
song 0,261365 0,000105
sonnet 2,302585 0,000462
sonorous 1,514128 0,000304
sooth 1,966113 0,000394
soothsayer 2,407946 0,000483
sop 2,995732 0,001201
sorceress 2,525729 0,000506
sordello 3,506558 0,000703
sorrow 0,248461 0,000050
sorrowful 1,021651 0,000205
sorrowing 1,560648 0,000313
soul 0,083382 0,000033
sound 0,010050 0,000006
source 0,274437 0,000055
south 0,235722 0,000047
southern 0,579818 0,000116
sow 0,579818 0,000233
space 0,105361 0,000021
spain 0,994252 0,000199
spare 0,116534 0,000023
spark 0,544727 0,000218
sparkle 0,941609 0,000189
sparrow 1,203973 0,000241
speak 0,030459 0,000031
speaker 0,634878 0,000127
speaking 0,072571 0,000015
special 0,083382 0,000017
specific 0,820981 0,000165
speck 0,916291 0,000184
speech 0,139262 0,000028
speed 0,274437 0,000110
speedily 0,713350 0,000143
speedy 0,867501 0,000348
spend 0,051293 0,000021
sphere 0,693147 0,000139
sphinx 1,771957 0,000355
spider 1,139434 0,000228
spirit 0,051293 0,000021
spiritual 0,653926 0,000131
spirt 3,506558 0,000703
spite 0,139262 0,000028
splendor 1,514128 0,000607
splinter 1,469676 0,000295
split 0,798508 0,000160
spoil 0,274437 0,000165
sponge 1,171183 0,000235
sporting 1,427116 0,000286
sportive 2,040221 0,000409
spouse 1,609438 0,000323
spray 1,237874 0,000248
spread 0,051293 0,000021
spring 0,051293 0,000031
spur 0,693147 0,000417
sqq 2,995732 0,000601
square 0,223144 0,000045
stab 0,967584 0,000194
staff 0,261365 0,000052
stage 0,186330 0,000037
stagger 0,527633 0,000106
staid 1,237874 0,000248
stain 0,478036 0,000288
stainless 2,659260 0,000533
stair 0,415515 0,000167
stairway 1,897120 0,000380
stake 0,446287 0,000089
stammer 0,891598 0,000179
stamp 0,261365 0,000105
stand -0,009950 -0,000008
star 0,261365 0,000105
starboard 2,040221 0,000409
starry 1,272966 0,000255
start -0,009950 -0,000004
statement 0,186330 0,000037
station 0,235722 0,000095
status 0,446287 0,000089
stave 1,427116 0,000286
stay 0,061875 0,000050
stead 1,139434 0,000228
steadfast 1,309333 0,000263
steadily 0,415515 0,000083
steal 0,105361 0,000063
steep 0,527633 0,000212
steeply 2,525729 0,000506
stench 1,660731 0,000333
step 0,030459 0,000012
stern 0,478036 0,000096
sternly 0,820981 0,000165
sting 0,616186 0,000247
stir 0,210721 0,000085
stitch 1,347074 0,000270
stock 0,235722 0,000047
stone 0,094311 0,000038
stony 0,994252 0,000199
stoop 0,400478 0,000161
store 0,061875 0,000012
storied 2,207275 0,000443
stork 2,207275 0,000443
story 0,030459 0,000012
straight 0,105361 0,000021
straighten 0,967584 0,000194
straightness 2,995732 0,000601
straightway 1,347074 0,000270
strain 0,248461 0,000050
strait 1,049822 0,000211
straiten 2,120264 0,000425
strand 0,820981 0,000165
strange 0,061875 0,000012
stranger 0,139262 0,000028
straw 0,342490 0,000069
stray 0,562119 0,000225
stream 0,139262 0,000056
streaming 0,798508 0,000160
streamlet 2,407946 0,000483
strength 0,030459 0,000006
strengthen 0,478036 0,000096
stretch 0,116534 0,000070
strewing 2,995732 0,000601
stricken 0,653926 0,000131
strict 0,186330 0,000037
stride 0,616186 0,000124
strife 0,994252 0,000199
strike 0,020203 0,000012
striking 0,274437 0,000055
strip 0,385662 0,000232
stripe 1,171183 0,000470
strive 0,385662 0,000309
stroke 0,301105 0,000121
strong 0,020203 0,000008
stronghold 1,714798 0,000344
structure 0,634878 0,000127
stupefied 1,714798 0,000344
sturdy 1,108663 0,000222
style 0,261365 0,000052
styx 1,966113 0,000394
subdue 0,941609 0,000189
subject 0,061875 0,000025
subjection 1,272966 0,000255
subscribe 0,342490 0,000069
subsistence 1,609438 0,000323
substance 0,415515 0,000083
substantia 3,506558 0,000703
substantial 0,755023 0,000151
subterranean 1,714798 0,000344
subtile 2,659260 0,000533
succeed 0,105361 0,000021
succession 0,510826 0,000102
successor 0,916291 0,000184
succor 2,120264 0,000425
suckle 1,966113 0,000394
sudden 0,072571 0,000015
suddenly 0,040822 0,000008
suffer 0,061875 0,000025
suffering 0,210721 0,000085
suffice 0,544727 0,000328
sufficient 0,139262 0,000028
suicide 1,049822 0,000421
sully 1,897120 0,000380
sum 0,261365 0,000052
summa 2,995732 0,000601
summae 3,912023 0,000784
summit 0,713350 0,000143
sun 0,072571 0,000015
sunbeam 1,469676 0,000589
sunrise 0,891598 0,000179
suns 1,560648 0,000313
sunset 0,798508 0,000160
sunt 2,302585 0,000462
superior 0,261365 0,000105
supernal 2,525729 0,000506
supervene 2,659260 0,000533
supper 0,446287 0,000089
supply 0,210721 0,000085
support 0,094311 0,000038
supporter 1,609438 0,000323
suppose 0,020203 0,000012
suppress 0,446287 0,000089
supreme 0,616186 0,000124
surely 0,186330 0,000037
surmount 0,843970 0,000169
surpass 0,755023 0,000454
surprise 0,150823 0,000030
surprised 0,210721 0,000042
surround 0,162519 0,000065
survive 0,186330 0,000037
suspect 0,162519 0,000033
suspend 0,527633 0,000106
suspense 0,776529 0,000156
suspicion 0,210721 0,000042
sustain 0,314711 0,000126
swaddle 1,897120 0,000380
swallow 0,261365 0,000105
swamp 0,287682 0,000058
swan 1,171183 0,000235
swathe 1,660731 0,000333
swear 0,261365 0,000105
swearing 0,994252 0,000199
sweet 0,139262 0,000084
sweetly 1,049822 0,000211
sweetness 0,673345 0,000135
swell 0,186330 0,000112
swift 0,385662 0,000077
swiftly 0,713350 0,000143
sword 0,430783 0,000173
sylvan 2,207275 0,000443
symbol 1,108663 0,000445
symbolic 2,120264 0,000425
symbolize 2,525729 0,001519
synonymous 0,446287 0,000089
syrinx 3,218876 0,000645
table 0,083382 0,000017
tail 0,356675 0,000072
taketh 2,302585 0,000462
tale 0,248461 0,000050
talk 0,061875 0,000012
talking 0,150823 0,000030
tame 0,820981 0,000165
tanti 3,506558 0,000703
taper 1,386294 0,000278
tardy 1,660731 0,000333
tare 2,813411 0,000564
tarpeia 3,506558 0,000703
tarpeian 2,995732 0,000601
tarry 1,386294 0,000556
taste 0,105361 0,000085
taurus 2,525729 0,000506
tax 0,248461 0,000100
te 1,609438 0,000323
teach 0,083382 0,000017
teacher 0,415515 0,000167
tear 0,030459 0,000024
tecta 3,912023 0,000784
teem 1,309333 0,000263
temerity 1,966113 0,000394
temperance 1,560648 0,000313
temperate 1,078810 0,000216
tempered 0,653926 0,000131
tempering 2,995732 0,000601
tempest 0,776529 0,000156
temple 0,314711 0,000126
temporal 1,714798 0,000344
tempt 0,415515 0,000083
temptation 0,430783 0,000086
tension 1,514128 0,000304
tenth 0,733969 0,000147
terence 2,659260 0,000533
tereus 3,912023 0,000784
term 0,061875 0,000037
terminate 1,108663 0,000222
terra 2,207275 0,000443
terrestrial 1,427116 0,000286
terrible 0,186330 0,000037
terrify 0,579818 0,000233
territory 1,203973 0,000241
testament 1,049822 0,000211
thebaid 3,506558 0,000703
theban 2,207275 0,000443
thee 0,597837 0,000120
theme 0,891598 0,000179
themis 2,659260 0,000533
theological 1,714798 0,000344
theology 1,427116 0,000286
thereat 2,207275 0,000443
therefor 2,813411 0,000564
therefrom 1,771957 0,000355
thereon 1,469676 0,000295
therewith 1,560648 0,000313
therewithin 3,506558 0,000703
theseus 1,966113 0,000394
thetis 2,659260 0,000533
thicket 0,967584 0,000194
thief 0,462035 0,000185
thievish 2,813411 0,000564
thigh 1,078810 0,000216
thine 1,139434 0,000228
thirst 0,494296 0,000198
thirsty 0,820981 0,000165
thirteenth 1,203973 0,000241
thirtyfold 3,912023 0,000784
thisbe 3,218876 0,000645
thither 0,579818 0,000116
thitherward 2,525729 0,000506
thomas 0,891598 0,000179
thorn 0,967584 0,000194
thoughtful 0,693147 0,000139
thread 0,342490 0,000069
threaten 0,186330 0,000037
threshing 2,207275 0,000443
threshold 0,562119 0,000113
thrice 0,755023 0,000151
throat 0,223144 0,000045
throne 0,733969 0,000147
throng 0,891598 0,000179
throw 0,010050 0,000006
thrower 3,506558 0,000703
thrust 0,287682 0,000115
thunder 0,430783 0,000086
thunderbolt 1,469676 0,000295
thy 0,634878 0,000127
thyself 1,272966 0,000255
tiber 2,407946 0,000483
tight 0,494296 0,000099
tigris 2,120264 0,000425
time -0,009950 -0,000004
timid 0,544727 0,000109
tiresias 2,659260 0,000533
tissue 1,427116 0,000286
tithonus 2,813411 0,000564
title 0,116534 0,000023
titus 2,040221 0,000409
toil 0,430783 0,000173
tomb 0,755023 0,000303
tone 0,198451 0,000040
tongue 0,139262 0,000028
tooth 0,186330 0,000037
topmost 1,714798 0,000344
torch 0,713350 0,000143
torment 0,597837 0,000360
tossing 0,916291 0,000184
touch 0,010050 0,000006
tour 0,916291 0,000184
tower 0,314711 0,000063
town 0,094311 0,000038
trace 0,198451 0,000080
track 0,415515 0,000083
tract 1,049822 0,000211
trademark 0,562119 0,000113
tradition 0,755023 0,000151
tragic 0,820981 0,000165
trail 0,653926 0,000262
train 0,162519 0,000033
traitor 1,078810 0,000216
tranquil 0,994252 0,000199
transaction 0,967584 0,000194
transcribe 0,462035 0,000093
transcription 0,527633 0,000106
transfer 0,693147 0,000139
transfiguration 2,659260 0,000533
transfix 1,386294 0,000278
transform 0,693147 0,000139
transformation 1,272966 0,000255
transgression 1,560648 0,000313
translate 0,634878 0,000127
translator 1,347074 0,000270
transmute 2,120264 0,000850
transposition 3,506558 0,000703
travail 1,897120 0,000380
traverse 0,867501 0,000174
treacherous 0,891598 0,000179
treachery 0,755023 0,000151
tread 0,328504 0,000132
treasure 0,261365 0,000052
treasury 1,237874 0,000248
treat 0,127833 0,000026
treatment 0,127833 0,000026
tree 0,061875 0,000025
tremble 0,174353 0,000105
tremulous 1,347074 0,000270
trench 1,347074 0,000270
trial 0,261365 0,000052
tribe 0,693147 0,000139
tribunal 1,427116 0,000286
tribune 2,040221 0,000409
trickle 0,941609 0,000189
triform 3,506558 0,000703
tripartite 3,218876 0,000645
triumph 0,261365 0,000105
triumphal 2,040221 0,000409
trivial 0,776529 0,000156
troop 0,843970 0,000169
troubadour 2,813411 0,000564
trouble 0,010050 0,000004
troy 1,609438 0,000323
truce 1,203973 0,000241
true 0,020203 0,000004
trump 1,386294 0,000278
trumpet 0,843970 0,000338
truncate 2,813411 0,000564
trunk 0,579818 0,000116
trust 0,061875 0,000037
trusty 1,514128 0,000304
truth 0,030459 0,000006
truthful 1,427116 0,000286
tua 2,813411 0,000564
tuscan 2,120264 0,000425
tuscany 2,302585 0,000462
twist 0,314711 0,000126
twofold 1,966113 0,000394
type 0,174353 0,000070
typical 1,560648 0,000313
typify 2,407946 0,001449
tyrant 0,843970 0,000338
ubi 2,659260 0,000533
ulysses 1,832581 0,000367
unable 0,248461 0,000050
unbent 2,302585 0,000462
unbind 2,659260 0,000533
unbound 2,120264 0,000425
unburden 3,506558 0,001406
unburied 2,659260 0,000533
uncertain 0,301105 0,000060
unclean 1,386294 0,000278
uncloud 3,506558 0,000703
unconcerned 1,660731 0,000333
uncover 0,916291 0,000367
undeceived 2,040221 0,000409
undergo 0,510826 0,000102
underlie 1,714798 0,000344
understand 0,020203 0,000008
understanding 0,223144 0,000045
undivided 1,832581 0,000367
undo 0,693147 0,000278
unenclosed 3,506558 0,000703
unenforceability 0,562119 0,000113
unequally 2,302585 0,000462
unfold 0,755023 0,000151
unharmed 2,207275 0,000443
uniform 0,210721 0,000042
union 0,494296 0,000099
united 0,094311 0,000019
unknown 0,105361 0,000021
unlink 0,562119 0,000113
unlock 0,755023 0,000151
unloosed 2,525729 0,000506
unmake 2,407946 0,000483
unmatched 2,813411 0,000564
unprotected 0,673345 0,000135
unreality 2,525729 0,000506
unripe 2,659260 0,000533
unseen 0,616186 0,000124
unsolicited 0,510826 0,000102
untame 2,525729 0,000506
untilled 2,995732 0,000601
untrue 1,309333 0,000263
unveil 1,771957 0,000355
unveiling 2,813411 0,000564
update 0,510826 0,000102
upper 0,314711 0,000063
upright 0,301105 0,000060
uprisen 3,218876 0,000645
uproot 2,120264 0,000425
upward 0,579818 0,000116
urania 3,218876 0,000645
urban 2,659260 0,000533
urge 0,274437 0,000110
usage 0,733969 0,000147
user 0,544727 0,000109
ut 0,510826 0,000102
utter 0,162519 0,000098
utterly 0,371064 0,000074
vacant 0,693147 0,000139
vaguely 0,967584 0,000194
vail 2,659260 0,000533
vain 0,116534 0,000023
vainglory 2,813411 0,000564
valiant 1,309333 0,000263
valley 0,544727 0,000218
valois 2,813411 0,000564
valor 1,771957 0,000355
valve 2,207275 0,000443
vanilla 0,544727 0,000109
vanish 0,314711 0,000063
vanity 0,400478 0,000161
vanquish 0,916291 0,000367
vapor 1,966113 0,000788
variance 1,560648 0,000313
variation 0,994252 0,000199
variety 0,150823 0,000030
variously 1,427116 0,000286
vary 0,342490 0,000069
vase 1,386294 0,000278
vast 0,223144 0,000045
vegetative 3,218876 0,000645
vehicle 0,843970 0,000169
veil 0,510826 0,000307
veiled 1,272966 0,000255
vein 0,446287 0,000179
venerable 0,843970 0,000169
vengeance 0,579818 0,000116
venite 3,912023 0,000784
venom 1,714798 0,000344
vent 0,798508 0,000160
venture 0,223144 0,000045
venus 1,237874 0,000248
vera 2,659260 0,000533
verde 2,995732 0,000601
verdure 1,469676 0,000295
verge 0,867501 0,000174
vermilion 2,040221 0,000409
vernaccia 3,912023 0,000784
verona 2,659260 0,000533
versa 2,813411 0,000564
verse 0,478036 0,000192
version 0,342490 0,000069
vesper 2,525729 0,000506
vespers 2,659260 0,000533
vessel 0,446287 0,000089
vest 1,108663 0,000222
vestigia 3,912023 0,000784
vestment 1,771957 0,000355
viand 1,714798 0,000344
vicar 1,771957 0,000355
vice 0,478036 0,000192
vicious 0,653926 0,000131
victim 0,385662 0,000077
victory 0,356675 0,000072
view 0,040822 0,000025
vigil 1,609438 0,000323
vigor 1,347074 0,000270
vii 0,430783 0,000086
viii 0,446287 0,000089
vilely 2,120264 0,000425
vine 0,867501 0,000174
vinegar 1,078810 0,000216
violate 0,342490 0,000137
violence 0,248461 0,000050
violent 0,223144 0,000045
violently 0,462035 0,000093
violet 1,139434 0,000228
viper 1,832581 0,000367
virgil 1,609438 0,000323
virgin 0,755023 0,000303
virgo 3,506558 0,000703
virtually 1,897120 0,000380
virtue 0,287682 0,000115
virtuous 0,653926 0,000131
virtus 3,506558 0,000703
virus 0,527633 0,000106
visage 1,203973 0,000241
visible 0,235722 0,000047
vision 0,301105 0,000121
visit 0,030459 0,000018
visor 2,525729 0,000506
vita 2,407946 0,000483
vivid 0,776529 0,000156
vividly 1,139434 0,000228
vivify 2,525729 0,000506
vocal 1,469676 0,000295
vogue 1,609438 0,000323
voice 0,020203 0,000008
void 0,261365 0,000052
volition 1,714798 0,000344
volunteer 0,314711 0,000063
volunteers 0,430783 0,000086
vulgate 3,218876 0,000645
wag 1,108663 0,000222
wain 2,207275 0,000443
wait 0,061875 0,000037
waiting 0,083382 0,000017
wake 0,223144 0,000089
wakefulness 2,407946 0,000483
walk 0,000000 0,000000
wall 0,094311 0,000038
wander 0,116534 0,000047
wanderer 1,078810 0,000216
wane 0,967584 0,000194
wanton 1,021651 0,000205
war 0,139262 0,000028
ward 0,755023 0,000151
warden 1,966113 0,000394
warm 0,116534 0,000093
warmth 0,579818 0,000116
warn 0,287682 0,000058
warning 0,235722 0,000047
warrant 0,562119 0,000113
warranty 0,544727 0,000218
wash 0,210721 0,000085
wasp 1,897120 0,000380
wast 2,120264 0,000425
waste 0,127833 0,000077
watch 0,020203 0,000012
water 0,040822 0,000016
wave 0,210721 0,000085
wax 0,446287 0,000089
wayward 1,897120 0,000380
weaken 0,562119 0,000113
wealth 0,287682 0,000058
wear 0,083382 0,000050
wearied 0,820981 0,000165
weariness 0,755023 0,000151
weary 0,186330 0,000037
weather 0,248461 0,000050
wedding 0,733969 0,000147
weep 0,356675 0,000286
weigh 0,162519 0,000098
weight 0,116534 0,000047
welfare 0,916291 0,000184
wellborn 3,912023 0,000784
west 0,083382 0,000017
westward 1,139434 0,000228
whatso 3,506558 0,000703
whatsoever 0,287682 0,000058
wheel 0,274437 0,000165
whereat 1,560648 0,000313
wherefore 1,139434 0,000228
wherefrom 2,995732 0,000601
whereof 1,237874 0,000248
whereon 1,309333 0,000263
whereto 2,525729 0,000506
wherewith 1,514128 0,000304
whirl 0,527633 0,000212
whisper 0,248461 0,000050
white 0,051293 0,000021
whites 1,469676 0,000295
wholly 0,400478 0,000080
whoso 2,207275 0,000443
wicked 0,328504 0,000066
wide 0,030459 0,000018
widespread 0,916291 0,000184
widow 0,510826 0,000307
wife 0,083382 0,000033
wild 0,051293 0,000010
willed 1,347074 0,000270
william 0,798508 0,000160
willingly 0,527633 0,000106
wimple 3,506558 0,001406
win 0,356675 0,000072
wind 0,094311 0,000057
window 0,162519 0,000033
wine 0,235722 0,000047
wing 0,314711 0,000126
winnow 2,525729 0,000506
winter 0,198451 0,000040
wire 0,867501 0,000174
wisdom 0,287682 0,000058
wise 0,094311 0,000038
wishful 2,813411 0,000564
wit 0,198451 0,000040
withdraw 0,210721 0,000169
witness 0,116534 0,000023
woe 0,673345 0,000270
wolf 0,597837 0,000240
woman 0,030459 0,000012
wonderstruck 3,506558 0,000703
wonted 1,832581 0,000367
woo 1,514128 0,000304
wood 0,083382 0,000033
word 0,020203 0,000004
worldly 0,820981 0,000165
worm 0,733969 0,000147
worms 1,078810 0,000216
wormwood 1,966113 0,000394
worship 0,415515 0,000083
worth 0,061875 0,000012
worthless 0,843970 0,000169
worthy 0,186330 0,000037
wouldst 1,832581 0,000367
wound 0,198451 0,000080
wrath 0,634878 0,000127
wrathful 2,120264 0,000425
wreath 0,867501 0,000174
wreathe 2,040221 0,000409
wrest 1,203973 0,000241
wretched 0,328504 0,000066
wretchedness 1,139434 0,000228
wring 0,798508 0,000160
write 0,020203 0,000016
writer 0,328504 0,000132
writing 0,061875 0,000012
wrong 0,072571 0,000015
xi 0,597837 0,000120
xii 0,579818 0,000116
xiii 0,673345 0,000135
xiv 0,693147 0,000139
xix 0,867501 0,000174
xvi 0,776529 0,000156
xvii 0,843970 0,000169
xviii 0,891598 0,000179
xx 0,916291 0,000184
xxi 0,867501 0,000174
xxii 0,967584 0,000194
xxiii 0,967584 0,000194
xxiv 0,994252 0,000199
xxv 1,108663 0,000222
xxx 1,272966 0,000255
yellow 0,314711 0,000063
yield 0,174353 0,000035
yogis 3,912023 0,000784
yoke 0,994252 0,000399
yonder 0,843970 0,000169
youth 0,139262 0,000028
youthful 0,673345 0,000135
zeal 0,579818 0,000116
zenith 1,469676 0,000295
zigzag 1,771957 0,000355
zion 2,995732 0,000601
zodiac 2,525729 0,000506
zone 1,660731 0,000333
