abandon 0,223144 0,000110
abide 0,248461 0,000245
abomination 1,609438 0,000794
absence 0,274437 0,000135
absolutely 0,287682 0,000142
accept 0,061875 0,000092
access 0,314711 0,000310
accessible 0,446287 0,000220
accessory 1,427116 0,000704
accomplice 1,347074 0,000664
accomplish 0,634878 0,000313
account 0,010050 0,000005
accumulation 1,469676 0,000725
accusation 0,891598 0,000440
accuse 0,385662 0,000190
accuser 1,660731 0,000819
acquiesce 1,021651 0,000504
acquiescence 1,427116 0,000704
acquit 1,021651 0,000504
action 0,094311 0,000093
active 0,127833 0,000063
actual 0,174353 0,000086
adams 2,813411 0,001387
add 0,094311 0,000093
addition 0,116534 0,000115
additional 0,198451 0,000098
address 0,072571 0,000107
adroit 2,120264 0,001045
advance 0,061875 0,000031
advancement 1,203973 0,000594
advantage 0,127833 0,000063
advice 0,186330 0,000092
advise 0,301105 0,000148
affair 0,094311 0,000093
afraid 0,105361 0,000052
afro 3,912023 0,001929
afterward 1,139434 0,000562
age 0,040822 0,000020
aged 0,198451 0,000098
agency 1,021651 0,000504
agent 0,223144 0,000220
aggressor 2,207275 0,001088
agree 0,051293 0,000051
agreement 0,210721 0,000104
aid 0,210721 0,000104
ak 1,347074 0,000664
alabama 2,525729 0,001245
alarm 0,314711 0,000155
alarmed 0,478036 0,000236
alarming 0,867501 0,000428
alas 0,462035 0,000228
alive 0,051293 0,000025
alteration 0,261365 0,000129
alternate 0,261365 0,000129
altogether 0,198451 0,000098
american 0,634878 0,000626
ancestor 0,462035 0,000228
antebellum 3,506558 0,001729
apathetic 2,120264 0,001045
apologist 2,995732 0,001477
apology 0,527633 0,000260
appalling 1,237874 0,000610
apparent 0,314711 0,000155
appeal 0,261365 0,000129
appeals 0,916291 0,000452
appearance 0,072571 0,000036
applicable 0,400478 0,000197
apply 0,116534 0,000057
appointment 0,579818 0,000286
appreciation 1,049822 0,000518
approach 0,040822 0,000040
archive 0,544727 0,000269
arkansas 2,995732 0,001477
arm 0,030459 0,000030
armed 0,385662 0,000190
army 0,356675 0,000176
arouse 0,653926 0,000967
array 0,248461 0,000123
arrest 0,544727 0,000269
ascii 0,562119 0,000277
aspect 0,446287 0,000220
assailant 1,139434 0,000562
assault 0,798508 0,001181
assert 0,462035 0,000456
assertion 0,891598 0,000440
assistance 0,105361 0,000052
association 0,713350 0,000352
assume 0,162519 0,000080
athens 1,386294 0,000684
atrocious 1,427116 0,000704
attach 0,116534 0,000057
attack 0,198451 0,000196
attempt 0,051293 0,000076
attend 0,127833 0,000063
attention 0,083382 0,000041
attract 0,261365 0,000129
attraction 0,653926 0,000322
author 0,116534 0,000057
authority 0,223144 0,000220
avail 0,462035 0,000228
avenge 0,891598 0,000440
await 0,314711 0,000155
awe 0,597837 0,000295
awful 0,328504 0,000162
baby 0,653926 0,000322
backbone 1,966113 0,000969
bad 0,020203 0,000030
bail 1,966113 0,000969
bailey 2,407946 0,001187
ball 0,287682 0,000142
ballot 2,407946 0,001187
baltimore 2,407946 0,001187
barbarism 1,771957 0,000874
barbarity 2,207275 0,001088
bare 0,150823 0,000074
barrett 2,813411 0,001387
base 0,094311 0,000047
baser 2,040221 0,001006
bay 0,510826 0,000252
bear 0,000000 0,000000
beast 0,235722 0,000116
beat 0,083382 0,000041
bed 0,051293 0,000025
beg 0,116534 0,000115
belief 0,198451 0,000098
belong 0,072571 0,000036
bestial 1,966113 0,000969
betray 0,301105 0,000148
binary 0,562119 0,000277
bind 0,030459 0,000015
birth 0,301105 0,000148
bishop 1,049822 0,000518
bite 0,371064 0,000183
black 0,061875 0,000061
blacken 1,139434 0,000562
blackguard 1,514128 0,000747
blind 0,174353 0,000086
blood 0,116534 0,000057
bloodless 1,469676 0,000725
bloodthirsty 2,207275 0,001088
bloody 0,527633 0,000260
blue 0,174353 0,000086
bodily 0,673345 0,000332
body 0,010050 0,000010
bondage 1,203973 0,000594
book 0,040822 0,000020
boorish 2,659260 0,001311
box 0,248461 0,000123
boy 0,105361 0,000104
boycott 3,506558 0,001729
branch 0,186330 0,000092
brand 0,733969 0,000362
brave 0,342490 0,000169
breach 0,274437 0,000135
break 0,010050 0,000010
breed 0,342490 0,000169
breeding 0,967584 0,000477
bridge 0,430783 0,000212
bring 0,000000 0,000000
broad 0,127833 0,000063
brooklyn 2,995732 0,001477
brothers 0,356675 0,000176
brown 0,274437 0,000135
brunette 2,407946 0,001187
brutal 0,755023 0,000372
brutalize 2,659260 0,002623
brute 0,462035 0,000228
buchanan 2,659260 0,001311
building 0,210721 0,000104
bullet 0,867501 0,000428
bundle 0,653926 0,000322
burglar 1,386294 0,000684
burly 1,609438 0,000794
burn 0,061875 0,000092
business 0,040822 0,000020
butchery 2,120264 0,001045
bystander 2,040221 0,001006
calculate 0,116534 0,000115
calumny 1,714798 0,000846
calvin 2,813411 0,001387
campaign 1,021651 0,000504
camphor 2,407946 0,001187
candy 1,714798 0,000846
cannon 0,916291 0,000452
capital 0,314711 0,000155
capture 0,597837 0,000295
car 0,820981 0,000810
card 0,139262 0,000069
care 0,000000 0,000000
careful 0,174353 0,000086
carolina 2,207275 0,001088
carry 0,010050 0,000010
caucasian 2,995732 0,001477
cease 0,061875 0,000061
cedar 1,386294 0,000684
center 1,309333 0,000646
centre 0,385662 0,000190
century 0,328504 0,000162
change 0,010050 0,000005
character 0,061875 0,000031
charge 0,040822 0,000060
charitable 0,287682 0,000142
charity 0,186330 0,000092
chattanooga 3,506558 0,001729
cheat 0,776529 0,000383
check 0,072571 0,000072
chestnut 1,108663 0,000547
chicago 2,120264 0,001045
chief 0,094311 0,000047
child 0,040822 0,000040
childhood 0,527633 0,000260
chloroform 3,218876 0,001587
choose 0,020203 0,000020
christian 0,385662 0,000190
christianity 1,347074 0,000664
christianized 3,506558 0,001729
church 0,261365 0,000129
circumstance 0,116534 0,000057
circumstantial 1,714798 0,000846
cite 1,469676 0,000725
citizen 0,673345 0,000664
city 0,051293 0,000051
civil 0,544727 0,000269
civilization 1,347074 0,000664
civilized 1,237874 0,000610
claim 0,083382 0,000082
clark 2,302585 0,001135
clarksville 3,506558 0,001729
class 0,248461 0,000123
clean 0,210721 0,000104
clergy 1,272966 0,000628
clerk 0,562119 0,000277
cleveland 2,659260 0,001311
climb 0,400478 0,000197
close 0,010050 0,000005
clothes 0,127833 0,000063
clothing 0,776529 0,000383
clutch 0,713350 0,000352
coach 0,755023 0,000372
coachman 1,108663 0,000547
code 0,287682 0,000142
cole 3,218876 0,001587
collection 0,162519 0,000080
color 0,967584 0,000477
colored 1,171183 0,000578
columbia 2,813411 0,001387
combination 0,634878 0,000313
comment 0,478036 0,000236
commercial 0,274437 0,000135
commission 0,579818 0,000286
commit 0,116534 0,000057
committee 1,272966 0,000628
commotion 1,049822 0,000518
community 0,579818 0,000286
company 0,020203 0,000010
compare 0,162519 0,000080
comparison 0,446287 0,000220
compel 0,385662 0,000190
competent 1,139434 0,000562
compilation 0,478036 0,000236
compile 1,966113 0,000969
compliance 0,342490 0,000169
comply 0,287682 0,000284
compressed 0,342490 0,000169
compunction 1,660731 0,000819
concede 1,272966 0,001255
concept 0,527633 0,000260
concerned 0,287682 0,000142
concession 1,427116 0,000704
conclave 2,525729 0,001245
conclusion 0,210721 0,000104
condemn 0,446287 0,000440
condemnation 1,309333 0,000646
condemnatory 3,506558 0,001729
condition 0,051293 0,000051
conduct 0,094311 0,000047
conference 1,139434 0,000562
confess 0,127833 0,000126
confession 0,579818 0,000286
confirm 0,139262 0,000069
confirmation 0,356675 0,000176
conjecture 0,544727 0,000269
conscience 0,301105 0,000148
consent 0,223144 0,000220
consequence 0,186330 0,000092
consequential 0,478036 0,000236
considerable 0,105361 0,000052
consideration 0,223144 0,000110
consort 1,309333 0,000646
conspiracy 1,078810 0,000532
conspirator 1,832581 0,000904
constant 0,051293 0,000025
construe 1,714798 0,000846
consume 0,462035 0,000228
consummation 1,966113 0,000969
contact 0,210721 0,000104
content 0,174353 0,000086
continue 0,186330 0,000092
continued 0,072571 0,000036
contract 0,139262 0,000137
contrary 0,198451 0,000098
contribute 0,510826 0,000252
contribution 0,371064 0,000366
control 0,223144 0,000110
convention 1,469676 0,000725
convert 0,186330 0,000092
convict 0,941609 0,000929
convince 0,198451 0,000098
cook 0,223144 0,000110
cool 0,248461 0,000123
coon 2,995732 0,001477
copying 0,494296 0,000244
copyright 0,415515 0,000205
cordon 2,813411 0,001387
corner 0,072571 0,000036
corporation 0,400478 0,000395
correct 0,235722 0,000116
correspondent 1,237874 0,000610
corrupt 0,235722 0,000116
corruption 0,820981 0,000405
cost 0,105361 0,000104
cotton 0,891598 0,000440
counsel 0,462035 0,000456
counteract 1,514128 0,000747
country 0,010050 0,000010
county 0,941609 0,000464
courage 0,150823 0,000074
court 0,094311 0,000093
courteous 0,967584 0,000477
cow 0,653926 0,000322
coward 0,776529 0,000383
coy 2,995732 0,001477
create 0,094311 0,000140
creation 0,198451 0,000098
credit 0,094311 0,000047
creditor 1,237874 0,000610
creme 3,912023 0,001929
crime 0,261365 0,000258
criminal 0,673345 0,000332
criminally 3,506558 0,001729
crimini 3,912023 0,001929
cringe 1,609438 0,000794
crisis 0,820981 0,000405
critical 0,235722 0,000116
crow 0,867501 0,000428
crowd 0,174353 0,000086
cruel 0,261365 0,000129
cruelty 0,462035 0,000228
crusade 2,525729 0,001245
curiosity 0,210721 0,000104
current 0,116534 0,000057
curtain 0,328504 0,000162
cut 0,030459 0,000015
cutthroat 2,995732 0,001477
daily 0,248461 0,000245
dainty 0,634878 0,000313
damage 0,223144 0,000220
damages 0,400478 0,000197
damaging 1,966113 0,000969
dame 1,021651 0,000504
danger 0,105361 0,000052
dangerous 0,150823 0,000074
dark 0,051293 0,000025
dastardly 2,302585 0,001135
datum 0,494296 0,000244
daughter 0,174353 0,000172
day 0,000000 0,000000
daylight 0,446287 0,000220
deal 0,061875 0,000031
dealer 1,171183 0,000578
death 0,020203 0,000010
decay 0,544727 0,000269
december 0,562119 0,000277
decent 0,693147 0,000342
decide 0,040822 0,000020
declaration 0,967584 0,000477
declare 0,139262 0,000206
dedicate 0,967584 0,000477
deductible 0,562119 0,000277
deed 0,287682 0,000142
deep 0,020203 0,000010
defect 0,261365 0,000258
defective 0,356675 0,000176
defend 0,301105 0,000445
defender 1,427116 0,000704
defense 1,514128 0,000747
defenseless 2,659260 0,001311
deference 0,967584 0,000477
degeneracy 2,302585 0,001135
degree 0,150823 0,000074
delay 0,186330 0,000092
delegate 1,469676 0,000725
delegation 2,995732 0,001477
deletion 0,562119 0,000277
deliberate 0,673345 0,000332
deliberately 0,693147 0,000342
deliverance 0,941609 0,000464
demand 0,051293 0,000101
demi 2,040221 0,001006
denounce 1,078810 0,000532
denunciation 2,040221 0,001006
deny 0,072571 0,000036
depend 0,040822 0,000020
depraved 1,560648 0,000770
depravity 1,560648 0,000770
deprive 0,415515 0,000205
deputy 1,272966 0,001255
derivative 0,510826 0,000252
derive 0,210721 0,000208
deserted 0,385662 0,000190
deserve 0,314711 0,000155
deserved 0,634878 0,000313
designate 1,309333 0,000646
desire 0,051293 0,000051
desirous 0,634878 0,000313
desperado 2,813411 0,001387
despoiler 3,912023 0,001929
destroy 0,061875 0,000061
destruction 0,342490 0,000169
detach 0,287682 0,000142
detective 1,609438 0,001587
deter 1,272966 0,000628
determination 0,616186 0,000304
determine 0,061875 0,000031
developed 0,544727 0,000269
devilish 1,237874 0,000610
deviltry 3,506558 0,001729
devise 0,733969 0,000362
devote 0,673345 0,000332
devotion 0,510826 0,000252
die 0,010050 0,000005
difference 0,174353 0,000086
difficulty 0,116534 0,000057
dip 0,673345 0,000332
direct 0,040822 0,000020
director 0,733969 0,000362
dirty 0,544727 0,000269
disappear 0,223144 0,000110
disapprove 1,469676 0,000725
disarm 1,237874 0,000610
discard 1,108663 0,000547
discharge 0,478036 0,000236
disclaim 0,462035 0,000456
disclaimer 0,562119 0,000554
discontinue 0,510826 0,000252
discourage 0,693147 0,000342
discover 0,030459 0,000030
discovery 0,287682 0,000142
disease 0,328504 0,000162
disfranchise 2,995732 0,001477
disgrace 0,462035 0,000456
disk 0,415515 0,000205
dispatch 0,967584 0,000477
display 0,162519 0,000240
disposition 0,371064 0,000183
disregard 0,820981 0,000405
distance 0,105361 0,000052
distribute 0,210721 0,000312
distribution 0,430783 0,000212
distributor 0,544727 0,000269
disturb 0,198451 0,000098
dive 0,967584 0,000477
divorce 1,237874 0,000610
divulge 1,609438 0,000794
doctor 0,400478 0,000197
doctored 2,659260 0,001311
dollar 1,237874 0,000610
domain 0,328504 0,000162
donate 0,544727 0,000269
donation 0,446287 0,000440
donor 0,478036 0,000236
door 0,000000 0,000000
dorr 3,912023 0,001929
doubt 0,040822 0,000020
doubtless 0,430783 0,000212
download 0,562119 0,000277
drag 0,248461 0,000123
draw 0,020203 0,000010
dread 0,248461 0,000123
drift 0,462035 0,000228
drive 0,030459 0,000015
drug 0,967584 0,000477
drunk 0,415515 0,000205
drunkard 0,994252 0,000490
drunken 0,820981 0,000405
duke 0,967584 0,000477
dusk 0,941609 0,000464
dust 0,162519 0,000080
duty 0,061875 0,000031
earnest 0,261365 0,000129
earth 0,051293 0,000025
easily 0,072571 0,000036
easy 0,000000 0,000000
edition 0,287682 0,000284
editor 1,078810 0,001064
editorial 2,525729 0,001245
editorials 3,506558 0,001729
education 0,415515 0,000205
educational 0,446287 0,000220
educator 2,659260 0,001311
edward 1,049822 0,000518
effective 0,967584 0,000477
effectual 1,203973 0,000594
effectually 1,203973 0,000594
effort 0,094311 0,000093
eighteen 0,462035 0,000228
elect 0,210721 0,000104
electronic 0,544727 0,000269
electronically 0,544727 0,000269
element 0,342490 0,000169
elicit 1,272966 0,000628
email 0,562119 0,000277
emancipation 1,771957 0,000874
emigration 2,040221 0,001006
employ 0,235722 0,000232
employee 0,510826 0,000504
employer 1,347074 0,000664
enable 0,274437 0,000271
encode 0,653926 0,000322
encourage 0,301105 0,000148
encouragement 0,755023 0,000372
energetic 1,078810 0,000532
energy 0,371064 0,000183
england 0,385662 0,000190
english 0,094311 0,000047
ensure 0,342490 0,000169
enter 0,020203 0,000020
entire 0,274437 0,000135
entity 0,544727 0,000269
equal 0,162519 0,000080
equally 0,223144 0,000110
equipment 0,415515 0,000205
error 0,072571 0,000036
escape 0,061875 0,000061
eschew 2,525729 0,001245
escort 0,755023 0,000372
established 0,301105 0,000148
esteem 0,478036 0,000236
eternity 0,673345 0,000332
evening 0,072571 0,000036
evidence 0,235722 0,000232
exact 0,274437 0,000135
examination 0,385662 0,000190
exceptional 1,386294 0,000684
exchange 0,210721 0,000104
excitement 0,415515 0,000205
exclusion 0,371064 0,000183
excursion 0,891598 0,000440
excuse 0,139262 0,000137
execute 0,527633 0,000260
executive 1,171183 0,000578
exempt 0,314711 0,000155
exercise 0,235722 0,000232
exile 0,776529 0,000766
exist 0,072571 0,000107
existence 0,150823 0,000074
existing 0,891598 0,000440
expend 0,301105 0,000148
expense 0,127833 0,000126
experience 0,072571 0,000036
explain 0,116534 0,000057
explainable 3,506558 0,001729
explanation 0,139262 0,000069
export 0,446287 0,000220
expose 0,597837 0,000295
exposed 0,301105 0,000148
exposition 1,660731 0,000819
exposure 1,139434 0,000562
express 0,072571 0,000072
extent 0,083382 0,000041
extreme 0,186330 0,000092
eye 0,000000 0,000000
facility 0,342490 0,000169
factor 1,171183 0,000578
faintly 0,713350 0,000352
fair 0,051293 0,000025
fairbanks 1,386294 0,000684
faithful 0,261365 0,000129
fall 0,000000 0,000000
falls 0,328504 0,000162
falsehood 0,693147 0,000342
family 0,061875 0,000061
fancy 0,162519 0,000080
farm 0,713350 0,000352
farmer 0,653926 0,000322
fascination 1,078810 0,000532
fashionable 0,916291 0,000452
fast 0,030459 0,000015
father 0,061875 0,000061
favorable 1,469676 0,000725
fear 0,020203 0,000040
fearful 0,400478 0,000197
feature 0,261365 0,000129
february 0,820981 0,000405
federal 0,527633 0,000260
fee 0,301105 0,000297
feeble 0,356675 0,000176
feel 0,020203 0,000010
fellow 0,040822 0,000040
fever 0,342490 0,000169
fidelity 0,967584 0,000477
field 0,094311 0,000047
fiendish 1,832581 0,000904
fiendishly 2,813411 0,001387
fight 0,083382 0,000041
file 0,223144 0,000220
filthy 1,049822 0,000518
final 0,342490 0,000169
financial 0,415515 0,000205
fit 0,030459 0,000015
fitness 0,446287 0,000220
flaying 2,659260 0,001311
flee 0,301105 0,000148
fleming 2,813411 0,001387
flourishing 1,021651 0,000504
folk 0,527633 0,000260
follow 0,020203 0,000010
force 0,030459 0,000045
forego 1,203973 0,000594
forehead 0,400478 0,000197
forget 0,010050 0,000005
form 0,020203 0,000010
formal 0,673345 0,000332
format 0,562119 0,000554
formula 1,469676 0,000725
foster 0,891598 0,000440
foundation 0,127833 0,000063
fowler 3,218876 0,001587
frank 0,597837 0,000295
fred 2,120264 0,001045
frederick 1,272966 0,000628
freedom 0,223144 0,000110
freely 0,105361 0,000052
frenzied 1,660731 0,000819
frequency 1,660731 0,000819
frequent 0,287682 0,000142
frequently 0,287682 0,000142
friction 1,771957 0,000874
friend 0,000000 0,000000
fruit 0,162519 0,000080
furniture 0,415515 0,000205
fury 0,328504 0,000162
future 0,105361 0,000052
gain 0,040822 0,000020
gambler 1,714798 0,000846
gang 1,203973 0,000594
garbled 2,995732 0,001477
gaze 0,314711 0,000155
gazette 1,609438 0,000794
generation 0,127833 0,000126
georgia 2,120264 0,001045
girl 0,198451 0,000196
glad 0,072571 0,000036
gladly 0,544727 0,000269
glee 1,309333 0,000646
goal 0,274437 0,000135
god 0,083382 0,000082
godmother 2,207275 0,001088
gold 0,083382 0,000041
govern 0,186330 0,000092
government 0,462035 0,000228
governor 0,733969 0,000362
grand 0,342490 0,000169
grant 0,061875 0,000031
gratefully 0,415515 0,000205
gratification 0,994252 0,000490
grave 0,116534 0,000057
greatly 0,210721 0,000104
gregory 1,139434 0,000562
grimly 1,108663 0,000547
grocery 1,966113 0,000969
gross 0,235722 0,000116
ground 0,030459 0,000015
grow 0,010050 0,000015
guard 0,083382 0,000082
guardian 0,597837 0,000295
guilt 0,544727 0,000269
guilty 0,356675 0,000176
gun 0,544727 0,000269
hair 0,072571 0,000036
hall 0,274437 0,000135
halt 0,733969 0,000362
hamburg 2,040221 0,001006
hand 0,010050 0,000010
handsome 0,328504 0,000162
hang 0,198451 0,000098
hanging 0,235722 0,000116
happen 0,030459 0,000015
hardened 0,820981 0,000405
harm 0,210721 0,000208
harmless 0,248461 0,000123
hart 0,462035 0,000228
hate 0,150823 0,000074
head 0,000000 0,000000
healthy 0,356675 0,000352
hear 0,010050 0,000010
hearing 0,139262 0,000069
heart 0,010050 0,000005
heaven 0,174353 0,000172
heavy 0,030459 0,000015
heed 0,510826 0,000252
heinous 1,897120 0,000935
helpless 0,328504 0,000162
henry 0,713350 0,000352
herald 1,139434 0,001124
hide 0,072571 0,000036
highway 0,916291 0,000452
hill 0,150823 0,000074
hinder 0,579818 0,000286
history 0,186330 0,000092
hold 0,010050 0,000010
holder 0,430783 0,000212
honest 0,235722 0,000116
honestly 0,843970 0,000416
honor 0,891598 0,000440
hope 0,000000 0,000000
hopelessly 1,078810 0,000532
horrible 0,356675 0,000176
horrified 1,272966 0,000628
horror 0,198451 0,000196
hospital 0,755023 0,000372
host 0,446287 0,000220
hot 0,116534 0,000057
house 0,020203 0,000010
human 0,072571 0,000036
humiliation 0,916291 0,000452
hundredth 1,309333 0,000646
hung 0,174353 0,000086
hunt 0,371064 0,000183
hunting 0,462035 0,000228
hurl 0,798508 0,000394
husband 0,198451 0,000098
hush 0,527633 0,000260
hypothesis 1,237874 0,000610
ida 2,040221 0,001006
idea 0,083382 0,000041
identical 0,994252 0,000490
identification 0,527633 0,000260
identify 0,342490 0,000169
idolize 2,302585 0,001135
ignorance 0,287682 0,000142
illicit 2,995732 0,001477
illustrative 2,407946 0,001187
imagination 0,223144 0,000110
imperilled 2,302585 0,001135
implicate 1,966113 0,000969
imply 0,235722 0,000116
impose 0,162519 0,000080
impossible 0,094311 0,000047
impress 0,634878 0,000313
impressed 0,510826 0,000252
impression 0,210721 0,000104
imprison 0,798508 0,000394
improvement 0,616186 0,000304
impunity 1,347074 0,000664
inaccurate 0,510826 0,000252
incapable 0,562119 0,000277
incentive 2,302585 0,001135
incidental 0,446287 0,000220
include 0,072571 0,000143
incomplete 0,301105 0,000148
increase 0,061875 0,000031
indemnify 0,446287 0,000220
indemnity 0,527633 0,000260
independence 0,843970 0,000416
independent 0,510826 0,000252
indict 2,995732 0,002954
indifferent 0,400478 0,000197
indignation 0,510826 0,000252
indirect 0,446287 0,000220
indirectly 0,371064 0,000183
indiscreet 1,609438 0,000794
individual 0,139262 0,000137
indulge 0,527633 0,000260
industrial 2,302585 0,001135
inevitable 0,544727 0,000269
infamous 1,049822 0,000518
infant 0,673345 0,000332
inferior 0,579818 0,000286
inflict 0,579818 0,000286
infliction 2,302585 0,001135
influence 0,198451 0,000098
infringement 0,544727 0,000269
inhabitants 0,446287 0,000220
inhuman 1,108663 0,000547
injure 0,356675 0,000176
injury 0,301105 0,000148
injustice 0,653926 0,000322
inmate 1,203973 0,000594
innocence 0,634878 0,000313
innocent 0,186330 0,000092
inquiry 0,446287 0,000220
insatiate 1,897120 0,000935
insolence 0,994252 0,000490
inspiration 0,755023 0,000372
inspire 0,371064 0,000183
instance 0,116534 0,000115
instinct 0,356675 0,000176
institution 0,713350 0,000352
insult 0,415515 0,000205
intellectual 0,235722 0,000116
intelligence 0,301105 0,000148
intelligent 0,342490 0,000169
intention 0,127833 0,000063
inter 1,469676 0,000725
intercept 1,171183 0,000578
internal 0,261365 0,000129
international 0,494296 0,000244
interpret 0,235722 0,000116
intersection 2,659260 0,001311
intervention 1,514128 0,000747
intimacy 0,843970 0,000416
intimate 0,430783 0,000212
intimation 1,272966 0,000628
introduce 0,261365 0,000129
invalidity 0,527633 0,000260
invariably 0,798508 0,000394
investigation 0,713350 0,000352
invitation 0,494296 0,000244
invite 0,261365 0,000258
iron 0,162519 0,000080
irs 0,562119 0,000277
issue 0,198451 0,000196
jackson 1,714798 0,000846
jacksonville 2,995732 0,001477
jail 1,347074 0,001993
january 0,693147 0,000342
jarvis 3,506558 0,001729
jeanette 3,912023 0,001929
jim 1,966113 0,000969
john 0,328504 0,000162
johnson 1,514128 0,000747
jones 1,309333 0,000646
journal 0,916291 0,000904
judge 0,061875 0,000061
judgment 0,198451 0,000098
judicious 1,139434 0,000562
july 0,616186 0,000304
june 0,527633 0,000260
jurisdiction 1,560648 0,000770
jury 1,108663 0,001093
justice 0,162519 0,000080
justify 0,562119 0,000277
kansas 2,995732 0,001477
kentucky 2,407946 0,001187
keynote 2,995732 0,001477
kill 0,083382 0,000082
kitchen 0,562119 0,000277
knife 0,287682 0,000142
knowledge 0,061875 0,000031
labor 1,108663 0,000547
lack 0,371064 0,000366
lady 0,162519 0,000160
lake 0,162519 0,000080
land 0,051293 0,000025
language 0,072571 0,000036
lap 0,527633 0,000260
law 0,020203 0,000020
lawbreaker 3,912023 0,001929
lawless 1,660731 0,000819
lawlessness 2,525729 0,001245
lawyer 0,673345 0,000332
lead 0,020203 0,000020
leader 0,356675 0,000352
leading 0,139262 0,000069
learn 0,020203 0,000030
leave -0,009950 -0,000010
ledger 2,120264 0,001045
left 0,000000 0,000000
legal 0,261365 0,000129
legalize 3,218876 0,001587
legally 0,342490 0,000169
legislature 2,120264 0,001045
legitimate 1,139434 0,000562
lesson 0,287682 0,000142
letter 0,072571 0,000072
level 0,210721 0,000104
lewis 1,897120 0,000935
liability 0,462035 0,000228
liable 0,235722 0,000116
liaison 2,407946 0,001187
libelous 3,218876 0,001587
liberally 1,347074 0,000664
liberty 0,198451 0,000098
library 0,223144 0,000110
license 0,301105 0,000148
licensed 0,430783 0,000212
lie 0,020203 0,000010
lieu 0,415515 0,000205
life -0,009950 -0,000010
lifeless 1,108663 0,000547
light 0,000000 0,000000
limit 0,287682 0,000284
limitation 0,371064 0,000183
limited 0,261365 0,000129
liners 2,995732 0,001477
link 0,174353 0,000172
literary 0,287682 0,000142
live 0,010050 0,000010
living 0,020203 0,000010
loathing 1,386294 0,000684
loathsome 1,078810 0,000532
lobby 2,040221 0,001006
locality 1,139434 0,000562
locate 0,371064 0,000183
location 0,494296 0,000244
lock 0,162519 0,000080
loose 0,094311 0,000047
lose 0,000000 0,000000
loss 0,083382 0,000041
lot 0,051293 0,000025
louisiana 2,302585 0,001135
love 0,030459 0,000030
lust 0,820981 0,000810
lustful 1,832581 0,000904
lynch 2,659260 0,002623
lyncher 3,912023 0,001929
lynching 3,506558 0,001729
lynchings 3,912023 0,001929
lyric 2,120264 0,001045
machine 0,210721 0,000104
madison 3,218876 0,001587
maggie 2,995732 0,001477
main 0,127833 0,000063
maintain 0,094311 0,000093
majesty 0,510826 0,000252
majority 0,597837 0,000295
malicious 0,941609 0,000464
manager 0,597837 0,000295
manhood 0,776529 0,000383
mania 1,347074 0,000664
manner 0,040822 0,000020
manners 0,274437 0,000135
march 0,223144 0,000110
marked 0,061875 0,000031
markedly 2,659260 0,001311
married 0,248461 0,000123
marry 0,356675 0,000176
marshall 2,525729 0,001245
mask 0,673345 0,000664
mass 0,210721 0,000104
massacre 1,309333 0,000646
master 0,072571 0,000036
masters 0,446287 0,000220
match 0,301105 0,000148
material 0,261365 0,000129
materialize 3,218876 0,001587
matter 0,000000 0,000000
maximum 0,478036 0,000236
measure 0,127833 0,000126
medium 0,223144 0,000110
meet 0,010050 0,000010
meeting 0,162519 0,000080
melissa 3,912023 0,001929
melt 0,385662 0,000190
memphis 2,995732 0,001477
merciful 0,994252 0,000490
mercy 0,210721 0,000208
method 0,094311 0,000093
michael 0,400478 0,000197
midday 1,108663 0,000547
middle 0,030459 0,000015
mighty 0,328504 0,000162
mile 0,174353 0,000172
military 0,616186 0,000304
militia 1,897120 0,000935
minimum 2,407946 0,001187
minister 0,562119 0,000277
ministers 0,776529 0,000383
minneapolis 3,506558 0,001729
minor 0,713350 0,000352
minute 0,150823 0,000074
miscegenation 3,912023 0,001929
misrepresent 2,040221 0,001006
mission 0,210721 0,000104
mississippi 0,415515 0,000205
mistake 0,186330 0,000092
mob 1,139434 0,001124
mockery 0,916291 0,000452
modification 0,478036 0,000236
modify 0,356675 0,000176
moment 0,010050 0,000005
monde 2,207275 0,001088
money 0,051293 0,000025
monroe 2,525729 0,001245
montgomery 2,659260 0,001311
month 0,040822 0,000040
moral 0,301105 0,000148
morgan 2,813411 0,001387
morning 0,040822 0,000020
mortification 1,021651 0,000504
moses 1,139434 0,000562
mother 0,072571 0,000036
motive 0,356675 0,000352
mouth 0,061875 0,000031
mulatto 2,659260 0,001311
mule 0,967584 0,000477
murder 0,248461 0,000368
murderers 1,386294 0,000684
mustered 1,832581 0,000904
mutual 0,510826 0,000252
naked 0,274437 0,000135
nashville 3,506558 0,001729
natchez 3,506558 0,001729
natural 0,094311 0,000047
naturally 0,210721 0,000104
nauseating 3,506558 0,001729
necessity 0,210721 0,000104
needless 1,049822 0,000518
negligence 0,415515 0,000205
negro 0,967584 0,000954
neighbor 1,237874 0,000610
neighborhood 1,171183 0,000578
network 0,415515 0,000205
news 0,210721 0,000104
newsletter 0,562119 0,000277
newspaper 0,693147 0,000342
night 0,010050 0,000005
nineteenth 1,171183 0,000578
noble 0,198451 0,000098
nonproprietary 0,562119 0,000277
north 0,083382 0,000041
northern 0,653926 0,000322
note 0,094311 0,000047
notice 0,020203 0,000010
notify 0,371064 0,000183
notion 0,314711 0,000155
notorious 1,049822 0,000518
numerous 0,235722 0,000116
obedience 0,494296 0,000244
obey 0,223144 0,000110
objection 0,400478 0,000197
oblige 0,210721 0,000104
obscene 1,660731 0,000819
obsolete 0,446287 0,000220
obstinately 1,272966 0,000628
occur 0,083382 0,000082
ocean 0,415515 0,000205
october 0,653926 0,000322
offend 0,798508 0,000394
offense 1,609438 0,000794
offensive 0,693147 0,000342
offer 0,020203 0,000020
office 0,072571 0,000036
officer 0,314711 0,000155
official 0,223144 0,000220
oft 1,347074 0,000664
ohio 2,407946 0,001187
oil 0,446287 0,000220
oklahoma 3,506558 0,001729
omaha 3,506558 0,001729
online 0,510826 0,000252
openly 0,494296 0,000244
operate 0,916291 0,000452
operation 0,478036 0,000236
opportunity 0,061875 0,000061
opposition 0,494296 0,000244
organ 0,634878 0,000313
organized 0,356675 0,000176
original 0,105361 0,000052
originator 0,478036 0,000236
orleans 1,966113 0,000969
outcropping 3,506558 0,001729
outcry 1,272966 0,000628
outdated 0,562119 0,000277
outermost 2,302585 0,001135
outfit 1,171183 0,000578
outrage 0,891598 0,001319
outraged 1,272966 0,000628
outrageous 1,386294 0,000684
overcome 0,198451 0,000098
overpower 0,941609 0,000464
overreach 2,525729 0,001245
owe 0,105361 0,000156
owner 0,083382 0,000082
packer 2,525729 0,001245
pain 0,051293 0,000025
painstaking 2,207275 0,001088
pair 0,210721 0,000104
pale 0,186330 0,000092
palliate 2,995732 0,001477
pamphlet 1,514128 0,000747
papa 1,203973 0,000594
paper 0,083382 0,000082
paperwork 0,562119 0,000277
parade 0,994252 0,000490
paragraph 0,328504 0,000324
parish 0,916291 0,000452
participation 1,660731 0,000819
partisan 1,560648 0,000770
partition 1,139434 0,000562
partner 0,510826 0,000252
party 0,030459 0,000030
pass 0,020203 0,000020
passion 0,174353 0,000172
pat 0,776529 0,000383
patience 0,139262 0,000069
patronage 1,272966 0,000628
patronize 2,207275 0,001088
pay 0,030459 0,000045
payment 0,274437 0,000135
peace 0,094311 0,000047
peaceful 0,478036 0,000236
pen 0,235722 0,000116
penalty 0,820981 0,000405
penitentiary 2,813411 0,001387
pennsylvania 2,302585 0,001135
perform 0,072571 0,000107
performance 0,127833 0,000063
periodic 0,544727 0,000269
perish 0,462035 0,000228
permanent 0,223144 0,000110
permission 0,150823 0,000074
permit 0,094311 0,000047
perpetrate 1,609438 0,000794
perpetration 2,813411 0,001387
perpetrator 2,407946 0,001187
persist 0,478036 0,000236
persistent 1,347074 0,000664
persistently 1,560648 0,000770
person -0,009950 -0,000015
personal 0,223144 0,000110
personally 0,798508 0,000394
perusal 1,272966 0,000628
perversion 2,207275 0,001088
petition 0,941609 0,000929
phase 1,108663 0,001093
phenomenal 2,407946 0,001187
phrase 0,139262 0,000069
physical 0,198451 0,000098
physician 0,693147 0,000342
picture 0,139262 0,000069
piece 0,020203 0,000010
pile 0,328504 0,000162
pistol 0,820981 0,000405
pitiful 0,798508 0,000394
plain 0,040822 0,000020
plains 0,967584 0,000477
plan 0,198451 0,000196
platform 0,843970 0,000416
plausible 1,078810 0,000532
play 0,040822 0,000020
plea 1,049822 0,000518
plead 0,400478 0,000395
pleasant 0,162519 0,000080
pleasure 0,051293 0,000025
plenty 0,235722 0,000116
plow 1,897120 0,001871
plunge 0,314711 0,000155
pocket 0,371064 0,000183
poison 0,371064 0,000183
poker 1,660731 0,000819
police 0,755023 0,000372
polite 0,693147 0,000342
politeness 0,798508 0,000394
political 0,562119 0,000277
politics 0,713350 0,000352
ponder 0,820981 0,000405
poor 0,020203 0,000010
poplar 1,386294 0,000684
populate 2,040221 0,001006
population 0,941609 0,000464
port 0,579818 0,000286
position 0,162519 0,000080
posse 2,207275 0,001088
possess 0,061875 0,000031
possession 0,083382 0,000041
possibility 0,150823 0,000074
post 0,051293 0,000051
pour 0,116534 0,000057
power 0,030459 0,000015
powerless 1,139434 0,000562
practical 0,494296 0,000244
practically 0,235722 0,000116
practice 0,116534 0,000115
preface 0,713350 0,000352
preference 0,843970 0,000416
prejudice 0,579818 0,000572
preliminary 0,941609 0,000464
prepare 0,116534 0,000057
prepared 0,105361 0,000052
presence 0,094311 0,000047
preserve 0,083382 0,000041
president 1,049822 0,000518
press 0,105361 0,000052
pretend 0,186330 0,000092
pretext 0,891598 0,000440
pretty 0,150823 0,000074
prevail 0,287682 0,000142
prevalence 1,832581 0,000904
prevent 0,040822 0,000040
previous 0,094311 0,000047
prey 0,478036 0,000236
principal 0,287682 0,000142
principally 1,108663 0,000547
principle 0,274437 0,000135
print 0,116534 0,000115
prisoner 0,356675 0,000176
processing 0,562119 0,000277
proclaim 0,527633 0,000520
proclamation 1,609438 0,000794
produce 0,061875 0,000061
production 0,274437 0,000135
professor 0,261365 0,000129
profit 0,083382 0,000082
programme 1,560648 0,000770
progress 0,162519 0,000080
prohibition 0,415515 0,000205
project -0,009950 -0,000005
prominent 0,967584 0,000477
prominently 0,494296 0,000244
promise 0,051293 0,000025
promote 0,274437 0,000135
promotion 0,342490 0,000169
prompt 0,478036 0,000471
prompting 2,407946 0,001187
proof 0,274437 0,000135
proofread 0,562119 0,000277
proofreading 1,966113 0,000969
propensity 1,347074 0,000664
proper 0,061875 0,000031
properly 0,385662 0,000190
property 0,127833 0,000063
proposal 0,733969 0,000362
propose 0,186330 0,000092
proprietary 0,562119 0,000277
proprietor 0,967584 0,000477
protect 0,139262 0,000069
protection 0,314711 0,000155
protector 1,139434 0,000562
protest 0,342490 0,000169
prove 0,083382 0,000206
provide 0,127833 0,000126
provision 0,094311 0,000093
provocation 1,049822 0,000518
public 0,083382 0,000041
publication 1,049822 0,000518
publicly 0,994252 0,000490
publish 0,478036 0,000471
pulpit 1,171183 0,001155
punish 0,314711 0,000466
punishment 0,287682 0,000142
punitive 0,562119 0,000277
purpose 0,040822 0,000040
purse 0,562119 0,000277
question 0,020203 0,000010
quick 0,127833 0,000063
quote 0,755023 0,000372
race 0,162519 0,000160
racket 2,040221 0,001006
radius 2,120264 0,001045
rage 0,139262 0,000069
raid 1,966113 0,000969
railroad 1,609438 0,001587
rain 0,150823 0,000074
raise 0,020203 0,000020
rally 1,021651 0,000504
rank 0,223144 0,000110
rape 2,040221 0,004024
rapidly 0,371064 0,000183
rapist 3,912023 0,003858
reach 0,000000 0,000000
reaction 1,237874 0,000610
read 0,020203 0,000020
readable 0,510826 0,000252
reader 0,301105 0,000148
real 0,040822 0,000020
realize 0,693147 0,000684
reason 0,010050 0,000010
reasonable 0,116534 0,000057
receipt 0,261365 0,000129
receive 0,040822 0,000060
reconstruction 2,302585 0,001135
record 0,223144 0,000110
red 0,061875 0,000031
redistribute 0,544727 0,000269
redistributing 0,562119 0,000277
redistribution 0,562119 0,000277
redress 1,560648 0,000770
reduce 0,314711 0,000155
reese 3,912023 0,001929
reference 0,198451 0,000098
reflect 0,235722 0,000116
reflection 0,274437 0,000135
refuge 0,446287 0,000220
refund 0,562119 0,000277
refusal 0,820981 0,000405
refuse 0,083382 0,000123
regard 0,083382 0,000041
register 0,287682 0,000142
regular 0,287682 0,000142
regulate 0,210721 0,000104
rehabilitation 2,995732 0,001477
reign 0,430783 0,000212
reiterate 1,309333 0,000646
relation 0,223144 0,000220
release 0,105361 0,000104
relic 0,867501 0,000428
religion 0,415515 0,000205
remain 0,040822 0,000060
remains 0,150823 0,000074
remark 0,223144 0,000110
remarkable 0,235722 0,000116
remedy 0,150823 0,000149
remember 0,030459 0,000015
remorse 0,755023 0,000372
remove 0,040822 0,000040
rename 0,544727 0,000269
render 0,186330 0,000092
repeal 2,207275 0,002177
repeat 0,051293 0,000025
replace 0,198451 0,000098
replacement 0,544727 0,000269
report 0,051293 0,000076
representation 0,261365 0,000129
reprint 1,660731 0,000819
reproduce 1,078810 0,000532
republic 1,386294 0,000684
republican 1,514128 0,000747
repulse 0,994252 0,000490
repulsive 1,049822 0,000518
reputation 0,342490 0,000169
repute 1,108663 0,000547
request 0,105361 0,000104
require 0,051293 0,000025
required 0,083382 0,000041
requirement 0,400478 0,000197
resent 0,820981 0,001214
resentment 0,798508 0,000394
residence 0,653926 0,000322
resist 0,274437 0,000271
resolution 0,385662 0,000190
respect 0,040822 0,000020
respectability 1,427116 0,000704
response 0,843970 0,000416
responsible 0,693147 0,000342
rest 0,010050 0,000005
restrain 0,579818 0,000286
restraint 0,713350 0,000352
restriction 0,371064 0,000183
result 0,174353 0,000086
retain 0,235722 0,000116
return 0,010050 0,000015
reveal 0,223144 0,000110
revenue 0,342490 0,000169
revive 0,510826 0,000252
revolting 1,560648 0,000770
revolution 0,634878 0,000313
richard 1,021651 0,000504
ride 0,261365 0,000129
rifle 1,078810 0,001064
rights 2,813411 0,001387
riot 1,171183 0,000578
rise 0,030459 0,000015
risk 0,301105 0,000148
road 0,116534 0,000057
rob 0,356675 0,000176
robber 0,653926 0,000322
robbery 1,021651 0,001008
rock 0,186330 0,000092
roll 0,150823 0,000149
rough 0,186330 0,000092
roving 1,469676 0,000725
royalty 0,371064 0,000366
ruffian 1,347074 0,001328
ruin 0,116534 0,000057
rule 0,030459 0,000030
rumor 1,609438 0,001587
rush 0,127833 0,000063
russell 2,407946 0,001187
sacrifice 0,210721 0,000104
saddle 0,755023 0,000372
safely 0,371064 0,000183
sagacity 1,139434 0,000562
sake 0,083382 0,000041
salt 0,105361 0,000052
sanction 1,237874 0,000610
sarah 2,040221 0,001006
sassy 3,506558 0,001729
satisfy 0,061875 0,000031
saturday 0,843970 0,000416
savage 0,248461 0,000123
save 0,010050 0,000005
scattered 0,139262 0,000069
scene 0,127833 0,000063
science 0,415515 0,000205
scimitar 2,407946 0,001187
scoundrel 1,078810 0,001064
scrap 0,820981 0,000405
scream 0,462035 0,000456
screen 0,843970 0,000416
search 0,040822 0,000020
secret 0,051293 0,000025
secretly 0,597837 0,000295
secure 0,061875 0,000061
seduce 1,171183 0,000578
seek 0,083382 0,000082
seldom 0,301105 0,000148
select 0,301105 0,000148
sell 0,210721 0,000104
send 0,020203 0,000020
sensation 0,371064 0,000183
sensibility 1,237874 0,000610
sentence 0,094311 0,000047
sentiment 0,356675 0,000176
separate 0,094311 0,000047
servant 0,105361 0,000052
serve 0,051293 0,000051
service 0,072571 0,000036
servile 1,309333 0,000646
set 0,010050 0,000010
settle 0,083382 0,000041
seventeen 0,693147 0,000342
severe 0,301105 0,000148
shadow 0,162519 0,000080
shame 0,223144 0,000110
share 0,030459 0,000045
shears 2,207275 0,001088
sheriff 2,040221 0,002012
shield 0,634878 0,000626
shockingly 2,659260 0,001311
shoot 0,385662 0,000190
shooting 0,634878 0,000313
short 0,020203 0,000010
shot 0,223144 0,000110
shower 0,544727 0,000269
sign 0,051293 0,000025
silence 0,051293 0,000051
silent 0,051293 0,000025
silver 0,210721 0,000104
similarity 1,386294 0,000684
simply 0,150823 0,000074
sin 0,314711 0,000310
singles 2,995732 0,001477
singularly 0,843970 0,000416
sister 0,223144 0,000110
sit 0,010050 0,000005
situation 0,198451 0,000098
slander 1,609438 0,000794
slave 0,356675 0,000352
slavery 0,798508 0,000394
slight 0,072571 0,000036
slogan 3,218876 0,001587
smile 0,150823 0,000074
smith 0,820981 0,000405
smoke 0,186330 0,000092
social 0,371064 0,000183
society 0,210721 0,000104
solicit 0,314711 0,000155
solicitation 0,430783 0,000212
solid 0,274437 0,000135
solve 0,478036 0,000471
sort 0,072571 0,000036
soul 0,083382 0,000041
sound 0,010050 0,000005
source 0,274437 0,000135
south 0,235722 0,000116
southern 0,579818 0,000286
spare 0,116534 0,000057
speak 0,030459 0,000030
special 0,083382 0,000041
specific 0,820981 0,000405
specimen 0,579818 0,000286
spectacle 0,544727 0,000269
speech 0,139262 0,000137
speedy 0,867501 0,000428
spelling 1,171183 0,000578
spend 0,051293 0,000025
spirit 0,051293 0,000025
spite 0,139262 0,000069
spread 0,051293 0,000051
spring 0,051293 0,000025
staff 0,261365 0,000129
stagnation 2,120264 0,001045
stain 0,478036 0,000471
stake 0,446287 0,000220
stalk 0,755023 0,000372
stamp 0,261365 0,000387
stanchion 2,995732 0,001477
stand -0,009950 -0,000010
start -0,009950 -0,000005
statement 0,186330 0,000184
statistics 1,966113 0,000969
status 0,446287 0,000220
statute 1,469676 0,000725
stay 0,061875 0,000061
steal 0,105361 0,000052
step 0,030459 0,000015
stifle 0,967584 0,000477
stifling 1,469676 0,000725
stimulate 1,021651 0,000504
stirring 0,494296 0,000244
store 0,061875 0,000061
story 0,030459 0,000030
strange 0,061875 0,000031
strangers 0,356675 0,000176
strangulation 3,218876 0,001587
street 0,116534 0,000115
strength 0,030459 0,000015
strict 0,186330 0,000092
strife 0,994252 0,000490
strong 0,020203 0,000010
stump 0,994252 0,000490
subdue 0,941609 0,000464
subject 0,061875 0,000031
subjection 1,272966 0,000628
subjugation 2,525729 0,001245
submission 0,776529 0,000383
subordination 2,525729 0,001245
subscribe 0,342490 0,000169
subsequently 1,469676 0,000725
substantiate 2,659260 0,002623
substitute 0,713350 0,000352
suburb 1,078810 0,000532
subvert 2,302585 0,001135
succession 0,510826 0,000252
succumb 1,427116 0,000704
sudden 0,072571 0,000036
suffer 0,061875 0,000031
sufficient 0,139262 0,000069
suggestion 0,356675 0,000176
suit 0,198451 0,000196
suitor 1,347074 0,000664
sun 0,072571 0,000036
superintendent 1,609438 0,000794
superior 0,261365 0,000129
support 0,094311 0,000093
supposition 0,776529 0,000383
suppress 0,446287 0,000220
surgical 1,832581 0,000904
survive 0,186330 0,000092
suspect 0,162519 0,000080
suspend 0,527633 0,000260
suspension 1,966113 0,000969
sustain 0,314711 0,000155
suzanne 3,912023 0,001929
swamp 0,287682 0,000142
swear 0,261365 0,000258
sweetheart 1,609438 0,000794
swift 0,385662 0,000190
swing 0,430783 0,000212
sympathy 0,314711 0,000155
synonymous 0,446287 0,000220
tacit 1,560648 0,000770
tailor 1,108663 0,000547
tax 0,248461 0,000245
taxpayer 3,506558 0,001729
teach 0,083382 0,000082
teacher 0,415515 0,000205
team 1,049822 0,000518
tear 0,030459 0,000015
telegram 1,609438 0,000794
tenant 1,108663 0,000547
tender 0,301105 0,000148
tennessee 2,813411 0,001387
term 0,061875 0,000031
territory 1,203973 0,001187
terror 0,162519 0,000080
testify 0,820981 0,000405
testimony 0,562119 0,000277
therefor 2,813411 0,001387
thickly 1,108663 0,000547
thinly 2,120264 0,001045
thirstiness 3,912023 0,001929
thirteen 0,579818 0,000286
thoughtful 0,693147 0,000342
thrash 1,237874 0,000610
thread 0,342490 0,000169
threat 0,634878 0,000313
threaten 0,186330 0,000184
thrifty 1,897120 0,000935
throw 0,010050 0,000005
tie 0,105361 0,000052
tillman 3,912023 0,001929
time -0,009950 -0,000010
title 0,116534 0,000057
tolerate 1,078810 0,001064
tough 0,891598 0,000440
toughs 3,506558 0,001729
town 0,094311 0,000093
trace 0,198451 0,000098
trademark 0,562119 0,000277
traditional 1,514128 0,000747
transcribe 0,462035 0,000228
transcriber 1,714798 0,000846
transcription 0,527633 0,000260
travel 0,198451 0,000098
treasurer 1,966113 0,000969
treatment 0,127833 0,000063
tree 0,061875 0,000031
tremendous 0,693147 0,000342
trial 0,261365 0,000129
tribune 2,040221 0,001006
trouble 0,010050 0,000005
true 0,020203 0,000010
trust 0,061875 0,000031
truth 0,030459 0,000015
type 0,174353 0,000086
ugly 0,385662 0,000190
unabated 2,040221 0,001006
uncontradicted 3,218876 0,001587
understand 0,020203 0,000010
underwood 2,407946 0,001187
undisturbed 1,049822 0,000518
unenforceability 0,562119 0,000277
unfortunate 0,314711 0,000155
unheard 0,994252 0,000490
uniform 0,210721 0,000104
union 0,494296 0,000244
united 0,094311 0,000047
unknown 0,105361 0,000052
unlink 0,562119 0,000277
unmistakably 1,832581 0,000904
unprecedented 1,771957 0,000874
unprotected 0,673345 0,000332
unquestioned 2,659260 0,001311
unreliable 2,302585 0,001135
unselfish 1,609438 0,000794
unsolicited 0,510826 0,000252
untruthful 3,218876 0,001587
unvarnished 3,218876 0,001587
unwritten 1,966113 0,000969
update 0,510826 0,000252
uplift 1,514128 0,000747
urge 0,274437 0,000271
user 0,544727 0,000269
ut 0,510826 0,000252
utter 0,162519 0,000160
utterance 0,867501 0,000856
vacation 1,347074 0,000664
vanilla 0,544727 0,000269
variety 0,150823 0,000074
vehemently 1,386294 0,000684
vengeance 0,579818 0,000286
verification 2,120264 0,001045
verify 1,171183 0,000578
version 0,342490 0,000169
vicinity 1,078810 0,000532
victim 0,385662 0,000380
view 0,040822 0,000040
vile 0,634878 0,000313
vindicate 1,427116 0,000704
violate 0,342490 0,000169
violation 1,560648 0,000770
violence 0,248461 0,000123
violent 0,223144 0,000110
virtue 0,287682 0,000142
virus 0,527633 0,000260
visit 0,030459 0,000030
vital 0,693147 0,000342
voice 0,020203 0,000010
void 0,261365 0,000129
volume 0,356675 0,000176
volunteer 0,314711 0,000155
volunteers 0,430783 0,000212
wait 0,061875 0,000031
waiting 0,083382 0,000041
walk 0,000000 0,000000
wander 0,116534 0,000057
war 0,139262 0,000069
warning 0,235722 0,000116
warped 1,897120 0,000935
warrant 0,562119 0,000277
warranty 0,544727 0,000537
watch 0,020203 0,000020
weak 0,105361 0,000052
weakness 0,248461 0,000123
wealth 0,287682 0,000142
wealthy 0,579818 0,000286
wednesday 1,139434 0,000562
week 0,127833 0,000126
weekly 1,171183 0,000578
weigh 0,162519 0,000080
west 0,083382 0,000041
western 0,616186 0,000304
whatsoever 0,287682 0,000142
white 0,051293 0,000025
whites 1,469676 0,000725
wholesale 1,771957 0,000874
wholesome 0,867501 0,000428
wide 0,030459 0,000030
widow 0,510826 0,000252
wife 0,083382 0,000082
wild 0,051293 0,000025
william 0,798508 0,000394
winchester 2,302585 0,001135
wing 0,314711 0,000155
winter 0,198451 0,000098
withdraw 0,210721 0,000104
withhold 0,820981 0,000405
woman 0,030459 0,000030
wonderful 0,162519 0,000080
wood 0,083382 0,000041
word 0,020203 0,000010
wording 2,525729 0,001245
worthy 0,186330 0,000092
wound 0,198451 0,000098
wounded 0,274437 0,000135
wrath 0,634878 0,000313
wreak 1,966113 0,000969
wretch 0,653926 0,000322
write 0,020203 0,000010
writer 0,328504 0,000162
writing 0,061875 0,000031
wrong 0,072571 0,000036
yard 0,223144 0,000110
yield 0,174353 0,000258
york 0,916291 0,000452
zeal 0,579818 0,000286
