aback 1,660731 0,000331
abandon 0,223144 0,000089
abe 1,897120 0,000378
abeam 3,506558 0,000698
ablaze 2,207275 0,000439
aboard 1,237874 0,000246
abominable 0,867501 0,000173
abraham 1,386294 0,000276
absence 0,274437 0,000109
absent 0,371064 0,000074
absolute 0,400478 0,000080
absurd 0,430783 0,000086
absurdly 1,427116 0,000284
accent 0,634878 0,000126
accident 0,274437 0,000109
accidental 0,755023 0,000150
accompany 0,094311 0,000019
accomplice 1,347074 0,000268
accomplish 0,634878 0,000126
accomplishment 0,994252 0,000198
account 0,010050 0,000004
accoutrement 3,506558 0,000698
accuracy 1,108663 0,000221
accurate 0,941609 0,000187
accursed 1,108663 0,000221
accuse 0,385662 0,000077
accustomed 0,287682 0,000057
ace 2,040221 0,000406
ache 0,733969 0,000292
achievement 1,171183 0,000233
acknowledge 0,274437 0,000055
acquaintance 0,248461 0,000049
acquiescence 1,427116 0,000284
acre 0,776529 0,000155
action 0,094311 0,000019
active 0,127833 0,000025
actual 0,174353 0,000035
add 0,094311 0,000038
addition 0,116534 0,000046
address 0,072571 0,000029
adjoin 0,798508 0,000159
admirable 0,527633 0,000105
admirably 1,203973 0,000240
admiral 1,347074 0,000268
admiration 0,342490 0,000068
admire 0,356675 0,000071
admiringly 2,407946 0,000479
admit 0,116534 0,000023
admixture 2,525729 0,000503
adopt 0,673345 0,000134
adrift 1,660731 0,000331
advance 0,061875 0,000037
advantage 0,127833 0,000025
adventure 0,301105 0,000120
adversary 0,867501 0,000173
advice 0,186330 0,000037
affair 0,094311 0,000038
affect 0,478036 0,000095
affectionate 0,616186 0,000123
afford 0,186330 0,000037
affy 3,912023 0,000779
afire 2,407946 0,000479
afloat 1,966113 0,000391
afoot 1,660731 0,000331
afraid 0,105361 0,000021
afresh 1,021651 0,000203
aft 1,771957 0,000353
afternoon 0,274437 0,000055
age 0,040822 0,000008
agile 1,427116 0,000284
agin 2,120264 0,000422
agitated 0,693147 0,000138
agone 2,659260 0,000529
agony 0,462035 0,000092
agree 0,051293 0,000010
agreeable 0,462035 0,000092
ague 1,609438 0,000320
ahoy 2,995732 0,000596
aid 0,210721 0,000042
aim 0,287682 0,000229
air 0,061875 0,000025
airily 2,120264 0,000422
airy 1,237874 0,000246
alan 2,659260 0,000529
alarm 0,314711 0,000125
alarmed 0,478036 0,000095
alarming 0,867501 0,000173
ale 1,660731 0,000331
alert 0,843970 0,000168
alexander 1,108663 0,000221
alight 0,755023 0,000150
alike 0,287682 0,000057
alive 0,051293 0,000010
allowance 0,713350 0,000142
ally 0,713350 0,000284
aloft 0,916291 0,000182
aloud 0,301105 0,000060
alow 3,506558 0,000698
alteration 0,261365 0,000052
altogether 0,198451 0,000040
amass 1,560648 0,000311
ambiguity 1,897120 0,000378
ambush 1,309333 0,000782
amen 1,237874 0,000246
america 0,579818 0,000115
american 0,634878 0,000126
amidship 2,995732 0,000596
amiss 0,798508 0,000159
ammunition 1,660731 0,000331
amphitheatre 2,120264 0,000422
ample 0,527633 0,000105
amuck 3,218876 0,000641
anchor 0,776529 0,000309
anchorage 2,525729 0,000503
ancient 0,198451 0,000040
anderson 2,120264 0,000422
anecdote 1,272966 0,000253
anger 0,287682 0,000057
angle 0,478036 0,000190
angrily 0,867501 0,000173
angry 0,174353 0,000035
animal 0,223144 0,000044
ankle 0,916291 0,000182
annoyance 0,967584 0,000193
annoyed 0,733969 0,000146
annoyingly 3,218876 0,000641
answer 0,020203 0,000012
antelope 2,040221 0,000406
anticipation 0,733969 0,000146
anxiety 0,287682 0,000057
anxious 0,261365 0,000052
anxiously 0,693147 0,000138
aperture 1,560648 0,000311
apiece 1,309333 0,000261
apologetically 2,040221 0,000406
apology 0,527633 0,000105
apoplectic 2,207275 0,000439
apoplexy 2,525729 0,000503
apparition 0,994252 0,000198
appeal 0,261365 0,000052
appearance 0,072571 0,000014
appears 3,912023 0,000779
append 2,040221 0,000406
appetite 0,314711 0,000125
apple 0,494296 0,000197
apply 0,116534 0,000023
apprehension 0,494296 0,000197
apprentice 1,427116 0,000284
approach 0,040822 0,000024
approval 0,798508 0,000159
arch 0,713350 0,000142
archbishop 1,560648 0,000311
argue 0,371064 0,000148
argument 0,287682 0,000057
arm 0,030459 0,000012
armchair 1,660731 0,000331
armed 0,385662 0,000077
armpit 2,207275 0,000439
aroma 2,525729 0,000503
arouse 0,653926 0,000130
arrange 0,198451 0,000079
arrangement 0,274437 0,000109
arrant 2,407946 0,000479
arrival 0,328504 0,000065
arrive 0,083382 0,000033
arrow 0,510826 0,000102
art 0,127833 0,000025
article 0,400478 0,000080
artificial 0,616186 0,000123
artly 3,912023 0,000779
ascend 0,430783 0,000086
ascent 0,994252 0,000198
ascertain 0,597837 0,000119
ash 0,400478 0,000159
ashamed 0,248461 0,000049
ashen 2,302585 0,000458
ashore 1,139434 0,000227
asleep 0,162519 0,000032
ass 0,916291 0,000365
assailant 1,139434 0,000454
assault 0,798508 0,000159
assistance 0,105361 0,000021
assizes 2,525729 0,000503
assurance 0,430783 0,000086
assure 0,127833 0,000051
astern 2,120264 0,000422
astonishment 0,301105 0,000060
athwart 1,560648 0,000311
atmosphere 0,579818 0,000115
atrocious 1,427116 0,000284
attack 0,198451 0,000119
attempt 0,051293 0,000031
attend 0,127833 0,000025
attention 0,083382 0,000017
attitude 0,446287 0,000089
attract 0,261365 0,000052
audible 0,916291 0,000182
august 0,616186 0,000123
author 0,116534 0,000023
autumn 0,653926 0,000130
avast 2,995732 0,000596
avenue 0,820981 0,000163
avoid 0,105361 0,000042
avowed 1,386294 0,000276
await 0,314711 0,000125
awake 0,150823 0,000090
awaken 0,430783 0,000086
aware 0,223144 0,000044
awful 0,328504 0,000065
awhile 0,967584 0,000193
awkward 0,544727 0,000108
ax 1,771957 0,000705
axe 1,049822 0,000209
axis 1,237874 0,000246
aye 1,347074 0,000268
azalea 3,218876 0,000641
babble 1,427116 0,000284
babby 3,218876 0,000641
baccy 3,506558 0,000698
bachelor 0,967584 0,000193
backstay 3,218876 0,000641
bacon 0,994252 0,000198
bad 0,020203 0,000012
badly 0,446287 0,000089
baffle 0,994252 0,000198
bag 0,446287 0,000178
bail 1,966113 0,000391
bailey 2,407946 0,000479
baked 1,237874 0,000246
baking 1,832581 0,000365
balance 0,342490 0,000205
bald 0,967584 0,000193
bale 1,660731 0,000661
ball 0,287682 0,000115
ballad 1,609438 0,000320
bandage 1,108663 0,000441
bandaged 1,832581 0,000365
bandoleer 3,912023 0,000779
bang 1,049822 0,000418
bank 0,210721 0,000084
banker 1,139434 0,000227
banner 0,967584 0,000193
bar 0,235722 0,000141
barbecue 2,995732 0,000596
bare 0,150823 0,000030
bargain 0,527633 0,000315
bark 0,478036 0,000190
barn 1,237874 0,000246
barrel 0,673345 0,000268
barrelled 2,525729 0,000503
barrow 1,897120 0,000378
basin 0,916291 0,000182
basket 0,579818 0,000115
bated 2,659260 0,000529
bathe 1,139434 0,000227
batten 2,407946 0,000479
battle 0,235722 0,000047
bay 0,510826 0,000203
beach 1,049822 0,000418
beached 2,995732 0,000596
bead 1,171183 0,000233
beam 0,430783 0,000171
bear 0,000000 0,000000
bearer 0,776529 0,000155
bearing 1,427116 0,000284
beat 0,083382 0,000066
beautiful 0,083382 0,000017
becalm 2,407946 0,000479
bed 0,051293 0,000020
beetle 1,514128 0,000301
befall 0,527633 0,000105
beg 0,116534 0,000046
beggar 0,597837 0,000119
behave 0,462035 0,000092
behaviour 0,941609 0,000187
behold 0,235722 0,000094
belay 3,218876 0,000641
belief 0,198451 0,000040
bell 0,301105 0,000120
bellow 1,272966 0,000253
belly 0,798508 0,000159
belong 0,072571 0,000014
belt 0,653926 0,000130
ben 1,609438 0,000320
bench 0,544727 0,000108
bend 0,314711 0,000125
beneath 0,198451 0,000040
benefit 0,356675 0,000071
benjamin 1,714798 0,000341
bent 0,174353 0,000035
berry 1,347074 0,000268
berth 1,771957 0,001058
besieger 2,659260 0,000529
bestow 0,430783 0,000086
betray 0,301105 0,000060
bewilder 0,776529 0,000155
bible 0,755023 0,000301
bid 0,186330 0,000148
bigness 2,207275 0,000439
bilge 2,995732 0,000596
billow 1,427116 0,000284
billy 2,207275 0,000439
bind 0,030459 0,000012
bird 0,150823 0,000060
birthday 1,108663 0,000221
biscuit 1,272966 0,000507
bishop 1,049822 0,000209
bit 0,139262 0,000055
bite 0,371064 0,000222
bitter 0,210721 0,000042
bitterly 0,579818 0,000115
blab 2,525729 0,000503
blabbed 3,912023 0,000779
black 0,061875 0,000025
blackbeard 2,995732 0,000596
blacken 1,139434 0,000227
blacker 1,660731 0,000331
blackness 1,237874 0,000246
blade 0,616186 0,000245
blame 0,162519 0,000065
bland 2,040221 0,000406
blandly 1,897120 0,000378
blank 0,527633 0,000105
blast 0,462035 0,000092
blaze 0,634878 0,000253
blazes 1,832581 0,000365
blear 2,525729 0,000503
bleed 0,967584 0,000193
bleeding 0,843970 0,000168
bless 0,415515 0,000083
blessed 0,356675 0,000071
blind 0,174353 0,000035
blindfold 1,897120 0,000378
blindness 0,994252 0,000198
blink 0,994252 0,000198
block 0,494296 0,000197
blond 2,302585 0,000458
blood 0,116534 0,000046
bloodthirsty 2,207275 0,000439
bloody 0,527633 0,000105
blot 0,820981 0,000163
blow 0,061875 0,000062
blue 0,174353 0,000035
blues 2,525729 0,000503
bluff 1,514128 0,000301
blunder 0,776529 0,000155
blunt 0,891598 0,000177
blur 1,309333 0,000261
board 0,261365 0,000156
boarder 1,966113 0,000783
boarding 1,272966 0,000253
boast 0,328504 0,000065
boasting 1,108663 0,000221
boat 0,446287 0,000089
boats 0,820981 0,000163
boatswain 2,407946 0,000479
bodily 0,673345 0,000134
body 0,010050 0,000004
bog 1,469676 0,000293
boil 0,385662 0,000154
bold 0,223144 0,000089
bolt 0,494296 0,000197
bolus 2,995732 0,000596
bombardment 2,659260 0,000529
bone 0,198451 0,000040
bonfire 1,966113 0,000391
book 0,040822 0,000016
bookcase 1,897120 0,000378
boom 1,347074 0,000536
booming 1,560648 0,000311
boot 0,430783 0,000086
booty 1,309333 0,000261
boozy 3,506558 0,000698
border 0,400478 0,000080
bore 0,820981 0,000163
bosom 0,446287 0,000089
bottle 0,430783 0,000171
bough 0,916291 0,000365
bounce 1,609438 0,000641
bound 0,301105 0,000120
bout 1,237874 0,000246
bow 0,127833 0,000051
bowl 0,616186 0,000245
bowsprit 2,407946 0,000479
bowstring 2,525729 0,000503
box 0,248461 0,000099
boy 0,105361 0,000042
brace 0,891598 0,000177
brain 0,314711 0,000125
bramble 1,714798 0,000341
bran 2,120264 0,000422
branch 0,186330 0,000074
brand 0,733969 0,000292
brandy 0,941609 0,000187
brass 0,462035 0,000092
brave 0,342490 0,000136
bravo 1,771957 0,000353
bread 0,248461 0,000049
break 0,010050 0,000008
breaker 1,347074 0,000536
breakfast 0,342490 0,000205
breast 0,198451 0,000040
breasted 2,302585 0,000458
breath 0,174353 0,000035
breathe 0,261365 0,000104
breathing 0,462035 0,000092
breathlessly 1,714798 0,000341
breeches 1,203973 0,000240
breeze 0,713350 0,000142
brew 1,897120 0,000378
bribe 0,891598 0,000177
bridge 0,430783 0,000086
brier 2,302585 0,000458
bright 0,094311 0,000019
brighten 0,673345 0,000134
brightness 0,634878 0,000126
bring 0,000000 0,000000
brisk 0,941609 0,000375
briskly 0,967584 0,000193
bristle 0,941609 0,000187
bristol 2,407946 0,000479
british 0,843970 0,000168
britons 2,302585 0,000458
broach 2,120264 0,000422
broad 0,127833 0,000025
broadcloth 2,525729 0,000503
broadside 2,407946 0,000479
brood 0,597837 0,000119
broom 1,347074 0,000268
brow 0,446287 0,000178
brown 0,274437 0,000055
brush 0,478036 0,000190
brute 0,462035 0,000092
bubble 0,941609 0,000375
buccaneer 2,813411 0,001680
buck 1,386294 0,000276
bucket 1,049822 0,000209
buckle 1,309333 0,000261
budge 1,427116 0,000284
build 0,094311 0,000038
building 0,210721 0,000084
bulk 0,820981 0,000163
bulkhead 2,995732 0,001193
bull 0,430783 0,000086
bullet 0,867501 0,000345
bully 1,203973 0,000479
bulrush 2,407946 0,000479
bulwark 1,386294 0,000552
bumboat 3,912023 0,000779
bunch 0,776529 0,000155
bundle 0,653926 0,000130
bungle 2,525729 0,000503
bungling 2,995732 0,000596
bunk 2,120264 0,000422
buoy 1,832581 0,000365
buoyant 1,897120 0,000378
burly 1,609438 0,000320
burn 0,061875 0,000049
burnish 1,966113 0,000391
burst 0,248461 0,000049
burthen 2,120264 0,000422
bury 0,186330 0,000037
bush 0,430783 0,000171
business 0,040822 0,000008
bust 1,108663 0,000221
bustle 0,693147 0,000138
bustling 1,386294 0,000276
busy 0,210721 0,000084
butcher 0,891598 0,000177
butt 1,078810 0,000215
button 0,693147 0,000138
bye 0,776529 0,000155
bygones 3,218876 0,000641
cabin 0,843970 0,000336
cable 1,386294 0,000552
cache 3,218876 0,000641
cage 0,941609 0,000187
cain 1,660731 0,000331
cake 0,733969 0,000146
calculate 0,116534 0,000023
calf 0,798508 0,000159
callous 1,469676 0,000293
calm 0,274437 0,000055
calmly 0,510826 0,000102
calumny 1,714798 0,000341
camp 0,544727 0,000217
campaign 1,021651 0,000203
candle 0,415515 0,000083
canikin 3,912023 0,000779
cannibal 1,832581 0,000365
cannikin 3,506558 0,000698
cannon 0,916291 0,000182
cannonade 2,302585 0,000458
cannonball 3,218876 0,000641
canting 3,912023 0,000779
canvas 0,916291 0,000182
cap 0,356675 0,000071
capable 0,261365 0,000052
cape 0,916291 0,000182
capital 0,314711 0,000063
capsize 2,659260 0,000529
capstan 2,525729 0,000503
captain 0,328504 0,000065
captor 2,302585 0,000458
capture 0,597837 0,000119
carcass 1,171183 0,000466
card 0,139262 0,000028
care 0,000000 0,000000
careen 2,659260 0,000529
careful 0,174353 0,000035
carefully 0,139262 0,000028
careless 0,494296 0,000098
carelessly 0,776529 0,000155
cargo 1,237874 0,000246
carouse 2,207275 0,000439
carpenter 0,891598 0,000177
carpet 0,462035 0,000092
carriage 0,356675 0,000071
carry 0,010050 0,000006
cart 0,597837 0,000119
cask 1,309333 0,000261
cassandra 2,525729 0,000503
cast 0,116534 0,000023
casting 0,544727 0,000108
castle 0,755023 0,000150
cat 0,462035 0,000184
catch 0,072571 0,000029
catechism 1,832581 0,000365
caulker 3,912023 0,000779
caution 0,478036 0,000095
cavalier 1,660731 0,000331
cave 0,653926 0,000130
cease 0,061875 0,000037
cellar 0,798508 0,000159
cemetery 1,469676 0,000293
centre 0,385662 0,000077
certainty 0,342490 0,000068
cession 2,995732 0,000596
chain 0,174353 0,000035
chair 0,261365 0,000052
chance 0,061875 0,000025
change 0,010050 0,000006
chapel 1,078810 0,000215
chaplain 1,714798 0,000341
character 0,061875 0,000025
charge 0,040822 0,000016
charging 1,347074 0,000268
charity 0,186330 0,000037
charming 0,527633 0,000105
chart 1,514128 0,000301
chase 0,430783 0,000086
chat 0,867501 0,000173
chatter 0,713350 0,000142
cheaply 1,966113 0,000391
cheat 0,776529 0,000155
cheek 0,261365 0,000104
cheer 0,356675 0,000213
cheerful 0,385662 0,000077
cheerily 1,660731 0,000331
cheery 1,514128 0,000301
cheese 0,967584 0,000193
chequered 2,813411 0,000560
chest 0,342490 0,000068
chicken 0,941609 0,000187
chief 0,094311 0,000038
chieftain 2,040221 0,000406
child 0,040822 0,000016
childish 0,713350 0,000142
chill 0,597837 0,000119
chilled 1,139434 0,000227
chimney 0,634878 0,000126
chin 0,478036 0,000095
chine 2,813411 0,000560
chink 1,347074 0,000268
chirp 1,660731 0,000331
choice 0,150823 0,000060
choke 0,446287 0,000089
choose 0,020203 0,000012
choosing 0,867501 0,000173
chorus 0,941609 0,000187
christen 1,347074 0,000268
christian 0,385662 0,000077
chuck 1,832581 0,000730
chuckle 0,941609 0,000187
church 0,261365 0,000052
circling 1,203973 0,000240
circuit 0,867501 0,000173
circumspectly 2,525729 0,000503
circumstance 0,116534 0,000046
city 0,051293 0,000010
civil 0,544727 0,000108
civility 1,309333 0,000261
clacking 2,813411 0,000560
claim 0,083382 0,000017
clamber 1,272966 0,000507
clap 0,755023 0,000301
clapping 1,108663 0,000221
clash 1,078810 0,000215
clasp 1,021651 0,000203
clasped 0,843970 0,000168
class 0,248461 0,000049
classic 1,108663 0,000221
clatter 0,941609 0,000187
clause 1,832581 0,000365
claw 0,798508 0,000159
clay 0,494296 0,000098
clean 0,210721 0,000084
cleaning 1,049822 0,000209
cleanly 1,832581 0,000365
cleansing 1,832581 0,000365
clearing 1,386294 0,000276
cleft 1,237874 0,000493
clench 1,771957 0,000353
clever 0,371064 0,000074
cleverness 1,609438 0,000320
cliff 0,916291 0,000182
cliffy 3,218876 0,000641
climate 0,713350 0,000142
climb 0,400478 0,000159
climbing 0,733969 0,000146
cling 0,415515 0,000165
clink 2,120264 0,000422
clip 1,469676 0,000293
cloak 0,527633 0,000105
clock 0,510826 0,000102
close 0,010050 0,000006
closely 0,223144 0,000044
cloth 0,356675 0,000071
clothe 0,287682 0,000057
clothes 0,127833 0,000025
clothing 0,776529 0,000155
cloud 0,150823 0,000060
cloudless 1,514128 0,000301
clove 1,966113 0,000391
clue 1,049822 0,000209
clump 1,171183 0,000466
clumsy 0,994252 0,000198
cluster 0,693147 0,000138
coach 0,755023 0,000150
coal 0,527633 0,000105
coarsely 2,120264 0,000422
coast 0,544727 0,000217
coat 0,235722 0,000094
cock 0,713350 0,000284
cocked 1,237874 0,000246
cockerel 3,506558 0,000698
cockroach 3,218876 0,000641
cognac 2,995732 0,000596
coil 0,867501 0,000173
coin 0,544727 0,000217
coinage 2,407946 0,000479
cold 0,040822 0,000016
collapse 1,108663 0,000221
collect 0,248461 0,000099
collection 0,162519 0,000032
college 0,693147 0,000138
colour 0,510826 0,000203
coloured 0,693147 0,000138
colouring 1,514128 0,000301
coltish 3,912023 0,000779
column 0,562119 0,000224
comb 0,916291 0,000182
combined 0,713350 0,000142
comeliness 2,407946 0,000479
comfort 0,105361 0,000042
comical 1,560648 0,000311
command 0,116534 0,000070
commander 0,867501 0,000173
commentary 1,427116 0,000284
common 0,072571 0,000014
communicate 0,446287 0,000089
compact 0,867501 0,000173
companion 0,150823 0,000060
company 0,020203 0,000004
comparative 0,994252 0,000198
compass 0,579818 0,000231
competent 1,139434 0,000227
complain 0,198451 0,000040
complaint 0,478036 0,000095
complete 0,105361 0,000042
completely 0,274437 0,000055
compliment 0,462035 0,000092
composure 1,049822 0,000209
comprehend 0,478036 0,000095
computation 1,609438 0,000320
comrade 0,693147 0,000276
conceal 0,198451 0,000119
conceited 1,139434 0,000227
concern 0,342490 0,000068
concession 1,427116 0,000284
conclusion 0,210721 0,000042
condescending 1,771957 0,000353
condition 0,051293 0,000010
conduct 0,094311 0,000019
confess 0,127833 0,000051
confession 0,579818 0,000115
confessions 1,714798 0,000341
confidant 1,714798 0,000341
confidence 0,139262 0,000055
confidential 1,021651 0,000203
configuration 2,659260 0,000529
confound 0,430783 0,000171
confoundedly 3,218876 0,000641
confront 0,776529 0,000155
confusion 0,287682 0,000057
congregate 1,832581 0,000365
conical 2,407946 0,000479
connive 2,302585 0,000458
connoisseur 1,660731 0,000331
conquest 0,967584 0,000193
conscience 0,301105 0,000060
conscious 0,314711 0,000063
consciousness 0,371064 0,000074
consent 0,223144 0,000044
consequence 0,186330 0,000037
considerable 0,105361 0,000021
consort 1,309333 0,000261
conspicuous 0,916291 0,000182
conspirator 1,832581 0,000365
constant 0,051293 0,000010
consult 0,400478 0,000080
consultation 0,916291 0,000182
consulting 0,891598 0,000177
contemptuously 1,237874 0,000246
contend 0,597837 0,000119
content 0,174353 0,000035
continual 0,693147 0,000138
continually 0,446287 0,000089
continued 0,072571 0,000014
continuous 0,867501 0,000173
continuously 1,469676 0,000293
contorted 2,120264 0,000422
contortion 1,897120 0,000378
contrariety 2,525729 0,000503
contrary 0,198451 0,000040
contrast 0,385662 0,000154
contribute 0,510826 0,000102
contrived 0,713350 0,000142
convenient 0,462035 0,000092
conversation 0,186330 0,000037
convince 0,198451 0,000040
cook 0,223144 0,000133
cool 0,248461 0,000099
cooling 1,272966 0,000253
coolly 1,021651 0,000203
coolness 1,171183 0,000233
cooper 2,040221 0,000406
copper 0,713350 0,000284
coracle 3,912023 0,000779
coral 1,514128 0,000301
cord 0,693147 0,000276
cordage 2,207275 0,000439
cordial 1,049822 0,000209
corn 0,527633 0,000105
corner 0,072571 0,000029
corpse 0,616186 0,000123
corruption 0,820981 0,000163
corso 2,659260 0,000529
cost 0,105361 0,000021
cottage 0,653926 0,000130
cough 0,733969 0,000146
council 0,653926 0,000260
count 0,116534 0,000046
countenance 0,371064 0,000074
counter 0,733969 0,000146
countless 1,203973 0,000240
country 0,010050 0,000004
couple 0,248461 0,000049
courage 0,150823 0,000030
court 0,094311 0,000019
cove 1,832581 0,000365
cover 0,223144 0,000044
covered 0,139262 0,000028
covering 0,415515 0,000083
cow 0,653926 0,000130
coward 0,776529 0,000309
cowardice 0,994252 0,000198
cowardly 0,994252 0,000198
coxswain 3,218876 0,000641
crack 0,478036 0,000285
craft 0,733969 0,000146
craftily 2,407946 0,000479
crag 1,514128 0,000603
craggy 1,714798 0,000341
crane 1,237874 0,000246
crashing 1,386294 0,000276
crave 1,347074 0,000268
crawl 0,494296 0,000295
crazy 0,916291 0,000182
creak 0,967584 0,000385
creation 0,198451 0,000040
creature 0,116534 0,000023
credit 0,094311 0,000019
creep 0,198451 0,000079
creeper 2,040221 0,000406
crew 0,755023 0,000301
cricket 1,469676 0,000293
crime 0,261365 0,000104
cripple 1,469676 0,000293
crippled 1,469676 0,000293
crisis 0,820981 0,000163
croak 1,386294 0,000276
crooked 0,755023 0,000150
crop 0,653926 0,000130
cross 0,083382 0,000066
crossley 3,912023 0,000779
crouching 1,049822 0,000209
crow 0,867501 0,000173
crowd 0,174353 0,000035
crown 0,210721 0,000042
crucifix 1,966113 0,000391
cruel 0,261365 0,000052
cruelly 0,820981 0,000163
cruelty 0,462035 0,000092
cruise 1,660731 0,000661
crumb 1,427116 0,000284
crush 0,274437 0,000055
crutch 1,771957 0,000353
cub 1,771957 0,000353
cumberland 1,966113 0,000391
cunning 0,462035 0,000092
cure 0,314711 0,000125
curiosity 0,210721 0,000042
curious 0,261365 0,000052
curiously 0,776529 0,000155
curl 0,510826 0,000102
current 0,116534 0,000023
curse 0,342490 0,000205
cursing 1,203973 0,000240
curtain 0,328504 0,000131
custom 0,210721 0,000042
customer 1,139434 0,000454
cut 0,030459 0,000006
cutlass 2,207275 0,000879
cutter 1,560648 0,000311
cutwater 3,912023 0,000779
daddle 3,912023 0,000779
dagger 1,139434 0,000227
daily 0,248461 0,000049
dainty 0,634878 0,000126
dale 1,714798 0,000341
dally 1,966113 0,000391
damage 0,223144 0,000044
damp 0,400478 0,000159
dance 0,235722 0,000047
dancing 0,371064 0,000074
danger 0,105361 0,000042
dangerous 0,150823 0,000030
darby 2,995732 0,000596
daring 0,843970 0,000168
dark 0,051293 0,000010
darken 0,634878 0,000126
darkening 1,514128 0,000301
darkness 0,186330 0,000037
dart 0,562119 0,000112
dash 0,400478 0,000239
daub 1,660731 0,000331
david 0,597837 0,000119
davis 2,207275 0,000439
davy 2,813411 0,000560
dawn 0,314711 0,000063
day 0,000000 0,000000
daybreak 1,203973 0,000240
daylight 0,446287 0,000089
daze 1,309333 0,000261
dead 0,072571 0,000014
deadly 0,478036 0,000095
deal 0,061875 0,000012
deary 2,995732 0,000596
death 0,020203 0,000004
debt 0,494296 0,000098
deceive 0,261365 0,000052
deception 0,916291 0,000182
decide 0,040822 0,000016
deck 0,544727 0,000217
declare 0,139262 0,000083
decline 0,356675 0,000071
dedicate 0,967584 0,000193
deed 0,287682 0,000115
deep 0,020203 0,000004
deeply 0,261365 0,000052
deer 0,867501 0,000173
defeat 0,634878 0,000126
defence 0,527633 0,000210
defenceless 1,897120 0,000378
defend 0,301105 0,000060
defender 1,427116 0,000284
deform 0,967584 0,000193
defy 0,693147 0,000138
degree 0,150823 0,000030
delay 0,186330 0,000111
deliberately 0,693147 0,000138
delicacy 0,597837 0,000119
delicate 0,301105 0,000060
delight 0,150823 0,000030
delighted 0,287682 0,000057
delightful 0,478036 0,000095
dell 2,040221 0,000406
demolish 1,560648 0,000621
demon 0,916291 0,000182
dense 0,693147 0,000138
densely 1,832581 0,000365
deny 0,072571 0,000029
depart 0,162519 0,000032
departure 0,430783 0,000086
depend 0,040822 0,000008
dependent 0,820981 0,000163
deplore 1,237874 0,000246
depose 1,714798 0,000341
dereliction 3,506558 0,000698
derision 1,108663 0,000221
derisively 2,525729 0,000503
descend 0,174353 0,000069
description 0,248461 0,000049
desert 0,314711 0,000063
deserted 0,385662 0,000077
desertion 1,514128 0,000301
deserve 0,314711 0,000063
design 0,287682 0,000115
desire 0,051293 0,000031
desirous 0,634878 0,000126
desisted 1,966113 0,000391
desolate 0,733969 0,000146
despair 0,174353 0,000035
desperado 2,813411 0,000560
desperate 0,328504 0,000065
despise 0,342490 0,000068
destination 1,078810 0,000215
destine 0,494296 0,000098
destroy 0,061875 0,000025
determine 0,061875 0,000012
detestable 1,203973 0,000240
detour 2,120264 0,000422
deuce 1,560648 0,000311
developed 0,544727 0,000108
devil 0,301105 0,000120
devoutly 1,386294 0,000276
dexterity 1,560648 0,000311
diabolical 1,714798 0,000341
diagonal 2,525729 0,000503
dice 1,469676 0,000293
dick 1,771957 0,000353
die 0,010050 0,000004
diet 1,078810 0,000215
difficult 0,116534 0,000023
difficulty 0,116534 0,000023
dig 0,356675 0,000213
dignity 0,314711 0,000063
dilapidation 2,813411 0,000560
dilly 2,995732 0,000596
dimension 0,916291 0,000182
diminished 0,776529 0,000155
dimly 0,867501 0,000173
dine 0,562119 0,000112
dingle 3,506558 0,000698
dinner 0,186330 0,000037
dip 0,673345 0,000268
direct 0,040822 0,000008
direction 0,051293 0,000020
dirk 3,218876 0,000641
dirty 0,544727 0,000108
disaffected 2,813411 0,000560
disappear 0,223144 0,000089
disappointment 0,462035 0,000092
disapproval 1,966113 0,000391
disarray 2,813411 0,000560
disaster 0,820981 0,000163
disbelieve 1,832581 0,000365
discharge 0,478036 0,000190
discipline 0,634878 0,000126
disclose 0,634878 0,000253
discolour 1,832581 0,000365
discomfort 1,108663 0,000221
discontent 0,616186 0,000123
discover 0,030459 0,000006
discovery 0,287682 0,000057
discuss 0,400478 0,000159
discussion 0,597837 0,000119
disgrace 0,462035 0,000092
disgust 0,430783 0,000086
dish 0,478036 0,000095
dislodge 1,771957 0,000353
dismiss 0,430783 0,000086
dismount 1,272966 0,000507
dispatch 0,967584 0,000385
disperse 0,776529 0,000155
displace 1,309333 0,000261
displeased 1,108663 0,000221
disposed 0,385662 0,000077
disposition 0,371064 0,000074
disquietude 2,407946 0,000479
dissatisfied 1,021651 0,000203
distance 0,105361 0,000021
distant 0,162519 0,000032
distinct 0,301105 0,000060
distinguish 0,314711 0,000063
distress 0,274437 0,000055
distressed 0,673345 0,000134
district 0,713350 0,000284
disturb 0,198451 0,000079
ditch 0,994252 0,000198
ditty 2,302585 0,000458
dive 0,967584 0,000385
diver 1,021651 0,000203
diversity 1,560648 0,000311
divide 0,150823 0,000090
divine 0,356675 0,000071
divinity 0,867501 0,000173
dock 1,514128 0,000603
doctor 0,400478 0,000159
dodge 1,049822 0,000627
dog 0,186330 0,000074
doggedly 1,897120 0,000378
dogger 3,218876 0,000641
doit 3,506558 0,000698
doldrums 3,912023 0,000779
dolefully 2,813411 0,000560
dollar 1,237874 0,000246
dolt 2,813411 0,000560
doo 3,218876 0,000641
doom 0,579818 0,000115
door 0,000000 0,000000
doorway 0,733969 0,000146
dose 1,108663 0,000221
dot 1,469676 0,000293
dotted 1,347074 0,000268
double 0,139262 0,000055
doubloon 3,218876 0,000641
doubly 1,049822 0,000209
doubt 0,040822 0,000016
douse 2,995732 0,000596
downhearted 2,659260 0,000529
downhill 2,120264 0,000422
downright 1,272966 0,000253
downstairs 1,049822 0,000209
doze 0,891598 0,000177
dozen 0,415515 0,000165
drag 0,248461 0,000099
dragon 1,021651 0,000203
drain 0,820981 0,000163
drake 2,995732 0,000596
dram 1,832581 0,000365
draught 0,527633 0,000210
draw 0,020203 0,000016
dreadful 0,342490 0,000068
dreadfully 1,021651 0,000203
dream 0,083382 0,000050
dreary 0,673345 0,000134
drench 1,171183 0,000233
dress 0,162519 0,000032
dressed 0,261365 0,000052
drift 0,462035 0,000092
drink 0,072571 0,000043
drinking 0,371064 0,000074
dripping 0,891598 0,000177
drive 0,030459 0,000012
drone 1,514128 0,000603
droop 0,798508 0,000318
drop 0,061875 0,000037
drown 0,314711 0,000063
drub 3,912023 0,000779
drug 0,967584 0,000193
drunk 0,415515 0,000083
drunkard 0,994252 0,000198
drunken 0,820981 0,000163
drunkenness 1,237874 0,000246
dry 0,116534 0,000070
duck 0,820981 0,000327
duff 2,995732 0,000596
duke 0,967584 0,000193
dull 0,174353 0,000035
duly 0,843970 0,000168
dumb 0,562119 0,000112
duplicity 2,040221 0,000406
dusk 0,941609 0,000187
duskily 3,912023 0,000779
dust 0,162519 0,000032
dutchman 1,966113 0,000391
dutchmen 2,207275 0,000439
duty 0,061875 0,000012
dwarf 1,021651 0,000203
dwindle 1,427116 0,000284
dysentery 3,218876 0,000641
eagerness 0,544727 0,000108
ear 0,061875 0,000025
earn 0,446287 0,000178
earnest 0,261365 0,000052
earnestly 0,415515 0,000083
earring 1,660731 0,000331
earshot 2,302585 0,000458
earthquake 1,021651 0,000203
ease 0,150823 0,000030
easily 0,072571 0,000014
east 0,235722 0,000094
easterly 1,966113 0,000391
eastern 0,733969 0,000146
eastward 1,203973 0,000240
eastwards 3,218876 0,000641
easy 0,000000 0,000000
eat 0,040822 0,000024
eatables 2,813411 0,000560
eating 0,235722 0,000047
ebb 1,078810 0,000215
echo 0,356675 0,000213
eddy 1,237874 0,000246
edge 0,150823 0,000060
eel 1,609438 0,000320
effectual 1,203973 0,000240
effort 0,094311 0,000038
egg 1,021651 0,000203
eggs 0,776529 0,000155
eighth 0,798508 0,000159
elaborate 0,867501 0,000173
elated 1,469676 0,000293
elbow 0,494296 0,000197
elderly 0,843970 0,000168
elect 0,210721 0,000042
embark 1,139434 0,000227
embarrassed 0,916291 0,000182
embarrassment 0,994252 0,000198
embassy 1,469676 0,000293
ember 1,108663 0,000221
emboldener 3,912023 0,000779
eminence 1,237874 0,000246
emissary 2,207275 0,000439
emphasis 0,891598 0,000177
empire 0,634878 0,000126
employer 1,347074 0,000268
employment 0,527633 0,000105
enchantment 1,139434 0,000227
enclose 0,713350 0,000284
enclosure 1,139434 0,000227
encounter 0,446287 0,000089
encourage 0,301105 0,000120
encouragement 0,755023 0,000150
endless 0,478036 0,000095
enemy 0,105361 0,000042
engage 0,494296 0,000098
engaged 0,198451 0,000040
england 0,385662 0,000077
english 0,094311 0,000019
englishman 0,820981 0,000327
enjoy 0,072571 0,000029
enjoyment 0,562119 0,000112
enlarge 0,673345 0,000134
enow 3,506558 0,000698
ensign 1,469676 0,000293
ensure 0,342490 0,000068
enter 0,020203 0,000008
entertainment 0,798508 0,000159
entire 0,274437 0,000055
entrance 0,210721 0,000042
entry 0,776529 0,000309
envelop 1,108663 0,000221
environ 1,832581 0,000365
envy 0,446287 0,000089
equal 0,162519 0,000097
equally 0,223144 0,000044
equip 0,967584 0,000193
ere 0,634878 0,000126
error 0,072571 0,000014
escapade 2,207275 0,000439
escape 0,061875 0,000025
estuary 2,659260 0,000529
eternal 0,415515 0,000083
eternity 0,673345 0,000134
europe 0,510826 0,000102
evening 0,072571 0,000029
event 0,150823 0,000030
evergreen 1,660731 0,000331
evidence 0,235722 0,000047
evidently 0,371064 0,000074
evil 0,150823 0,000030
exact 0,274437 0,000055
examination 0,385662 0,000077
examine 0,150823 0,000030
excavation 2,302585 0,000458
exceedingly 0,462035 0,000092
excellent 0,150823 0,000030
exception 0,446287 0,000089
exchange 0,210721 0,000042
excited 0,248461 0,000049
excitement 0,415515 0,000083
exciting 0,693147 0,000138
exclaim 0,287682 0,000057
exclamatory 3,218876 0,000641
excuse 0,139262 0,000055
execute 0,527633 0,000105
execution 0,597837 0,000119
exhausted 0,400478 0,000080
exhaustion 1,021651 0,000203
exist 0,072571 0,000014
expect 0,051293 0,000031
experience 0,072571 0,000014
experienced 0,356675 0,000071
experiment 0,494296 0,000098
explain 0,116534 0,000046
explanation 0,139262 0,000028
explanatory 1,771957 0,000353
explode 1,309333 0,000261
exploration 2,407946 0,000479
explore 0,713350 0,000284
explosion 1,203973 0,000240
expose 0,597837 0,000119
exposed 0,301105 0,000060
express 0,072571 0,000029
expression 0,116534 0,000046
extent 0,083382 0,000017
external 0,562119 0,000112
extra 0,820981 0,000163
extraordinary 0,371064 0,000074
extravagance 1,347074 0,000268
extreme 0,186330 0,000074
extremely 0,385662 0,000077
extricate 1,272966 0,000253
eye 0,000000 0,000000
eyebrow 0,673345 0,000134
eyed 0,597837 0,000119
eyeless 2,813411 0,000560
eyelid 0,891598 0,000177
fable 1,108663 0,000221
fail 0,072571 0,000029
failure 0,415515 0,000083
faint 0,186330 0,000111
faintly 0,713350 0,000142
faintness 1,714798 0,000341
fair 0,051293 0,000020
fairway 3,912023 0,000779
faith 0,210721 0,000042
faithful 0,261365 0,000052
fake 3,218876 0,000641
fall 0,000000 0,000000
familiar 0,150823 0,000030
family 0,061875 0,000012
famous 0,261365 0,000052
fan 0,579818 0,000115
fancy 0,162519 0,000097
faraway 2,995732 0,000596
farth 1,049822 0,000209
farthing 1,347074 0,000536
fashion 0,105361 0,000021
fast 0,030459 0,000012
fastening 1,966113 0,000391
fat 0,314711 0,000063
fatal 0,342490 0,000068
fatally 1,714798 0,000341
fate 0,174353 0,000035
father 0,061875 0,000012
fatherless 1,966113 0,000391
fathom 1,139434 0,000454
fatigue 0,494296 0,000098
fault 0,139262 0,000028
favour 0,544727 0,000108
favourable 0,776529 0,000155
favourably 1,771957 0,000353
favoured 1,021651 0,000203
favourite 0,653926 0,000130
fawn 1,078810 0,000215
fear 0,020203 0,000012
fearful 0,400478 0,000080
feasible 1,832581 0,000365
feature 0,261365 0,000052
feeble 0,356675 0,000071
feebly 0,843970 0,000168
feed 0,248461 0,000099
feel 0,020203 0,000004
feeling 0,072571 0,000029
feint 1,897120 0,000378
fell 1,171183 0,000233
fellow 0,040822 0,000016
fen 2,525729 0,000503
fence 0,693147 0,000138
fern 1,771957 0,000353
fetch 0,510826 0,000203
fever 0,342490 0,000068
feverish 0,843970 0,000168
fibre 1,560648 0,000311
fiddle 1,514128 0,000301
fidge 3,912023 0,000779
field 0,094311 0,000019
fiend 1,049822 0,000418
fierce 0,415515 0,000083
fiercely 0,776529 0,000155
fight 0,083382 0,000050
fighter 1,714798 0,000341
figure 0,051293 0,000010
figurehead 3,912023 0,001557
filthy 1,049822 0,000209
finally 0,150823 0,000030
fine 0,061875 0,000025
finely 1,171183 0,000233
finger 0,150823 0,000090
finish 0,287682 0,000057
finished 0,162519 0,000032
finishing 0,843970 0,000168
fir 1,427116 0,000284
firelight 1,660731 0,000331
firewood 1,897120 0,000378
firm 0,248461 0,000049
fish 0,287682 0,000115
fishing 0,755023 0,000150
fishy 2,525729 0,001005
fist 0,597837 0,000119
fit 0,030459 0,000024
flag 0,653926 0,000130
flap 0,891598 0,000355
flash 0,261365 0,000208
flat 0,139262 0,000028
flatter 0,755023 0,000150
flattering 0,798508 0,000159
flattery 0,867501 0,000173
flea 1,832581 0,000365
flee 0,301105 0,000120
fleet 0,713350 0,000142
fleeting 1,139434 0,000227
flesh 0,210721 0,000042
flicker 0,755023 0,000301
flight 0,287682 0,000057
flighty 2,207275 0,000439
fling 0,462035 0,000184
flint 1,171183 0,000233
flit 0,967584 0,000578
float 0,328504 0,000131
flock 0,385662 0,000077
flood 0,430783 0,000086
floor 0,174353 0,000035
flourish 0,562119 0,000112
flow 0,174353 0,000035
flower 0,174353 0,000069
flowering 1,966113 0,000391
flowery 1,771957 0,000353
flush 0,562119 0,000224
flutter 0,673345 0,000268
fluttering 0,994252 0,000198
fly 0,116534 0,000093
flying 0,235722 0,000047
foam 0,733969 0,000292
foe 0,616186 0,000245
fog 0,653926 0,000130
foggy 1,469676 0,000293
fold 0,287682 0,000057
foliage 0,916291 0,000182
folk 0,527633 0,000105
follow 0,020203 0,000004
follower 0,713350 0,000142
folly 0,274437 0,000055
fond 0,261365 0,000052
food 0,127833 0,000025
fool 0,235722 0,000094
foolery 2,302585 0,000458
foolhardiness 2,659260 0,000529
foolhardy 2,813411 0,000560
foolish 0,235722 0,000047
foolishly 1,139434 0,000227
foot 0,051293 0,000020
footfall 2,207275 0,000439
footing 0,820981 0,000163
footstep 0,430783 0,000086
forage 1,560648 0,000311
forbear 1,427116 0,000284
force 0,030459 0,000012
fore 0,755023 0,000150
forearm 2,407946 0,000479
forecastle 2,207275 0,000439
forefinger 1,272966 0,000253
forefoot 2,995732 0,000596
foreign 0,301105 0,000060
forelock 2,120264 0,000422
foremast 2,407946 0,000479
foremost 0,673345 0,000134
forest 0,356675 0,000071
forfeit 1,237874 0,000246
forget 0,010050 0,000006
forgive 0,314711 0,000063
form 0,020203 0,000004
formidable 0,673345 0,000134
fort 1,171183 0,000233
fortunate 0,415515 0,000083
fortune 0,162519 0,000032
foul 0,616186 0,000245
fouled 2,659260 0,000529
fourpenny 3,218876 0,000641
fours 1,771957 0,000353
fourteen 0,616186 0,000123
fourth 0,174353 0,000035
fowls 1,272966 0,000253
fraction 1,660731 0,000331
fracture 1,897120 0,000378
frame 0,174353 0,000035
framework 1,560648 0,000311
fray 1,021651 0,000203
freedom 0,223144 0,000044
freely 0,105361 0,000021
french 0,342490 0,000068
frenzy 0,867501 0,000173
frequent 0,287682 0,000057
fresh 0,105361 0,000021
freshly 1,347074 0,000268
friend 0,000000 0,000000
friendly 0,248461 0,000099
frigate 2,207275 0,000439
frighten 0,733969 0,000146
frightened 0,301105 0,000060
fringe 0,798508 0,000159
fro 0,494296 0,000098
frost 0,653926 0,000260
frosty 1,386294 0,000276
frown 0,673345 0,000134
frozen 0,733969 0,000146
fruit 0,162519 0,000032
fry 1,171183 0,000233
fuel 1,108663 0,000221
fugitive 0,967584 0,000193
fulfil 0,385662 0,000077
fun 0,798508 0,000159
funeral 0,597837 0,000119
funny 1,021651 0,000203
furious 0,430783 0,000086
furiously 0,755023 0,000150
furniture 0,415515 0,000083
furtively 1,897120 0,000378
fury 0,328504 0,000065
gabble 2,525729 0,000503
gain 0,040822 0,000024
gale 1,078810 0,000215
gall 1,386294 0,000276
gallery 0,693147 0,000138
galley 1,514128 0,000301
gallipot 3,506558 0,000698
gallop 0,820981 0,000327
gallows 1,386294 0,000276
game 0,210721 0,000042
gamekeeper 2,995732 0,001193
gammon 3,506558 0,000698
gape 0,798508 0,000159
garden 0,150823 0,000030
gardener 0,994252 0,000198
garrison 1,309333 0,000261
gaskin 3,912023 0,000779
gasp 0,579818 0,000231
gate 0,210721 0,000084
gather 0,061875 0,000025
gathering 0,415515 0,000083
gauge 2,040221 0,000406
gay 0,494296 0,000098
gayer 2,302585 0,000458
genteel 1,427116 0,000284
gentle 0,274437 0,000055
gentleman 0,223144 0,000089
gently 0,235722 0,000047
george 0,616186 0,000123
ghastly 0,867501 0,000173
ghost 0,462035 0,000092
giant 0,562119 0,000112
gibbet 2,120264 0,000422
giddily 3,218876 0,000641
giddy 1,108663 0,000221
gift 0,210721 0,000042
gig 1,966113 0,000783
gill 1,966113 0,000391
gilt 1,469676 0,000293
gipsies 2,120264 0,000422
girdle 1,078810 0,000215
girl 0,198451 0,000040
girt 1,469676 0,000293
glad 0,072571 0,000014
glade 1,714798 0,000341
gladly 0,544727 0,000108
gladness 1,049822 0,000209
glance 0,186330 0,000111
glare 0,733969 0,000292
glass 0,174353 0,000069
gleam 0,510826 0,000203
glee 1,309333 0,000261
glide 0,673345 0,000134
glim 3,218876 0,000641
glimmer 0,967584 0,000193
glint 1,966113 0,000391
glisten 0,820981 0,000163
gloomy 0,462035 0,000092
glory 0,301105 0,000060
glossy 1,609438 0,000320
glove 0,597837 0,000119
glow 0,314711 0,000188
goa 2,659260 0,000529
goal 0,274437 0,000055
goat 1,021651 0,000203
goats 1,347074 0,000268
goatskin 2,813411 0,000560
god 0,083382 0,000017
gold 0,083382 0,000017
golden 0,342490 0,000068
goodish 3,912023 0,000779
goodness 0,328504 0,000065
goodwill 1,660731 0,000331
goose 0,755023 0,000150
grace 0,235722 0,000047
gracious 0,544727 0,000108
gradually 0,328504 0,000065
grain 0,562119 0,000112
grand 0,342490 0,000068
grandly 2,120264 0,000422
grant 0,061875 0,000012
grapple 1,203973 0,000240
grasp 0,274437 0,000164
grass 0,301105 0,000060
grate 0,673345 0,000268
grateful 0,446287 0,000089
gratitude 0,478036 0,000095
grave 0,116534 0,000023
gravel 1,203973 0,000240
gravely 0,693147 0,000138
gray 0,733969 0,000146
greatly 0,210721 0,000042
greed 1,609438 0,000320
greedily 1,078810 0,000215
green 0,105361 0,000021
greet 0,653926 0,000130
grey 0,562119 0,000112
grievance 1,108663 0,000221
grievous 0,967584 0,000193
grilling 2,995732 0,000596
grim 0,776529 0,000155
grin 0,733969 0,000146
grind 0,755023 0,000150
grip 0,798508 0,000318
grizzled 1,714798 0,000341
groan 0,446287 0,000355
grog 2,302585 0,000458
grope 0,733969 0,000438
gross 0,235722 0,000047
ground 0,030459 0,000006
grove 0,733969 0,000146
grovel 1,897120 0,000378
grow 0,010050 0,000008
growl 0,941609 0,000375
growling 1,427116 0,000284
growth 0,430783 0,000086
grudgingly 2,659260 0,000529
gruffly 1,897120 0,000378
grumble 0,867501 0,000518
grunt 1,021651 0,000407
guard 0,083382 0,000033
guess 0,223144 0,000133
guest 0,235722 0,000094
guide 0,083382 0,000033
guilty 0,356675 0,000071
guinea 1,237874 0,000246
guineas 1,427116 0,000284
gulf 0,733969 0,000146
gully 1,966113 0,000391
gum 1,386294 0,000276
gun 0,544727 0,000217
gunner 2,302585 0,000458
gunnery 3,506558 0,000698
gunshot 2,659260 0,000529
gunwale 2,525729 0,000503
gut 2,120264 0,000422
gymnast 2,813411 0,000560
habit 0,162519 0,000032
haft 2,813411 0,000560
haggard 1,021651 0,000203
hail 0,415515 0,000331
hailstone 2,525729 0,000503
hair 0,072571 0,000014
haired 0,820981 0,000163
hall 0,274437 0,000055
halloa 2,120264 0,000422
halloo 2,040221 0,000406
halt 0,733969 0,000146
halting 1,309333 0,000261
halyard 3,506558 0,000698
ham 1,139434 0,000227
hamlet 1,078810 0,000215
hammer 0,544727 0,000108
hammock 2,207275 0,000439
hand 0,010050 0,000006
handkerchief 0,616186 0,000123
handle 0,223144 0,000089
handsome 0,328504 0,000131
handsomer 1,832581 0,000365
handspike 3,218876 0,000641
handy 0,967584 0,000385
hang 0,198451 0,000079
hanger 2,302585 0,000458
hanging 0,235722 0,000047
happen 0,030459 0,000012
happy 0,061875 0,000025
harbour 0,916291 0,000365
hard 0,040822 0,000016
hark 1,139434 0,000227
harm 0,210721 0,000042
harmless 0,248461 0,000049
harry 1,203973 0,000240
hash 2,302585 0,000458
haste 0,371064 0,000074
hasten 0,371064 0,000074
hastily 0,462035 0,000092
hat 0,446287 0,000089
hatch 1,347074 0,000268
hate 0,150823 0,000030
haul 0,941609 0,000375
hauling 1,660731 0,000331
haunt 0,385662 0,000077
hawk 1,108663 0,000221
hawker 2,525729 0,000503
hawkins 2,302585 0,000458
hawse 3,912023 0,000779
hawser 2,407946 0,000479
haze 1,514128 0,000603
hazing 3,506558 0,000698
hazy 1,771957 0,000353
head 0,000000 0,000000
headed 0,510826 0,000102
header 2,659260 0,000529
headforemost 2,659260 0,000529
headlong 0,843970 0,000168
headpiece 2,525729 0,000503
headway 1,966113 0,000391
health 0,198451 0,000040
heap 0,248461 0,000099
hear 0,010050 0,000004
hearing 0,139262 0,000028
hearken 1,714798 0,000341
hearkening 2,813411 0,000560
heart 0,010050 0,000004
hearted 0,415515 0,000083
heartedly 2,659260 0,000529
hearth 0,843970 0,000168
heartily 0,597837 0,000119
hearty 0,616186 0,000123
heat 0,198451 0,000079
heath 1,560648 0,000311
heave 0,820981 0,000163
heaven 0,174353 0,000035
heavily 0,400478 0,000080
heaving 0,994252 0,000198
heavy 0,030459 0,000018
hedge 0,597837 0,000238
heed 0,510826 0,000102
heel 0,356675 0,000142
height 0,210721 0,000084
helm 1,347074 0,000268
helpless 0,328504 0,000065
helplessness 1,386294 0,000276
hen 1,347074 0,000268
hero 0,430783 0,000086
hesitate 0,314711 0,000188
hesitation 0,616186 0,000123
hide 0,072571 0,000029
hiding 0,616186 0,000123
highness 1,771957 0,000353
hill 0,150823 0,000060
hillo 2,995732 0,000596
hillside 1,386294 0,000276
hilltop 2,659260 0,001059
hilt 1,469676 0,000293
hinder 0,579818 0,000115
hint 0,301105 0,000060
hip 1,078810 0,000215
hispaniola 2,813411 0,000560
hiss 0,653926 0,000260
hisself 2,659260 0,000529
hit 0,314711 0,000063
hitch 1,347074 0,000268
hitherto 0,385662 0,000077
ho 1,203973 0,000240
hoar 1,609438 0,000320
hoard 1,514128 0,000301
hoarse 0,867501 0,000173
hoarsely 1,560648 0,000311
hobble 1,660731 0,000661
hoist 1,139434 0,000454
hold 0,010050 0,000006
hole 0,261365 0,000104
holler 2,407946 0,000479
hollow 0,430783 0,000086
homeward 0,891598 0,000177
honest 0,235722 0,000047
honesty 0,733969 0,000146
honour 0,494296 0,000098
hood 1,237874 0,000246
hoof 0,867501 0,000173
hop 1,108663 0,000221
hope 0,000000 0,000000
hopeless 0,510826 0,000102
horizon 0,597837 0,000119
horn 0,478036 0,000095
hornet 2,525729 0,000503
hornpipe 2,407946 0,000479
horrible 0,356675 0,000071
horribly 0,916291 0,000182
horrid 0,713350 0,000142
horrified 1,272966 0,000253
horror 0,198451 0,000079
horse 0,139262 0,000055
hostage 2,525729 0,000503
hostility 1,171183 0,000233
hot 0,116534 0,000023
hotly 1,347074 0,000268
hound 0,843970 0,000168
hour 0,061875 0,000025
house 0,020203 0,000004
housekeeper 1,139434 0,000227
houses 0,139262 0,000028
hover 0,653926 0,000130
howsoever 2,120264 0,000422
howsomever 3,506558 0,000698
huddle 1,078810 0,000215
huge 0,400478 0,000080
hulk 2,040221 0,000406
hulking 2,995732 0,000596
hull 1,347074 0,000268
hullo 2,040221 0,000406
hum 0,579818 0,000115
human 0,072571 0,000014
humane 1,203973 0,000240
humbly 0,867501 0,000173
humbug 1,514128 0,000301
humility 0,867501 0,000173
hummock 3,218876 0,000641
humour 0,713350 0,000142
humoured 1,609438 0,000320
hunch 1,771957 0,000353
hung 0,174353 0,000035
hungry 0,314711 0,000063
hunt 0,371064 0,000148
hunter 0,579818 0,000231
hunting 0,462035 0,000092
hurly 3,218876 0,000641
hurry 0,162519 0,000097
hurt 0,150823 0,000030
hurtle 2,302585 0,000458
husband 0,198451 0,000040
husky 1,560648 0,000311
huzza 2,525729 0,000503
idea 0,083382 0,000017
identical 0,994252 0,000198
idiot 0,776529 0,000155
idle 0,261365 0,000052
idleness 0,755023 0,000150
idly 1,309333 0,000261
ignorant 0,301105 0,000060
iii 0,287682 0,000057
ile 2,995732 0,000596
illustrate 0,616186 0,000123
imaginable 1,427116 0,000284
imagine 0,083382 0,000033
imitation 0,673345 0,000134
immense 0,314711 0,000063
immensely 1,171183 0,000233
immortal 0,755023 0,000150
impatience 0,634878 0,000126
impatiently 0,634878 0,000126
impending 1,171183 0,000233
impossible 0,094311 0,000019
imposter 2,995732 0,000596
imprecation 1,897120 0,000378
impressed 0,510826 0,000102
impulse 0,400478 0,000080
impulsion 3,218876 0,000641
inboard 3,218876 0,000641
incense 0,755023 0,000150
incessant 0,941609 0,000187
inch 0,430783 0,000086
incivility 2,407946 0,000479
inclination 0,544727 0,000108
incline 0,733969 0,000146
inclined 0,186330 0,000037
include 0,072571 0,000029
incomprehensible 1,108663 0,000221
incongruous 1,771957 0,000353
increase 0,061875 0,000025
incredible 0,653926 0,000130
indescribable 1,108663 0,000221
indian 0,544727 0,000217
indies 1,309333 0,000261
indignation 0,510826 0,000102
indomitable 2,040221 0,000406
indoors 1,469676 0,000293
inexplicable 1,171183 0,000233
inexpressible 1,469676 0,000293
infallibly 1,427116 0,000284
infamous 1,049822 0,000209
infection 1,514128 0,000301
infectious 2,120264 0,000422
infernal 0,843970 0,000168
infinite 0,430783 0,000086
influence 0,198451 0,000040
inform 0,198451 0,000040
ing 2,120264 0,000422
ingratiate 2,659260 0,000529
initial 0,994252 0,000198
injure 0,356675 0,000071
injury 0,301105 0,000060
ink 0,916291 0,000182
inkling 1,427116 0,000284
inlet 2,040221 0,000812
inmate 1,203973 0,000240
inn 0,713350 0,000142
innocence 0,634878 0,000126
innocent 0,186330 0,000037
inns 1,897120 0,000378
innumerable 0,634878 0,000126
inquire 0,235722 0,000047
insect 0,916291 0,000182
insist 0,223144 0,000044
insolence 0,994252 0,000198
inspection 0,798508 0,000159
inspiration 0,755023 0,000150
inspire 0,371064 0,000074
instance 0,116534 0,000023
instant 0,210721 0,000042
instantly 0,356675 0,000071
instinct 0,356675 0,000071
instinctively 0,733969 0,000146
instruction 0,328504 0,000065
instrument 0,248461 0,000049
insubordinate 2,995732 0,000596
intelligence 0,301105 0,000060
intelligent 0,342490 0,000068
intend 0,094311 0,000019
intention 0,127833 0,000025
intercept 1,171183 0,000233
interfere 0,415515 0,000083
interference 1,108663 0,000221
interior 0,673345 0,000134
intermittent 2,302585 0,000458
interrupt 0,562119 0,000224
interrupted 0,301105 0,000060
interval 0,301105 0,000120
intolerable 0,673345 0,000134
intruder 1,108663 0,000221
invaluable 1,386294 0,000276
invisible 0,562119 0,000112
involved 0,579818 0,000115
irelander 3,912023 0,000779
iron 0,162519 0,000065
ironical 1,386294 0,000276
ironically 1,771957 0,000353
irresolute 1,427116 0,000284
irreverence 2,525729 0,000503
island 0,400478 0,000080
islands 0,755023 0,000150
isle 1,427116 0,000284
islet 2,120264 0,000422
isolated 0,994252 0,000198
israel 1,386294 0,000276
issue 0,198451 0,000079
italy 0,820981 0,000163
itching 2,207275 0,000439
iv 0,328504 0,000065
ix 0,494296 0,000098
jack 0,755023 0,000150
jacket 0,755023 0,000301
james 0,673345 0,000134
january 0,693147 0,000138
jaw 0,544727 0,000325
jealousy 0,430783 0,000086
jerk 0,820981 0,000327
jewel 0,634878 0,000126
jib 2,525729 0,001005
jiffy 2,525729 0,000503
jim 1,966113 0,000391
jingle 1,171183 0,000233
job 0,597837 0,000119
john 0,328504 0,000065
johnny 2,040221 0,000406
johnson 1,514128 0,000301
joke 0,356675 0,000213
jolly 0,994252 0,000198
jones 1,309333 0,000261
journey 0,150823 0,000060
joy 0,127833 0,000025
joyce 3,506558 0,000698
judge 0,061875 0,000025
jump 0,430783 0,000171
jumping 0,798508 0,000159
june 0,527633 0,000105
junk 2,407946 0,000479
jupiter 1,560648 0,000311
justice 0,162519 0,000032
justified 0,693147 0,000138
keel 1,309333 0,000261
keen 0,371064 0,000074
keenly 0,967584 0,000193
keg 1,966113 0,000783
kelson 3,506558 0,000698
kettle 1,108663 0,000221
key 0,342490 0,000068
keyhole 1,469676 0,000293
kick 0,314711 0,000125
kill 0,083382 0,000050
kindly 0,223144 0,000089
kindness 0,274437 0,000055
king 0,210721 0,000084
kingston 2,407946 0,000479
kiss 0,356675 0,000142
kitchen 0,562119 0,000112
knee 0,150823 0,000060
kneel 0,478036 0,000095
knife 0,287682 0,000115
knit 0,673345 0,000134
knock 0,287682 0,000115
knoll 2,302585 0,000917
knowledge 0,061875 0,000012
knuckle 1,427116 0,000284
knuckled 2,995732 0,000596
laborious 1,171183 0,000233
labour 0,562119 0,000112
laced 1,771957 0,000353
lad 0,653926 0,000260
ladder 0,616186 0,000123
laden 0,673345 0,000134
lady 0,162519 0,000032
lamb 0,693147 0,000138
lament 0,713350 0,000142
lamp 0,400478 0,000080
lancet 2,302585 0,000458
land 0,051293 0,000031
landing 0,544727 0,000108
landlord 0,941609 0,000187
landsman 2,995732 0,000596
landsmen 2,813411 0,000560
language 0,072571 0,000014
languor 1,560648 0,000311
lantern 0,843970 0,000336
lanyard 3,506558 0,000698
lap 0,527633 0,000105
lapping 2,302585 0,000458
larboard 2,407946 0,000479
largeness 1,897120 0,000378
lash 0,562119 0,000112
lass 1,966113 0,000391
late 0,094311 0,000019
lather 2,813411 0,000560
latin 0,653926 0,000130
latitude 1,309333 0,000261
laugh 0,094311 0,000056
laughable 1,897120 0,000378
laughter 0,274437 0,000055
launch 0,798508 0,000159
law 0,020203 0,000004
lawful 1,078810 0,000215
lawyer 0,673345 0,000134
lay 0,030459 0,000018
lead 0,020203 0,000012
leaden 1,237874 0,000246
leadin 3,218876 0,000641
leading 0,139262 0,000028
leaf 0,446287 0,000089
leafless 2,040221 0,000406
lean 0,127833 0,000076
leap 0,287682 0,000172
leapt 1,560648 0,000311
learn 0,020203 0,000008
lease 1,714798 0,000341
leastways 2,995732 0,000596
leather 0,527633 0,000105
leave -0,009950 -0,000006
lection 3,506558 0,000698
ledge 1,049822 0,000209
lee 1,347074 0,000268
leer 1,897120 0,000378
leeward 2,207275 0,000439
leeway 3,506558 0,000698
left 0,000000 0,000000
leg 0,235722 0,000094
legged 1,108663 0,000221
leisurely 1,108663 0,000221
lemon 1,660731 0,000331
lend 0,430783 0,000171
lending 1,609438 0,000320
lesson 0,287682 0,000057
letter 0,072571 0,000014
level 0,210721 0,000042
liberal 0,597837 0,000119
liberty 0,198451 0,000040
library 0,223144 0,000044
lick 0,673345 0,000134
lid 0,597837 0,000119
lie 0,020203 0,000016
lieutenant 1,203973 0,000240
life -0,009950 -0,000004
lifetime 0,843970 0,000168
lift 0,116534 0,000023
light 0,000000 0,000000
lighted 0,261365 0,000052
lighten 0,597837 0,000119
lightly 0,430783 0,000086
liker 2,995732 0,000596
likes 1,771957 0,000353
liking 1,021651 0,000203
lillibullero 3,912023 0,000779
limb 0,248461 0,000049
limit 0,287682 0,000057
linger 0,446287 0,000178
link 0,174353 0,000035
lion 0,579818 0,000231
lip 0,127833 0,000051
listen 0,105361 0,000042
literally 0,713350 0,000142
live 0,010050 0,000004
lively 0,385662 0,000154
liver 1,171183 0,000233
livery 1,609438 0,000320
livid 1,171183 0,000233
living 0,020203 0,000004
load 0,430783 0,000171
loading 1,309333 0,000261
loan 1,427116 0,000284
lock 0,162519 0,000065
locker 2,120264 0,000422
lockfast 3,912023 0,000779
lodge 0,494296 0,000197
lodger 1,609438 0,000320
lodging 0,776529 0,000155
lofty 0,494296 0,000098
log 0,798508 0,000318
london 0,415515 0,000083
lonely 0,400478 0,000080
longing 0,653926 0,000130
longish 2,995732 0,000596
longitude 2,302585 0,000458
lookout 1,427116 0,000284
loom 1,078810 0,000215
loop 1,272966 0,000253
loophole 1,660731 0,000992
loose 0,094311 0,000038
loosen 0,891598 0,000177
lop 1,771957 0,000353
lord 0,223144 0,000044
lose 0,000000 0,000000
loss 0,083382 0,000017
lot 0,051293 0,000020
loud 0,105361 0,000042
loudly 0,400478 0,000080
louis 1,078810 0,000215
love 0,030459 0,000012
lowlands 2,659260 0,000529
lubber 2,995732 0,001193
luck 0,446287 0,000089
lucky 0,494296 0,000098
luff 2,813411 0,000560
lugger 3,218876 0,000641
lumber 1,203973 0,000240
lump 0,916291 0,000182
lung 0,867501 0,000173
lurch 1,660731 0,000661
lurk 0,616186 0,000123
mad 0,235722 0,000047
madagascar 2,525729 0,000503
madman 0,941609 0,000187
magazine 1,203973 0,000240
magistrate 0,820981 0,000327
magnificent 0,328504 0,000065
mahogany 1,609438 0,000320
maid 0,415515 0,000083
mail 0,820981 0,000163
main 0,127833 0,000025
mainland 2,407946 0,000479
mainsail 2,995732 0,000596
mainstay 2,659260 0,000529
majesty 0,510826 0,000102
maker 0,653926 0,000130
malabar 2,525729 0,000503
malaria 2,659260 0,000529
manage 0,261365 0,000104
management 0,843970 0,000168
manlike 2,407946 0,000479
manned 1,771957 0,000353
manner 0,040822 0,000008
manners 0,274437 0,000055
manoeuvre 2,302585 0,000917
mantle 0,776529 0,000155
manufactory 2,302585 0,000458
map 0,916291 0,000182
march 0,223144 0,000089
margin 0,994252 0,000198
mariner 1,078810 0,000215
marish 3,218876 0,000641
mark 0,105361 0,000042
marked 0,061875 0,000012
marksman 2,813411 0,000560
marlin 3,506558 0,000698
maroon 2,302585 0,001375
married 0,248461 0,000049
marrow 1,386294 0,000276
marsh 1,139434 0,000454
marshy 1,966113 0,000391
mass 0,210721 0,000084
mast 0,941609 0,000375
master 0,072571 0,000014
masthead 2,659260 0,000529
mat 0,820981 0,000163
match 0,301105 0,000060
mate 0,713350 0,000284
material 0,261365 0,000052
matey 3,912023 0,000779
matter 0,000000 0,000000
mattress 1,237874 0,000246
mayhap 2,995732 0,000596
meal 0,261365 0,000104
meaning 0,186330 0,000037
meat 0,356675 0,000071
mechanically 1,078810 0,000215
meddle 0,994252 0,000198
meddling 1,609438 0,000320
medical 1,021651 0,000203
medicine 0,562119 0,000224
meditate 0,733969 0,000146
meet 0,010050 0,000004
melancholy 0,342490 0,000068
mellow 1,427116 0,000284
melt 0,385662 0,000154
memory 0,162519 0,000032
mend 0,653926 0,000130
mention 0,105361 0,000042
merciful 0,994252 0,000198
mercilessly 2,302585 0,000458
mercy 0,210721 0,000042
mere 0,094311 0,000038
merit 0,371064 0,000074
merry 0,634878 0,000126
mess 0,867501 0,000173
message 0,356675 0,000071
messenger 0,562119 0,000112
messmate 2,302585 0,000917
method 0,094311 0,000019
mexican 1,966113 0,000391
midday 1,108663 0,000221
middle 0,030459 0,000006
midst 0,287682 0,000057
mightily 1,469676 0,000293
mighty 0,328504 0,000065
mild 0,430783 0,000086
mile 0,174353 0,000069
mind 0,020203 0,000012
minded 0,400478 0,000080
mingle 0,356675 0,000071
mint 1,832581 0,000365
minute 0,150823 0,000060
mirror 0,579818 0,000115
mirth 0,776529 0,000155
miry 2,525729 0,000503
miscalculation 2,995732 0,000596
miscellany 2,995732 0,000596
mischief 0,494296 0,000098
miscreant 1,897120 0,000378
miserable 0,210721 0,000042
misgive 2,302585 0,000458
missile 1,714798 0,000683
mission 0,210721 0,000042
missis 2,120264 0,000422
mist 0,430783 0,000086
mistake 0,186330 0,000074
mistaken 0,261365 0,000052
mistily 3,912023 0,000779
mix 0,274437 0,000055
mizzen 2,813411 0,000560
mizzenmast 3,912023 0,000779
moan 0,653926 0,000260
modulate 2,302585 0,000458
moidore 3,218876 0,000641
molestation 2,525729 0,000503
moment 0,010050 0,000004
money 0,051293 0,000020
monkey 0,941609 0,000375
monster 0,527633 0,000210
monstrous 0,400478 0,000080
monstrously 2,995732 0,000596
month 0,040822 0,000016
monthly 1,427116 0,000284
moon 0,261365 0,000052
moonbeam 2,407946 0,000479
moonlight 0,673345 0,000134
moonlit 1,832581 0,000365
moonshine 2,040221 0,000406
mop 1,832581 0,000365
morally 1,171183 0,000233
morass 2,040221 0,000406
morgan 2,813411 0,000560
morning 0,040822 0,000008
morrow 0,328504 0,000065
mortal 0,314711 0,000063
moss 1,049822 0,000209
mother 0,072571 0,000029
motion 0,223144 0,000089
motionless 0,544727 0,000108
mought 3,506558 0,000698
mound 1,272966 0,000507
mount 0,210721 0,000126
mountain 0,400478 0,000080
mounting 2,995732 0,000596
mourning 0,673345 0,000134
mouse 0,776529 0,000155
mouth 0,061875 0,000012
mouthful 1,237874 0,000246
movement 0,287682 0,000115
moving 1,832581 0,000365
muck 2,302585 0,000458
mud 0,462035 0,000092
muddy 0,867501 0,000173
multitude 0,385662 0,000077
murder 0,248461 0,000049
murderer 0,733969 0,000146
murderers 1,386294 0,000276
murderous 1,078810 0,000215
murmur 0,287682 0,000115
muscle 0,755023 0,000150
music 0,198451 0,000040
musingly 2,207275 0,000439
musket 1,514128 0,000603
musketeer 2,407946 0,000479
musketry 2,407946 0,000479
mutilate 1,427116 0,000284
mutineer 2,525729 0,001005
mutiny 1,469676 0,000293
mutter 0,653926 0,000130
muttering 1,049822 0,000209
muzzle 1,171183 0,000233
mysterious 0,314711 0,000063
mystery 0,235722 0,000047
nail 0,356675 0,000142
naked 0,274437 0,000055
napkin 1,514128 0,000301
narrative 0,579818 0,000115
narrow 0,094311 0,000056
narrowly 1,272966 0,000253
nasty 1,139434 0,000227
nationality 1,897120 0,000378
nations 0,673345 0,000134
native 0,314711 0,000125
natural 0,094311 0,000019
naturally 0,210721 0,000042
nature 0,094311 0,000038
nautical 1,832581 0,000365
navigate 1,771957 0,000353
navigation 1,272966 0,000253
nearer 0,400478 0,000080
nearness 1,771957 0,000353
neat 0,653926 0,000130
neatly 1,049822 0,000209
neatness 1,514128 0,000301
necessaries 1,386294 0,000276
neck 0,174353 0,000069
needle 0,673345 0,000134
needlessness 3,912023 0,000779
neglect 0,274437 0,000109
negress 3,218876 0,000641
negro 0,967584 0,000193
neighbour 0,510826 0,000305
neighbourhood 0,776529 0,000155
nerve 0,371064 0,000074
nervous 0,494296 0,000098
nest 0,579818 0,000115
nettle 1,272966 0,000253
newcomer 1,560648 0,000311
newly 0,494296 0,000098
news 0,210721 0,000042
nice 0,371064 0,000074
nicely 1,021651 0,000203
nick 1,386294 0,000276
niggardly 2,040221 0,000406
nigh 0,843970 0,000168
night 0,010050 0,000004
nightfall 1,309333 0,000261
nightmare 1,171183 0,000233
nimbleness 2,813411 0,000560
nineteen 1,108663 0,000221
nip 1,427116 0,000568
noah 1,514128 0,000301
noble 0,198451 0,000040
nod 0,371064 0,000222
noggin 3,912023 0,000779
nohow 2,995732 0,000596
noise 0,139262 0,000055
noiseless 1,609438 0,000320
nondescript 2,407946 0,000479
noo 3,506558 0,000698
noon 0,430783 0,000086
noonday 1,660731 0,000331
north 0,083382 0,000017
northern 0,653926 0,000130
northward 1,203973 0,000240
nose 0,261365 0,000052
nostril 0,798508 0,000159
notable 1,272966 0,000253
notch 1,832581 0,000365
note 0,094311 0,000038
notice 0,020203 0,000008
notion 0,314711 0,000125
numbness 2,525729 0,000503
numbskull 3,912023 0,000779
numerous 0,235722 0,000047
nut 0,820981 0,000327
nutmeg 2,120264 0,000422
nutritious 2,995732 0,000596
oak 0,673345 0,000134
oaklike 3,912023 0,000779
oaks 1,237874 0,000246
oar 1,021651 0,000407
oath 0,385662 0,000154
obediently 1,469676 0,000293
obey 0,223144 0,000133
objection 0,400478 0,000080
oblige 0,210721 0,000084
obscure 0,478036 0,000095
obsequious 1,560648 0,000311
observation 0,446287 0,000089
observe 0,094311 0,000056
obstinately 1,272966 0,000253
obvious 0,415515 0,000083
occasional 0,510826 0,000102
occupy 0,174353 0,000035
occur 0,083382 0,000017
occurrence 0,693147 0,000138
ocean 0,415515 0,000083
odd 0,385662 0,000077
oddly 1,469676 0,000293
odds 1,108663 0,000221
odious 0,941609 0,000187
offence 0,527633 0,000105
offended 0,616186 0,000123
offender 1,386294 0,000276
offer 0,020203 0,000012
officer 0,314711 0,000125
oftenest 2,302585 0,000458
oho 2,407946 0,000479
oilcloth 3,218876 0,000641
oilskin 3,218876 0,000641
onslaught 2,040221 0,000406
onward 1,108663 0,000221
openly 0,494296 0,000098
opinion 0,105361 0,000021
opportunity 0,061875 0,000025
ordinary 0,186330 0,000037
organ 0,634878 0,000126
oriental 1,108663 0,000221
originally 0,673345 0,000134
ornamental 1,386294 0,000276
outlandish 1,966113 0,000391
outline 0,579818 0,000115
outnumber 2,120264 0,000422
outright 1,309333 0,000261
outset 1,237874 0,000246
outstrip 1,347074 0,000268
outward 0,579818 0,000115
overboard 1,347074 0,000268
overcome 0,198451 0,000040
overdrawn 2,659260 0,000529
overhang 1,171183 0,000466
overhaul 1,897120 0,000755
overhead 0,843970 0,000168
overhear 0,994252 0,000396
overjoyed 1,771957 0,000353
overloaded 2,813411 0,000560
overlook 0,527633 0,000210
overriding 3,218876 0,000641
overturn 0,994252 0,000198
owe 0,105361 0,000063
owl 1,078810 0,000215
owner 0,083382 0,000017
ox 0,941609 0,000187
oxen 1,427116 0,000284
oyster 1,203973 0,000240
pace 0,186330 0,000074
pack 0,579818 0,000115
packet 1,237874 0,000246
packing 1,108663 0,000221
paddle 1,386294 0,000552
pain 0,051293 0,000020
pained 1,203973 0,000240
painfully 0,916291 0,000182
paint 0,274437 0,000109
painter 0,755023 0,000150
pair 0,210721 0,000042
pale 0,186330 0,000037
paleness 1,609438 0,000320
paler 1,386294 0,000276
paling 2,120264 0,000422
palisade 2,120264 0,000422
palm 0,494296 0,000098
palms 0,820981 0,000163
pang 0,634878 0,000126
panic 1,049822 0,000209
pannikin 2,995732 0,000596
pant 1,272966 0,000507
panting 0,597837 0,000119
pants 1,966113 0,000391
paper 0,083382 0,000033
pardon 0,287682 0,000057
parliament 1,021651 0,000203
parlour 1,469676 0,000293
parmesan 3,506558 0,000698
parole 2,302585 0,000458
parrot 1,560648 0,000311
particle 0,967584 0,000193
particulars 0,776529 0,000155
partly 0,301105 0,000060
partridge 1,427116 0,000284
party 0,030459 0,000012
pass 0,020203 0,000008
passably 2,407946 0,000479
passage 0,105361 0,000021
passenger 0,653926 0,000130
passing 0,094311 0,000019
passion 0,174353 0,000035
pat 0,776529 0,000155
patch 0,616186 0,000245
patched 1,427116 0,000284
patchwork 2,040221 0,000406
patience 0,139262 0,000028
patient 0,274437 0,000109
patiently 0,733969 0,000146
patter 1,203973 0,000240
pattern 0,597837 0,000238
pause 0,314711 0,000188
paw 1,021651 0,000203
pay 0,030459 0,000018
payment 0,274437 0,000055
peace 0,094311 0,000019
peaceful 0,478036 0,000095
peacefully 1,108663 0,000221
peach 1,514128 0,000301
peak 0,916291 0,000547
peal 1,078810 0,000215
peck 1,560648 0,000621
peculiar 0,223144 0,000044
peculiarly 0,755023 0,000150
pedestal 1,469676 0,000293
peel 1,139434 0,000227
peer 0,616186 0,000123
peered 1,237874 0,000246
pen 0,235722 0,000047
penny 0,634878 0,000126
pension 1,714798 0,000341
perceive 0,198451 0,000079
perch 0,891598 0,000355
perfect 0,061875 0,000012
perfectly 0,162519 0,000032
peril 0,693147 0,000276
perilous 0,798508 0,000159
perish 0,462035 0,000184
perjury 2,659260 0,000529
perk 2,659260 0,000529
permission 0,150823 0,000030
permit 0,094311 0,000019
perplexity 0,755023 0,000150
person -0,009950 -0,000004
personage 0,967584 0,000193
persuade 0,223144 0,000044
pestiferous 2,995732 0,000596
pet 0,891598 0,000177
pew 1,966113 0,000391
phosphorescent 2,525729 0,000503
phrase 0,139262 0,000055
physician 0,693147 0,000138
pick 0,223144 0,000133
picking 0,634878 0,000126
pickle 1,427116 0,000568
picture 0,139262 0,000055
pie 1,272966 0,000253
piece 0,020203 0,000008
pierce 0,356675 0,000071
piety 1,078810 0,000215
pig 0,544727 0,000108
pigeon 1,108663 0,000221
pigtail 2,525729 0,001005
pike 1,347074 0,000268
pile 0,328504 0,000196
pillow 0,544727 0,000108
pilot 1,021651 0,000203
pin 0,478036 0,000190
pinch 0,843970 0,000336
pinched 1,139434 0,000227
pine 0,462035 0,000184
pinnacle 1,660731 0,000331
pious 0,733969 0,000146
pipe 0,385662 0,000230
piping 1,771957 0,000353
piracy 2,302585 0,000458
pirate 1,108663 0,000441
pistol 0,820981 0,000327
pit 0,597837 0,000238
pitch 0,261365 0,000104
pity 0,139262 0,000028
placidly 1,832581 0,000365
plain 0,040822 0,000008
plainly 0,261365 0,000052
plan 0,198451 0,000079
plank 0,673345 0,000268
plant 0,186330 0,000037
plaster 0,916291 0,000182
plate 0,314711 0,000063
plateau 2,407946 0,000479
play 0,040822 0,000024
plead 0,400478 0,000080
pleasant 0,162519 0,000097
pleased 0,150823 0,000030
pleasing 0,653926 0,000130
pleasure 0,051293 0,000010
pledge 0,634878 0,000126
plentifully 1,660731 0,000331
plenty 0,235722 0,000047
plod 1,714798 0,000341
plot 0,693147 0,000276
plough 0,941609 0,000375
pluck 0,371064 0,000148
pluckily 3,506558 0,000698
plucky 2,207275 0,000439
plum 1,347074 0,000268
plumage 1,771957 0,000353
plump 1,021651 0,000407
plunder 0,994252 0,000198
plunge 0,314711 0,000188
pocket 0,371064 0,000148
pointer 2,040221 0,000406
poison 0,371064 0,000074
poisonous 1,272966 0,000253
pole 0,494296 0,000098
policy 0,820981 0,000163
polite 0,693147 0,000138
politeness 0,798508 0,000159
poll 2,207275 0,000439
pond 0,994252 0,000198
pool 0,693147 0,000138
poor 0,020203 0,000004
pop 1,203973 0,000240
porch 0,891598 0,000177
pork 1,272966 0,000253
porridge 2,040221 0,000406
port 0,579818 0,000231
portable 2,207275 0,000439
portion 0,301105 0,000060
portray 2,040221 0,000406
portuguese 1,966113 0,000391
position 0,162519 0,000032
positively 0,776529 0,000155
possess 0,061875 0,000012
possession 0,083382 0,000017
post 0,051293 0,000010
postscript 1,771957 0,000353
posture 0,967584 0,000193
pound 0,314711 0,000188
pour 0,116534 0,000023
powder 0,597837 0,000238
power 0,030459 0,000012
powerful 0,223144 0,000044
practice 0,116534 0,000023
praise 0,274437 0,000055
pray 0,261365 0,000104
prayer 0,287682 0,000115
precaution 0,733969 0,000292
precious 0,162519 0,000032
precipice 1,021651 0,000203
precisely 0,510826 0,000102
predicament 1,469676 0,000293
predict 1,139434 0,000454
preening 2,659260 0,000529
prefer 0,174353 0,000104
prejudice 0,579818 0,000115
prematurely 1,427116 0,000284
prepared 0,105361 0,000021
preponderance 2,525729 0,000503
prescription 1,469676 0,000293
presence 0,094311 0,000019
presently 0,385662 0,000077
preservation 1,049822 0,000209
preserve 0,083382 0,000017
presume 0,462035 0,000092
pretence 0,891598 0,000177
pretend 0,186330 0,000037
pretext 0,891598 0,000177
prettily 1,469676 0,000293
pretty 0,150823 0,000030
prevent 0,040822 0,000008
previous 0,094311 0,000019
price 0,314711 0,000063
pride 0,150823 0,000030
prime 0,653926 0,000130
priming 2,813411 0,000560
principal 0,287682 0,000057
print 0,116534 0,000046
prison 0,248461 0,000049
prisoner 0,356675 0,000071
privileged 1,347074 0,000268
prizes 1,139434 0,000227
probable 0,494296 0,000098
probation 2,407946 0,000479
proceed 0,116534 0,000023
proceeds 0,916291 0,000182
process 0,400478 0,000080
prodigious 1,021651 0,000203
prodigiously 1,714798 0,000341
produce 0,061875 0,000012
profession 0,446287 0,000089
professional 0,820981 0,000163
profit 0,083382 0,000017
profoundly 0,994252 0,000198
progress 0,162519 0,000032
project -0,009950 -0,000002
prolonged 0,597837 0,000119
promise 0,051293 0,000020
promontory 1,427116 0,000284
promotion 0,342490 0,000068
prompt 0,478036 0,000095
prop 0,941609 0,000187
proper 0,061875 0,000012
prophetic 1,560648 0,000311
proportion 0,235722 0,000047
proposal 0,733969 0,000146
propose 0,186330 0,000037
propulsion 3,506558 0,000698
prosecute 1,078810 0,000215
prospect 0,430783 0,000086
prospects 1,203973 0,000240
prosperous 0,891598 0,000177
protection 0,314711 0,000063
protestation 1,560648 0,000311
prove 0,083382 0,000033
providence 0,693147 0,000138
provision 0,094311 0,000038
public 0,083382 0,000017
puff 0,733969 0,000146
pull 0,127833 0,000076
pulse 0,733969 0,000292
punch 1,203973 0,000240
puncheon 2,659260 0,000529
punishment 0,287682 0,000057
puppet 1,771957 0,000353
purchaser 1,609438 0,000320
pure 0,139262 0,000028
purpose 0,040822 0,000008
purposeless 2,120264 0,000422
pursue 0,186330 0,000111
pursuit 0,287682 0,000057
push 0,139262 0,000083
puzzled 0,494296 0,000098
quack 1,897120 0,000378
quadrant 2,525729 0,000503
quadrilateral 3,506558 0,000698
quaint 1,021651 0,000203
quality 0,186330 0,000037
qualm 2,120264 0,000422
quarrel 0,287682 0,000057
quart 1,714798 0,000341
quarter 0,105361 0,000042
quartermaster 2,525729 0,000503
quaver 2,040221 0,000406
quay 1,966113 0,000391
queer 0,776529 0,000155
quest 0,776529 0,000155
question 0,020203 0,000008
quick 0,127833 0,000025
quicken 0,798508 0,000159
quid 1,966113 0,000391
quiet 0,094311 0,000038
quietly 0,261365 0,000052
quire 2,407946 0,000479
quit 0,462035 0,000092
quiver 0,494296 0,000197
quote 0,755023 0,000150
quoth 1,966113 0,000391
race 0,162519 0,000032
racer 2,040221 0,000406
radiance 1,139434 0,000227
radiant 0,867501 0,000173
rag 0,693147 0,000138
rage 0,139262 0,000083
ragged 0,776529 0,000155
raggedness 3,506558 0,000698
rain 0,150823 0,000030
raise 0,020203 0,000012
raisin 1,714798 0,000341
rammer 2,813411 0,000560
random 0,967584 0,000193
range 0,328504 0,000131
rank 0,223144 0,000044
rap 1,021651 0,000203
rapid 0,371064 0,000074
rapidity 0,820981 0,000163
rapidly 0,371064 0,000074
rascal 0,867501 0,000173
rat 0,867501 0,000173
rate 0,261365 0,000104
ration 1,832581 0,000365
rattle 0,616186 0,000245
rattling 0,916291 0,000182
raving 1,309333 0,000261
ray 0,462035 0,000184
reach 0,000000 0,000000
react 2,040221 0,000406
read 0,020203 0,000008
reader 0,301105 0,000060
readiness 0,634878 0,000126
reading 2,407946 0,000479
ready 0,030459 0,000006
real 0,040822 0,000008
realize 0,693147 0,000276
reappear 1,203973 0,000240
reappearance 1,832581 0,000365
rear 0,371064 0,000074
reason 0,010050 0,000004
reassure 0,820981 0,000163
reassuringly 3,218876 0,000641
reawaken 2,525729 0,000503
reawakening 2,995732 0,000596
rebellious 1,049822 0,000209
rebuff 2,120264 0,000844
recall 0,235722 0,000047
recapture 2,120264 0,000422
receive 0,040822 0,000016
recharge 3,912023 0,000779
recklessness 1,660731 0,000331
reckon 0,385662 0,000154
recognize 0,733969 0,000292
recoil 1,272966 0,000253
recollection 0,527633 0,000105
recommence 1,514128 0,000603
recommend 0,400478 0,000080
recommendation 1,237874 0,000246
record 0,223144 0,000044
recover 0,127833 0,000051
red 0,061875 0,000012
redden 1,171183 0,000233
redly 3,218876 0,000641
redouble 1,309333 0,000261
reduce 0,314711 0,000125
reedy 2,995732 0,000596
reef 1,514128 0,000301
reel 0,820981 0,000163
reflection 0,274437 0,000055
refrain 0,597837 0,000119
refreshment 0,843970 0,000168
refuse 0,083382 0,000033
regain 0,634878 0,000253
regard 0,083382 0,000033
regiment 0,967584 0,000193
regret 0,342490 0,000136
reiterate 1,309333 0,000261
rejoice 0,400478 0,000080
rejoin 0,776529 0,000155
rekindle 1,832581 0,000365
relate 0,415515 0,000083
relaxed 0,994252 0,000198
release 0,105361 0,000021
relief 0,186330 0,000037
relieve 0,198451 0,000079
relinquish 0,916291 0,000182
reload 2,813411 0,001120
rely 0,579818 0,000115
remain 0,040822 0,000024
remainder 0,597837 0,000119
remains 0,150823 0,000030
remark 0,223144 0,000089
remarkable 0,235722 0,000047
remarkably 0,733969 0,000146
remedy 0,150823 0,000030
remember 0,030459 0,000012
remind 0,301105 0,000060
removal 1,171183 0,000233
remove 0,040822 0,000008
repaint 2,813411 0,000560
repair 0,342490 0,000068
reparation 1,832581 0,000365
repeat 0,051293 0,000031
repent 0,634878 0,000126
repetition 0,713350 0,000142
reply 0,105361 0,000063
report 0,051293 0,000020
reprime 3,912023 0,000779
repugnance 1,386294 0,000276
repulse 0,994252 0,000198
request 0,105361 0,000021
require 0,051293 0,000010
required 0,083382 0,000017
reserve 0,400478 0,000080
residence 0,653926 0,000130
resign 0,693147 0,000138
resin 2,525729 0,000503
resolutely 1,108663 0,000221
resolve 0,287682 0,000057
respect 0,040822 0,000016
respectful 0,755023 0,000150
respects 0,527633 0,000105
responsible 0,693147 0,000138
rest 0,010050 0,000004
restore 0,223144 0,000044
restrained 0,776529 0,000155
result 0,174353 0,000035
resume 0,301105 0,000060
retell 2,659260 0,000529
retired 0,342490 0,000068
retort 0,820981 0,000163
retrace 1,237874 0,000246
retreat 0,342490 0,000205
return 0,010050 0,000006
revelation 0,693147 0,000138
revenge 0,462035 0,000092
revengeful 1,469676 0,000293
revenue 0,342490 0,000068
reverberation 2,407946 0,000959
reverently 1,514128 0,000301
reverse 0,527633 0,000105
reversed 1,171183 0,000233
revive 0,510826 0,000203
revolt 0,967584 0,000193
revolve 0,776529 0,000155
reward 0,174353 0,000035
rheumatic 2,207275 0,000439
rib 0,843970 0,000168
rich 0,116534 0,000023
richard 1,021651 0,000203
riches 0,798508 0,000159
ricochet 2,659260 0,000529
rid 0,223144 0,000044
riddle 0,891598 0,000177
ride 0,261365 0,000156
rider 0,967584 0,000385
ridge 0,891598 0,000177
rifle 1,078810 0,000429
rig 1,272966 0,000760
rigger 2,995732 0,000596
rigging 1,771957 0,000353
rightly 0,430783 0,000086
ringleader 2,525729 0,001005
ringlet 1,897120 0,000755
rip 1,021651 0,000407
ripple 0,820981 0,000490
rise 0,030459 0,000024
risk 0,301105 0,000180
river 0,174353 0,000035
rivers 0,713350 0,000142
road 0,116534 0,000023
roar 0,356675 0,000142
roaring 0,693147 0,000138
roast 0,798508 0,000159
robert 1,078810 0,000215
roberts 2,659260 0,000529
rock 0,186330 0,000074
rocking 1,347074 0,000268
rocky 1,049822 0,000209
roger 2,040221 0,000406
rogue 1,272966 0,000253
rogues 1,660731 0,000331
roll 0,150823 0,000090
roller 2,120264 0,000422
rom 2,995732 0,000596
romance 0,673345 0,000134
roof 0,186330 0,000037
root 0,235722 0,000094
rope 0,430783 0,000171
rosily 3,506558 0,000698
rot 0,798508 0,000159
rough 0,186330 0,000074
roughen 2,407946 0,000479
roughly 0,544727 0,000108
roundly 2,120264 0,000422
rout 1,560648 0,000311
route 0,713350 0,000142
roving 1,469676 0,000293
row 0,385662 0,000077
rowing 1,609438 0,000320
royal 0,400478 0,000080
rub 0,342490 0,000068
rudder 1,832581 0,000365
rude 0,342490 0,000068
rudiment 1,560648 0,000311
ruffian 1,347074 0,000536
ruffle 0,941609 0,000187
ruin 0,116534 0,000046
ruination 3,218876 0,000641
rule 0,030459 0,000012
rum 1,309333 0,000261
runner 1,469676 0,000293
running 0,967584 0,000193
rush 0,127833 0,000025
rustle 0,967584 0,000193
rustling 1,203973 0,000240
rusty 1,078810 0,000215
sabre 2,302585 0,000458
sack 0,653926 0,000260
sacrifice 0,210721 0,000042
sad 0,223144 0,000044
saddle 0,755023 0,000301
sadly 0,510826 0,000102
safe 0,116534 0,000023
safely 0,371064 0,000074
safety 0,356675 0,000071
sail 0,415515 0,000248
sailing 0,653926 0,000130
sailor 0,544727 0,000217
sailorly 3,912023 0,000779
saints 1,049822 0,000209
sake 0,083382 0,000017
sally 0,867501 0,000173
salt 0,105361 0,000063
salute 0,634878 0,000379
sand 0,494296 0,000197
sandy 1,049822 0,000209
sane 1,309333 0,000261
sauce 1,560648 0,000311
savage 0,248461 0,000049
savannah 2,995732 0,000596
save 0,010050 0,000008
scale 0,274437 0,000109
scamp 2,120264 0,000422
scarce 0,653926 0,000260
scarcely 0,301105 0,000060
scarecrow 2,302585 0,000458
scarf 1,386294 0,000276
scarred 2,040221 0,000406
scatter 0,693147 0,000276
scattered 0,139262 0,000028
scene 0,127833 0,000025
scent 0,544727 0,000108
scheme 0,462035 0,000092
scholar 0,579818 0,000115
schoolchildren 3,912023 0,000779
schooling 1,897120 0,000378
schooner 2,207275 0,000879
scissors 1,660731 0,000331
scold 1,078810 0,000215
score 0,446287 0,000178
scorn 0,446287 0,000089
scoundrel 1,078810 0,000429
scour 1,203973 0,000240
scowl 1,049822 0,000209
scramble 0,941609 0,000375
scrap 0,820981 0,000163
scratch 0,544727 0,000108
scratching 1,108663 0,000221
scream 0,462035 0,000184
screw 1,049822 0,000209
scrub 1,237874 0,000246
scuffle 1,427116 0,000284
scull 2,995732 0,000596
scupper 2,995732 0,001193
scuttle 1,237874 0,000246
sea 0,116534 0,000023
seafaring 2,302585 0,000458
seal 0,371064 0,000222
seam 1,386294 0,000276
seaman 1,203973 0,000479
seamanly 3,912023 0,000779
search 0,040822 0,000008
seas 0,916291 0,000182
seat 0,051293 0,000020
seaward 2,302585 0,000458
seaway 3,912023 0,000779
seaweed 2,120264 0,000422
seaworthy 3,912023 0,000779
secret 0,051293 0,000010
securely 0,916291 0,000182
security 0,478036 0,000095
seek 0,083382 0,000033
seemingly 0,967584 0,000193
seize 0,116534 0,000046
sell 0,210721 0,000126
send 0,020203 0,000008
sense 0,051293 0,000010
senseless 0,867501 0,000173
sentinel 1,237874 0,000246
sentry 1,714798 0,000683
separate 0,094311 0,000056
sequin 2,995732 0,000596
series 0,494296 0,000098
servant 0,105361 0,000042
serve 0,051293 0,000031
service 0,072571 0,000014
serviceable 1,237874 0,000246
set 0,010050 0,000006
settle 0,083382 0,000050
seventeen 0,693147 0,000138
sever 0,941609 0,000187
severally 2,040221 0,000406
severely 0,634878 0,000126
sew 0,994252 0,000198
shade 0,223144 0,000044
shadow 0,162519 0,000032
shaft 0,713350 0,000142
shaggy 1,049822 0,000209
shake 0,072571 0,000072
shallow 0,755023 0,000150
shame 0,223144 0,000044
shameful 0,916291 0,000182
shape 0,150823 0,000030
shaped 0,527633 0,000105
share 0,030459 0,000006
sharer 1,897120 0,000378
shark 2,407946 0,000479
sharp 0,139262 0,000028
sharply 0,510826 0,000102
shave 0,916291 0,000182
shaving 1,660731 0,000331
sheath 1,347074 0,000268
sheep 0,371064 0,000074
sheepishly 2,207275 0,000439
sheer 0,820981 0,000163
sheet 0,314711 0,000188
shelter 0,301105 0,000120
sheltered 0,820981 0,000163
shifting 0,891598 0,000177
shin 1,897120 0,000378
shine 0,150823 0,000090
shiny 1,714798 0,000341
ship 0,198451 0,000119
shipmate 3,218876 0,001281
shipping 1,309333 0,000261
shipshape 3,506558 0,000698
shipwreck 1,237874 0,000246
shirking 2,659260 0,000529
shirt 0,527633 0,000210
shiver 0,478036 0,000190
shoal 1,386294 0,000276
shock 0,235722 0,000094
shocking 1,139434 0,000227
shockingly 2,659260 0,000529
shoe 0,314711 0,000063
shoot 0,385662 0,000077
shooting 0,634878 0,000126
shop 0,494296 0,000098
shore 0,287682 0,000115
shoreward 3,506558 0,000698
short 0,020203 0,000004
shortly 0,462035 0,000092
shortness 1,660731 0,000331
shot 0,223144 0,000089
shoulder 0,139262 0,000083
shout 0,186330 0,000111
shove 0,967584 0,000385
shovel 1,347074 0,000268
shred 1,108663 0,000221
shrewdness 1,897120 0,000378
shrieking 1,347074 0,000268
shrill 0,798508 0,000159
shroud 0,916291 0,000182
shrub 1,237874 0,000246
shrugging 1,897120 0,000378
shudder 0,446287 0,000089
shut 0,051293 0,000010
shy 0,673345 0,000134
sich 2,120264 0,000422
sick 0,150823 0,000030
sickening 1,309333 0,000261
sickness 0,478036 0,000095
sideways 1,139434 0,000227
sidle 1,714798 0,000683
sigh 0,235722 0,000047
sight 0,040822 0,000008
sighted 0,733969 0,000146
sign 0,051293 0,000020
signal 0,462035 0,000092
signboard 2,995732 0,000596
silence 0,051293 0,000020
silent 0,051293 0,000010
silently 0,544727 0,000108
silk 0,478036 0,000095
sill 1,309333 0,000261
silly 0,400478 0,000080
silver 0,210721 0,000084
silvery 1,203973 0,000240
simply 0,150823 0,000030
simultaneous 1,660731 0,000331
simultaneously 1,203973 0,000240
sin 0,314711 0,000063
sinewy 2,120264 0,000422
sing 0,261365 0,000104
singer 1,049822 0,000209
singing 0,371064 0,000074
single 0,083382 0,000017
singly 1,139434 0,000227
sink 0,072571 0,000043
sir 0,150823 0,000030
sit 0,010050 0,000008
situation 0,198451 0,000040
sixth 0,446287 0,000089
size 0,223144 0,000089
sized 1,237874 0,000246
skeleton 0,867501 0,000173
sketch 0,653926 0,000260
skiff 1,714798 0,000341
skill 0,287682 0,000057
skim 1,347074 0,000536
skin 0,174353 0,000069
skip 1,139434 0,000454
skipper 1,897120 0,000378
skirt 0,527633 0,000210
skulk 1,771957 0,000705
skull 0,843970 0,000168
sky 0,186330 0,000037
skylarking 2,813411 0,000560
slab 1,514128 0,000301
slack 1,171183 0,000233
slacken 1,514128 0,000301
slam 1,309333 0,000521
slant 1,203973 0,000240
slap 0,798508 0,000477
slash 1,309333 0,000261
slaughter 0,820981 0,000163
slave 0,356675 0,000142
slay 0,733969 0,000146
sledge 1,897120 0,000378
sleep 0,051293 0,000031
sleeper 1,078810 0,000429
sleepy 0,713350 0,000142
sleeve 0,579818 0,000115
slewed 3,218876 0,000641
slice 1,108663 0,000221
slide 0,713350 0,000142
slight 0,072571 0,000043
slimy 1,660731 0,000331
slink 1,386294 0,000276
slip 0,150823 0,000090
slope 0,527633 0,000315
slough 1,469676 0,000293
slow 0,139262 0,000028
slowly 0,150823 0,000030
slumber 0,510826 0,000102
slung 1,386294 0,000276
slyly 1,832581 0,000365
slyness 2,659260 0,000529
smack 1,171183 0,000233
smart 0,597837 0,000119
smartly 1,514128 0,000301
smash 1,021651 0,000407
smell 0,261365 0,000104
smile 0,150823 0,000090
smit 2,995732 0,000596
smitten 1,171183 0,000233
smoke 0,186330 0,000111
smoky 1,514128 0,000301
smooth 0,235722 0,000094
smote 1,021651 0,000203
smother 0,941609 0,000375
smoulder 1,514128 0,000301
smuggler 2,407946 0,000479
snack 2,659260 0,000529
snail 1,660731 0,000331
snake 0,891598 0,000177
snakes 1,347074 0,000268
snap 0,733969 0,000146
snatch 0,462035 0,000368
sneer 0,994252 0,000396
sneering 1,609438 0,000320
sniff 1,272966 0,000253
snipe 2,995732 0,000596
snore 1,272966 0,000507
snorer 3,506558 0,000698
snort 1,272966 0,000253
snow 0,478036 0,000095
snuff 1,171183 0,000233
soak 1,171183 0,000466
sob 0,562119 0,000112
sober 0,562119 0,000112
sodden 1,714798 0,000341
soft 0,210721 0,000042
softly 0,400478 0,000080
soil 0,478036 0,000095
soiled 1,609438 0,000320
sojourn 1,139434 0,000227
soldier 0,415515 0,000083
solemn 0,301105 0,000060
solemnity 0,843970 0,000168
solemnly 0,579818 0,000115
solid 0,274437 0,000055
solitude 0,510826 0,000102
solve 0,478036 0,000095
son 0,083382 0,000033
song 0,261365 0,000104
sonny 2,995732 0,000596
sore 0,527633 0,000105
sorely 1,049822 0,000209
sorrow 0,248461 0,000049
sort 0,072571 0,000058
soul 0,083382 0,000033
sound 0,010050 0,000008
sounding 2,207275 0,000439
source 0,274437 0,000055
sourly 2,407946 0,000479
south 0,235722 0,000047
southern 0,579818 0,000115
southward 1,609438 0,000320
southwest 2,302585 0,000458
southwestern 2,813411 0,000560
sovereign 0,733969 0,000146
space 0,105361 0,000042
spade 1,139434 0,000227
spain 0,994252 0,000198
spaniards 1,514128 0,000301
spanish 0,733969 0,000146
spar 1,771957 0,000705
spare 0,116534 0,000046
sparsely 2,407946 0,000479
speak 0,030459 0,000018
speaker 0,634878 0,000253
speaking 0,072571 0,000014
species 0,634878 0,000126
specimen 0,579818 0,000115
speech 0,139262 0,000055
speed 0,274437 0,000055
speedily 0,713350 0,000142
speedy 0,867501 0,000173
spend 0,051293 0,000031
spice 1,108663 0,000221
spider 1,139434 0,000227
spike 1,386294 0,000276
spin 0,510826 0,000305
spires 1,714798 0,000341
spirit 0,051293 0,000020
spirited 0,713350 0,000142
spit 0,843970 0,000336
spite 0,139262 0,000028
spitting 1,609438 0,000320
splash 0,867501 0,000518
split 0,798508 0,000159
spluttering 2,525729 0,000503
spoil 0,274437 0,000109
sponge 1,171183 0,000233
spoonful 1,832581 0,000365
sport 0,446287 0,000089
spot 0,150823 0,000030
spout 1,514128 0,000603
sprawl 1,139434 0,000227
spray 1,237874 0,000493
spread 0,051293 0,000020
spring 0,051293 0,000051
sprinkle 0,776529 0,000155
sprout 1,514128 0,000301
spur 0,693147 0,000276
spurn 1,347074 0,000268
spy 0,579818 0,000115
squall 1,560648 0,000311
squalling 2,659260 0,000529
square 0,223144 0,000044
squat 0,941609 0,000187
squint 1,714798 0,000341
squire 1,272966 0,000253
stab 0,967584 0,000193
stabling 3,506558 0,000698
stage 0,186330 0,000074
stagger 0,527633 0,000210
stagnant 1,771957 0,000353
stain 0,478036 0,000095
stair 0,415515 0,000083
stake 0,446287 0,000178
stalk 0,755023 0,000150
stamp 0,261365 0,000104
stand -0,009950 -0,000006
standstill 1,714798 0,000341
star 0,261365 0,000104
starboard 2,040221 0,000406
stare 0,328504 0,000196
stark 1,386294 0,000276
start -0,009950 -0,000006
startled 0,415515 0,000083
startling 0,967584 0,000193
starvation 1,386294 0,000276
starve 0,562119 0,000336
stately 0,733969 0,000146
statement 0,186330 0,000037
station 0,235722 0,000047
statue 0,634878 0,000126
staunch 1,966113 0,000391
stave 1,427116 0,000284
stay 0,061875 0,000049
steadily 0,415515 0,000083
steady 0,301105 0,000060
steal 0,105361 0,000042
stealthy 1,469676 0,000293
steam 0,579818 0,000115
steel 0,494296 0,000098
steep 0,527633 0,000210
steepen 3,912023 0,000779
steepness 2,813411 0,000560
steer 0,994252 0,000396
steerage 2,995732 0,000596
steering 1,386294 0,000276
steersman 2,525729 0,000503
stem 0,776529 0,000155
stench 1,660731 0,000331
step 0,030459 0,000018
stern 0,478036 0,000190
sternly 0,820981 0,000163
stick 0,174353 0,000069
sticks 0,733969 0,000146
stiff 0,430783 0,000171
stiffly 1,469676 0,000293
stifle 0,967584 0,000193
stifling 1,469676 0,000293
stir 0,210721 0,000042
stirring 0,494296 0,000098
stirrup 1,832581 0,000365
stitch 1,347074 0,000268
stock 0,235722 0,000047
stockade 2,525729 0,000503
stocking 0,843970 0,000168
stomach 0,616186 0,000123
stone 0,094311 0,000038
stony 0,994252 0,000198
stoop 0,400478 0,000159
store 0,061875 0,000025
storm 0,274437 0,000109
stormy 0,755023 0,000150
story 0,030459 0,000012
stout 0,527633 0,000105
stoutish 3,506558 0,000698
stove 1,108663 0,000221
stoving 3,912023 0,000779
stow 1,309333 0,000521
straggle 1,021651 0,000203
straight 0,105361 0,000042
strain 0,248461 0,000099
straits 1,427116 0,000284
strand 0,820981 0,000327
strange 0,061875 0,000025
strangely 0,579818 0,000115
stranger 0,139262 0,000028
strangers 0,356675 0,000071
strangle 0,843970 0,000168
streak 0,820981 0,000163
stream 0,139262 0,000028
streaming 0,798508 0,000159
streamlet 2,407946 0,000479
street 0,116534 0,000023
strength 0,030459 0,000006
stretch 0,116534 0,000070
stretcher 2,407946 0,000479
strew 0,733969 0,000146
stride 0,616186 0,000368
strike 0,020203 0,000012
striking 0,274437 0,000055
string 0,371064 0,000074
strip 0,385662 0,000077
stroke 0,301105 0,000120
stroll 0,820981 0,000490
strong 0,020203 0,000008
stronghold 1,714798 0,000341
struggle 0,127833 0,000076
studious 1,386294 0,000276
study 0,094311 0,000038
stuff 0,223144 0,000044
stumble 0,562119 0,000112
stumblingly 3,912023 0,000779
stump 0,994252 0,000594
stunned 1,078810 0,000215
stunning 1,832581 0,000365
stupid 0,478036 0,000095
stupor 1,560648 0,000311
stutter 2,525729 0,000503
style 0,261365 0,000052
subaltern 2,207275 0,000439
submit 0,430783 0,000086
subside 0,916291 0,000547
subsist 1,347074 0,000268
substance 0,415515 0,000083
succeed 0,105361 0,000021
success 0,162519 0,000032
successful 0,478036 0,000095
suck 0,597837 0,000119
sudden 0,072571 0,000014
suddenly 0,040822 0,000008
suffer 0,061875 0,000012
suffering 0,210721 0,000042
suffice 0,544727 0,000108
sufficient 0,139262 0,000028
sugar 0,776529 0,000155
suit 0,198451 0,000079
suitable 0,462035 0,000092
sulk 2,120264 0,000422
sullen 0,798508 0,000159
sum 0,261365 0,000104
summit 0,713350 0,000284
summon 0,544727 0,000108
summons 0,867501 0,000173
sun 0,072571 0,000014
sunbeam 1,469676 0,000293
sunday 0,494296 0,000098
sundays 1,309333 0,000261
sundown 1,897120 0,000378
sunlight 0,843970 0,000168
sunny 0,843970 0,000168
sunshine 0,616186 0,000123
sunshiny 2,813411 0,000560
supercargo 2,995732 0,000596
superintend 1,347074 0,000536
superstition 0,798508 0,000159
superstitious 1,108663 0,000221
supervene 2,659260 0,000529
supervisor 3,218876 0,000641
supper 0,446287 0,000178
supplication 1,108663 0,000221
supply 0,210721 0,000084
support 0,094311 0,000038
suppose 0,020203 0,000012
surely 0,186330 0,000037
surf 2,040221 0,000406
surface 0,287682 0,000057
surge 1,078810 0,000215
surgeon 0,891598 0,000177
surinam 2,995732 0,000596
surmount 0,843970 0,000168
surprise 0,150823 0,000030
surprised 0,210721 0,000042
surprising 0,544727 0,000108
surrender 0,776529 0,000309
surround 0,162519 0,000032
survive 0,186330 0,000037
survivor 1,469676 0,000293
suspect 0,162519 0,000032
suspicion 0,210721 0,000084
suspicious 0,579818 0,000115
swab 2,995732 0,001789
swagger 1,832581 0,000365
swallow 0,261365 0,000156
swamp 0,287682 0,000229
swampy 2,302585 0,000458
sward 2,813411 0,000560
swarm 0,634878 0,000253
sway 0,494296 0,000098
swear 0,261365 0,000104
swearing 0,994252 0,000198
sweat 0,562119 0,000112
sweep 0,274437 0,000055
sweeping 0,820981 0,000163
sweet 0,139262 0,000055
sweetly 1,049822 0,000209
swell 0,186330 0,000074
swelter 2,407946 0,000479
swift 0,385662 0,000077
swiftly 0,713350 0,000142
swig 3,218876 0,000641
swim 0,478036 0,000095
swing 0,430783 0,000171
swinging 0,798508 0,000159
swish 1,771957 0,000353
swivel 2,525729 0,000503
swoon 1,171183 0,000233
swoop 1,386294 0,000276
sympathy 0,314711 0,000063
table 0,083382 0,000033
tack 1,139434 0,000454
tai 2,995732 0,000596
tail 0,356675 0,000284
tailor 1,108663 0,000221
tale 0,248461 0,000099
talk 0,061875 0,000037
talker 1,469676 0,000293
talking 0,150823 0,000030
tall 0,198451 0,000119
tallow 1,514128 0,000301
tallowy 3,506558 0,000698
talon 1,660731 0,000331
tan 1,272966 0,000253
tap 0,798508 0,000477
tar 1,469676 0,000293
target 1,514128 0,000301
tarpaulin 2,659260 0,001059
tarry 1,386294 0,000276
task 0,248461 0,000049
taste 0,105361 0,000063
tat 2,302585 0,000458
tattered 1,309333 0,000261
tatters 1,771957 0,000353
tattoo 2,120264 0,000844
taut 2,207275 0,000439
tavern 1,021651 0,000203
taylor 1,832581 0,000365
teach 0,083382 0,000017
tear 0,030459 0,000024
teetotum 3,912023 0,000779
telescope 1,386294 0,000276
temper 0,261365 0,000052
tempered 0,653926 0,000130
tend 0,430783 0,000086
tenfold 1,771957 0,000353
tent 0,713350 0,000142
term 0,061875 0,000012
terrible 0,186330 0,000037
terribly 0,733969 0,000146
terrify 0,579818 0,000115
terrifying 2,040221 0,000406
terror 0,162519 0,000065
tether 2,040221 0,000406
thankful 0,843970 0,000168
thatch 1,714798 0,000341
theer 3,218876 0,000641
thicket 0,967584 0,000385
thickly 1,108663 0,000221
thief 0,462035 0,000092
thigh 1,078810 0,000215
thimble 1,966113 0,000391
thimbleful 2,995732 0,000596
thinking 0,274437 0,000055
thirst 0,494296 0,000098
thirteen 0,579818 0,000115
thither 0,579818 0,000115
thomas 0,891598 0,000177
thoughtful 0,693147 0,000138
thoughtless 1,108663 0,000221
thousandfold 2,407946 0,000479
thread 0,342490 0,000205
threat 0,634878 0,000126
threaten 0,186330 0,000111
threateningly 2,302585 0,000458
threshold 0,562119 0,000112
thrifty 1,897120 0,000378
throat 0,223144 0,000089
throw 0,010050 0,000008
thrust 0,287682 0,000115
thumb 0,916291 0,000182
thump 1,203973 0,000240
thunder 0,430783 0,000086
thundering 1,237874 0,000246
thwart 1,108663 0,000221
tick 1,171183 0,000233
ticklish 2,120264 0,000422
tide 0,616186 0,000123
tie 0,105361 0,000042
tiff 3,218876 0,000641
tight 0,494296 0,000098
tighten 1,237874 0,000246
tightly 0,867501 0,000173
tiller 2,207275 0,000439
tilt 1,309333 0,000261
timber 0,798508 0,000318
time -0,009950 -0,000004
tin 0,755023 0,000301
tinder 2,120264 0,000422
tint 1,272966 0,000253
tiny 0,820981 0,000163
tipsy 2,120264 0,000422
tired 0,198451 0,000040
tiring 2,659260 0,000529
tit 1,897120 0,000378
title 0,116534 0,000023
toast 1,139434 0,000454
tobacco 0,713350 0,000142
toe 0,616186 0,000123
tom 1,049822 0,000209
tomorrow 0,755023 0,000150
ton 1,021651 0,000203
tone 0,198451 0,000079
tongue 0,139262 0,000028
tonight 1,272966 0,000253
tonnage 2,525729 0,000503
tool 0,478036 0,000095
toon 3,506558 0,000698
tooth 0,186330 0,000074
topple 2,040221 0,000406
topsy 1,966113 0,000391
torch 0,713350 0,000142
torchlight 2,659260 0,000529
torture 0,371064 0,000148
toss 0,494296 0,000197
tossing 0,916291 0,000182
total 0,579818 0,000115
totter 1,237874 0,000246
tottery 3,912023 0,000779
touch 0,010050 0,000006
tough 0,891598 0,000355
tow 1,560648 0,000311
town 0,094311 0,000038
trace 0,198451 0,000040
track 0,415515 0,000083
tract 1,049822 0,000418
trade 0,287682 0,000115
trader 1,272966 0,000253
tragedy 0,733969 0,000146
tragic 0,820981 0,000163
tragical 2,407946 0,000479
trail 0,653926 0,000260
train 0,162519 0,000065
traitor 1,078810 0,000215
tramp 0,891598 0,000532
trample 0,597837 0,000119
transparent 1,021651 0,000203
transportation 1,714798 0,000341
trap 0,527633 0,000105
trapped 2,040221 0,000406
travel 0,198451 0,000040
traveller 0,755023 0,000150
treacherous 0,891598 0,000177
treachery 0,755023 0,000150
tread 0,328504 0,000131
treasure 0,261365 0,000052
treat 0,127833 0,000051
treaty 1,386294 0,000276
trebly 2,995732 0,000596
tree 0,061875 0,000025
tremble 0,174353 0,000069
tremendous 0,693147 0,000138
tremulous 1,347074 0,000268
trend 2,302585 0,000458
trial 0,261365 0,000104
trice 2,525729 0,000503
trick 0,274437 0,000109
trifle 0,446287 0,000089
trigger 1,714798 0,000341
trim 1,203973 0,000240
trimmed 1,237874 0,000246
trinidad 3,506558 0,000698
trinkets 1,660731 0,000331
trio 2,207275 0,000439
trip 0,510826 0,000203
triumph 0,261365 0,000052
trojan 1,832581 0,000365
troop 0,843970 0,000336
tropical 1,560648 0,000311
trot 0,867501 0,000345
trouble 0,010050 0,000008
trough 1,272966 0,000253
truantry 3,506558 0,000698
truce 1,203973 0,000240
truck 1,560648 0,000311
truculently 3,506558 0,000698
true 0,020203 0,000004
trump 1,386294 0,000276
trumpet 0,843970 0,000168
trundle 3,218876 0,001281
trunk 0,579818 0,000231
trust 0,061875 0,000049
truth 0,030459 0,000006
tumble 0,494296 0,000197
tune 0,616186 0,000245
turf 1,237874 0,000246
turvy 2,120264 0,000422
twentieth 1,108663 0,000221
twinkle 1,049822 0,000209
twinkling 1,021651 0,000203
twist 0,314711 0,000063
twitch 1,386294 0,000276
twitching 1,469676 0,000293
tyrannize 2,120264 0,000422
ugly 0,385662 0,000077
ultimate 0,941609 0,000187
umber 2,525729 0,000503
unaccounted 3,218876 0,000641
unaffected 1,386294 0,000276
unarmed 1,514128 0,000301
unbailed 3,912023 0,000779
unbroken 0,733969 0,000146
unburied 2,659260 0,000529
unchanged 0,994252 0,000198
uncomfortable 0,798508 0,000159
unconquered 2,813411 0,000560
uncouth 1,347074 0,000268
uncover 0,916291 0,000182
understand 0,020203 0,000008
undertaking 0,693147 0,000138
underwood 2,407946 0,000479
undulating 1,560648 0,000311
unearth 1,832581 0,000365
unearthly 1,560648 0,000311
uneasy 0,544727 0,000108
unexplained 1,897120 0,000378
unfaithful 1,966113 0,000391
unfitness 2,207275 0,000439
ungainly 2,120264 0,000422
ungodly 2,040221 0,000406
ungrateful 0,798508 0,000159
unhappy 0,400478 0,000080
unharmed 2,207275 0,000439
unhealthy 1,309333 0,000261
unheeded 1,609438 0,000320
uniform 0,210721 0,000042
uninhabited 1,609438 0,000320
unintelligible 1,237874 0,000246
unintentional 2,525729 0,000503
union 0,494296 0,000098
unkind 1,386294 0,000276
unknown 0,105361 0,000021
unlooked 2,040221 0,000406
unlucky 1,139434 0,000227
unmanly 2,207275 0,000439
unmistakable 1,171183 0,000233
unmoved 0,916291 0,000182
unnatural 0,713350 0,000142
unobserved 1,203973 0,000240
unpleasant 0,562119 0,000112
unprotected 0,673345 0,000134
unprovided 2,302585 0,000458
unruly 1,609438 0,000320
uns 3,912023 0,000779
unsquared 3,912023 0,000779
unsteadied 3,912023 0,000779
unsteady 1,469676 0,000293
unsteered 3,506558 0,000698
unusual 0,415515 0,000083
unweariedly 3,218876 0,000641
unweary 2,813411 0,000560
unwilling 0,653926 0,000130
upper 0,314711 0,000063
uppermost 1,237874 0,000246
upright 0,301105 0,000060
upside 1,347074 0,000268
upstairs 0,891598 0,000177
upstream 3,506558 0,000698
upturned 2,040221 0,000406
upward 0,579818 0,000115
ure 3,912023 0,000779
usage 0,733969 0,000146
useless 0,235722 0,000047
usual 0,139262 0,000028
utter 0,162519 0,000065
utterly 0,371064 0,000074
vain 0,116534 0,000023
valet 1,560648 0,000311
valley 0,544727 0,000108
vanish 0,314711 0,000063
vapour 1,514128 0,000301
vapours 1,897120 0,000378
variable 1,897120 0,000378
variety 0,150823 0,000030
variously 1,427116 0,000284
vary 0,342490 0,000136
vegetable 0,693147 0,000276
vegetation 1,560648 0,000311
vehemence 1,108663 0,000221
veil 0,510826 0,000102
vein 0,446287 0,000089
vengeance 0,579818 0,000115
venture 0,223144 0,000089
verge 0,867501 0,000173
verse 0,478036 0,000095
vessel 0,446287 0,000089
viceroy 2,659260 0,000529
vicious 0,653926 0,000130
victim 0,385662 0,000154
victory 0,356675 0,000071
view 0,040822 0,000016
vigour 0,843970 0,000168
vii 0,430783 0,000086
viii 0,446287 0,000089
vile 0,634878 0,000126
villain 0,916291 0,000365
villainous 1,609438 0,000320
violence 0,248461 0,000049
violent 0,223144 0,000044
violently 0,462035 0,000092
virtue 0,287682 0,000057
vise 2,995732 0,000596
visible 0,235722 0,000047
visibly 0,916291 0,000182
visit 0,030459 0,000012
vividly 1,139434 0,000227
voice 0,020203 0,000008
volition 1,714798 0,000341
volley 1,469676 0,000293
volubility 2,407946 0,000479
volubly 3,218876 0,000641
volume 0,356675 0,000071
volunteer 0,314711 0,000063
volunteers 0,430783 0,000086
vote 0,843970 0,000168
voyage 0,616186 0,000245
wade 1,139434 0,000680
wage 1,203973 0,000240
wail 0,798508 0,000159
wain 2,207275 0,000439
waist 0,693147 0,000138
wait 0,061875 0,000025
waiting 0,083382 0,000017
wake 0,223144 0,000089
waken 1,139434 0,000227
walk 0,000000 0,000000
wall 0,094311 0,000038
walrus 2,813411 0,000560
wander 0,116534 0,000046
wanderings 1,237874 0,000246
war 0,139262 0,000028
ward 0,755023 0,000150
warily 1,966113 0,000391
warm 0,116534 0,000023
warmly 0,798508 0,000159
warn 0,287682 0,000115
warning 0,235722 0,000047
warped 1,897120 0,000378
wary 1,171183 0,000233
wash 0,210721 0,000126
waste 0,127833 0,000051
wasteful 2,407946 0,000479
watch 0,020203 0,000016
watcher 1,560648 0,000311
watchmen 2,120264 0,000422
water 0,040822 0,000024
watercourse 2,407946 0,000479
waterline 3,218876 0,000641
wave 0,210721 0,000168
waver 0,733969 0,000146
weak 0,105361 0,000042
weaken 0,562119 0,000112
weakness 0,248461 0,000049
wealth 0,287682 0,000057
weapon 0,400478 0,000159
wear 0,083382 0,000066
weariness 0,755023 0,000150
wearisome 1,139434 0,000227
weary 0,186330 0,000037
weather 0,248461 0,000049
wedge 1,203973 0,000479
week 0,127833 0,000051
weep 0,356675 0,000071
weevil 3,218876 0,000641
weigh 0,162519 0,000032
weight 0,116534 0,000023
welter 1,966113 0,000391
west 0,083382 0,000017
western 0,616186 0,000123
westward 1,139434 0,000227
wet 0,261365 0,000104
wheeling 1,514128 0,000301
wheer 3,912023 0,000779
whiff 1,609438 0,000320
whip 0,400478 0,000159
whirl 0,527633 0,000210
whirr 2,659260 0,000529
whisker 1,171183 0,000466
whisper 0,248461 0,000099
whispering 0,798508 0,000159
whistle 0,462035 0,000276
whit 1,171183 0,000233
white 0,051293 0,000010
whitened 1,771957 0,000353
wicked 0,328504 0,000131
wickedness 0,916291 0,000182
widder 3,218876 0,000641
wide 0,030459 0,000018
wife 0,083382 0,000017
wig 1,272966 0,000253
wild 0,051293 0,000010
wildly 0,776529 0,000155
willingly 0,527633 0,000105
willingness 1,514128 0,000301
willow 1,171183 0,000233
wily 1,771957 0,000353
wind 0,094311 0,000038
window 0,162519 0,000065
windward 2,207275 0,000439
windy 1,469676 0,000293
wine 0,235722 0,000094
wing 0,314711 0,000125
wink 0,597837 0,000238
winter 0,198451 0,000040
wipe 0,415515 0,000083
wise 0,094311 0,000038
wisely 0,653926 0,000130
wisp 1,660731 0,000661
wit 0,198451 0,000040
withdraw 0,210721 0,000042
witness 0,116534 0,000023
wolf 0,597837 0,000119
woman 0,030459 0,000006
wonderful 0,162519 0,000032
wonderfully 0,510826 0,000102
wood 0,083382 0,000033
wooded 1,609438 0,000320
wooden 0,415515 0,000083
woody 1,832581 0,000365
word 0,020203 0,000004
workman 0,755023 0,000150
workpeople 2,813411 0,000560
worm 0,733969 0,000146
worry 0,544727 0,000108
worth 0,061875 0,000012
worthless 0,843970 0,000168
wot 2,040221 0,000406
wound 0,198451 0,000079
wounded 0,274437 0,000055
wrath 0,634878 0,000126
wreck 0,693147 0,000276
wrench 0,967584 0,000385
wrest 1,203973 0,000240
wrestle 1,049822 0,000209
wretched 0,328504 0,000065
wretchedness 1,139434 0,000227
wriggle 1,171183 0,000233
wring 0,798508 0,000159
wringing 1,609438 0,000320
wrist 0,776529 0,000155
write 0,020203 0,000012
writhe 0,867501 0,000173
writing 0,061875 0,000012
wrong 0,072571 0,000014
xi 0,597837 0,000119
xii 0,579818 0,000115
xiii 0,673345 0,000134
xiv 0,693147 0,000138
xix 0,867501 0,000173
xvi 0,776529 0,000155
xvii 0,843970 0,000168
xviii 0,891598 0,000177
xx 0,916291 0,000182
xxi 0,867501 0,000173
xxii 0,967584 0,000193
xxiii 0,967584 0,000193
xxiv 0,994252 0,000198
xxv 1,108663 0,000221
xxx 1,272966 0,000253
yard 0,223144 0,000089
yarn 1,609438 0,000320
yaw 2,659260 0,001588
yell 0,798508 0,000159
yellow 0,314711 0,000063
yesterday 0,301105 0,000060
yield 0,174353 0,000035
yo 2,407946 0,000479
youngster 1,171183 0,000233
younker 3,506558 0,000698
youth 0,139262 0,000028
