abe 1,897120 0,000477
abide 0,248461 0,000063
abject 1,049822 0,000264
abode 0,579818 0,000146
abstinence 1,609438 0,000405
absurd 0,430783 0,000108
abundance 0,843970 0,000212
abyss 0,994252 0,000250
accept 0,061875 0,000047
access 0,314711 0,000158
accessible 0,446287 0,000112
accommodate 0,916291 0,000231
accompany 0,094311 0,000024
account 0,010050 0,000003
accuracy 1,108663 0,000279
accusatory 3,218876 0,000810
accustomed 0,287682 0,000072
ache 0,733969 0,000185
achieve 0,597837 0,000150
acquaint 0,342490 0,000086
acquaintance 0,248461 0,000063
action 0,094311 0,000047
active 0,127833 0,000032
actual 0,174353 0,000044
adamant 2,120264 0,000534
adapt 0,653926 0,000165
add 0,094311 0,000024
addition 0,116534 0,000059
additional 0,198451 0,000050
address 0,072571 0,000073
adjoin 0,798508 0,000201
adjust 0,891598 0,000224
adjustment 2,207275 0,000555
administer 0,867501 0,000218
administrator 2,207275 0,000555
admiration 0,342490 0,000086
admit 0,116534 0,000059
advance 0,061875 0,000031
advantage 0,127833 0,000032
adventure 0,301105 0,000076
adversary 0,867501 0,000218
affability 1,897120 0,000477
affair 0,094311 0,000024
affection 0,235722 0,000059
affectionate 0,616186 0,000155
afford 0,186330 0,000094
affront 1,171183 0,000295
afraid 0,105361 0,000027
afternoon 0,274437 0,000069
age 0,040822 0,000021
aged 0,198451 0,000050
agent 0,223144 0,000056
agility 1,272966 0,000320
agitated 0,693147 0,000174
agitation 0,673345 0,000169
agonised 1,966113 0,000495
agony 0,462035 0,000116
agree 0,051293 0,000026
agreeable 0,462035 0,000116
agreement 0,210721 0,000053
aid 0,210721 0,000053
aim 0,287682 0,000072
air 0,061875 0,000016
ak 1,347074 0,000339
alarm 0,314711 0,000079
alarming 0,867501 0,000218
alas 0,462035 0,000116
aldermen 2,659260 0,000669
alfred 1,897120 0,000477
alike 0,287682 0,000072
alive 0,051293 0,000013
alley 1,021651 0,000257
almond 1,897120 0,000477
almshouse 2,525729 0,000636
alphabet 1,609438 0,000405
altar 0,755023 0,000190
alter 0,235722 0,000059
alteration 0,261365 0,000066
alternate 0,261365 0,000066
altogether 0,198451 0,000050
amazed 0,634878 0,000160
amend 0,820981 0,000207
american 0,634878 0,000160
ample 0,527633 0,000133
ancestor 0,462035 0,000116
ancient 0,198451 0,000050
angel 0,579818 0,000146
angelic 1,514128 0,000381
angels 0,776529 0,000195
angry 0,174353 0,000044
animal 0,223144 0,000056
ankle 0,916291 0,000231
announcement 1,078810 0,000271
anonymous 1,714798 0,000432
answer 0,020203 0,000010
answering 0,510826 0,000129
antique 1,108663 0,000279
anxious 0,261365 0,000066
anxiously 0,693147 0,000174
apoplectic 2,207275 0,000555
apostle 1,386294 0,000349
appal 1,021651 0,000257
appalling 1,237874 0,000311
apparel 1,171183 0,000295
apparition 0,994252 0,000250
appealing 1,171183 0,000295
appearance 0,072571 0,000037
appetite 0,314711 0,000079
applaud 1,021651 0,000257
apple 0,494296 0,000249
applicable 0,400478 0,000101
apply 0,116534 0,000059
appraise 2,813411 0,000708
apprehensive 1,514128 0,000381
apprentice 1,427116 0,001077
approach 0,040822 0,000021
approve 0,342490 0,000086
apron 1,203973 0,000303
archive 0,544727 0,000137
archway 2,120264 0,000534
arm 0,030459 0,000015
aromatic 1,714798 0,000432
array 0,248461 0,000063
arrival 0,328504 0,000083
arrive 0,083382 0,000021
artful 1,171183 0,000295
arthur 1,660731 0,000418
artifice 1,427116 0,000359
artificial 0,616186 0,000155
artist 0,562119 0,000141
ascii 0,562119 0,000141
ashamed 0,248461 0,000063
asleep 0,162519 0,000041
aspiration 1,049822 0,000264
ass 0,916291 0,000231
assemble 0,462035 0,000116
assembling 1,714798 0,000432
assign 0,597837 0,000301
assist 0,328504 0,000165
assistance 0,105361 0,000027
assure 0,127833 0,000064
astonish 0,261365 0,000132
astonishment 0,301105 0,000076
atmosphere 0,579818 0,000146
atom 1,272966 0,000641
attach 0,116534 0,000059
attend 0,127833 0,000032
attendant 0,616186 0,000155
attention 0,083382 0,000021
attentively 0,755023 0,000190
attire 0,916291 0,000461
attitude 0,446287 0,000112
attract 0,261365 0,000066
attractive 0,820981 0,000207
aught 0,891598 0,000224
aunt 0,798508 0,000201
author 0,116534 0,000029
authority 0,223144 0,000056
avarice 1,049822 0,000264
avoid 0,105361 0,000027
awake 0,150823 0,000114
awful 0,328504 0,000083
awhile 0,967584 0,000243
awkwardly 1,272966 0,000320
axe 1,049822 0,000264
baba 3,218876 0,000810
baby 0,653926 0,000165
bachelor 0,967584 0,000243
bad 0,020203 0,000010
badly 0,446287 0,000112
bag 0,446287 0,000225
bah 1,514128 0,000381
baker 1,203973 0,000606
baking 1,832581 0,000461
balance 0,342490 0,000086
baleful 2,040221 0,000513
ball 0,287682 0,000072
balustrade 1,771957 0,000446
bandage 1,108663 0,000279
bang 1,049822 0,000264
banker 1,139434 0,000287
bar 0,235722 0,000119
bare 0,150823 0,000038
bared 1,469676 0,000370
barely 0,798508 0,000201
bareness 3,506558 0,000882
barer 3,912023 0,000984
bargain 0,527633 0,000133
barrel 0,673345 0,000169
barren 0,713350 0,000180
base 0,094311 0,000047
basin 0,916291 0,000231
bask 1,514128 0,000381
basket 0,579818 0,000146
bass 1,347074 0,000339
battle 0,235722 0,000119
beam 0,430783 0,000108
bear 0,000000 0,000000
bearer 0,776529 0,000195
beat 0,083382 0,000063
beautiful 0,083382 0,000021
beckon 0,867501 0,000218
bed 0,051293 0,000026
bedight 3,912023 0,000984
bedlam 2,525729 0,000636
bedpost 2,525729 0,000636
bedroom 0,798508 0,000201
beef 0,916291 0,000231
beer 0,941609 0,000237
beetle 1,514128 0,000381
beg 0,116534 0,000029
beggar 0,597837 0,000150
beguile 1,386294 0,000349
behave 0,462035 0,000116
behindhand 2,813411 0,000708
behold 0,235722 0,000119
belief 0,198451 0,000050
belinda 3,218876 0,000810
bell 0,301105 0,000152
belle 1,427116 0,000359
belly 0,798508 0,000201
belong 0,072571 0,000037
belt 0,653926 0,000165
bend 0,314711 0,000079
beneath 0,198451 0,000050
benefit 0,356675 0,000090
benevolence 1,049822 0,000264
bent 0,174353 0,000044
bereft 1,897120 0,000477
berry 1,347074 0,000339
beseech 0,891598 0,000449
besought 1,309333 0,000329
bestow 0,430783 0,000217
beware 0,820981 0,000207
bewildering 1,714798 0,000432
bid 0,186330 0,000047
bide 1,771957 0,000446
biffins 3,912023 0,000984
bigotry 2,207275 0,000555
bilious 1,966113 0,000495
binary 0,562119 0,000141
bind 0,030459 0,000008
bird 0,150823 0,000076
bishop 1,049822 0,000264
bit 0,139262 0,000035
bite 0,371064 0,000093
bitter 0,210721 0,000106
black 0,061875 0,000016
blacker 1,660731 0,000418
blame 0,162519 0,000041
blank 0,527633 0,000133
blanket 0,891598 0,000224
blaze 0,634878 0,000320
bleak 1,386294 0,000349
blended 1,203973 0,000303
bless 0,415515 0,000105
blessed 0,356675 0,000090
blessing 0,415515 0,000209
blind 0,174353 0,000088
blindfold 1,897120 0,000477
blindman 3,218876 0,000810
blithe 2,407946 0,000606
blithest 2,995732 0,000754
block 0,494296 0,000124
blood 0,116534 0,000029
blooded 1,560648 0,000393
bloom 0,527633 0,000266
blot 0,820981 0,000207
blotch 1,660731 0,000418
blow 0,061875 0,000016
blue 0,174353 0,000044
blunt 0,891598 0,000224
blush 0,562119 0,000283
board 0,261365 0,000066
boarding 1,272966 0,000320
boast 0,328504 0,000165
boats 0,820981 0,000207
bob 1,427116 0,000359
body 0,010050 0,000003
boil 0,385662 0,000097
boisterous 1,514128 0,000381
bold 0,223144 0,000056
boldly 0,462035 0,000116
bolt 0,494296 0,000124
bone 0,198451 0,000100
bonnet 0,994252 0,000250
bonneted 3,506558 0,000882
book 0,040822 0,000021
booming 1,560648 0,000393
boot 0,430783 0,000217
border 0,400478 0,000101
borough 2,525729 0,000636
bother 0,843970 0,000212
bottle 0,430783 0,000217
bough 0,916291 0,000231
bound 0,301105 0,000076
bow 0,127833 0,000064
bowels 1,309333 0,000329
bowl 0,616186 0,000310
box 0,248461 0,000063
boxes 0,798508 0,000201
boy 0,105361 0,000053
boyhood 1,237874 0,000311
braid 1,347074 0,000339
bran 2,120264 0,000534
branch 0,186330 0,000094
brandy 0,941609 0,000237
brave 0,342490 0,000086
brawn 2,659260 0,000669
brazier 2,040221 0,000513
breach 0,274437 0,000069
breadth 0,653926 0,000165
break 0,010050 0,000008
breast 0,198451 0,000100
breath 0,174353 0,000044
breathless 0,673345 0,000169
breeches 1,203973 0,000303
breed 0,342490 0,000086
breezy 2,407946 0,000606
brewing 1,771957 0,000446
brick 0,653926 0,000329
bridge 0,430783 0,000108
bridle 0,916291 0,000231
brigand 2,207275 0,000555
bright 0,094311 0,000071
brightness 0,634878 0,000160
brilliant 0,430783 0,000108
brimful 2,659260 0,000669
bring 0,000000 0,000000
brisk 0,941609 0,000237
briskly 0,967584 0,000243
bristle 0,941609 0,000237
britain 1,427116 0,000359
broad 0,127833 0,000032
broadwise 3,912023 0,000984
broker 1,897120 0,000477
brooch 2,207275 0,000555
brood 0,597837 0,000150
brother 0,127833 0,000032
brothers 0,356675 0,000090
brow 0,446287 0,000225
brown 0,274437 0,000069
brush 0,478036 0,000120
bubble 0,941609 0,000237
buck 1,386294 0,000349
buff 1,897120 0,000477
build 0,094311 0,000024
building 0,210721 0,000053
bull 0,430783 0,000108
bump 1,560648 0,000393
bunch 0,776529 0,000195
bundle 0,653926 0,000165
burdensome 1,832581 0,000461
burial 0,941609 0,000237
burn 0,061875 0,000031
burst 0,248461 0,000063
bury 0,186330 0,000094
business 0,040822 0,000010
bustle 0,693147 0,000174
busy 0,210721 0,000053
butler 1,139434 0,000287
butter 0,798508 0,000201
button 0,693147 0,000523
bye 0,776529 0,000195
bygone 2,207275 0,000555
cab 1,272966 0,000320
cable 1,386294 0,000349
cains 3,912023 0,000984
cake 0,733969 0,000554
calculate 0,116534 0,000059
caleb 2,813411 0,000708
calendar 1,714798 0,000432
calf 0,798508 0,000201
calico 1,771957 0,000446
calling 0,733969 0,000185
calm 0,274437 0,000069
calmly 0,510826 0,000129
camden 2,813411 0,000708
candle 0,415515 0,000209
candy 1,714798 0,000432
canister 2,407946 0,000606
cannon 0,916291 0,000231
canst 1,514128 0,000381
cap 0,356675 0,000090
capable 0,261365 0,000066
capacious 1,771957 0,000446
capacity 0,510826 0,000129
capital 0,314711 0,000079
captive 0,755023 0,000190
card 0,139262 0,000035
care 0,000000 0,000000
carefully 0,139262 0,000035
carelessly 0,776529 0,000195
careworn 2,525729 0,000636
caricature 1,514128 0,000762
carol 2,120264 0,000534
caroline 2,207275 0,000555
carriage 0,356675 0,000090
carrier 1,347074 0,000678
carry 0,010050 0,000008
cart 0,597837 0,000150
carve 1,272966 0,000320
cash 0,967584 0,000243
cask 1,309333 0,000659
cast 0,116534 0,000029
cat 0,462035 0,000116
catch 0,072571 0,000055
caustic 2,813411 0,000708
cautiously 0,867501 0,000218
cavern 0,967584 0,000243
cease 0,061875 0,000031
ceiling 0,510826 0,000129
celebrated 0,562119 0,000141
celestial 1,171183 0,000295
cell 0,776529 0,000195
cellar 0,798508 0,000402
centre 0,385662 0,000097
cesspool 2,525729 0,000636
chafe 1,021651 0,000257
chain 0,174353 0,000088
chair 0,261365 0,000132
chaise 1,660731 0,000418
chalk 1,139434 0,000287
challenge 0,755023 0,000190
chamber 0,328504 0,000165
chance 0,061875 0,000016
change 0,010050 0,000008
channel 0,544727 0,000137
chapel 1,078810 0,000271
character 0,061875 0,000031
characterisation 3,912023 0,000984
characteristic 0,400478 0,000101
characterization 3,912023 0,000984
charcoal 1,469676 0,000370
charge 0,040822 0,000031
charitable 0,287682 0,000072
charity 0,186330 0,000094
charles 0,597837 0,000150
charm 0,342490 0,000086
charmingly 1,660731 0,000418
charwoman 2,995732 0,000754
chatter 0,713350 0,000180
cheap 0,579818 0,000146
cheapness 2,302585 0,000579
cheat 0,776529 0,000195
check 0,072571 0,000055
cheek 0,261365 0,000066
cheeked 1,966113 0,000495
cheer 0,356675 0,000090
cheerful 0,385662 0,000097
cheerfully 0,820981 0,000207
cheerfulness 0,867501 0,000218
cheery 1,514128 0,000381
cheese 0,967584 0,000243
cherry 1,469676 0,000370
chestnut 1,108663 0,000279
chief 0,094311 0,000024
child 0,040822 0,000021
childish 0,713350 0,000180
chill 0,597837 0,000301
chilly 1,237874 0,000311
chime 1,139434 0,000573
chimney 0,634878 0,000320
chin 0,478036 0,000120
chink 1,347074 0,000678
chirp 1,660731 0,000418
chirrup 2,207275 0,000555
choice 0,150823 0,000038
choke 0,446287 0,000112
choose 0,020203 0,000015
choosing 0,867501 0,000218
chorus 0,941609 0,000237
christian 0,385662 0,000097
christmas 0,891598 0,000224
chrysolite 3,506558 0,000882
chuckle 0,941609 0,000474
church 0,261365 0,000132
churchyard 1,514128 0,000381
cinnamon 1,966113 0,000495
circle 0,150823 0,000038
city 0,051293 0,000013
claim 0,083382 0,000021
clang 1,203973 0,000303
clank 1,609438 0,000810
clap 0,755023 0,000380
clapping 1,108663 0,000279
clash 1,078810 0,000271
clasped 0,843970 0,000212
clasping 1,078810 0,000271
claw 0,798508 0,000201
clergyman 1,078810 0,000271
clerk 0,562119 0,000141
clever 0,371064 0,000093
climate 0,713350 0,000180
cling 0,415515 0,000209
clock 0,510826 0,000257
close 0,010050 0,000005
closely 0,223144 0,000056
closet 0,916291 0,000231
cloth 0,356675 0,000090
clothe 0,287682 0,000145
clothes 0,127833 0,000032
cloud 0,150823 0,000076
cluck 2,525729 0,000636
clue 1,049822 0,000264
cluster 0,693147 0,000174
clutch 0,713350 0,000180
coach 0,755023 0,000380
coal 0,527633 0,000133
coarse 0,478036 0,000120
coat 0,235722 0,000119
cock 0,713350 0,000180
code 0,287682 0,000072
coffee 0,562119 0,000141
coffin 1,021651 0,000257
coil 0,867501 0,000218
cold 0,040822 0,000031
collapse 1,108663 0,000279
collar 0,634878 0,000320
collection 0,162519 0,000041
color 0,967584 0,000243
colour 0,510826 0,000129
combined 0,713350 0,000180
combustion 2,302585 0,000579
comedy 0,916291 0,000231
comely 1,171183 0,000295
comfort 0,105361 0,000053
comfortable 0,261365 0,000066
comforter 1,469676 0,000370
comic 1,203973 0,000303
comical 1,560648 0,000393
coming 1,021651 0,000257
command 0,116534 0,000029
commercial 0,274437 0,000069
commit 0,116534 0,000029
common 0,072571 0,000018
communicate 0,446287 0,000112
compactness 2,995732 0,000754
companion 0,150823 0,000076
company 0,020203 0,000005
competent 1,139434 0,000287
compilation 0,478036 0,000120
compliance 0,342490 0,000086
comply 0,287682 0,000145
compose 0,287682 0,000072
compound 1,021651 0,000514
comprehensive 1,237874 0,000311
compressed 0,342490 0,000086
compulsion 1,609438 0,000405
conceal 0,198451 0,000050
concept 0,527633 0,000133
condemn 0,446287 0,000225
condense 1,514128 0,000381
condescension 1,309333 0,000329
condition 0,051293 0,000013
conducive 1,560648 0,000393
conduct 0,094311 0,000071
confer 0,820981 0,000207
conference 1,139434 0,000287
confess 0,127833 0,000032
confidence 0,139262 0,000035
confidential 1,021651 0,000257
confirm 0,139262 0,000035
confirmation 0,356675 0,000090
conflict 0,597837 0,000150
confront 0,776529 0,000195
confused 0,248461 0,000063
congeal 1,386294 0,000349
congenial 1,309333 0,000329
connect 0,891598 0,000224
connected 0,415515 0,000105
conscious 0,314711 0,000079
consciousness 0,371064 0,000093
consent 0,223144 0,000056
consequence 0,186330 0,000094
consequential 0,478036 0,000120
considerable 0,105361 0,000027
consistent 0,798508 0,000201
consolation 0,634878 0,000160
conspicuous 0,916291 0,000231
constant 0,051293 0,000013
constantly 0,371064 0,000093
contact 0,210721 0,000053
contagious 2,040221 0,000513
content 0,174353 0,000044
contented 0,400478 0,000101
contents 0,094311 0,000024
continued 0,072571 0,000018
contortion 1,897120 0,000477
contract 0,139262 0,000070
contradiction 0,713350 0,000180
contrary 0,198451 0,000050
contrast 0,385662 0,000097
contribution 0,371064 0,000093
control 0,223144 0,000056
convenience 0,673345 0,000169
convenient 0,462035 0,000116
conversation 0,186330 0,000094
converse 0,494296 0,000124
convert 0,186330 0,000047
convey 0,287682 0,000072
convince 0,198451 0,000050
cook 0,223144 0,000225
coolly 1,021651 0,000257
copper 0,713350 0,000180
copying 0,494296 0,000124
copyright 0,415515 0,000105
cordially 1,237874 0,000311
core 1,347074 0,000339
cork 1,171183 0,000295
corner 0,072571 0,000037
corporation 0,400478 0,000101
corpse 0,616186 0,000155
correct 0,235722 0,000059
corroborate 1,514128 0,000381
corrupt 0,235722 0,000119
cost 0,105361 0,000053
cosy 2,302585 0,000579
couch 0,579818 0,000146
count 0,116534 0,000059
countenance 0,371064 0,000093
counter 0,733969 0,000185
countess 1,660731 0,000418
country 0,010050 0,000005
couple 0,248461 0,000125
courage 0,150823 0,000038
court 0,094311 0,000047
cousin 0,597837 0,000301
cover 0,223144 0,000112
covered 0,139262 0,000035
covering 0,415515 0,000105
covetous 1,771957 0,000446
cow 0,653926 0,000165
crack 0,478036 0,000241
crackle 1,237874 0,000311
cram 1,309333 0,000329
cramp 1,609438 0,000405
crashing 1,386294 0,000349
cravat 1,560648 0,000393
create 0,094311 0,000047
creation 0,198451 0,000050
creature 0,116534 0,000059
credentials 2,207275 0,000555
credit 0,094311 0,000024
creditor 1,237874 0,000311
credulity 1,966113 0,000495
creek 1,514128 0,000381
creep 0,198451 0,000050
cricket 1,469676 0,000370
crime 0,261365 0,000066
cripple 1,469676 0,000370
crisis 0,820981 0,000207
crisp 1,237874 0,000311
critical 0,235722 0,000059
cross 0,083382 0,000063
crowd 0,174353 0,000044
crowded 0,301105 0,000076
crown 0,210721 0,000053
crumb 1,427116 0,000359
crush 0,274437 0,000069
crutch 1,771957 0,000446
cuff 1,139434 0,000573
cultivate 0,462035 0,000233
cup 0,342490 0,000086
cupola 2,207275 0,000555
curiosity 0,210721 0,000053
curiously 0,776529 0,000195
curl 0,510826 0,000129
current 0,116534 0,000029
curtain 0,328504 0,000083
curtaining 3,912023 0,000984
curtsy 2,207275 0,000555
custard 2,995732 0,000754
custom 0,210721 0,000053
customer 1,139434 0,000287
cut 0,030459 0,000008
dainty 0,634878 0,000160
damage 0,223144 0,000112
damages 0,400478 0,000101
damascus 2,525729 0,000636
damp 0,400478 0,000101
dance 0,235722 0,000178
dancer 1,309333 0,000329
dangle 1,966113 0,000495
dangling 1,139434 0,000287
dark 0,051293 0,000039
darkness 0,186330 0,000047
darn 1,771957 0,000446
dart 0,562119 0,000141
dash 0,400478 0,000302
datum 0,494296 0,000124
daughter 0,174353 0,000088
daw 3,218876 0,000810
day 0,000000 0,000000
daylight 0,446287 0,000112
dead 0,072571 0,000037
deafen 2,040221 0,000513
deal 0,061875 0,000047
dealings 1,237874 0,000311
dearly 0,776529 0,000195
death 0,020203 0,000005
debt 0,494296 0,000124
decanter 1,469676 0,000370
decayed 1,203973 0,000303
deceased 1,078810 0,000271
december 0,562119 0,000141
decide 0,040822 0,000021
deck 0,544727 0,000137
declension 2,813411 0,000708
decorate 0,891598 0,000224
decrease 1,272966 0,000320
deductible 0,562119 0,000141
deed 0,287682 0,000072
deep 0,020203 0,000005
defect 0,261365 0,000132
defective 0,356675 0,000090
defenceless 1,897120 0,000477
deference 0,967584 0,000243
defiance 0,713350 0,000180
deftly 1,660731 0,000418
defy 0,693147 0,000174
degradation 1,108663 0,000279
degree 0,150823 0,000076
delay 0,186330 0,000047
deletion 0,562119 0,000141
deliberate 0,673345 0,000169
delicate 0,301105 0,000076
delicately 1,171183 0,000295
delicious 0,713350 0,000180
delight 0,150823 0,000038
delighted 0,287682 0,000072
delightful 0,478036 0,000120
demand 0,051293 0,000026
demeanour 1,469676 0,000370
demon 0,916291 0,000231
demurely 1,897120 0,000477
den 0,693147 0,000174
dense 0,693147 0,000174
deny 0,072571 0,000018
depart 0,162519 0,000041
depend 0,040822 0,000021
deposit 0,776529 0,000195
depress 0,616186 0,000155
deprive 0,415515 0,000105
depths 0,446287 0,000112
der 1,832581 0,000461
derivative 0,510826 0,000129
derive 0,210721 0,000106
descend 0,174353 0,000088
desert 0,314711 0,000079
deserted 0,385662 0,000097
deserve 0,314711 0,000079
design 0,287682 0,000072
desirable 0,733969 0,000185
desire 0,051293 0,000026
desk 0,867501 0,000437
desolation 0,916291 0,000231
despairingly 1,966113 0,000495
desperate 0,328504 0,000083
despoil 2,302585 0,000579
despondent 1,832581 0,000461
dessert 1,514128 0,000381
destitute 0,916291 0,000231
destroy 0,061875 0,000016
detach 0,287682 0,000072
detain 0,544727 0,000137
determine 0,061875 0,000016
detestation 1,771957 0,000446
deuce 1,560648 0,000393
developed 0,544727 0,000137
development 0,693147 0,000174
devil 0,301105 0,000076
devote 0,673345 0,000169
dialogue 1,049822 0,000264
dick 1,771957 0,000446
dickens 1,560648 0,000393
die 0,010050 0,000010
difficult 0,116534 0,000029
diffuse 1,386294 0,000349
dig 0,356675 0,000090
dim 0,356675 0,000090
diminished 0,776529 0,000195
dimly 0,867501 0,000218
dimpled 2,120264 0,000534
dine 0,562119 0,000141
ding 2,407946 0,000606
dingy 1,347074 0,000339
dining 0,510826 0,000129
dinner 0,186330 0,000094
dip 0,673345 0,000169
direct 0,040822 0,000010
direction 0,051293 0,000026
director 0,733969 0,000185
dirge 2,302585 0,000579
dirt 0,544727 0,000137
dirty 0,544727 0,000274
disagreeable 0,733969 0,000185
disappointed 0,415515 0,000105
disclaim 0,462035 0,000233
disclaimer 0,562119 0,000283
disclose 0,634878 0,000160
discontinue 0,510826 0,000129
discover 0,030459 0,000015
discuss 0,400478 0,000101
disdain 0,673345 0,000169
disease 0,328504 0,000083
disgorge 2,120264 0,000534
disgust 0,430783 0,000108
dish 0,478036 0,000241
disinterested 1,386294 0,000349
disjointed 1,832581 0,000461
disk 0,415515 0,000105
dislike 0,478036 0,000120
dismal 0,843970 0,000212
dismay 0,597837 0,000301
dismiss 0,430783 0,000217
dismount 1,272966 0,000320
disorder 0,544727 0,000137
dispatch 0,967584 0,000243
dispel 1,139434 0,000287
displace 1,309333 0,000329
display 0,162519 0,000123
disposed 0,385662 0,000097
dissolve 0,733969 0,000185
distance 0,105361 0,000027
distinct 0,301105 0,000076
distinctly 0,478036 0,000120
distinctness 1,469676 0,000370
distinguish 0,314711 0,000079
distract 0,510826 0,000129
distress 0,274437 0,000069
distribute 0,210721 0,000159
distribution 0,430783 0,000108
distributor 0,544727 0,000137
disturb 0,198451 0,000100
disused 2,407946 0,000606
dive 0,967584 0,000243
divert 0,634878 0,000320
dog 0,186330 0,000094
dogged 1,514128 0,000381
doings 0,967584 0,000243
doll 1,386294 0,000349
domain 0,328504 0,000083
domestic 0,510826 0,000129
dominion 0,941609 0,000237
donate 0,544727 0,000137
donation 0,446287 0,000225
dong 2,525729 0,000636
donor 0,478036 0,000120
doom 0,579818 0,000292
door 0,000000 0,000000
doorstep 1,714798 0,000432
doorway 0,733969 0,000369
dot 1,469676 0,001109
double 0,139262 0,000035
doubt 0,040822 0,000031
doubtfully 1,660731 0,000418
doubtless 0,430783 0,000108
dowerless 3,506558 0,000882
downcast 1,386294 0,000349
download 0,562119 0,000141
downward 0,798508 0,000201
doyle 2,659260 0,000669
doze 0,891598 0,000224
dozen 0,415515 0,000105
drag 0,248461 0,000188
drape 1,660731 0,000418
draw 0,020203 0,000020
drawer 0,820981 0,000207
drawing 1,609438 0,000405
dread 0,248461 0,000125
dreadful 0,342490 0,000086
dreadfully 1,021651 0,000257
dream 0,083382 0,000063
dreary 0,673345 0,000169
dress 0,162519 0,000082
dressed 0,261365 0,000066
drink 0,072571 0,000055
drip 1,427116 0,000359
drive 0,030459 0,000023
droop 0,798508 0,000201
drop 0,061875 0,000047
drowsiness 1,609438 0,000405
drunk 0,415515 0,000105
drunken 0,820981 0,000207
dry 0,116534 0,000059
dull 0,174353 0,000088
dumb 0,562119 0,000141
dusky 1,021651 0,000257
dust 0,162519 0,000082
dusty 0,967584 0,000243
dutch 1,139434 0,000287
dwarfish 2,659260 0,000669
dwelling 0,494296 0,000124
dwellings 1,514128 0,000381
dwindle 1,427116 0,000359
eager 0,210721 0,000053
eagerness 0,544727 0,000137
ear 0,061875 0,000031
earnest 0,261365 0,000066
earnestness 0,867501 0,000218
earth 0,051293 0,000013
earthly 0,673345 0,000169
ease 0,150823 0,000038
easily 0,072571 0,000018
easterly 1,966113 0,000495
easy 0,000000 0,000000
eat 0,040822 0,000031
eating 0,235722 0,000059
ebenezer 2,813411 0,000708
echo 0,356675 0,000269
ecstasy 0,798508 0,000201
edge 0,150823 0,000038
edition 0,287682 0,000145
educational 0,446287 0,000112
effort 0,094311 0,000047
eighteen 0,462035 0,000116
eke 2,120264 0,000534
elbow 0,494296 0,000249
eld 0,385662 0,000097
elect 0,210721 0,000053
electronic 0,544727 0,000137
electronically 0,544727 0,000137
elicit 1,272966 0,000320
eliminate 1,714798 0,000432
email 0,562119 0,000141
embarrassed 0,916291 0,000231
embarrassing 1,514128 0,000381
emblem 1,469676 0,000370
embrace 0,235722 0,000059
emerge 0,653926 0,000165
emotion 0,356675 0,000180
emphatically 1,203973 0,000303
employ 0,235722 0,000059
employee 0,510826 0,000257
encode 0,653926 0,000165
encompass 1,203973 0,000303
encourage 0,301105 0,000076
endeavour 0,713350 0,000539
energy 0,371064 0,000093
engaged 0,198451 0,000050
english 0,094311 0,000024
engross 1,386294 0,000349
enjoy 0,072571 0,000018
enjoyment 0,562119 0,000141
enormous 0,430783 0,000108
enshroud 2,813411 0,000708
ensue 0,579818 0,000146
ensure 0,342490 0,000086
enter 0,020203 0,000015
enthrone 2,120264 0,000534
entity 0,544727 0,000137
entreat 0,713350 0,000180
entreaty 1,021651 0,000257
entry 0,776529 0,000195
envy 0,446287 0,000112
equal 0,162519 0,000041
equipment 0,415515 0,000105
erase 1,660731 0,000418
erect 0,446287 0,000112
error 0,072571 0,000018
escape 0,061875 0,000031
escort 0,755023 0,000190
especial 1,309333 0,000329
essence 0,693147 0,000174
established 0,301105 0,000076
establishment 0,673345 0,000169
esteem 0,478036 0,000120
eternity 0,673345 0,000169
eve 0,673345 0,000339
evening 0,072571 0,000037
event 0,150823 0,000038
evergreen 1,660731 0,000418
evidence 0,235722 0,000059
evil 0,150823 0,000038
exaggerated 0,843970 0,000212
exaggeration 1,237874 0,000311
exalt 0,597837 0,000150
examine 0,150823 0,000038
exceed 0,462035 0,000116
exceedingly 0,462035 0,000116
excellent 0,150823 0,000038
exchange 0,210721 0,000106
excited 0,248461 0,000063
excitement 0,415515 0,000105
exclaim 0,287682 0,000072
exclusion 0,371064 0,000093
exclusive 1,203973 0,000303
excrescence 2,659260 0,000669
excuse 0,139262 0,000035
execrable 2,302585 0,000579
executive 1,171183 0,000295
executor 1,832581 0,000461
exempt 0,314711 0,000079
exhausted 0,400478 0,000101
exist 0,072571 0,000018
expect 0,051293 0,000039
expectant 1,427116 0,000359
expectation 0,356675 0,000090
expend 0,301105 0,000152
expense 0,127833 0,000064
experience 0,072571 0,000018
explain 0,116534 0,000029
explanation 0,139262 0,000035
export 0,446287 0,000112
exposed 0,301105 0,000076
express 0,072571 0,000037
expression 0,116534 0,000029
extensive 0,798508 0,000201
extent 0,083382 0,000021
external 0,562119 0,000141
extinguish 0,562119 0,000141
extinguisher 2,995732 0,000754
extract 0,544727 0,000137
extraordinary 0,371064 0,000093
extravagance 1,347074 0,000339
extravagant 0,916291 0,000231
extreme 0,186330 0,000047
extremely 0,385662 0,000097
extremity 0,693147 0,000174
exult 1,309333 0,000329
eye 0,000000 0,000000
eyebrow 0,673345 0,000169
faced 0,820981 0,000207
facetious 1,897120 0,000477
facility 0,342490 0,000086
factious 2,207275 0,000555
fade 0,371064 0,000093
fail 0,072571 0,000018
fain 0,967584 0,000243
faint 0,186330 0,000047
faintly 0,713350 0,000180
fair 0,051293 0,000013
fairbanks 1,386294 0,000349
faith 0,210721 0,000053
fall 0,000000 0,000000
false 0,210721 0,000053
falter 0,867501 0,000437
familiar 0,150823 0,000038
family 0,061875 0,000016
famous 0,261365 0,000066
fan 0,579818 0,000146
fancy 0,162519 0,000123
farmer 0,653926 0,000165
farthing 1,347074 0,000339
fashion 0,105361 0,000027
fashionable 0,916291 0,000231
fast 0,030459 0,000008
fasten 0,478036 0,000120
fat 0,314711 0,000079
fate 0,174353 0,000044
father 0,061875 0,000031
fathom 1,139434 0,000287
fatigue 0,494296 0,000124
fatness 2,207275 0,000555
favour 0,544727 0,000137
fear 0,020203 0,000010
fearful 0,400478 0,000101
feast 0,430783 0,000108
feather 0,462035 0,000233
feature 0,261365 0,000132
federal 0,527633 0,000133
fee 0,301105 0,000152
feeble 0,356675 0,000090
feebly 0,843970 0,000212
feed 0,248461 0,000063
feel 0,020203 0,000010
feeling 0,072571 0,000037
feign 0,776529 0,000195
feint 1,897120 0,000477
fellow 0,040822 0,000021
ferocious 1,203973 0,000303
ferret 1,660731 0,000418
fervour 1,609438 0,000405
festive 1,514128 0,000381
festivity 1,514128 0,000381
fetch 0,510826 0,000257
fetter 0,994252 0,000250
fezziwig 3,912023 0,000984
fictitious 1,560648 0,000393
fiddler 2,407946 0,000606
field 0,094311 0,000047
fiercely 0,776529 0,000195
fiery 0,713350 0,000180
fig 1,203973 0,000303
fight 0,083382 0,000021
figure 0,051293 0,000026
filbert 2,995732 0,000754
file 0,223144 0,000112
filth 1,139434 0,000287
financial 0,415515 0,000105
fine 0,061875 0,000031
finger 0,150823 0,000038
finish 0,287682 0,000145
fireside 1,609438 0,000405
firm 0,248461 0,000063
fish 0,287682 0,000072
fisted 3,912023 0,000984
fit 0,030459 0,000008
fitness 0,446287 0,000112
fixedly 1,427116 0,000359
flame 0,248461 0,000063
flannel 1,469676 0,000370
flare 1,108663 0,000279
flash 0,261365 0,000066
flat 0,139262 0,000035
flaunt 2,302585 0,000579
flavour 1,386294 0,000349
flee 0,301105 0,000076
flesh 0,210721 0,000053
flicker 0,755023 0,000190
flight 0,287682 0,000072
fling 0,462035 0,000116
flint 1,171183 0,000295
float 0,328504 0,000165
flock 0,385662 0,000097
flood 0,430783 0,000108
floor 0,174353 0,000088
flour 1,078810 0,000271
flower 0,174353 0,000044
flowery 1,771957 0,000446
fluctuate 1,771957 0,000446
flush 0,562119 0,000141
flutter 0,673345 0,000169
fly 0,116534 0,000029
fog 0,653926 0,000165
foggy 1,469676 0,000740
fold 0,287682 0,000145
folding 1,049822 0,000264
folk 0,527633 0,000133
follow 0,020203 0,000005
follower 0,713350 0,000180
fond 0,261365 0,000066
fondly 1,309333 0,000329
fool 0,235722 0,000119
foot 0,051293 0,000026
footstool 1,714798 0,000432
forbear 1,427116 0,000359
forbearance 1,272966 0,000320
forbid 0,248461 0,000063
force 0,030459 0,000015
forehead 0,400478 0,000101
foreign 0,301105 0,000076
foremost 0,673345 0,000169
foreshadow 2,525729 0,000636
foretell 1,171183 0,000295
forfeit 1,237874 0,000311
forge 0,798508 0,000201
forget 0,010050 0,000008
forgive 0,314711 0,000158
forgiveness 0,916291 0,000231
fork 0,616186 0,000155
form 0,020203 0,000015
formal 0,673345 0,000169
format 0,562119 0,000283
fortune 0,162519 0,000082
foul 0,616186 0,000155
foundation 0,127833 0,000032
founder 0,891598 0,000224
fowls 1,272966 0,000320
fragment 0,597837 0,000301
fragrance 1,171183 0,000295
frail 0,967584 0,000243
frame 0,174353 0,000044
frank 0,597837 0,000150
fraught 1,514128 0,000381
fred 2,120264 0,000534
freely 0,105361 0,000027
freeze 0,941609 0,000474
french 0,342490 0,000086
fresh 0,105361 0,000053
friars 2,302585 0,000579
friday 0,967584 0,000243
friend 0,000000 0,000000
friendly 0,248461 0,000063
frightened 0,301105 0,000076
frightful 0,776529 0,000195
fringe 0,798508 0,000201
frisk 1,966113 0,000495
fro 0,494296 0,000124
frontispiece 1,714798 0,000432
frost 0,653926 0,000165
frosty 1,386294 0,000349
frouzy 3,912023 0,000984
frown 0,673345 0,000339
frozen 0,733969 0,000185
fruit 0,162519 0,000082
fruiterer 2,995732 0,000754
fry 1,171183 0,000295
fuel 1,108663 0,000279
fund 0,967584 0,000243
funeral 0,597837 0,000150
fur 0,994252 0,000250
furnish 0,527633 0,000133
furnished 0,328504 0,000083
furniture 0,415515 0,000105
furrow 1,139434 0,000287
furze 2,525729 0,000636
future 0,105361 0,000027
gaily 1,078810 0,000271
gain 0,040822 0,000021
gainsay 2,040221 0,000513
gait 1,078810 0,000271
gale 1,078810 0,000271
gallantly 1,309333 0,000329
gallantry 1,347074 0,000339
game 0,210721 0,000106
gaol 2,207275 0,000555
gap 0,843970 0,000212
garden 0,150823 0,000038
garment 0,400478 0,000202
garret 1,309333 0,000329
gas 1,139434 0,000287
gasp 0,579818 0,000146
gate 0,210721 0,000106
gateway 1,309333 0,000329
gather 0,061875 0,000016
gathering 0,415515 0,000105
gay 0,494296 0,000249
gaze 0,314711 0,000158
generation 0,127833 0,000064
generous 0,356675 0,000090
genial 0,994252 0,000250
genii 2,407946 0,000606
genius 0,400478 0,000101
gentle 0,274437 0,000069
gentleman 0,223144 0,000112
gently 0,235722 0,000059
george 0,616186 0,000155
ghost 0,462035 0,000233
ghostly 1,237874 0,000311
giant 0,562119 0,000283
giddy 1,108663 0,000279
gift 0,210721 0,000053
gig 1,966113 0,000495
gigantic 0,994252 0,000250
gill 1,966113 0,000495
gin 1,427116 0,000359
gird 1,427116 0,000359
girl 0,198451 0,000100
girthed 3,912023 0,000984
glad 0,072571 0,000018
gladly 0,544727 0,000137
gladness 1,049822 0,000264
gladsome 2,525729 0,000636
glance 0,186330 0,000141
glare 0,733969 0,000185
glass 0,174353 0,000044
glazed 1,660731 0,000418
gleam 0,510826 0,000129
glee 1,309333 0,000329
glide 0,673345 0,000169
glimpse 0,462035 0,000233
glisten 0,820981 0,000413
glitter 0,579818 0,000146
globe 0,755023 0,000380
gloom 0,579818 0,000146
gloomy 0,462035 0,000116
glorious 0,462035 0,000116
glory 0,301105 0,000076
glove 0,597837 0,000150
glow 0,314711 0,000158
glue 1,609438 0,000405
gnaw 0,967584 0,000487
goal 0,274437 0,000069
goblet 1,771957 0,000446
goblin 1,832581 0,000461
god 0,083382 0,000021
gold 0,083382 0,000021
golden 0,342490 0,000086
goodly 1,237874 0,000311
goodness 0,328504 0,000083
goose 0,755023 0,000380
gothic 1,609438 0,000405
govern 0,186330 0,000047
government 0,462035 0,000116
gown 0,616186 0,000155
grace 0,235722 0,000059
graceful 0,494296 0,000124
gracefully 1,203973 0,000303
grade 1,347074 0,000339
grant 0,061875 0,000016
grape 0,867501 0,000218
grasp 0,274437 0,000138
grass 0,301105 0,000076
grate 0,673345 0,000339
grateful 0,446287 0,000112
gratefully 0,415515 0,000105
gratis 2,525729 0,000636
gratitude 0,478036 0,000120
grave 0,116534 0,000059
gravely 0,693147 0,000174
gravy 2,525729 0,000636
greasy 1,347074 0,000339
greatly 0,210721 0,000053
greedy 1,021651 0,000257
green 0,105361 0,000027
greet 0,653926 0,000165
gregory 1,139434 0,000287
grey 0,562119 0,000141
grief 0,356675 0,000090
grieve 0,673345 0,000339
grin 0,733969 0,000369
grindstone 2,302585 0,000579
gripe 2,302585 0,000579
grocer 1,832581 0,000922
grog 2,302585 0,000579
groom 1,347074 0,000339
grope 0,733969 0,000369
gross 0,235722 0,000119
grotesque 1,021651 0,000257
ground 0,030459 0,000008
grove 0,733969 0,000185
grow 0,010050 0,000010
growl 0,941609 0,000474
growth 0,430783 0,000108
gruel 2,207275 0,000555
gruff 1,660731 0,000418
grunt 1,021651 0,000257
guard 0,083382 0,000021
guess 0,223144 0,000112
guest 0,235722 0,000059
guide 0,083382 0,000021
guilty 0,356675 0,000090
gush 0,891598 0,000224
ha 0,891598 0,000224
habit 0,162519 0,000041
haggard 1,021651 0,000257
hail 0,415515 0,000105
hair 0,072571 0,000018
haired 0,820981 0,000207
hall 0,274437 0,000069
hallo 1,966113 0,000495
halloa 2,120264 0,000534
halloo 2,040221 0,000513
hamlet 1,078810 0,000271
hammer 0,544727 0,000137
hand 0,010050 0,000008
handful 0,776529 0,000195
handle 0,223144 0,000056
handsome 0,328504 0,000083
handsomely 1,139434 0,000287
hanging 0,235722 0,000059
happen 0,030459 0,000015
happiness 0,150823 0,000038
happy 0,061875 0,000047
hard 0,040822 0,000010
hardily 3,218876 0,000810
hardship 0,713350 0,000180
hark 1,139434 0,000287
harm 0,210721 0,000053
harmless 0,248461 0,000063
harp 0,843970 0,000212
harsh 0,462035 0,000116
hart 0,462035 0,000116
hast 0,891598 0,000224
haste 0,371064 0,000093
hasten 0,371064 0,000093
hat 0,446287 0,000225
hatred 0,494296 0,000124
haunt 0,385662 0,000194
head 0,000000 0,000000
health 0,198451 0,000050
heap 0,248461 0,000188
hear 0,010050 0,000005
hearing 0,139262 0,000035
hearse 1,966113 0,000495
heart 0,010050 0,000005
hearth 0,843970 0,000212
heartily 0,597837 0,000150
heartiness 2,525729 0,000636
hearty 0,616186 0,000310
heat 0,198451 0,000100
heaven 0,174353 0,000044
heavenly 0,843970 0,000212
heavily 0,400478 0,000101
heaving 0,994252 0,000250
heavy 0,030459 0,000023
heed 0,510826 0,000257
heightened 1,469676 0,000370
heir 0,527633 0,000133
helmsman 2,407946 0,000606
herd 0,597837 0,000150
heresy 1,469676 0,000370
hey 1,347074 0,000339
hide 0,072571 0,000037
hideous 0,527633 0,000133
hideously 2,120264 0,000534
highly 0,261365 0,000066
hinge 0,916291 0,000231
hint 0,301105 0,000152
hiss 0,653926 0,000165
ho 1,203973 0,000303
hoar 1,609438 0,000405
hoarding 2,302585 0,000579
hob 2,040221 0,000513
hold 0,010050 0,000008
holder 0,430783 0,000108
hole 0,261365 0,000132
holiday 0,713350 0,000359
hollow 0,430783 0,000108
holly 2,302585 0,000579
homage 1,078810 0,000271
homeward 0,891598 0,000224
honest 0,235722 0,000059
honour 0,494296 0,000249
hood 1,237874 0,000311
hooded 2,407946 0,000606
hook 0,634878 0,000160
hoop 1,771957 0,000446
hope 0,000000 0,000000
hopeful 0,916291 0,000231
horn 0,478036 0,000120
horny 2,525729 0,000636
horrible 0,356675 0,000090
horror 0,198451 0,000100
horse 0,139262 0,000070
hospital 0,755023 0,000190
host 0,446287 0,000112
hot 0,116534 0,000029
hour 0,061875 0,000031
house 0,020203 0,000005
household 0,430783 0,000108
housekeeper 1,139434 0,000287
housemaid 1,514128 0,000381
houses 0,139262 0,000035
housetops 2,407946 0,000606
howl 0,527633 0,000133
hug 0,967584 0,000487
hum 0,579818 0,000146
human 0,072571 0,000018
humanity 0,494296 0,000124
humbug 1,514128 0,000381
humility 0,867501 0,000218
humour 0,713350 0,000180
humoured 1,609438 0,000405
hung 0,174353 0,000044
hungry 0,314711 0,000079
hurrah 1,386294 0,000349
hurry 0,162519 0,000123
hurt 0,150823 0,000038
husband 0,198451 0,000050
hush 0,527633 0,000133
hustle 2,040221 0,000513
hut 0,776529 0,000195
ice 0,527633 0,000266
icicle 2,525729 0,001271
icy 1,203973 0,000303
idea 0,083382 0,000021
idealist 2,207275 0,000555
identification 0,527633 0,000133
identify 0,342490 0,000086
identity 1,021651 0,000257
idiot 0,776529 0,000195
idle 0,261365 0,000066
idol 1,237874 0,000311
ignite 2,525729 0,000636
ignorance 0,287682 0,000072
iii 0,287682 0,000072
illustrate 0,616186 0,000310
illustration 0,867501 0,000218
illustrator 2,995732 0,000754
illustrious 1,021651 0,000257
image 0,301105 0,000076
imagination 0,223144 0,000056
immense 0,314711 0,000079
immortal 0,755023 0,000190
immovable 1,203973 0,000303
impatiently 0,634878 0,000160
impenetrable 1,049822 0,000264
imperceptibly 1,469676 0,000370
implore 0,776529 0,000195
imploringly 1,771957 0,000446
imply 0,235722 0,000059
impose 0,162519 0,000041
impossible 0,094311 0,000024
impression 0,210721 0,000053
impropriety 1,832581 0,000461
improve 0,385662 0,000194
improvement 0,616186 0,000155
impulse 0,400478 0,000101
inaccurate 0,510826 0,000129
inaudible 1,560648 0,000393
incense 0,755023 0,000190
incessant 0,941609 0,000237
inch 0,430783 0,000217
incidental 0,446287 0,000112
inclined 0,186330 0,000047
include 0,072571 0,000073
incoherent 1,469676 0,000370
income 0,798508 0,000201
incomplete 0,301105 0,000076
increase 0,061875 0,000016
incredible 0,653926 0,000165
incredulous 1,309333 0,000329
indemnify 0,446287 0,000112
indemnity 0,527633 0,000133
indescribable 1,108663 0,000279
indict 2,995732 0,000754
indignantly 1,203973 0,000303
indirect 0,446287 0,000112
indirectly 0,371064 0,000093
individual 0,139262 0,000035
individually 1,609438 0,000405
indoors 1,469676 0,000370
industry 0,843970 0,000212
inexorable 1,347074 0,000339
inexplicable 1,171183 0,000295
inexpressibly 1,897120 0,000477
infamous 1,049822 0,000264
infancy 0,916291 0,000231
infant 0,673345 0,000169
infection 1,514128 0,000381
infernal 0,843970 0,000212
infinitely 0,673345 0,000169
influence 0,198451 0,000050
inform 0,198451 0,000050
infringement 0,544727 0,000137
ing 2,120264 0,000534
innocent 0,186330 0,000047
innumerable 0,634878 0,000160
inquire 0,235722 0,000119
inquiry 0,446287 0,000112
insect 0,916291 0,000231
insignificant 0,891598 0,000224
insist 0,223144 0,000056
inspection 0,798508 0,000201
instance 0,116534 0,000029
instant 0,210721 0,000053
instantaneous 1,427116 0,000359
instantly 0,356675 0,000090
intellectual 0,235722 0,000059
intelligent 0,342490 0,000086
intense 0,430783 0,000108
intent 0,494296 0,000124
intention 0,127833 0,000064
intently 0,891598 0,000224
intercede 1,832581 0,000461
intercourse 0,798508 0,000201
interfere 0,415515 0,000105
intermediate 1,660731 0,000418
internal 0,261365 0,000066
international 0,494296 0,000124
interpret 0,235722 0,000119
interpretation 0,994252 0,000250
interrupted 0,301105 0,000076
intervention 1,514128 0,000381
intimation 1,272966 0,000320
intricate 1,078810 0,000271
introduce 0,261365 0,000066
introduction 0,385662 0,000097
invalidity 0,527633 0,000133
investment 1,560648 0,000393
invisible 0,562119 0,000141
involuntarily 1,139434 0,000287
involve 0,820981 0,000207
iron 0,162519 0,000123
ironmongery 3,218876 0,000810
irrepressible 1,427116 0,000359
irresistible 0,653926 0,000165
irresistibly 1,203973 0,000303
irresolution 2,302585 0,000579
irs 0,562119 0,000141
island 0,400478 0,000101
iso 1,897120 0,000477
issue 0,198451 0,000100
item 1,139434 0,000287
iv 0,328504 0,000083
ivy 1,272966 0,000320
jack 0,755023 0,000190
jacob 1,427116 0,000359
january 0,693147 0,000174
jason 2,302585 0,000579
jaw 0,544727 0,000274
jefferson 2,525729 0,000636
jest 0,616186 0,000155
jet 1,347074 0,000339
jiffy 2,525729 0,000636
jocund 2,659260 0,000669
joe 1,832581 0,000461
john 0,328504 0,000083
joint 0,446287 0,000112
joke 0,356675 0,000180
jolly 0,994252 0,000250
joseph 0,994252 0,000250
jostle 1,272966 0,000320
journey 0,150823 0,000038
jovial 1,609438 0,000405
joy 0,127833 0,000064
joyful 0,798508 0,000201
joyously 1,560648 0,000393
judge 0,061875 0,000031
judgment 0,198451 0,000050
jug 1,272966 0,000320
juggling 2,659260 0,000669
juicy 2,040221 0,000513
justice 0,162519 0,000041
justified 0,693147 0,000174
keenly 0,967584 0,000243
keepsake 2,407946 0,000606
ken 1,714798 0,000432
kerchief 1,832581 0,000461
key 0,342490 0,000086
keyhole 1,469676 0,000370
kick 0,314711 0,000079
kill 0,083382 0,000021
kin 1,139434 0,000287
kindly 0,223144 0,000056
kindness 0,274437 0,000138
kindred 0,994252 0,000250
kiss 0,356675 0,000090
kissing 1,021651 0,000257
kitchen 0,562119 0,000141
kith 2,659260 0,000669
knee 0,150823 0,000076
kneel 0,478036 0,000120
knife 0,287682 0,000072
knock 0,287682 0,000217
knocker 2,120264 0,000534
knot 0,510826 0,000257
knowledge 0,061875 0,000016
labour 0,562119 0,000424
labourer 1,309333 0,000329
lace 0,867501 0,000218
lad 0,653926 0,000329
ladder 0,616186 0,000155
laden 0,673345 0,000169
lady 0,162519 0,000041
lake 0,162519 0,000041
lame 0,798508 0,000201
lamentation 1,078810 0,000271
lamp 0,400478 0,000202
land 0,051293 0,000026
lane 0,653926 0,000329
language 0,072571 0,000018
lash 0,562119 0,000141
late 0,094311 0,000024
lateness 2,207275 0,000555
latent 1,469676 0,000370
lath 2,120264 0,000534
laugh 0,094311 0,000095
laughter 0,274437 0,000069
laundress 2,407946 0,000606
law 0,020203 0,000010
lay 0,030459 0,000023
lead 0,020203 0,000010
leading 0,139262 0,000035
leaf 0,446287 0,000112
leafless 2,040221 0,000513
league 0,653926 0,000165
lean 0,127833 0,000064
leap 0,287682 0,000217
learn 0,020203 0,000015
leave -0,009950 -0,000008
ledger 2,120264 0,000534
leech 1,966113 0,000495
left 0,000000 0,000000
leg 0,235722 0,000119
legal 0,261365 0,000066
legally 0,342490 0,000086
legatee 3,218876 0,000810
legion 1,309333 0,000329
lemon 1,660731 0,000418
lesson 0,287682 0,000145
letter 0,072571 0,000037
lettuce 2,995732 0,000754
liability 0,462035 0,000116
liable 0,235722 0,000059
liberal 0,597837 0,000150
liberality 1,347074 0,000339
library 0,223144 0,000056
licence 1,560648 0,000393
license 0,301105 0,000076
licensed 0,430783 0,000108
lid 0,597837 0,000150
lie 0,020203 0,000015
lieu 0,415515 0,000105
life -0,009950 -0,000005
lifetime 0,843970 0,000212
lift 0,116534 0,000029
light 0,000000 0,000000
lighted 0,261365 0,000066
lighthouse 2,120264 0,000534
lightly 0,430783 0,000108
likeness 0,673345 0,000169
limb 0,248461 0,000063
limit 0,287682 0,000072
limitation 0,371064 0,000093
limited 0,261365 0,000066
linen 0,527633 0,000133
linger 0,446287 0,000112
link 0,174353 0,000132
lip 0,127833 0,000064
list 0,301105 0,000152
listen 0,105361 0,000080
listener 0,843970 0,000212
literally 0,713350 0,000180
literary 0,287682 0,000072
live 0,010050 0,000005
livery 1,609438 0,000405
livid 1,171183 0,000295
living 0,020203 0,000005
loath 1,427116 0,000359
lobster 2,040221 0,000513
locate 0,371064 0,000093
location 0,494296 0,000124
lock 0,162519 0,000082
locomotive 2,120264 0,000534
lofty 0,494296 0,000124
loiter 1,347074 0,000678
loll 1,771957 0,000446
london 0,415515 0,000105
lonely 0,400478 0,000101
looker 1,660731 0,000418
loophole 1,660731 0,000418
loose 0,094311 0,000024
loosely 1,347074 0,000339
lord 0,223144 0,000056
lose 0,000000 0,000000
loss 0,083382 0,000021
lot 0,051293 0,000026
loud 0,105361 0,000053
loudly 0,400478 0,000101
lovable 2,207275 0,000555
love 0,030459 0,000015
lumber 1,203973 0,000303
lunatic 1,203973 0,000303
lunch 0,967584 0,000243
lurk 0,616186 0,000155
luscious 2,207275 0,000555
lustily 1,897120 0,000477
lustrous 2,040221 0,000513
lusty 1,832581 0,000922
luxurious 0,916291 0,000231
luxury 0,462035 0,000116
machine 0,210721 0,000053
mad 0,235722 0,000059
magnitude 1,078810 0,000271
main 0,127833 0,000032
maintain 0,094311 0,000024
malady 1,309333 0,000329
mankind 0,478036 0,000120
manner 0,040822 0,000010
mansion 0,820981 0,000207
manslaughter 2,995732 0,000754
mantle 0,776529 0,000195
map 0,916291 0,000231
mark 0,105361 0,000027
marked 0,061875 0,000016
market 0,510826 0,000129
marketing 2,659260 0,000669
marriage 0,314711 0,000079
married 0,248461 0,000063
marrow 1,386294 0,000349
martha 2,040221 0,000513
mash 1,897120 0,000477
mass 0,210721 0,000053
master 0,072571 0,000018
match 0,301105 0,000152
matron 1,347074 0,000339
matter 0,000000 0,000000
mature 0,941609 0,000237
maximum 0,478036 0,000120
mayor 1,514128 0,000381
meagre 1,347074 0,000339
meaning 0,186330 0,000047
measure 0,127833 0,000032
meat 0,356675 0,000090
meditation 0,776529 0,000195
medium 0,223144 0,000056
meet 0,010050 0,000005
meeting 0,162519 0,000041
melancholy 0,342490 0,000086
melt 0,385662 0,000097
memorable 1,108663 0,000279
memory 0,162519 0,000041
menacing 1,272966 0,000320
menagerie 2,040221 0,000513
mention 0,105361 0,000053
merchant 0,494296 0,000249
merciful 0,994252 0,000250
merciless 1,427116 0,000359
mercy 0,210721 0,000053
mere 0,094311 0,000024
merge 1,469676 0,000370
merriment 1,139434 0,000287
merry 0,634878 0,000479
messenger 0,562119 0,000283
metal 0,527633 0,000133
method 0,094311 0,000047
michael 0,400478 0,000101
middle 0,030459 0,000008
midnight 0,328504 0,000083
midst 0,287682 0,000072
mighty 0,328504 0,000083
mild 0,430783 0,000108
mildly 1,171183 0,000295
milkman 2,407946 0,000606
miller 1,309333 0,000329
milliner 2,525729 0,000636
mince 2,120264 0,000534
mind 0,020203 0,000005
miner 2,120264 0,000534
mingle 0,356675 0,000090
ministers 0,776529 0,000195
minute 0,150823 0,000076
miracle 0,597837 0,000150
mirror 0,579818 0,000146
mirth 0,776529 0,000195
misanthropic 2,813411 0,000708
miscellaneous 1,771957 0,000446
miserable 0,210721 0,000053
misery 0,248461 0,000063
mislay 2,120264 0,000534
missile 1,714798 0,000432
mission 0,210721 0,000053
mississippi 0,415515 0,000105
mist 0,430783 0,000108
mistake 0,186330 0,000047
mistaken 0,261365 0,000066
mistletoe 3,218876 0,000810
mistress 0,478036 0,000120
misuse 1,714798 0,000432
mix 0,274437 0,000069
mixture 0,597837 0,000150
moan 0,653926 0,000165
modest 0,371064 0,000093
modification 0,478036 0,000120
modify 0,356675 0,000090
moist 0,843970 0,000212
molten 1,560648 0,000393
moment 0,010050 0,000005
momentary 0,693147 0,000174
monday 0,891598 0,000224
money 0,051293 0,000013
monster 0,527633 0,000133
monstrous 0,400478 0,000101
month 0,040822 0,000021
mood 0,462035 0,000116
moon 0,261365 0,000066
moor 0,994252 0,000250
moral 0,301105 0,000076
morning 0,040822 0,000010
morose 1,469676 0,000370
morrow 0,328504 0,000083
mortal 0,314711 0,000079
moss 1,049822 0,000264
mossy 1,714798 0,000432
mother 0,072571 0,000018
motion 0,223144 0,000056
motionless 0,544727 0,000137
mouldy 2,407946 0,000606
mount 0,210721 0,000053
mountains 0,400478 0,000101
mourner 1,309333 0,000329
mournful 0,941609 0,000237
mourning 0,673345 0,000169
mouse 0,776529 0,000195
mouth 0,061875 0,000031
movable 1,514128 0,000381
movement 0,287682 0,000072
mud 0,462035 0,000116
mull 2,207275 0,000555
multitude 0,385662 0,000194
mumble 1,386294 0,000349
murmur 0,287682 0,000072
muscular 1,203973 0,000303
muse 1,139434 0,000287
music 0,198451 0,000050
musical 0,579818 0,000146
mustard 1,714798 0,000432
mutter 0,653926 0,000165
mysterious 0,314711 0,000079
mystery 0,235722 0,000119
nail 0,356675 0,000180
naked 0,274437 0,000069
nameless 1,078810 0,000271
narrow 0,094311 0,000047
national 0,755023 0,000190
natural 0,094311 0,000024
naturally 0,210721 0,000053
nature 0,094311 0,000024
natured 0,733969 0,000185
necessaries 1,386294 0,000349
necessity 0,210721 0,000053
neck 0,174353 0,000044
needle 0,673345 0,000169
negative 0,916291 0,000231
neglect 0,274437 0,000069
negligence 0,415515 0,000105
negus 2,995732 0,000754
neighbour 0,510826 0,000257
nephew 0,891598 0,000224
nervous 0,494296 0,000124
network 0,415515 0,000105
news 0,210721 0,000053
newsletter 0,562119 0,000141
newspaper 0,693147 0,000174
nice 0,371064 0,000093
nick 1,386294 0,000349
niece 1,203973 0,000303
night 0,010050 0,000003
nightcap 1,897120 0,000477
nip 1,427116 0,000359
noble 0,198451 0,000100
noise 0,139262 0,000070
noisily 1,609438 0,000405
noisy 0,776529 0,000195
nonproprietary 0,562119 0,000141
noon 0,430783 0,000108
norfolk 2,120264 0,000534
north 0,083382 0,000021
nose 0,261365 0,000066
note 0,094311 0,000024
notice 0,020203 0,000010
notify 0,371064 0,000093
notion 0,314711 0,000079
nuisance 1,309333 0,000329
numerous 0,235722 0,000059
nut 0,820981 0,000207
obedience 0,494296 0,000124
obey 0,223144 0,000056
object 0,105361 0,000053
objection 0,400478 0,000101
oblige 0,210721 0,000053
obscene 1,660731 0,000418
obscure 0,478036 0,000241
observable 1,771957 0,000446
observant 1,309333 0,000329
observe 0,094311 0,000071
obsolete 0,446287 0,000112
occasion 0,105361 0,000027
occupation 0,371064 0,000093
occupy 0,174353 0,000044
occur 0,083382 0,000042
ocean 0,415515 0,000105
odds 1,108663 0,000279
odious 0,941609 0,000237
odour 1,021651 0,000257
offal 2,120264 0,000534
offence 0,527633 0,000133
offend 0,798508 0,000201
offer 0,020203 0,000010
office 0,072571 0,000037
officer 0,314711 0,000079
official 0,223144 0,000056
officious 1,832581 0,000461
ogre 1,966113 0,000495
oil 0,446287 0,000112
oily 1,771957 0,000446
ominous 1,171183 0,000295
onion 1,203973 0,000606
online 0,510826 0,000129
onslaught 2,040221 0,000513
onward 1,108663 0,000279
opaque 1,897120 0,000477
operation 0,478036 0,000120
opinion 0,105361 0,000027
opportunity 0,061875 0,000031
opulence 2,120264 0,000534
orange 0,776529 0,000195
orchestra 1,609438 0,000405
organ 0,634878 0,000160
organized 0,356675 0,000090
origin 0,527633 0,000133
original 0,105361 0,000027
originator 0,478036 0,000120
orson 3,912023 0,000984
outcast 1,203973 0,000303
outdated 0,562119 0,000141
outer 0,510826 0,000129
outline 0,579818 0,000146
outpouring 2,525729 0,000636
outrage 0,891598 0,000224
outset 1,237874 0,000311
outstretched 1,108663 0,000279
outward 0,579818 0,000146
oven 1,386294 0,000349
overcome 0,198451 0,000050
overhear 0,994252 0,000250
overrun 1,469676 0,000370
overtake 0,400478 0,000101
owe 0,105361 0,000027
owner 0,083382 0,000042
oyster 1,203973 0,000606
pace 0,186330 0,000094
package 1,560648 0,000393
packed 0,616186 0,000155
padlock 2,525729 0,000636
pageant 2,120264 0,000534
pain 0,051293 0,000013
paint 0,274437 0,000069
pair 0,210721 0,000053
pale 0,186330 0,000047
palm 0,494296 0,000124
palpable 1,469676 0,000370
pan 0,755023 0,000190
panel 1,203973 0,000303
panelling 2,813411 0,000708
pang 0,634878 0,000160
panting 0,597837 0,000150
paper 0,083382 0,000042
paperwork 0,562119 0,000141
paragraph 0,328504 0,000165
parapet 1,714798 0,000432
parcel 0,867501 0,000218
pardon 0,287682 0,000072
park 0,713350 0,000180
parliament 1,021651 0,000257
parlour 1,469676 0,000740
parrot 1,560648 0,000393
particle 0,967584 0,000243
partner 0,510826 0,000257
party 0,030459 0,000015
pass 0,020203 0,000010
passage 0,105361 0,000027
passenger 0,653926 0,000165
passing 0,094311 0,000024
passion 0,174353 0,000088
passionless 2,407946 0,000606
pastrycook 3,912023 0,000984
pat 0,776529 0,000391
path 0,150823 0,000076
pathos 1,309333 0,000329
patience 0,139262 0,000035
patient 0,274437 0,000069
pattern 0,597837 0,000150
paul 0,798508 0,000201
pause 0,314711 0,000158
paved 1,108663 0,000279
pavement 0,755023 0,000190
pawn 1,660731 0,000418
pay 0,030459 0,000023
payment 0,274437 0,000069
peace 0,094311 0,000024
peal 1,078810 0,000543
pear 1,660731 0,000418
peck 1,560648 0,000393
peculiar 0,223144 0,000056
pedestrian 1,966113 0,000495
peel 1,139434 0,000287
peep 0,634878 0,000160
pelt 1,386294 0,000698
pen 0,235722 0,000119
penance 1,514128 0,000381
pencil 0,616186 0,000155
pendulous 2,659260 0,000669
penetrate 0,415515 0,000105
penitence 1,514128 0,000381
penny 0,634878 0,000160
perfect 0,061875 0,000016
perfectly 0,162519 0,000041
perform 0,072571 0,000055
performance 0,127833 0,000032
period 0,235722 0,000059
periodic 0,544727 0,000137
perish 0,462035 0,000116
permanent 0,223144 0,000056
permission 0,150823 0,000038
permit 0,094311 0,000047
perplex 0,653926 0,000165
persecute 0,994252 0,000250
persevere 0,994252 0,000250
person -0,009950 -0,000008
personal 0,223144 0,000056
personally 0,798508 0,000201
perspiration 1,237874 0,000311
perversion 2,207275 0,000555
peter 0,798508 0,000201
petrifaction 3,912023 0,000984
phantom 0,967584 0,000487
pharaoh 2,207275 0,000555
phase 1,108663 0,000279
phenomenon 0,820981 0,000207
phrase 0,139262 0,000035
physical 0,198451 0,000050
piano 1,078810 0,000271
pick 0,223144 0,000056
picking 0,634878 0,000160
pictorial 2,813411 0,000708
picture 0,139262 0,000070
pie 1,272966 0,000320
piece 0,020203 0,000005
pierce 0,356675 0,000180
pig 0,544727 0,000274
pigtail 2,525729 0,000636
pile 0,328504 0,000331
pillage 1,514128 0,000381
pimple 2,659260 0,000669
pin 0,478036 0,000120
pinched 1,139434 0,000287
pinioned 2,207275 0,000555
pipe 0,385662 0,000194
piping 1,771957 0,000446
pitch 0,261365 0,000066
piteously 1,714798 0,000432
pity 0,139262 0,000070
plain 0,040822 0,000010
plaintive 1,560648 0,000393
plaster 0,916291 0,000231
plate 0,314711 0,000079
platt 3,218876 0,000810
platter 2,207275 0,000555
play 0,040822 0,000031
plead 0,400478 0,000202
pleasant 0,162519 0,000123
pleasantly 0,820981 0,000207
pleasantry 1,347074 0,000339
pleased 0,150823 0,000038
pleasure 0,051293 0,000013
pledge 0,634878 0,000160
plentiful 1,049822 0,000264
plenty 0,235722 0,000059
plough 0,941609 0,000237
pluck 0,371064 0,000093
plug 1,714798 0,000432
plum 1,347074 0,000678
plume 0,994252 0,000250
plummer 3,506558 0,000882
plump 1,021651 0,000514
plunder 0,994252 0,000500
plunge 0,314711 0,000158
pocket 0,371064 0,000280
poem 0,798508 0,000201
poetically 2,525729 0,000636
poke 0,941609 0,000237
poker 1,660731 0,000418
polished 0,673345 0,000169
ponder 0,820981 0,000207
ponderous 1,203973 0,000303
pony 1,469676 0,000370
pooh 1,514128 0,000381
poor 0,020203 0,000005
poplar 1,386294 0,000349
popularity 1,427116 0,000359
population 0,941609 0,000237
porch 0,891598 0,000224
porter 0,941609 0,000237
portion 0,301105 0,000076
portly 1,609438 0,000405
position 0,162519 0,000041
positive 0,597837 0,000150
possess 0,061875 0,000016
possession 0,083382 0,000021
possibility 0,150823 0,000038
post 0,051293 0,000039
postboy 2,659260 0,000669
pot 0,478036 0,000120
potato 1,078810 0,000543
poulterer 3,506558 0,000882
poultry 1,660731 0,000418
pound 0,314711 0,000079
pour 0,116534 0,000059
poverty 0,446287 0,000112
power 0,030459 0,000015
powerful 0,223144 0,000056
powerless 1,139434 0,000287
practically 0,235722 0,000059
practice 0,116534 0,000029
praise 0,274437 0,000138
pray 0,261365 0,000132
prayer 0,287682 0,000072
precept 1,049822 0,000264
precious 0,162519 0,000041
predicament 1,469676 0,000370
predict 1,139434 0,000287
prediction 1,386294 0,000349
prefer 0,174353 0,000044
prematurely 1,427116 0,000359
prentice 2,659260 0,001338
preparation 0,328504 0,000083
prepare 0,116534 0,000029
prepared 0,105361 0,000027
preposterous 1,609438 0,000405
presence 0,094311 0,000024
presentation 1,386294 0,000349
preserve 0,083382 0,000042
press 0,105361 0,000027
pressed 0,274437 0,000069
pretend 0,186330 0,000047
pretty 0,150823 0,000038
prevent 0,040822 0,000010
previous 0,094311 0,000024
price 0,314711 0,000079
pride 0,150823 0,000038
prime 0,653926 0,000165
princess 1,237874 0,000311
principal 0,287682 0,000072
principle 0,274437 0,000138
print 0,116534 0,000059
prison 0,248461 0,000063
prisoner 0,356675 0,000090
private 0,198451 0,000050
privation 1,427116 0,000359
prize 0,494296 0,000124
proceedings 0,713350 0,000180
process 0,400478 0,000101
processing 0,562119 0,000141
procession 0,693147 0,000174
proclaim 0,527633 0,000133
procure 0,415515 0,000105
prodigiously 1,714798 0,000432
produce 0,061875 0,000047
production 0,274437 0,000069
profess 0,616186 0,000155
professor 0,261365 0,000066
proffer 1,560648 0,000393
profit 0,083382 0,000063
profound 0,446287 0,000112
progress 0,162519 0,000041
prohibition 0,415515 0,000105
project -0,009950 -0,000003
prominently 0,494296 0,000124
promise 0,051293 0,000026
promote 0,274437 0,000069
promotion 0,342490 0,000086
pronounce 0,798508 0,000201
pronounced 0,446287 0,000112
proofread 0,562119 0,000141
proofreading 1,966113 0,000495
property 0,127833 0,000032
prophet 0,867501 0,000218
proportion 0,235722 0,000059
propose 0,186330 0,000047
proprietary 0,562119 0,000141
prose 1,021651 0,000257
prostrate 0,673345 0,000169
protect 0,139262 0,000035
protrude 1,203973 0,000303
proudly 0,733969 0,000185
prove 0,083382 0,000021
provide 0,127833 0,000064
province 0,776529 0,000195
provision 0,094311 0,000047
provoking 1,078810 0,000271
public 0,083382 0,000021
publish 0,478036 0,000120
pudding 1,386294 0,000698
pull 0,127833 0,000064
pulpy 2,995732 0,000754
pulse 0,733969 0,000185
pummel 2,659260 0,000669
punch 1,203973 0,000303
punishment 0,287682 0,000072
punitive 0,562119 0,000141
purchase 0,400478 0,000101
pure 0,139262 0,000035
purpose 0,040822 0,000021
purse 0,562119 0,000141
pursue 0,186330 0,000094
pursuit 0,287682 0,000072
push 0,139262 0,000035
pyramids 1,514128 0,000381
quaint 1,021651 0,000257
quake 1,832581 0,000461
quality 0,186330 0,000094
quantity 0,478036 0,000120
quarrel 0,287682 0,000072
quarter 0,105361 0,000053
queens 1,660731 0,000418
quest 0,776529 0,000195
question 0,020203 0,000015
questioning 0,755023 0,000190
quick 0,127833 0,000032
quicken 0,798508 0,000201
quiet 0,094311 0,000024
quote 0,755023 0,000190
race 0,162519 0,000041
radiant 0,867501 0,000218
rag 0,693147 0,000174
rage 0,139262 0,000035
ragged 0,776529 0,000195
rail 0,579818 0,000146
rain 0,150823 0,000038
raise 0,020203 0,000015
raisin 1,714798 0,000432
rake 1,139434 0,000287
rally 1,021651 0,000257
rampant 2,407946 0,000606
rampart 1,560648 0,000393
range 0,328504 0,000083
rank 0,223144 0,000056
rapid 0,371064 0,000093
rapidity 0,820981 0,000207
rapture 0,820981 0,000207
rare 0,261365 0,000132
rascal 0,867501 0,000218
rashly 1,560648 0,000393
rat 0,867501 0,000218
rate 0,261365 0,000066
rattle 0,616186 0,000155
ray 0,462035 0,000116
reach 0,000000 0,000000
read 0,020203 0,000015
readable 0,510826 0,000129
ready 0,030459 0,000008
real 0,040822 0,000010
realist 2,659260 0,000669
reality 0,301105 0,000076
reappearance 1,832581 0,000461
reason 0,010050 0,000003
reasonable 0,116534 0,000029
rebuke 0,843970 0,000212
recall 0,235722 0,000059
recede 0,916291 0,000231
receipt 0,261365 0,000066
receive 0,040822 0,000031
reclamation 3,218876 0,000810
recognise 0,843970 0,000637
recognition 0,713350 0,000180
recoil 1,272966 0,000320
recollect 0,562119 0,000141
recollection 0,527633 0,000133
recompense 1,139434 0,000287
reconcile 0,597837 0,000150
recover 0,127833 0,000032
recross 2,302585 0,000579
recumbent 2,659260 0,000669
red 0,061875 0,000016
redden 1,171183 0,000295
redistribute 0,544727 0,000137
redistributing 0,562119 0,000141
redistribution 0,562119 0,000141
reef 1,514128 0,000381
reek 1,469676 0,000370
reel 0,820981 0,000207
refer 0,223144 0,000056
reference 0,198451 0,000100
reflect 0,235722 0,000059
refuge 0,446287 0,000112
refund 0,562119 0,000141
refuse 0,083382 0,000021
regale 2,040221 0,000513
regard 0,083382 0,000042
region 0,462035 0,000116
register 0,287682 0,000145
regret 0,342490 0,000086
regularly 0,616186 0,000155
regulate 0,210721 0,000053
rejoice 0,400478 0,000202
rejoin 0,776529 0,000195
relate 0,415515 0,000105
relaxed 0,994252 0,000250
release 0,105361 0,000053
relent 1,609438 0,000810
relentless 1,714798 0,000432
relief 0,186330 0,000047
relinquish 0,916291 0,000231
remain 0,040822 0,000031
remains 0,150823 0,000038
remark 0,223144 0,000056
remarkable 0,235722 0,000059
remarkably 0,733969 0,000185
remedy 0,150823 0,000038
remember 0,030459 0,000015
remind 0,301105 0,000076
remonstrate 1,386294 0,000349
remorse 0,755023 0,000190
remove 0,040822 0,000031
rename 0,544727 0,000137
render 0,186330 0,000047
repair 0,342490 0,000086
repass 1,897120 0,000477
repeat 0,051293 0,000026
repeater 2,813411 0,000708
repent 0,634878 0,000160
repentance 0,798508 0,000201
replace 0,198451 0,000050
replacement 0,544727 0,000137
replenish 1,203973 0,000303
reply 0,105361 0,000053
report 0,051293 0,000026
repose 0,494296 0,000124
represent 0,210721 0,000053
representation 0,261365 0,000066
repress 0,867501 0,000218
reproach 0,301105 0,000076
repulse 0,994252 0,000250
repute 1,108663 0,000279
request 0,105361 0,000027
require 0,051293 0,000026
required 0,083382 0,000021
requirement 0,400478 0,000101
residence 0,653926 0,000165
residuary 3,218876 0,000810
resist 0,274437 0,000069
resistance 0,430783 0,000108
resolute 0,891598 0,000224
resolution 0,385662 0,000194
resolve 0,287682 0,000072
resort 0,733969 0,000554
resound 0,916291 0,000231
resource 0,544727 0,000137
respect 0,040822 0,000010
rest 0,010050 0,000003
restless 0,478036 0,000120
restore 0,223144 0,000056
restriction 0,371064 0,000093
result 0,174353 0,000044
resume 0,301105 0,000076
resurrection 1,309333 0,000329
retentive 2,302585 0,000579
retire 0,415515 0,000105
retired 0,342490 0,000086
retirement 1,108663 0,000279
retort 0,820981 0,000207
return 0,010050 0,000010
reveal 0,223144 0,000056
revel 0,994252 0,000250
reveller 2,120264 0,000534
revenue 0,342490 0,000086
revere 1,427116 0,000359
reverently 1,514128 0,000381
reversed 1,171183 0,000295
revolve 0,776529 0,000195
rhinoceros 2,995732 0,000754
ribbon 0,843970 0,000212
rich 0,116534 0,000059
riddle 0,891598 0,000224
ridiculous 0,478036 0,000120
rigid 0,820981 0,000207
rime 2,813411 0,000708
ripe 0,820981 0,000207
rise 0,030459 0,000023
river 0,174353 0,000044
road 0,116534 0,000029
roar 0,356675 0,000180
roaring 0,693147 0,000174
roast 0,798508 0,000201
robe 0,673345 0,000169
robert 1,078810 0,000271
robin 2,040221 0,000513
robinson 1,660731 0,000418
rock 0,186330 0,000047
rod 0,616186 0,000155
roger 2,040221 0,000513
roll 0,150823 0,000114
roller 2,120264 0,000534
roof 0,186330 0,000094
root 0,235722 0,000059
rose 0,941609 0,000237
rough 0,186330 0,000047
rouse 0,494296 0,000124
rove 1,514128 0,000381
royalty 0,371064 0,000187
rub 0,342490 0,000259
ruddy 0,967584 0,000243
rude 0,342490 0,000086
ruin 0,116534 0,000059
rule 0,030459 0,000008
ruler 0,891598 0,000224
rush 0,127833 0,000032
rust 1,171183 0,000295
rusty 1,078810 0,000271
ruthlessly 1,771957 0,000446
sacred 0,415515 0,000105
sad 0,223144 0,000056
safe 0,116534 0,000029
sage 0,820981 0,000207
sailing 0,653926 0,000165
sake 0,083382 0,000021
salary 1,171183 0,000295
sale 0,776529 0,000195
sally 0,867501 0,000218
salt 0,105361 0,000027
satire 1,514128 0,000381
satirical 1,660731 0,000418
satisfaction 0,186330 0,000047
satisfactory 0,562119 0,000141
satisfy 0,061875 0,000016
saturdays 2,659260 0,000669
sauce 1,560648 0,000393
saucepan 2,040221 0,000513
sausages 2,302585 0,000579
savage 0,248461 0,000063
save 0,010050 0,000003
savour 1,514128 0,000381
scabbard 1,714798 0,000432
scale 0,274437 0,000138
scaling 2,407946 0,000606
scant 1,609438 0,000405
scanty 0,941609 0,000237
scarcely 0,301105 0,000076
scarred 2,040221 0,000513
scatter 0,693147 0,000174
scattered 0,139262 0,000035
scene 0,127833 0,000032
scent 0,544727 0,000137
school 0,150823 0,000038
schoolmaster 1,272966 0,000320
score 0,446287 0,000112
scorn 0,446287 0,000112
scowl 1,049822 0,000264
scramble 0,941609 0,000237
scrap 0,820981 0,000207
scrape 0,634878 0,000160
scratch 0,544727 0,000137
scream 0,462035 0,000116
screen 0,843970 0,000425
screw 1,049822 0,000264
screws 1,966113 0,000495
scriptures 1,609438 0,000405
scrooge 3,506558 0,000882
scrutinise 2,207275 0,000555
scuffle 1,427116 0,000359
scuttle 1,237874 0,000311
sea 0,116534 0,000029
seal 0,371064 0,000187
sealing 2,040221 0,000513
search 0,040822 0,000021
season 0,235722 0,000059
seasonable 2,040221 0,000513
seat 0,051293 0,000026
seaweed 2,120264 0,000534
secret 0,051293 0,000026
secure 0,061875 0,000031
security 0,478036 0,000120
seek 0,083382 0,000042
seething 1,966113 0,000495
seize 0,116534 0,000059
seldom 0,301105 0,000076
select 0,301105 0,000076
selfishness 0,843970 0,000212
sell 0,210721 0,000053
send 0,020203 0,000015
sensation 0,371064 0,000093
sense 0,051293 0,000013
sentence 0,094311 0,000024
sentiment 0,356675 0,000090
separate 0,094311 0,000024
september 0,673345 0,000169
series 0,494296 0,000124
servant 0,105361 0,000027
serve 0,051293 0,000026
service 0,072571 0,000037
set 0,010050 0,000005
seventh 0,562119 0,000141
severally 2,040221 0,000513
severe 0,301105 0,000076
severity 0,798508 0,000201
sewing 1,514128 0,000381
sexton 2,302585 0,000579
sha 1,309333 0,000329
shabby 1,021651 0,000257
shade 0,223144 0,000056
shadow 0,162519 0,000123
shadowy 1,108663 0,000279
shaggy 1,049822 0,000264
shake 0,072571 0,000055
shakespeare 1,171183 0,000295
shame 0,223144 0,000056
shape 0,150823 0,000038
shaped 0,527633 0,000133
share 0,030459 0,000023
sharp 0,139262 0,000105
shaving 1,660731 0,000418
shawl 1,021651 0,000257
sheath 1,347074 0,000339
sheen 2,207275 0,000555
sheet 0,314711 0,000158
shelf 0,634878 0,000160
shilling 0,967584 0,000487
shine 0,150823 0,000114
ship 0,198451 0,000050
shirt 0,527633 0,000133
shiver 0,478036 0,000241
shoe 0,314711 0,000158
shop 0,494296 0,000124
shopkeeper 1,660731 0,000418
shops 0,843970 0,000212
shore 0,287682 0,000072
short 0,020203 0,000010
shot 0,223144 0,000056
shoulder 0,139262 0,000035
shout 0,186330 0,000141
shovel 1,347074 0,000678
shower 0,544727 0,000137
shred 1,108663 0,000279
shrewdly 1,714798 0,000432
shriek 0,634878 0,000160
shrink 0,462035 0,000116
shrivel 1,714798 0,000432
shroud 0,916291 0,000461
shudder 0,446287 0,000225
shuffle 1,427116 0,000359
shun 0,994252 0,000250
shut 0,051293 0,000026
shutter 0,994252 0,000500
shyly 2,040221 0,000513
sick 0,150823 0,000038
sidle 1,714798 0,000432
sigh 0,235722 0,000059
sight 0,040822 0,000010
sign 0,051293 0,000026
silence 0,051293 0,000013
silent 0,051293 0,000013
silently 0,544727 0,000137
silken 1,309333 0,000329
silly 0,400478 0,000101
silver 0,210721 0,000053
simile 1,386294 0,000349
simmer 2,407946 0,000606
simple 0,094311 0,000024
sin 0,314711 0,000079
sing 0,261365 0,000132
singer 1,049822 0,000264
singing 0,371064 0,000093
single 0,083382 0,000021
singular 0,430783 0,000108
singularly 0,843970 0,000212
sink 0,072571 0,000055
sinner 0,867501 0,000218
sir 0,150823 0,000038
sister 0,223144 0,000112
sit 0,010050 0,000008
situation 0,198451 0,000050
sixpence 1,469676 0,000370
size 0,223144 0,000056
skater 2,659260 0,000669
skim 1,347074 0,000339
skin 0,174353 0,000044
skip 1,139434 0,000287
skirt 0,527633 0,000133
sky 0,186330 0,000094
slander 1,609438 0,000405
sleep 0,051293 0,000039
sleet 1,966113 0,000495
sleeve 0,579818 0,000146
slide 0,713350 0,000180
slight 0,072571 0,000037
slily 2,813411 0,000708
slink 1,386294 0,000349
slipper 0,916291 0,000231
slipshod 2,813411 0,000708
slow 0,139262 0,000070
slowly 0,150823 0,000038
slyness 2,659260 0,000669
smart 0,597837 0,000150
smear 1,171183 0,000295
smell 0,261365 0,000132
smile 0,150823 0,000114
smoke 0,186330 0,000094
smoky 1,514128 0,000381
smooth 0,235722 0,000059
smothering 2,659260 0,000669
snap 0,733969 0,000185
snore 1,272966 0,000320
snow 0,478036 0,000241
snowball 2,813411 0,000708
snuff 1,171183 0,000589
snug 1,139434 0,000287
sob 0,562119 0,000283
sofa 0,967584 0,000243
soft 0,210721 0,000053
soften 0,494296 0,000249
softening 1,514128 0,000381
softly 0,400478 0,000101
sole 0,301105 0,000076
solemn 0,301105 0,000076
solicit 0,314711 0,000079
solicitation 0,430783 0,000108
solitary 0,462035 0,000116
solitude 0,510826 0,000129
solution 0,755023 0,000190
son 0,083382 0,000021
song 0,261365 0,000066
sooty 2,120264 0,000534
sordid 1,139434 0,000287
sorrow 0,248461 0,000063
sorrowful 1,021651 0,000257
sort 0,072571 0,000037
soul 0,083382 0,000021
sound 0,010050 0,000008
source 0,274437 0,000069
sow 0,579818 0,000146
space 0,105361 0,000027
spacious 0,916291 0,000231
spade 1,139434 0,000287
spanish 0,733969 0,000185
spare 0,116534 0,000059
spark 0,544727 0,000137
sparkle 0,941609 0,000237
sparkling 0,776529 0,000195
speak 0,030459 0,000023
speaker 0,634878 0,000320
speaking 0,072571 0,000018
special 0,083382 0,000021
specific 0,820981 0,000207
speck 0,916291 0,000231
speckled 1,560648 0,000393
spectacles 0,843970 0,000212
spectral 1,897120 0,000477
spectre 1,469676 0,000370
speech 0,139262 0,000035
speed 0,274437 0,000138
speedily 0,713350 0,000180
spend 0,051293 0,000026
sphere 0,693147 0,000174
spice 1,108663 0,000279
spirit 0,051293 0,000026
spirited 0,713350 0,000180
spite 0,139262 0,000035
splendid 0,400478 0,000101
splinter 1,469676 0,000370
splitting 1,514128 0,000381
spoil 0,274437 0,000069
sponge 1,171183 0,000295
spontaneous 1,139434 0,000287
spoon 1,021651 0,000514
sport 0,446287 0,000225
spot 0,150823 0,000038
spotted 0,994252 0,000250
spout 1,514128 0,000381
spray 1,237874 0,000311
spread 0,051293 0,000013
sprig 2,302585 0,000579
spring 0,051293 0,000039
sprinkle 0,776529 0,000391
sprinkling 3,506558 0,000882
spur 0,693147 0,000174
sputter 2,525729 0,000636
squab 3,506558 0,000882
squeak 1,714798 0,000432
squeeze 0,798508 0,000402
stable 0,478036 0,000120
staff 0,261365 0,000066
stage 0,186330 0,000047
stagger 0,527633 0,000266
stagnant 1,771957 0,000446
stair 0,415515 0,000209
staircase 0,820981 0,000207
stake 0,446287 0,000112
stale 1,309333 0,000329
stamp 0,261365 0,000132
stand -0,009950 -0,000008
star 0,261365 0,000066
stare 0,328504 0,000083
start -0,009950 -0,000008
startled 0,415515 0,000105
stately 0,733969 0,000185
statement 0,186330 0,000047
station 0,235722 0,000059
statue 0,634878 0,000160
stature 0,867501 0,000218
status 0,446287 0,000112
stave 1,427116 0,000359
stay 0,061875 0,000016
steadiness 1,966113 0,000495
steady 0,301105 0,000076
steal 0,105361 0,000027
steam 0,579818 0,000146
steel 0,494296 0,000124
steep 0,527633 0,000133
steeple 1,660731 0,000418
stem 0,776529 0,000195
step 0,030459 0,000015
sternly 0,820981 0,000207
stick 0,174353 0,000088
sticks 0,733969 0,000185
stiff 0,430783 0,000108
stiffen 1,078810 0,000271
stingy 2,120264 0,000534
stir 0,210721 0,000106
stirring 0,494296 0,000124
stocking 0,843970 0,000212
stomach 0,616186 0,000155
stone 0,094311 0,000047
stony 0,994252 0,000250
stool 0,653926 0,000165
stoop 0,400478 0,000101
store 0,061875 0,000016
storehouse 1,966113 0,000495
storm 0,274437 0,000138
story 0,030459 0,000015
stove 1,108663 0,000279
straggle 1,021651 0,000257
straight 0,105361 0,000027
strain 0,248461 0,000063
strait 1,049822 0,000264
strange 0,061875 0,000031
stranger 0,139262 0,000035
strangers 0,356675 0,000090
streak 0,820981 0,000207
stream 0,139262 0,000035
street 0,116534 0,000059
strength 0,030459 0,000008
stretch 0,116534 0,000088
strict 0,186330 0,000047
strictly 0,579818 0,000146
strife 0,994252 0,000250
strike 0,020203 0,000015
strive 0,385662 0,000097
stroke 0,301105 0,000076
stroll 0,820981 0,000413
strong 0,020203 0,000010
stronghold 1,714798 0,000432
struggle 0,127833 0,000097
strut 1,514128 0,000381
stuff 0,223144 0,000112
sturdily 2,302585 0,000579
sturdy 1,108663 0,000279
subject 0,061875 0,000031
submissively 2,120264 0,000534
subscribe 0,342490 0,000086
subsequently 1,469676 0,000370
subside 0,916291 0,000231
substantial 0,755023 0,000190
substitute 0,713350 0,000180
suburb 1,078810 0,000271
succeed 0,105361 0,000027
success 0,162519 0,000041
successor 0,916291 0,000231
suck 0,597837 0,000150
sudden 0,072571 0,000018
suddenly 0,040822 0,000010
suffer 0,061875 0,000031
sufficient 0,139262 0,000035
sugar 0,776529 0,000195
suitable 0,462035 0,000116
suite 1,469676 0,000370
sullen 0,798508 0,000201
sultan 2,040221 0,000513
sum 0,261365 0,000066
summer 0,186330 0,000047
sun 0,072571 0,000018
sunday 0,494296 0,000124
sunny 0,843970 0,000212
supernatural 1,272966 0,000320
supplication 1,108663 0,000279
support 0,094311 0,000047
suppose 0,020203 0,000015
supposition 0,776529 0,000195
surely 0,186330 0,000047
surface 0,287682 0,000072
surmount 0,843970 0,000212
surplus 1,771957 0,000446
surprise 0,150823 0,000038
surprised 0,210721 0,000053
surprising 0,544727 0,000137
surround 0,162519 0,000041
survey 0,462035 0,000116
survive 0,186330 0,000094
susceptible 1,386294 0,000349
suspect 0,162519 0,000041
suspicious 0,579818 0,000146
swallow 0,261365 0,000132
swamp 0,287682 0,000072
swan 1,171183 0,000295
swarthy 1,660731 0,000418
sweep 0,274437 0,000138
sweet 0,139262 0,000035
sweeten 1,771957 0,000446
swell 0,186330 0,000047
swiftly 0,713350 0,000180
swing 0,430783 0,000217
swinging 0,798508 0,000201
swoon 1,171183 0,000295
sword 0,430783 0,000108
syllable 0,776529 0,000195
sympathy 0,314711 0,000079
synonymous 0,446287 0,000112
table 0,083382 0,000021
tacitly 2,302585 0,000579
tail 0,356675 0,000180
tailor 1,108663 0,000279
talk 0,061875 0,000031
talking 0,150823 0,000038
tall 0,198451 0,000100
tank 1,832581 0,000461
tap 0,798508 0,000201
tarry 1,386294 0,000349
tartness 3,912023 0,000984
task 0,248461 0,000063
tassel 1,966113 0,000495
taste 0,105361 0,000027
tatters 1,771957 0,000446
tavern 1,021651 0,000257
tax 0,248461 0,000125
taylor 1,832581 0,000461
tea 0,579818 0,000146
teach 0,083382 0,000042
team 1,049822 0,000264
tear 0,030459 0,000023
temper 0,261365 0,000066
temperature 1,469676 0,000370
tend 0,430783 0,000108
tendency 0,527633 0,000133
tender 0,301105 0,000152
tenderness 0,616186 0,000155
term 0,061875 0,000031
terrestrial 1,427116 0,000359
terrible 0,186330 0,000047
terrify 0,579818 0,000146
terror 0,162519 0,000082
texture 1,237874 0,000311
thankee 2,995732 0,000754
thankful 0,843970 0,000212
thaw 1,386294 0,000698
theme 0,891598 0,000224
thermometer 1,660731 0,000418
thicken 1,237874 0,000311
thine 1,139434 0,000287
thirsty 0,820981 0,000207
thither 0,579818 0,000146
thoroughfare 1,660731 0,000418
thoughtful 0,693147 0,000174
thoughtfully 0,994252 0,000250
thread 0,342490 0,000086
threadbare 1,560648 0,000393
threshold 0,562119 0,000141
thrill 0,713350 0,000180
throne 0,733969 0,000185
throw 0,010050 0,000003
thunder 0,430783 0,000108
thundering 1,237874 0,000311
thy 0,634878 0,000160
tickle 1,171183 0,000295
tie 0,105361 0,000027
tiger 1,078810 0,000271
tight 0,494296 0,000124
tights 2,813411 0,000708
tile 1,203973 0,000606
tim 2,407946 0,000606
time -0,009950 -0,000005
timidly 1,171183 0,000295
tint 1,272966 0,000320
tiny 0,820981 0,000207
tiptoe 0,941609 0,000237
title 0,116534 0,000029
toast 1,139434 0,000287
toil 0,430783 0,000108
tolerably 0,994252 0,000250
toll 1,427116 0,000718
tong 1,347074 0,000339
tooth 0,186330 0,000047
toothpick 2,120264 0,000534
topper 3,912023 0,000984
torch 0,713350 0,000180
torture 0,371064 0,000093
toss 0,494296 0,000124
total 0,579818 0,000146
touch 0,010050 0,000005
tough 0,891598 0,000224
towel 1,427116 0,000359
tower 0,314711 0,000079
town 0,094311 0,000024
toy 0,733969 0,000185
trace 0,198451 0,000100
trade 0,287682 0,000145
trademark 0,562119 0,000141
train 0,162519 0,000041
transcribe 0,462035 0,000116
transcription 0,527633 0,000133
transfer 0,693147 0,000174
transformation 1,272966 0,000320
transition 1,272966 0,000320
transparent 1,021651 0,000257
transport 0,653926 0,000165
travel 0,198451 0,000100
traveller 0,755023 0,000190
travelling 0,693147 0,000174
tread 0,328504 0,000083
treadmill 2,995732 0,000754
treasure 0,261365 0,000066
treatment 0,127833 0,000032
tree 0,061875 0,000016
tremble 0,174353 0,000088
tremendous 0,693147 0,000174
tremendously 2,040221 0,000513
tremulous 1,347074 0,000339
trial 0,261365 0,000066
trick 0,274437 0,000069
trifle 0,446287 0,000225
trigger 1,714798 0,000432
trimmed 1,237874 0,000311
trimming 1,660731 0,000418
trip 0,510826 0,000129
triumphantly 0,941609 0,000237
trivial 0,776529 0,000195
trot 0,867501 0,000218
trouble 0,010050 0,000003
true 0,020203 0,000010
trunk 0,579818 0,000146
trust 0,061875 0,000016
truth 0,030459 0,000008
tucker 2,302585 0,000579
tug 0,916291 0,000231
tumble 0,494296 0,000249
tumbler 1,560648 0,000393
tumult 0,798508 0,000201
tumultuous 1,171183 0,000295
tune 0,616186 0,000465
tunic 1,771957 0,000446
turkey 1,049822 0,000528
tut 1,897120 0,000477
twelfth 1,237874 0,000311
twine 1,139434 0,000287
twinkling 1,021651 0,000257
twist 0,314711 0,000158
twopence 2,120264 0,000534
type 0,174353 0,000044
ubiquitous 2,525729 0,000636
ugly 0,385662 0,000194
unable 0,248461 0,000063
unaltered 2,302585 0,000579
unanimity 2,302585 0,000579
unanimously 1,660731 0,000418
unavailing 1,469676 0,000370
unbroken 0,733969 0,000185
uncertain 0,301105 0,000076
uncle 0,544727 0,000274
uncomfortably 1,771957 0,000446
uncommon 0,798508 0,000201
unconscious 0,400478 0,000101
unconsciously 0,634878 0,000160
unconstrained 3,506558 0,000882
uncurtained 2,659260 0,000669
underdone 3,506558 0,000882
undergo 0,510826 0,000386
undermine 1,660731 0,000418
understand 0,020203 0,000010
understanding 0,223144 0,000056
undertaker 1,832581 0,000461
undigested 2,995732 0,000754
undisturbed 1,049822 0,000264
undo 0,693147 0,000174
undoubted 1,386294 0,000349
undress 1,560648 0,000393
unearthly 1,560648 0,000393
uneasy 0,544727 0,000137
unenforceability 0,562119 0,000141
unfastened 1,714798 0,000432
unfeeling 1,609438 0,000405
ungrateful 0,798508 0,000201
unhallowed 2,525729 0,000636
unhappy 0,400478 0,000101
uniform 0,210721 0,000053
union 0,494296 0,000124
united 0,094311 0,000024
universal 0,478036 0,000120
unknown 0,105361 0,000027
unlink 0,562119 0,000141
unmoved 0,916291 0,000231
unpleasant 0,562119 0,000141
unprofitable 1,660731 0,000418
unquestionably 1,427116 0,000359
unseemly 1,560648 0,000393
unseen 0,616186 0,000155
unsolicited 0,510826 0,000129
untrue 1,309333 0,000329
unusual 0,415515 0,000105
unwatched 3,218876 0,000810
unwept 3,218876 0,000810
update 0,510826 0,000129
uphold 1,237874 0,000311
upper 0,314711 0,000079
uproarious 2,659260 0,000669
upside 1,347074 0,000339
urgently 1,560648 0,000393
useless 0,235722 0,000059
user 0,544727 0,000137
usual 0,139262 0,000035
ut 0,510826 0,000129
utmost 0,356675 0,000090
utterance 0,867501 0,000218
vacant 0,693147 0,000174
vague 0,579818 0,000146
vaguely 0,967584 0,000243
vain 0,116534 0,000029
valentine 3,506558 0,000882
vanilla 0,544727 0,000137
vanish 0,314711 0,000079
vapour 1,514128 0,000381
variety 0,150823 0,000038
vary 0,342490 0,000086
vast 0,223144 0,000056
vegetation 1,560648 0,000393
veil 0,510826 0,000129
vein 0,446287 0,000225
veneration 1,469676 0,000370
venture 0,223144 0,000112
veriest 3,506558 0,000882
version 0,342490 0,000086
vestige 1,272966 0,000320
vibrate 1,021651 0,000257
vibration 1,832581 0,000461
view 0,040822 0,000031
vigour 0,843970 0,000212
vile 0,634878 0,000160
vinegar 1,078810 0,000271
violate 0,342490 0,000086
violent 0,223144 0,000056
violently 0,462035 0,000116
virus 0,527633 0,000133
visible 0,235722 0,000059
vision 0,301105 0,000152
visit 0,030459 0,000023
visitation 1,514128 0,000381
visitor 0,446287 0,000112
voice 0,020203 0,000010
void 0,261365 0,000066
volume 0,356675 0,000090
volunteer 0,314711 0,000079
volunteers 0,430783 0,000108
wag 1,108663 0,000279
wages 0,916291 0,000231
waggish 2,407946 0,000606
waggon 1,660731 0,000418
waist 0,693147 0,000174
waistcoat 0,941609 0,000474
waiting 0,083382 0,000021
wake 0,223144 0,000056
walk 0,000000 0,000000
wall 0,094311 0,000047
walled 1,347074 0,000339
wander 0,116534 0,000059
wane 0,967584 0,000243
wanton 1,021651 0,000257
war 0,139262 0,000035
ward 0,755023 0,000380
warehouse 1,309333 0,000329
wares 1,832581 0,000461
warm 0,116534 0,000088
warmth 0,579818 0,000146
warn 0,287682 0,000145
warning 0,235722 0,000059
warrant 0,562119 0,000141
warranty 0,544727 0,000274
wash 0,210721 0,000106
waste 0,127833 0,000097
watch 0,020203 0,000015
water 0,040822 0,000031
waterproof 2,302585 0,000579
wave 0,210721 0,000106
wax 0,446287 0,000112
waxy 2,659260 0,000669
weak 0,105361 0,000027
weakness 0,248461 0,000063
wealth 0,287682 0,000072
wealthy 0,579818 0,000146
weapon 0,400478 0,000101
wear 0,083382 0,000084
weary 0,186330 0,000047
weather 0,248461 0,000063
weed 0,755023 0,000190
week 0,127833 0,000032
weekly 1,171183 0,000295
weep 0,356675 0,000090
weigh 0,162519 0,000041
weight 0,116534 0,000059
welfare 0,916291 0,000231
welsh 2,407946 0,000606
west 0,083382 0,000021
wet 0,261365 0,000066
whatsoever 0,287682 0,000072
wheel 0,274437 0,000138
wheeze 2,407946 0,000606
whereat 1,560648 0,000393
wherefore 1,139434 0,000287
wheresoever 2,207275 0,000555
whisper 0,248461 0,000063
whistle 0,462035 0,000116
white 0,051293 0,000013
whitechapel 2,995732 0,000754
wholly 0,400478 0,000101
whomsoever 1,897120 0,000477
whoop 1,771957 0,000446
wicked 0,328504 0,000083
wicker 2,120264 0,000534
wide 0,030459 0,000015
wife 0,083382 0,000021
wig 1,272966 0,000320
wild 0,051293 0,000013
wildly 0,776529 0,000195
wilfully 1,609438 0,000405
williams 1,966113 0,000495
willingly 0,527633 0,000133
win 0,356675 0,000090
wind 0,094311 0,000047
winded 1,832581 0,000461
window 0,162519 0,000082
wine 0,235722 0,000059
wing 0,314711 0,000158
wink 0,597837 0,000301
winter 0,198451 0,000050
wintry 1,386294 0,000349
wipe 0,415515 0,000105
wiry 1,832581 0,000461
wisdom 0,287682 0,000072
wise 0,094311 0,000071
wit 0,198451 0,000050
witch 1,203973 0,000303
withal 1,347074 0,000339
withdraw 0,210721 0,000159
withered 0,843970 0,000212
witness 0,116534 0,000059
woe 0,673345 0,000169
wolfish 2,407946 0,000606
woman 0,030459 0,000015
wonderful 0,162519 0,000041
wonderfully 0,510826 0,000129
wood 0,083382 0,000042
wooden 0,415515 0,000105
word 0,020203 0,000005
wordy 1,832581 0,000461
workhouse 2,207275 0,000555
worldly 0,820981 0,000207
worth 0,061875 0,000016
worthless 0,843970 0,000212
worthy 0,186330 0,000047
wound 0,198451 0,000050
wrapper 1,469676 0,000370
wreath 0,867501 0,000437
wrench 0,967584 0,000243
wrestle 1,049822 0,000264
wretched 0,328504 0,000083
wring 0,798508 0,000201
wringing 1,609438 0,000405
wrinkle 0,755023 0,000190
write 0,020203 0,000015
writer 0,328504 0,000083
writing 0,061875 0,000016
wrong 0,072571 0,000018
yard 0,223144 0,000056
yawn 0,820981 0,000207
yawning 1,237874 0,000311
yearn 1,609438 0,000405
yellow 0,314711 0,000079
yesterday 0,301105 0,000076
yield 0,174353 0,000044
yo 2,407946 0,000606
yonder 0,843970 0,000212
york 0,916291 0,000231
youth 0,139262 0,000035
zeal 0,579818 0,000146
