aback 1,660731 0,000411
abandonment 1,514128 0,000375
abide 0,248461 0,000123
ability 0,478036 0,000118
abjectly 2,659260 0,000658
abreast 1,203973 0,000298
absent 0,371064 0,000092
abundance 0,843970 0,000209
accent 0,634878 0,000157
accept 0,061875 0,000031
accident 0,274437 0,000068
accommodate 0,916291 0,000227
accompany 0,094311 0,000023
accomplished 0,385662 0,000095
account 0,010050 0,000005
accumulate 0,891598 0,000221
ache 0,733969 0,000182
achieve 0,597837 0,000296
acknowledge 0,274437 0,000068
acquaintance 0,248461 0,000062
acting 1,560648 0,000386
action 0,094311 0,000047
active 0,127833 0,000032
acuteness 1,427116 0,000353
adaptability 3,218876 0,000797
add 0,094311 0,000023
addition 0,116534 0,000029
additional 0,198451 0,000049
address 0,072571 0,000018
adjust 0,891598 0,000441
adjustment 2,207275 0,000546
administer 0,867501 0,000429
administration 1,427116 0,000353
admiration 0,342490 0,000085
adoration 1,171183 0,000290
adore 0,891598 0,000221
advance 0,061875 0,000046
advantage 0,127833 0,000032
advent 1,514128 0,000375
adventure 0,301105 0,000149
adversary 0,867501 0,000215
advertise 1,108663 0,000274
advertising 2,302585 0,000570
advice 0,186330 0,000046
affair 0,094311 0,000023
affection 0,235722 0,000058
affirm 0,843970 0,000209
affirmative 1,203973 0,000298
afford 0,186330 0,000046
afoot 1,660731 0,000411
afraid 0,105361 0,000026
afternoon 0,274437 0,000068
afterward 1,139434 0,000282
age 0,040822 0,000010
aged 0,198451 0,000049
agent 0,223144 0,000055
agility 1,272966 0,000315
aglow 2,120264 0,000525
agonizing 1,832581 0,000454
agony 0,462035 0,000114
aid 0,210721 0,000052
aimlessly 1,897120 0,000470
air 0,061875 0,000015
aisle 1,832581 0,000454
akin 1,203973 0,000298
alaska 2,813411 0,000696
alaskan 3,912023 0,000968
alert 0,843970 0,000209
alertness 2,207275 0,000546
alice 2,207275 0,000546
alive 0,051293 0,000013
aloud 0,301105 0,000075
alpine 2,120264 0,000525
alter 0,235722 0,000058
amazingly 1,771957 0,000439
ambition 0,510826 0,000126
ambitious 0,891598 0,000221
ambuscade 1,966113 0,000487
amenity 2,302585 0,000570
ammunition 1,660731 0,000411
ancestor 0,462035 0,000229
anchor 0,776529 0,000192
ancient 0,198451 0,000049
anger 0,287682 0,000071
angle 0,478036 0,000118
angry 0,174353 0,000043
animal 0,223144 0,000110
animated 0,755023 0,000187
ankle 0,916291 0,000227
annoyed 0,733969 0,000182
answer 0,020203 0,000015
answering 0,510826 0,000126
antagonist 1,139434 0,000564
antler 2,995732 0,000742
anxious 0,261365 0,000065
apex 2,120264 0,000525
appal 1,021651 0,000253
apparel 1,171183 0,000290
apparent 0,314711 0,000078
appeal 0,261365 0,000065
appealingly 2,525729 0,000625
appearance 0,072571 0,000018
appeasement 3,912023 0,000968
appeasingly 3,912023 0,000968
appetite 0,314711 0,000078
appoint 0,328504 0,000081
apprehension 0,494296 0,000245
apprehensively 2,207275 0,000546
approach 0,040822 0,000010
apt 0,579818 0,000144
arbor 1,966113 0,000487
arctic 2,040221 0,000505
arduous 1,714798 0,000424
aristocrat 2,040221 0,000505
arm 0,030459 0,000015
armed 0,385662 0,000095
arouse 0,653926 0,000324
arrange 0,198451 0,000049
arrangement 0,274437 0,000068
array 0,248461 0,000062
arrest 0,544727 0,000135
arrive 0,083382 0,000041
arrow 0,510826 0,000253
art 0,127833 0,000032
artesian 3,912023 0,000968
article 0,400478 0,000198
articulate 1,237874 0,000306
artist 0,562119 0,000139
ascend 0,430783 0,000107
ashamed 0,248461 0,000062
ashore 1,139434 0,000282
asleep 0,162519 0,000040
aspect 0,446287 0,000110
aspen 2,302585 0,000570
aspire 0,967584 0,000240
assail 0,891598 0,000221
assailant 1,139434 0,000282
association 0,713350 0,000177
assortment 1,714798 0,000424
astonish 0,261365 0,000065
astonishment 0,301105 0,000075
asunder 1,108663 0,000274
athletic 1,714798 0,000424
atmosphere 0,579818 0,000144
attach 0,116534 0,000029
attack 0,198451 0,000147
attempt 0,051293 0,000038
attend 0,127833 0,000032
attention 0,083382 0,000021
attitude 0,446287 0,000110
attract 0,261365 0,000065
aurora 1,714798 0,000424
authority 0,223144 0,000055
avail 0,462035 0,000114
aver 1,660731 0,000411
average 0,733969 0,000182
avoid 0,105361 0,000026
awake 0,150823 0,000037
awakening 1,108663 0,000549
aware 0,223144 0,000055
awe 0,597837 0,000148
awed 1,560648 0,000386
awkward 0,544727 0,000135
axe 1,049822 0,000260
babel 1,714798 0,000424
backbone 1,966113 0,000487
bacon 0,994252 0,000246
bad 0,020203 0,000015
badly 0,446287 0,000110
bag 0,446287 0,000221
baggage 0,941609 0,000233
baggageman 3,912023 0,000968
ball 0,287682 0,000071
band 0,342490 0,000170
bank 0,210721 0,000104
bar 0,235722 0,000175
barbarous 1,108663 0,000274
bare 0,150823 0,000037
barely 0,798508 0,000198
barge 1,897120 0,000470
bark 0,478036 0,000355
barracks 1,714798 0,000424
barrelled 2,525729 0,000625
barrens 3,218876 0,000797
basis 0,673345 0,000167
batch 1,832581 0,000454
bath 0,274437 0,000068
batter 0,891598 0,000441
battle 0,235722 0,000117
bay 0,510826 0,000126
beach 1,049822 0,000520
bear 0,000000 0,000000
beardless 2,525729 0,000625
beast 0,235722 0,000117
beat 0,083382 0,000041
beautiful 0,083382 0,000021
beaver 1,714798 0,000424
beckon 0,867501 0,000215
bed 0,051293 0,000025
bedlam 2,525729 0,000625
beg 0,116534 0,000029
belie 1,660731 0,000411
belief 0,198451 0,000049
bell 0,301105 0,000075
belligerent 2,813411 0,000696
belly 0,798508 0,000395
belong 0,072571 0,000054
belongings 1,714798 0,000424
belt 0,653926 0,000162
bench 0,544727 0,000270
bend 0,314711 0,000234
beneath 0,198451 0,000049
bent 0,174353 0,000043
bernard 1,966113 0,000487
berry 1,347074 0,000333
beset 0,941609 0,000233
besetting 2,207275 0,000546
bespeak 1,966113 0,000487
bet 0,967584 0,000240
betray 0,301105 0,000075
bewilder 0,776529 0,000192
bicker 3,218876 0,000797
bickering 2,995732 0,000742
bid 0,186330 0,000046
bide 1,771957 0,000439
bind 0,030459 0,000008
birch 1,609438 0,000398
bird 0,150823 0,000075
bit 0,139262 0,000034
bite 0,371064 0,000367
bitter 0,210721 0,000052
bitterness 0,634878 0,000157
black 0,061875 0,000015
blade 0,616186 0,000153
blank 0,527633 0,000131
blanket 0,891598 0,000221
blaze 0,634878 0,000471
bleak 1,386294 0,000343
bleeding 0,843970 0,000209
blind 0,174353 0,000129
blink 0,994252 0,000246
blizzard 2,995732 0,000742
block 0,494296 0,000245
blood 0,116534 0,000029
bloodhound 2,302585 0,000570
bloody 0,527633 0,000131
blow 0,061875 0,000061
blue 0,174353 0,000043
bluff 1,514128 0,000375
blunder 0,776529 0,000384
blunderer 3,218876 0,000797
boast 0,328504 0,000081
boastful 1,897120 0,000470
boat 0,446287 0,000110
boats 0,820981 0,000203
bode 1,714798 0,000424
bodily 0,673345 0,000167
body 0,010050 0,000005
bold 0,223144 0,000055
boldly 0,462035 0,000114
bologna 2,207275 0,000546
bolt 0,494296 0,000122
bombard 2,302585 0,000570
bonanza 3,912023 0,000968
bone 0,198451 0,000098
bony 1,469676 0,000364
book 0,040822 0,000010
boom 1,347074 0,000333
booming 1,560648 0,000386
bore 0,820981 0,000203
borealis 2,995732 0,000742
boss 1,469676 0,000364
bough 0,916291 0,000454
bound 0,301105 0,000075
boundless 0,891598 0,000221
box 0,248461 0,000062
boxes 0,798508 0,000198
boy 0,105361 0,000052
braced 1,609438 0,000398
brag 1,609438 0,000398
brain 0,314711 0,000078
branching 2,207275 0,000546
brass 0,462035 0,000114
brave 0,342490 0,000085
bravely 1,078810 0,000267
bravery 1,272966 0,000315
bread 0,248461 0,000062
break 0,010050 0,000012
breakable 3,506558 0,000868
breakfast 0,342490 0,000085
breast 0,198451 0,000049
breasted 2,302585 0,000570
breath 0,174353 0,000086
breathe 0,261365 0,000129
breathing 0,462035 0,000114
breathless 0,673345 0,000167
breed 0,342490 0,000170
breeze 0,713350 0,000353
brewing 1,771957 0,000439
bribe 0,891598 0,000221
bridge 0,430783 0,000107
bright 0,094311 0,000023
bring 0,000000 0,000000
bristle 0,941609 0,000466
broad 0,127833 0,000063
brood 0,597837 0,000296
broom 1,347074 0,000333
brother 0,127833 0,000032
brothers 0,356675 0,000088
brown 0,274437 0,000068
browse 2,407946 0,000596
bruise 0,673345 0,000500
brumal 3,506558 0,000868
brutal 0,755023 0,000187
brutality 1,427116 0,000353
brute 0,462035 0,000114
bubble 0,941609 0,000466
buck 1,386294 0,000686
buckle 1,309333 0,000648
bud 0,867501 0,000215
budge 1,427116 0,000353
build 0,094311 0,000047
building 0,210721 0,000052
bulge 1,347074 0,000333
bulk 0,820981 0,000406
bull 0,430783 0,000213
bully 1,203973 0,000298
bunch 0,776529 0,000192
bundle 0,653926 0,000486
burn 0,061875 0,000031
burst 0,248461 0,000062
bursting 0,713350 0,000177
burton 2,040221 0,000505
bury 0,186330 0,000046
business 0,040822 0,000010
businesslike 2,407946 0,000596
buster 3,506558 0,000868
busy 0,210721 0,000052
butt 1,078810 0,000267
butter 0,798508 0,000198
cabin 0,843970 0,000209
cadence 1,660731 0,000411
cagelike 3,912023 0,000968
cajole 2,407946 0,000596
calamity 0,755023 0,000187
calculate 0,116534 0,000058
calf 0,798508 0,000395
callous 1,469676 0,000364
callowness 3,912023 0,000968
calm 0,274437 0,000068
calmly 0,510826 0,000126
camp 0,544727 0,000539
canada 1,897120 0,000470
canadian 2,525729 0,000625
candle 0,415515 0,000103
canvas 0,916291 0,000227
cap 0,356675 0,000088
capable 0,261365 0,000065
capacity 0,510826 0,000126
capital 0,314711 0,000078
capsize 2,659260 0,000658
captain 0,328504 0,000081
car 0,820981 0,000203
carcass 1,171183 0,000580
card 0,139262 0,000034
care 0,000000 0,000000
careful 0,174353 0,000043
carefully 0,139262 0,000034
caress 0,776529 0,000384
carnivorous 2,040221 0,000505
carry 0,010050 0,000007
cart 0,597837 0,000148
cartridge 1,560648 0,000386
cash 0,967584 0,000240
cast 0,116534 0,000029
cat 0,462035 0,000114
catch 0,072571 0,000036
catlike 2,525729 0,000625
cattlemen 3,912023 0,000968
caution 0,478036 0,000118
cautious 0,673345 0,000167
cautiously 0,867501 0,000215
cave 0,653926 0,000162
cayuse 3,506558 0,000868
cease 0,061875 0,000015
celerity 1,897120 0,000470
cell 0,776529 0,000192
cement 1,832581 0,000454
centre 0,385662 0,000191
century 0,328504 0,000081
certainty 0,342490 0,000085
certitude 2,813411 0,000696
cessation 1,386294 0,000343
chafe 1,021651 0,000253
chaff 1,347074 0,000333
chaffering 3,506558 0,000868
chain 0,174353 0,000043
challenge 0,755023 0,000187
champion 0,916291 0,000227
chance 0,061875 0,000046
change 0,010050 0,000007
channel 0,544727 0,000135
chant 1,272966 0,000315
chaotic 2,040221 0,000505
chapter 0,328504 0,000081
characterize 1,514128 0,000375
charge 0,040822 0,000020
charles 0,597837 0,000148
charlotte 1,897120 0,000470
chase 0,430783 0,000107
chasm 1,272966 0,000315
chatter 0,713350 0,000353
cheap 0,579818 0,000144
check 0,072571 0,000036
cheek 0,261365 0,000129
cheer 0,356675 0,000177
cheerful 0,385662 0,000095
cheery 1,514128 0,000375
chemically 3,912023 0,000968
cherish 0,653926 0,000162
chest 0,342490 0,000170
chew 0,967584 0,000479
chief 0,094311 0,000023
child 0,040822 0,000020
chill 0,597837 0,000148
chinese 1,139434 0,000282
chink 1,347074 0,000333
chipmunk 3,506558 0,000868
chivalrous 1,560648 0,000386
chivalrously 3,506558 0,000868
choke 0,446287 0,000331
chook 3,218876 0,000797
choose 0,020203 0,000005
chop 1,021651 0,000759
chorus 0,941609 0,000233
chronic 1,966113 0,000487
chuckle 0,941609 0,000233
chunk 2,207275 0,001093
churn 2,207275 0,001093
circle 0,150823 0,000112
circling 1,203973 0,000298
citizen 0,673345 0,000167
city 0,051293 0,000025
civilization 1,347074 0,000333
civilized 1,237874 0,000306
civilizing 2,659260 0,000658
claim 0,083382 0,000021
clamor 1,714798 0,000424
clannish 3,218876 0,000797
clara 2,207275 0,000546
clash 1,078810 0,000534
clasped 0,843970 0,000209
claw 0,798508 0,000198
clean 0,210721 0,000104
cleanly 1,832581 0,000454
cleanse 1,237874 0,000306
clearing 1,386294 0,000343
clench 1,771957 0,000439
clerk 0,562119 0,000139
clever 0,371064 0,000092
cliff 0,916291 0,000227
climb 0,400478 0,000099
clime 1,714798 0,000424
clinch 1,897120 0,000470
cling 0,415515 0,000309
clip 1,469676 0,001091
close 0,010050 0,000007
closely 0,223144 0,000055
closing 0,446287 0,000110
clothe 0,287682 0,000071
clothes 0,127833 0,000032
cloud 0,150823 0,000037
club 0,544727 0,000405
clubbing 3,506558 0,000868
clutch 0,713350 0,000353
coal 0,527633 0,000131
coat 0,235722 0,000175
cock 0,713350 0,000177
code 0,287682 0,000071
coil 0,867501 0,000215
cold 0,040822 0,000020
coldly 0,916291 0,000227
collar 0,634878 0,000157
collect 0,248461 0,000062
college 0,693147 0,000172
colored 1,171183 0,000290
colt 1,560648 0,000386
comb 0,916291 0,000227
combatant 1,660731 0,000411
combined 0,713350 0,000177
comfortable 0,261365 0,000065
comfortably 0,693147 0,000172
command 0,116534 0,000058
commence 0,579818 0,000144
comment 0,478036 0,000118
commingle 2,659260 0,000658
common 0,072571 0,000018
communicate 0,446287 0,000110
communion 1,427116 0,000353
compact 0,867501 0,000215
compactly 2,813411 0,000696
companion 0,150823 0,000037
company 0,020203 0,000010
comparatively 0,634878 0,000157
compare 0,162519 0,000040
compass 0,579818 0,000144
compel 0,385662 0,000191
compellingly 3,912023 0,000968
complain 0,198451 0,000049
complete 0,105361 0,000026
completely 0,274437 0,000068
completeness 1,966113 0,000487
comply 0,287682 0,000071
comprehend 0,478036 0,000118
comprehension 1,203973 0,000298
comprehensively 2,995732 0,000742
compressed 0,342490 0,000085
computation 1,609438 0,000398
comrade 0,693147 0,000343
comradely 3,912023 0,000968
comradeship 2,525729 0,000625
conceal 0,198451 0,000049
concealment 1,108663 0,000274
concerned 0,287682 0,000071
conciliate 1,771957 0,000877
conclusively 2,207275 0,000546
concrete 1,897120 0,000470
condition 0,051293 0,000025
conduct 0,094311 0,000023
confess 0,127833 0,000032
confidence 0,139262 0,000034
confidently 1,049822 0,000260
confine 0,223144 0,000055
confines 1,386294 0,000343
confused 0,248461 0,000062
confusion 0,287682 0,000071
congested 2,659260 0,000658
conjuration 3,218876 0,000797
conscious 0,314711 0,000078
consideration 0,223144 0,000055
consignment 2,813411 0,000696
conspicuous 0,916291 0,000227
constant 0,051293 0,000013
constantly 0,371064 0,000092
consternation 1,021651 0,000253
consultation 0,916291 0,000227
contact 0,210721 0,000052
contagion 1,714798 0,000424
contemplate 0,544727 0,000135
contemplation 0,527633 0,000131
contend 0,597837 0,000296
content 0,174353 0,000043
contents 0,094311 0,000023
continent 0,820981 0,000203
continual 0,693147 0,000172
continually 0,446287 0,000110
continued 0,072571 0,000018
continuous 0,867501 0,000215
contract 0,139262 0,000034
contraption 3,506558 0,000868
contribution 0,371064 0,000092
control 0,223144 0,000055
convalescence 1,897120 0,000470
conversation 0,186330 0,000046
conveyance 1,427116 0,000353
convulse 1,347074 0,000333
convulsive 1,272966 0,000315
cook 0,223144 0,000166
cool 0,248461 0,000062
coolly 1,021651 0,000253
copious 1,386294 0,000343
corner 0,072571 0,000018
cornered 1,832581 0,000454
cottage 0,653926 0,000162
count 0,116534 0,000058
counter 0,733969 0,000182
countless 1,203973 0,000298
country 0,010050 0,000002
couple 0,248461 0,000062
courier 2,040221 0,000505
cousin 0,597837 0,000148
cover 0,223144 0,000055
covered 0,139262 0,000034
covering 0,415515 0,000103
covert 1,609438 0,000398
covet 0,967584 0,000240
cows 0,867501 0,000215
coy 2,995732 0,000742
crack 0,478036 0,000237
crackle 1,237874 0,000613
craftily 2,407946 0,000596
crash 0,733969 0,000182
crashing 1,386294 0,000343
crate 2,407946 0,001192
crater 2,302585 0,000570
crawl 0,494296 0,000367
craze 1,714798 0,000424
creature 0,116534 0,000058
credit 0,094311 0,000023
creek 1,514128 0,000375
creep 0,198451 0,000147
crest 0,820981 0,000203
cricket 1,469676 0,000364
crippled 1,469676 0,000364
crisp 1,237874 0,000306
cross 0,083382 0,000083
crouch 0,941609 0,000466
crouching 1,049822 0,000260
crow 0,867501 0,000215
crowd 0,174353 0,000043
crowded 0,301105 0,000075
cruelly 0,820981 0,000203
crumb 1,427116 0,000353
crumple 1,237874 0,000306
crunch 1,832581 0,000907
crush 0,274437 0,000068
crushingly 3,912023 0,000968
cue 2,040221 0,000505
culprit 1,347074 0,000667
cunning 0,462035 0,000114
cunningly 1,560648 0,000386
cure 0,314711 0,000078
curiously 0,776529 0,000192
curl 0,510826 0,000126
curly 1,171183 0,000290
current 0,116534 0,000029
curse 0,342490 0,000254
cursing 1,203973 0,000298
curve 0,916291 0,000227
curved 1,171183 0,000290
custom 0,210721 0,000052
customary 0,653926 0,000162
cut 0,030459 0,000023
dainty 0,634878 0,000157
dam 1,203973 0,000596
damnation 1,771957 0,000439
dance 0,235722 0,000058
dancing 0,371064 0,000092
danger 0,105361 0,000026
dangerous 0,150823 0,000037
dark 0,051293 0,000013
darkness 0,186330 0,000046
dart 0,562119 0,000139
dash 0,400478 0,000198
dat 2,525729 0,000625
daughter 0,174353 0,000043
daunt 1,714798 0,000424
dave 3,218876 0,000797
dawn 0,314711 0,000078
dawson 3,218876 0,000797
day 0,000000 0,000000
daybreak 1,203973 0,000298
daze 1,309333 0,000324
dead 0,072571 0,000018
deaf 0,634878 0,000157
deal 0,061875 0,000031
dealer 1,171183 0,000290
death 0,020203 0,000005
deathless 2,407946 0,000596
debt 0,494296 0,000122
decay 0,544727 0,000135
deceit 0,967584 0,000240
december 0,562119 0,000139
decide 0,040822 0,000010
decidedly 0,867501 0,000215
decivilization 3,912023 0,000968
deck 0,544727 0,000270
deed 0,287682 0,000071
deep 0,020203 0,000015
deer 0,867501 0,000215
deerhound 3,912023 0,000968
defence 0,527633 0,000131
defend 0,301105 0,000224
defiance 0,713350 0,000177
defiantly 1,609438 0,000398
definite 0,755023 0,000187
deft 2,207275 0,000546
defy 0,693147 0,000343
dejected 1,021651 0,000253
delay 0,186330 0,000092
deliberately 0,693147 0,000172
deliberateness 3,912023 0,000968
delight 0,150823 0,000075
deliver 0,223144 0,000055
deluge 1,427116 0,000353
demand 0,051293 0,000038
demesne 2,659260 0,000658
demon 0,916291 0,000227
demonstrative 1,897120 0,000470
den 0,693147 0,000172
deny 0,072571 0,000018
depart 0,162519 0,000121
departure 0,430783 0,000107
depend 0,040822 0,000010
deposit 0,776529 0,000384
depot 2,407946 0,000596
depths 0,446287 0,000110
descend 0,174353 0,000086
descent 0,634878 0,000157
description 0,248461 0,000062
deserted 0,385662 0,000095
deserved 0,634878 0,000157
desire 0,051293 0,000038
desolate 0,733969 0,000182
despatch 1,108663 0,000274
desperate 0,328504 0,000081
desperately 0,843970 0,000209
desperation 0,867501 0,000215
despise 0,342490 0,000085
destine 0,494296 0,000122
destroy 0,061875 0,000046
destruction 0,342490 0,000085
detection 1,427116 0,000353
determine 0,061875 0,000031
detestable 1,203973 0,000298
developed 0,544727 0,000135
development 0,693147 0,000172
devil 0,301105 0,000149
devotion 0,510826 0,000126
devour 0,462035 0,000114
diabolically 2,813411 0,000696
dictate 0,579818 0,000287
die 0,010050 0,000007
diego 3,506558 0,000868
diet 1,078810 0,000267
difficult 0,116534 0,000029
dig 0,356675 0,000265
dignified 0,755023 0,000187
dignity 0,314711 0,000078
dim 0,356675 0,000177
diminished 0,776529 0,000192
dimly 0,867501 0,000215
din 1,171183 0,000290
dinner 0,186330 0,000046
direct 0,040822 0,000010
direction 0,051293 0,000025
directness 2,040221 0,000505
dirt 0,544727 0,000135
dirty 0,544727 0,000135
dis 1,609438 0,000398
disappear 0,223144 0,000166
disaster 0,820981 0,000203
disburden 2,813411 0,000696
discard 1,108663 0,000274
discharge 0,478036 0,000237
discipline 0,634878 0,000314
disclose 0,634878 0,000157
discolor 2,813411 0,000696
discomfited 1,966113 0,000487
discomfiture 1,660731 0,000411
disconsolate 1,609438 0,000398
discover 0,030459 0,000015
discovery 0,287682 0,000071
disgust 0,430783 0,000107
dish 0,478036 0,000118
dismay 0,597837 0,000148
disorder 0,544727 0,000135
displace 1,309333 0,000324
displeasure 0,941609 0,000233
dispute 0,446287 0,000110
disrupt 3,218876 0,000797
distance 0,105361 0,000026
distant 0,162519 0,000040
distinct 0,301105 0,000075
distribute 0,210721 0,000052
diver 1,021651 0,000253
divide 0,150823 0,000075
divine 0,356675 0,000088
docilely 3,912023 0,000968
doctor 0,400478 0,000099
dodge 1,049822 0,000520
dog 0,186330 0,000092
dogged 1,514128 0,000375
dollar 1,237874 0,000306
dolly 2,407946 0,000596
domesticate 2,302585 0,000570
dominant 1,660731 0,000411
dominion 0,941609 0,000233
doom 0,579818 0,000144
door 0,000000 0,000000
dose 1,108663 0,000274
dot 1,469676 0,000364
double 0,139262 0,000069
doubt 0,040822 0,000010
downhill 2,120264 0,000525
downward 0,798508 0,000198
doze 0,891598 0,000221
dozen 0,415515 0,000103
drag 0,248461 0,000185
draggle 2,207275 0,000546
drainage 2,995732 0,000742
drape 1,660731 0,000411
draught 0,527633 0,000131
draw 0,020203 0,000020
dream 0,083382 0,000083
dreamily 1,897120 0,000470
dreary 0,673345 0,000167
drift 0,462035 0,000343
driftwood 2,995732 0,000742
drink 0,072571 0,000036
dripping 0,891598 0,000221
drive 0,030459 0,000038
driver 0,713350 0,000353
driveway 3,912023 0,000968
droop 0,798508 0,000395
drop 0,061875 0,000046
drown 0,314711 0,000078
drum 0,843970 0,000209
druther 3,218876 0,000797
dry 0,116534 0,000058
dub 2,207275 0,000546
dubiously 2,659260 0,000658
dull 0,174353 0,000043
dump 2,040221 0,000505
duplicate 1,714798 0,000424
dust 0,162519 0,000040
duty 0,061875 0,000031
dweller 1,237874 0,000306
dwelling 0,494296 0,000122
dwindle 1,427116 0,000353
dynasty 2,207275 0,000546
eager 0,210721 0,000052
eagerly 0,385662 0,000095
eagerness 0,544727 0,000135
ear 0,061875 0,000031
eared 2,120264 0,000525
earn 0,446287 0,000110
earnest 0,261365 0,000065
earth 0,051293 0,000013
ease 0,150823 0,000037
easily 0,072571 0,000018
east 0,235722 0,000058
easy 0,000000 0,000000
eat 0,040822 0,000030
eatable 2,525729 0,000625
eater 1,469676 0,000364
eating 0,235722 0,000058
ebb 1,078810 0,000534
economy 0,776529 0,000192
ecstasy 0,798508 0,000198
eddy 1,237874 0,000613
edge 0,150823 0,000037
eerie 2,995732 0,000742
effectually 1,203973 0,000298
effort 0,094311 0,000047
egotistical 2,407946 0,000596
eighteen 0,462035 0,000114
elbow 0,494296 0,000122
eldorado 3,506558 0,000868
electric 1,171183 0,000290
elimination 3,218876 0,000797
eloquent 0,820981 0,000203
eloquently 1,897120 0,000470
embrace 0,235722 0,000117
emptiness 1,609438 0,000398
enable 0,274437 0,000136
encounter 0,446287 0,000110
encourage 0,301105 0,000149
encouragement 0,755023 0,000187
encouraging 0,798508 0,000198
endless 0,478036 0,000118
endure 0,210721 0,000052
enemy 0,105361 0,000026
enforce 0,941609 0,000466
english 0,094311 0,000023
enormous 0,430783 0,000107
enormousness 3,506558 0,000868
enter 0,020203 0,000010
enthusiastically 1,771957 0,000439
entice 1,386294 0,000343
entreat 0,713350 0,000177
envelop 1,108663 0,000549
environment 1,514128 0,000375
equal 0,162519 0,000040
equally 0,223144 0,000055
equilibrium 1,966113 0,000487
ere 0,634878 0,000157
erect 0,446287 0,000110
errand 0,733969 0,000182
error 0,072571 0,000018
escape 0,061875 0,000031
escort 0,755023 0,000187
especial 1,309333 0,000324
essential 0,544727 0,000135
estimation 1,139434 0,000282
eternal 0,415515 0,000103
eternity 0,673345 0,000167
evening 0,072571 0,000018
event 0,150823 0,000037
evidence 0,235722 0,000058
evident 0,356675 0,000088
evil 0,150823 0,000037
evince 1,108663 0,000274
examine 0,150823 0,000075
excel 0,994252 0,000246
excellent 0,150823 0,000037
exception 0,446287 0,000110
excess 0,579818 0,000144
excessive 0,597837 0,000148
exchange 0,210721 0,000052
excited 0,248461 0,000062
excitedly 1,609438 0,000398
excitement 0,415515 0,000103
exclaim 0,287682 0,000071
exclamation 0,755023 0,000187
excrescence 2,659260 0,000658
exertion 0,693147 0,000172
exhausted 0,400478 0,000099
exhausting 1,609438 0,000398
exist 0,072571 0,000018
existence 0,150823 0,000037
expect 0,051293 0,000025
expectant 1,427116 0,000353
expediency 2,040221 0,000505
experience 0,072571 0,000018
experienced 0,356675 0,000088
experiment 0,494296 0,000122
exploit 0,867501 0,000215
express 0,072571 0,000054
expression 0,116534 0,000029
exquisite 0,673345 0,000167
external 0,562119 0,000139
extinct 1,108663 0,000274
extract 0,544727 0,000135
extreme 0,186330 0,000046
extremity 0,693147 0,000172
exultantly 2,659260 0,000658
eye 0,000000 0,000000
eyed 0,597837 0,000148
fabled 2,302585 0,000570
faced 0,820981 0,000203
fade 0,371064 0,000092
fail 0,072571 0,000072
faint 0,186330 0,000138
faintly 0,713350 0,000177
fair 0,051293 0,000013
faith 0,210721 0,000052
faithful 0,261365 0,000065
faithfully 0,755023 0,000187
faithfulness 2,040221 0,000505
fall 0,000000 0,000000
fame 0,478036 0,000118
familiar 0,150823 0,000037
familiarity 0,843970 0,000209
family 0,061875 0,000015
famine 1,049822 0,000260
famished 1,272966 0,000315
fan 0,579818 0,000144
fang 1,560648 0,000773
fanged 2,995732 0,000742
fare 0,597837 0,000296
farth 1,049822 0,000260
fashion 0,105361 0,000052
fast 0,030459 0,000015
fasten 0,478036 0,000118
fastidiousness 2,659260 0,000658
fat 0,314711 0,000078
fatal 0,342490 0,000085
fateful 1,832581 0,000454
father 0,061875 0,000046
fatigue 0,494296 0,000122
fault 0,139262 0,000034
favor 0,994252 0,000492
favored 1,897120 0,000470
favorite 1,309333 0,000324
fawn 1,078810 0,000267
fear 0,020203 0,000010
fearful 0,400478 0,000099
fearfully 1,049822 0,000260
fearlessly 2,040221 0,000505
feast 0,430783 0,000107
feat 0,967584 0,000240
feather 0,462035 0,000229
feature 0,261365 0,000065
feebly 0,843970 0,000209
feed 0,248461 0,000062
feel 0,020203 0,000005
feeling 0,072571 0,000036
feign 0,776529 0,000192
fellow 0,040822 0,000020
fellowship 1,237874 0,000306
ferine 3,912023 0,000968
ferocious 1,203973 0,000298
ferocity 1,237874 0,000306
ferry 1,427116 0,000353
fervently 1,427116 0,000353
fetch 0,510826 0,000126
fever 0,342490 0,000085
feverish 0,843970 0,000209
fibre 1,560648 0,000386
field 0,094311 0,000023
fiend 1,049822 0,000260
fierce 0,415515 0,000309
fiercely 0,776529 0,000192
fierceness 1,897120 0,000470
fight 0,083382 0,000083
fighter 1,714798 0,000849
figure 0,051293 0,000013
file 0,223144 0,000110
final 0,342490 0,000085
finally 0,150823 0,000037
fine 0,061875 0,000015
finely 1,171183 0,000290
finger 0,150823 0,000037
finish 0,287682 0,000071
finished 0,162519 0,000040
finishing 0,843970 0,000209
firewood 1,897120 0,000470
fish 0,287682 0,000142
fishing 0,755023 0,000187
fissure 2,207275 0,000546
fit 0,030459 0,000015
fivescore 3,506558 0,000868
flag 0,653926 0,000324
flame 0,248461 0,000185
flank 0,941609 0,000466
flap 0,891598 0,000441
flash 0,261365 0,000194
flat 0,139262 0,000034
flatten 1,560648 0,000386
fleck 1,714798 0,000424
flee 0,301105 0,000224
fleeting 1,139434 0,000282
flesh 0,210721 0,000052
flicker 0,755023 0,000187
flight 0,287682 0,000071
fling 0,462035 0,000229
flint 1,171183 0,000290
flirt 1,514128 0,000375
flit 0,967584 0,000479
flood 0,430783 0,000213
floor 0,174353 0,000043
flounder 1,237874 0,000613
flour 1,078810 0,000267
flow 0,174353 0,000086
flower 0,174353 0,000086
flush 0,562119 0,000139
flutter 0,673345 0,000167
fly 0,116534 0,000058
flying 0,235722 0,000058
foam 0,733969 0,000182
foe 0,616186 0,000153
fold 0,287682 0,000071
follow 0,020203 0,000005
folly 0,274437 0,000068
food 0,127833 0,000032
fool 0,235722 0,000175
foot 0,051293 0,000025
footed 1,049822 0,000260
footing 0,820981 0,000203
footsore 2,659260 0,000658
footstep 0,430783 0,000107
forbear 1,427116 0,000353
forbiddingly 3,912023 0,000968
forbore 2,302585 0,000570
force 0,030459 0,000015
fore 0,755023 0,000187
forebear 2,995732 0,000742
forecast 2,040221 0,000505
forego 1,203973 0,000298
foremost 0,673345 0,000167
forest 0,356675 0,000088
forewent 3,218876 0,000797
forge 0,798508 0,000198
forget 0,010050 0,000005
forgetfulness 0,916291 0,000227
forlorn 1,078810 0,000267
form 0,020203 0,000020
formidable 0,673345 0,000167
fortune 0,162519 0,000080
foul 0,616186 0,000153
fountain 0,653926 0,000324
fourteen 0,616186 0,000153
fourth 0,174353 0,000043
fowl 1,108663 0,000274
fox 0,798508 0,000198
frame 0,174353 0,000043
francisco 2,120264 0,000525
frankly 0,798508 0,000198
frantically 1,386294 0,000343
fraught 1,514128 0,000375
freeze 0,941609 0,000466
freight 1,171183 0,000580
french 0,342490 0,000085
frenzy 0,867501 0,000215
frequently 0,287682 0,000071
fresh 0,105361 0,000052
friction 1,771957 0,000439
friend 0,000000 0,000000
friendliness 1,560648 0,000386
friendly 0,248461 0,000062
friendship 0,261365 0,000065
frighten 0,733969 0,000182
frightened 0,301105 0,000075
frightful 0,776529 0,000192
frightfully 1,560648 0,000386
fringe 0,798508 0,000198
frisco 3,218876 0,000797
frost 0,653926 0,000162
frosty 1,386294 0,000343
froth 1,386294 0,000343
frown 0,673345 0,000167
frozen 0,733969 0,000182
frustrated 2,040221 0,000505
fund 0,967584 0,000240
fundamental 1,203973 0,000298
fungus 2,120264 0,000525
fur 0,994252 0,000246
furiously 0,755023 0,000187
furnished 0,328504 0,000081
furred 2,525729 0,000625
furry 2,207275 0,000546
fury 0,328504 0,000081
fuss 1,203973 0,000298
futile 1,469676 0,000364
futilely 3,912023 0,000968
future 0,105361 0,000026
gad 2,207275 0,000546
gain 0,040822 0,000030
galvanize 3,218876 0,000797
gambler 1,714798 0,000424
gambling 1,609438 0,000398
game 0,210721 0,000104
gamekeeper 2,995732 0,000742
gape 0,798508 0,000198
gar 2,659260 0,000658
garb 1,203973 0,000298
gardener 0,994252 0,000246
garment 0,400478 0,000099
gas 1,139434 0,000282
gash 1,514128 0,000375
gasp 0,579818 0,000431
gather 0,061875 0,000015
gaunt 1,139434 0,000282
gayety 2,813411 0,000696
gaze 0,314711 0,000078
gear 1,832581 0,000454
gee 2,659260 0,000658
generation 0,127833 0,000063
generous 0,356675 0,000088
generously 1,139434 0,000282
genial 0,994252 0,000246
gentleman 0,223144 0,000055
gentler 1,714798 0,000424
genuine 0,597837 0,000148
geological 2,525729 0,000625
ghost 0,462035 0,000114
ghostly 1,237874 0,000306
giant 0,562119 0,000278
gif 3,506558 0,000868
gigantic 0,994252 0,000246
gingerly 2,407946 0,000596
glacier 2,407946 0,000596
glad 0,072571 0,000018
gladden 1,609438 0,000398
gladness 1,049822 0,000260
glamour 2,525729 0,000625
glance 0,186330 0,000092
glazed 1,660731 0,000411
gleam 0,510826 0,000126
gleefully 2,040221 0,000505
glide 0,673345 0,000167
glimmer 0,967584 0,000240
glimpse 0,462035 0,000114
glitter 0,579818 0,000144
gloomy 0,462035 0,000114
glorious 0,462035 0,000114
gloriously 1,427116 0,000353
gloss 1,469676 0,000364
glow 0,314711 0,000078
gnat 2,207275 0,000546
goad 1,237874 0,000306
god 0,083382 0,000021
gold 0,083382 0,000021
goose 0,755023 0,000187
gorge 1,237874 0,000306
government 0,462035 0,000114
grade 1,347074 0,000667
grandson 1,347074 0,000333
grape 0,867501 0,000215
grapple 1,203973 0,000596
grasp 0,274437 0,000068
grass 0,301105 0,000149
grate 0,673345 0,000167
gratifying 1,272966 0,000315
gravel 1,203973 0,000298
gravelled 3,912023 0,000968
gravely 0,693147 0,000172
graven 1,771957 0,000439
gray 0,733969 0,000182
greatly 0,210721 0,000052
greatness 0,693147 0,000172
green 0,105361 0,000026
greeting 0,798508 0,000198
grief 0,356675 0,000088
grievance 1,108663 0,000274
grievously 1,714798 0,000424
grimly 1,108663 0,000274
grin 0,733969 0,000545
grip 0,798508 0,000395
grit 2,120264 0,000525
grittily 3,912023 0,000968
groan 0,446287 0,000110
groom 1,347074 0,000333
groove 1,660731 0,000411
grope 0,733969 0,000363
ground 0,030459 0,000008
grow 0,010050 0,000012
grower 2,995732 0,000742
growl 0,941609 0,000699
growling 1,427116 0,000353
growth 0,430783 0,000107
grub 1,560648 0,000386
gruffly 1,897120 0,000470
grumble 0,867501 0,000429
grunt 1,021651 0,000506
guard 0,083382 0,000062
guardianship 1,832581 0,000454
guide 0,083382 0,000041
guilty 0,356675 0,000088
gulp 1,386294 0,000343
gun 0,544727 0,000135
gust 1,139434 0,000282
habit 0,162519 0,000040
hail 0,415515 0,000103
hair 0,072571 0,000018
haired 0,820981 0,000203
hairless 2,813411 0,000696
hairy 1,078810 0,000267
hal 2,813411 0,000696
halfway 1,386294 0,000343
halt 0,733969 0,000182
halted 0,843970 0,000209
hammer 0,544727 0,000135
hand 0,010050 0,000007
handful 0,776529 0,000192
handicap 2,302585 0,000570
handkerchief 0,616186 0,000153
handle 0,223144 0,000055
hang 0,198451 0,000049
hanging 0,235722 0,000058
hankering 2,120264 0,000525
hans 2,302585 0,000570
happen 0,030459 0,000015
happiness 0,150823 0,000037
hard 0,040822 0,000030
hardened 0,820981 0,000203
hark 1,139434 0,000564
harm 0,210721 0,000052
harness 0,843970 0,000836
harry 1,203973 0,000298
harsh 0,462035 0,000114
haste 0,371064 0,000092
hasten 0,371064 0,000092
hat 0,446287 0,000110
hatchet 1,609438 0,000398
hate 0,150823 0,000037
hatred 0,494296 0,000122
haul 0,941609 0,000233
hauling 1,660731 0,000411
haunch 1,469676 0,000364
haunt 0,385662 0,000095
haw 2,302585 0,000570
head 0,000000 0,000000
headed 0,510826 0,000126
heal 0,867501 0,000215
health 0,198451 0,000049
heap 0,248461 0,000062
hear 0,010050 0,000005
hearing 0,139262 0,000034
heart 0,010050 0,000005
heartbreaking 2,525729 0,000625
hearted 0,415515 0,000103
heartedly 2,659260 0,000658
heat 0,198451 0,000049
heaven 0,174353 0,000043
heavily 0,400478 0,000099
heavy 0,030459 0,000015
hedge 0,597837 0,000148
heed 0,510826 0,000126
heel 0,356675 0,000088
height 0,210721 0,000052
helper 1,714798 0,000849
helpless 0,328504 0,000081
helplessly 1,514128 0,000375
helplessness 1,386294 0,000343
herald 1,139434 0,000282
herd 0,597837 0,000148
heredity 2,120264 0,000525
heroic 0,891598 0,000221
hesitate 0,314711 0,000078
hey 1,347074 0,000333
hide 0,072571 0,000054
hiding 0,616186 0,000153
highly 0,261365 0,000065
hike 3,218876 0,000797
hill 0,150823 0,000037
hind 1,171183 0,000290
hinder 0,579818 0,000144
hint 0,301105 0,000075
hip 1,078810 0,000534
history 0,186330 0,000046
hit 0,314711 0,000078
hitch 1,347074 0,000667
ho 1,203973 0,000298
hoarse 0,867501 0,000215
hoist 1,139434 0,000282
hold 0,010050 0,000010
hole 0,261365 0,000129
homesick 2,407946 0,000596
honestly 0,843970 0,000209
honk 3,506558 0,000868
honored 1,427116 0,000353
hoof 0,867501 0,000215
hope 0,000000 0,000000
hopeless 0,510826 0,000126
horn 0,478036 0,000118
horrible 0,356675 0,000088
horribly 0,916291 0,000227
horror 0,198451 0,000049
horse 0,139262 0,000069
hostile 0,776529 0,000192
hot 0,116534 0,000029
hotel 0,820981 0,000203
hour 0,061875 0,000031
house 0,020203 0,000005
housemaid 1,514128 0,000375
howl 0,527633 0,000392
hudson 1,832581 0,000454
huge 0,400478 0,000099
hum 0,579818 0,000144
human 0,072571 0,000018
humor 1,203973 0,000298
hundredweight 2,407946 0,000596
hung 0,174353 0,000043
hunger 0,478036 0,000118
hungry 0,314711 0,000078
hunt 0,371064 0,000184
hunter 0,579818 0,000287
hunting 0,462035 0,000114
hurl 0,798508 0,000395
hurricane 1,560648 0,000386
hurriedly 0,891598 0,000221
hurry 0,162519 0,000080
hurt 0,150823 0,000075
husband 0,198451 0,000049
husky 1,560648 0,000773
hydrophoby 3,912023 0,000968
hysteria 2,813411 0,000696
ice 0,527633 0,000131
idea 0,083382 0,000021
ideal 0,776529 0,000192
idle 0,261365 0,000065
idol 1,237874 0,000306
ignominiously 2,525729 0,000625
iii 0,287682 0,000071
illumine 1,309333 0,000324
imagination 0,223144 0,000055
imagine 0,083382 0,000021
impact 2,207275 0,000546
impartial 1,237874 0,000306
impatience 0,634878 0,000157
impeachment 2,525729 0,000625
impede 1,309333 0,000324
impel 0,916291 0,000227
impending 1,171183 0,000290
imperative 1,237874 0,000306
imperiously 1,966113 0,000487
imploringly 1,771957 0,000439
importune 1,714798 0,000424
impossible 0,094311 0,000023
impress 0,634878 0,000157
imprison 0,798508 0,000198
impulse 0,400478 0,000198
inability 1,386294 0,000343
inarticulate 1,514128 0,000375
incarnate 1,832581 0,000454
incarnation 1,771957 0,000439
inch 0,430783 0,000213
incident 0,356675 0,000088
incidentally 1,609438 0,000398
inclined 0,186330 0,000046
include 0,072571 0,000036
incoherent 1,469676 0,000364
incompetence 2,813411 0,000696
incomprehensible 1,108663 0,000274
inconceivably 2,407946 0,000596
increase 0,061875 0,000031
incurious 3,218876 0,000797
indefinite 1,309333 0,000324
indeterminate 2,813411 0,000696
indian 0,544727 0,000270
indigestible 3,506558 0,000868
indiscreet 1,609438 0,000398
indiscretion 1,427116 0,000353
indispensable 0,843970 0,000209
inevitable 0,544727 0,000135
inevitably 0,843970 0,000209
inexorable 1,347074 0,000333
infinitely 0,673345 0,000167
infinitesimal 2,207275 0,000546
inflammation 2,207275 0,000546
influence 0,198451 0,000049
infrequent 2,120264 0,000525
inherit 0,579818 0,000144
injure 0,356675 0,000088
inkling 1,427116 0,000353
innocuously 3,218876 0,000797
innutritious 3,912023 0,000968
inoffensive 1,660731 0,000411
insensible 0,843970 0,000209
inseparable 1,203973 0,000298
insides 3,912023 0,000968
insidious 1,832581 0,000454
insist 0,223144 0,000110
instance 0,116534 0,000058
instant 0,210721 0,000052
instantaneous 1,427116 0,000353
instinct 0,356675 0,000177
instinctively 0,733969 0,000182
instruction 0,328504 0,000081
insubordination 2,813411 0,000696
insular 2,659260 0,000658
intelligence 0,301105 0,000075
intend 0,094311 0,000023
intense 0,430783 0,000107
intensely 0,820981 0,000203
intent 0,494296 0,000122
intention 0,127833 0,000063
intentness 2,407946 0,000596
interfere 0,415515 0,000206
interlace 2,525729 0,000625
internal 0,261365 0,000065
interrupt 0,562119 0,000139
interval 0,301105 0,000149
intimacy 0,843970 0,000209
intimate 0,430783 0,000213
intolerable 0,673345 0,000167
introduction 0,385662 0,000095
introspective 2,659260 0,000658
invade 0,755023 0,000187
invader 1,832581 0,000454
invest 1,021651 0,000253
investigate 0,820981 0,000203
invitation 0,494296 0,000122
involuntarily 1,139434 0,000282
irish 1,347074 0,000333
iron 0,162519 0,000040
irresistible 0,653926 0,000162
irresolutely 2,407946 0,000596
irritability 1,897120 0,000470
irritable 1,469676 0,000364
irritating 1,272966 0,000315
island 0,400478 0,000099
issue 0,198451 0,000049
iv 0,328504 0,000081
jack 0,755023 0,000187
jade 1,560648 0,000386
jagged 1,560648 0,000386
jam 1,237874 0,000306
jangle 2,525729 0,000625
japanese 1,660731 0,000411
jar 1,021651 0,000253
jaw 0,544727 0,000270
jealousy 0,430783 0,000107
jerk 0,820981 0,000610
jim 1,966113 0,000487
jingle 1,171183 0,000290
jingo 2,995732 0,000742
job 0,597837 0,000148
joe 1,832581 0,000454
john 0,328504 0,000081
joint 0,446287 0,000110
jolt 1,514128 0,000375
journey 0,150823 0,000037
journeyer 3,912023 0,000968
joy 0,127833 0,000032
joyful 0,798508 0,000198
joyfully 1,272966 0,000315
jubilant 2,302585 0,000570
judge 0,061875 0,000015
judgment 0,198451 0,000049
jugular 3,218876 0,000797
juice 1,272966 0,000315
jump 0,430783 0,000107
justice 0,162519 0,000040
jut 1,609438 0,000398
keel 1,309333 0,000324
keen 0,371064 0,000184
keenly 0,967584 0,000240
keeper 0,820981 0,000203
kennel 1,660731 0,000822
key 0,342490 0,000170
kick 0,314711 0,000078
kidnap 2,120264 0,000525
kidnapper 3,506558 0,000868
kill 0,083382 0,000062
killer 2,040221 0,000505
kin 1,139434 0,000282
kindliness 2,040221 0,000505
kindly 0,223144 0,000055
kindred 0,994252 0,000246
king 0,210721 0,000052
kiss 0,356675 0,000088
kitten 1,560648 0,000386
klondike 3,912023 0,000968
knee 0,150823 0,000075
kneel 0,478036 0,000118
knife 0,287682 0,000071
knit 0,673345 0,000167
knock 0,287682 0,000214
knotting 2,813411 0,000696
knotty 1,897120 0,000470
knowledge 0,061875 0,000015
knuckle 1,427116 0,000353
knuckled 2,995732 0,000742
lacerate 2,120264 0,000525
lack 0,371064 0,000092
lak 3,912023 0,000968
lake 0,162519 0,000080
land 0,051293 0,000025
landing 0,544727 0,000135
lap 0,527633 0,000131
lapping 2,302585 0,000570
lapse 0,733969 0,000182
largeness 1,897120 0,000470
las 2,407946 0,000596
lash 0,562119 0,000278
lashing 2,525729 0,000625
late 0,094311 0,000023
latent 1,469676 0,000364
laugh 0,094311 0,000070
launch 0,798508 0,000198
law 0,020203 0,000005
lawgiver 1,771957 0,000439
lawn 1,078810 0,000267
lay 0,030459 0,000023
lazily 1,237874 0,000306
lazy 0,616186 0,000153
le 1,049822 0,000260
lead 0,020203 0,000010
leaden 1,237874 0,000306
leader 0,356675 0,000177
leadership 2,040221 0,000505
leading 0,139262 0,000034
leaf 0,446287 0,000110
lean 0,127833 0,000032
leap 0,287682 0,000214
learn 0,020203 0,000015
leash 2,407946 0,000596
leather 0,527633 0,000131
leathery 2,995732 0,000742
leave -0,009950 -0,000007
ledge 1,049822 0,000260
leeward 2,207275 0,000546
left 0,000000 0,000000
leg 0,235722 0,000117
legged 1,108663 0,000274
legion 1,309333 0,000324
leks 3,912023 0,000968
lend 0,430783 0,000107
lesson 0,287682 0,000142
letter 0,072571 0,000036
level 0,210721 0,000104
library 0,223144 0,000055
lick 0,673345 0,000500
lie 0,020203 0,000010
life -0,009950 -0,000005
lifeless 1,108663 0,000274
lifetime 0,843970 0,000209
lift 0,116534 0,000087
light 0,000000 0,000000
lighten 0,597837 0,000148
lightish 3,912023 0,000968
lightly 0,430783 0,000107
lightning 0,430783 0,000107
limb 0,248461 0,000062
limitless 2,207275 0,000546
limp 1,108663 0,000549
limping 1,771957 0,000439
limply 2,995732 0,000742
linger 0,446287 0,000331
link 0,174353 0,000043
lionlike 3,218876 0,000797
lip 0,127833 0,000063
listen 0,105361 0,000078
literally 0,713350 0,000177
live 0,010050 0,000005
lively 0,385662 0,000095
living 0,020203 0,000005
load 0,430783 0,000213
loaf 0,867501 0,000215
loafing 2,995732 0,000742
loath 1,427116 0,000353
loathsome 1,078810 0,000267
locate 0,371064 0,000092
lock 0,162519 0,000040
locomotive 2,120264 0,001050
lodge 0,494296 0,000122
log 0,798508 0,000395
loll 1,771957 0,000439
london 0,415515 0,000103
lonely 0,400478 0,000099
longing 0,653926 0,000324
loom 1,078810 0,000267
loose 0,094311 0,000047
loosely 1,347074 0,000333
loosen 0,891598 0,000221
loot 3,218876 0,000797
lope 2,659260 0,001316
lord 0,223144 0,000055
lose 0,000000 0,000000
loser 2,120264 0,000525
loss 0,083382 0,000041
lot 0,051293 0,000013
lottery 1,897120 0,000470
loud 0,105361 0,000026
loudly 0,400478 0,000099
love 0,030459 0,000015
lovingly 1,427116 0,000353
luck 0,446287 0,000110
lug 1,771957 0,000439
lugubriously 3,506558 0,000868
lunge 1,966113 0,000487
lurch 1,660731 0,000411
lure 1,108663 0,000549
luringly 3,912023 0,000968
lurk 0,616186 0,000153
lust 0,820981 0,000203
lusty 1,832581 0,000454
machine 0,210721 0,000052
mad 0,235722 0,000058
madly 1,272966 0,000315
madness 0,597837 0,000148
magnetic 1,832581 0,000454
magnetism 2,659260 0,000658
magnificent 0,328504 0,000081
mail 0,820981 0,000203
main 0,127833 0,000032
maintain 0,094311 0,000023
majority 0,597837 0,000148
malicious 0,941609 0,000233
malignant 1,139434 0,000282
malinger 3,506558 0,000868
malingerer 3,912023 0,000968
manage 0,261365 0,000129
mandate 2,120264 0,000525
mane 1,609438 0,000398
mangled 1,660731 0,000411
manhood 0,776529 0,000192
manifest 0,478036 0,000118
manifestly 1,469676 0,000364
manila 3,506558 0,000868
mankind 0,478036 0,000118
manner 0,040822 0,000010
manuel 3,218876 0,000797
marauder 2,659260 0,000658
march 0,223144 0,000110
marching 1,171183 0,000290
mark 0,105361 0,000026
marked 0,061875 0,000015
marsh 1,139434 0,000282
marvellous 0,891598 0,000221
mass 0,210721 0,000052
massive 1,049822 0,000260
master 0,072571 0,000036
masterful 1,966113 0,000487
masters 0,446287 0,000110
mastership 3,218876 0,000797
mastery 1,171183 0,000290
mastodon 2,813411 0,000696
mat 0,820981 0,000203
match 0,301105 0,000149
mate 0,713350 0,000177
matter 0,000000 0,000000
mayo 3,912023 0,000968
meal 0,261365 0,000065
meaning 0,186330 0,000046
measure 0,127833 0,000032
meat 0,356675 0,000088
meditate 0,733969 0,000182
meekly 1,469676 0,000364
meet 0,010050 0,000005
meeting 0,162519 0,000040
melancholy 0,342490 0,000085
mell 1,609438 0,000398
memorable 1,108663 0,000274
memory 0,162519 0,000080
menace 1,021651 0,000253
menacing 1,272966 0,000315
menacingly 2,407946 0,000596
mend 0,653926 0,000324
mentally 1,237874 0,000306
mercedes 3,506558 0,000868
merciless 1,427116 0,000353
mercilessly 2,302585 0,000570
mercy 0,210721 0,000052
mere 0,094311 0,000023
merrily 1,272966 0,000315
mess 0,867501 0,000215
message 0,356675 0,000088
messenger 0,562119 0,000139
metal 0,527633 0,000131
metallic 1,514128 0,000375
metamorphose 2,207275 0,000546
method 0,094311 0,000023
mew 2,659260 0,000658
mexican 1,966113 0,000487
mid 1,832581 0,000454
middle 0,030459 0,000008
midmost 2,813411 0,000696
midnight 0,328504 0,000163
midst 0,287682 0,000071
midway 1,514128 0,000375
mightily 1,469676 0,000364
mighty 0,328504 0,000081
migrate 1,897120 0,000470
mile 0,174353 0,000086
miller 1,309333 0,000324
mind 0,020203 0,000005
miner 2,120264 0,000525
mining 1,832581 0,000454
ministration 2,659260 0,000658
minor 0,713350 0,000177
minute 0,150823 0,000037
miracle 0,597837 0,000148
miscalculate 2,525729 0,000625
misdeed 2,120264 0,000525
misdemeanor 2,813411 0,000696
miserable 0,210721 0,000052
misery 0,248461 0,000062
mistake 0,186330 0,000046
mistaken 0,261365 0,000065
misunderstand 1,237874 0,000306
misunderstanding 1,469676 0,000364
mite 1,714798 0,000424
mitten 2,407946 0,000596
mittened 3,218876 0,000797
moan 0,653926 0,000162
moccasin 2,659260 0,000658
mode 0,579818 0,000144
moisture 1,108663 0,000274
mollie 3,912023 0,000968
moment 0,010050 0,000005
momentum 2,525729 0,000625
money 0,051293 0,000013
mongrel 2,302585 0,000570
monosyllabic 2,995732 0,000742
monotonous 1,078810 0,000267
month 0,040822 0,000010
mood 0,462035 0,000229
moon 0,261365 0,000065
moonlight 0,673345 0,000167
moose 3,218876 0,000797
mop 1,832581 0,000454
moral 0,301105 0,000075
morning 0,040822 0,000010
morose 1,469676 0,000364
mortal 0,314711 0,000078
mosquito 1,897120 0,000470
moss 1,049822 0,000260
mother 0,072571 0,000036
motion 0,223144 0,000055
motionless 0,544727 0,000135
mould 0,755023 0,000187
mountain 0,400478 0,000099
mountainous 1,560648 0,000386
mountains 0,400478 0,000099
mournful 0,941609 0,000233
mournfully 1,514128 0,000375
mourning 0,673345 0,000167
mouth 0,061875 0,000015
movement 0,287682 0,000142
muck 2,302585 0,000570
mud 0,462035 0,000114
muddy 0,867501 0,000215
multiply 0,776529 0,000192
multitudinous 2,040221 0,000505
murmur 0,287682 0,000214
muscle 0,755023 0,000374
muses 1,660731 0,000411
mush 2,995732 0,000742
musher 3,912023 0,000968
mushy 3,912023 0,000968
music 0,198451 0,000049
musing 1,237874 0,000306
mustache 2,040221 0,000505
mutiny 1,469676 0,000364
muzzle 1,171183 0,000290
mysterious 0,314711 0,000078
mysteriously 1,171183 0,000290
mystery 0,235722 0,000058
nagging 2,525729 0,000625
naked 0,274437 0,000068
nameless 1,078810 0,000267
narrow 0,094311 0,000023
narwhal 3,506558 0,000868
native 0,314711 0,000078
nature 0,094311 0,000023
natured 0,733969 0,000182
naturedly 1,897120 0,000470
necessaries 1,386294 0,000343
neck 0,174353 0,000043
needle 0,673345 0,000167
neighboring 1,386294 0,000343
nerve 0,371064 0,000092
nervous 0,494296 0,000122
nest 0,579818 0,000287
newborn 2,659260 0,000658
newcomer 1,560648 0,000386
newfoundland 2,040221 0,000505
news 0,210721 0,000052
newspaper 0,693147 0,000172
nice 0,371064 0,000092
nig 3,912023 0,000968
night 0,010050 0,000005
nightmare 1,171183 0,000290
nineteen 1,108663 0,000274
nip 1,427116 0,000706
noble 0,198451 0,000049
nocturnal 1,272966 0,000315
nod 0,371064 0,000184
noise 0,139262 0,000069
noiselessly 1,237874 0,000306
nomadic 2,813411 0,000696
north 0,083382 0,000021
northland 3,912023 0,000968
northwest 2,302585 0,000570
nose 0,261365 0,000194
nostril 0,798508 0,000198
notch 1,832581 0,000454
note 0,094311 0,000023
notice 0,020203 0,000010
nudge 1,714798 0,000424
nugget 2,995732 0,000742
numb 1,514128 0,000375
numerous 0,235722 0,000058
nurse 0,301105 0,000075
nursing 0,867501 0,000215
nutriment 2,207275 0,000546
oath 0,385662 0,000191
obdurate 1,771957 0,000439
obedience 0,494296 0,000122
obediently 1,469676 0,000364
obey 0,223144 0,000110
obliterate 1,469676 0,000364
obscurely 1,832581 0,000454
obscureness 3,912023 0,000968
observe 0,094311 0,000023
occasion 0,105361 0,000052
occasional 0,510826 0,000126
occupant 1,203973 0,000298
occupy 0,174353 0,000043
odd 0,385662 0,000095
odds 1,108663 0,000274
offence 0,527633 0,000131
offend 0,798508 0,000198
offensive 0,693147 0,000172
offer 0,020203 0,000015
office 0,072571 0,000018
official 0,223144 0,000055
oftener 1,049822 0,000260
onlooker 2,407946 0,000596
onlooking 3,912023 0,000968
onset 1,469676 0,000364
openly 0,494296 0,000122
operate 0,916291 0,000227
opinion 0,105361 0,000026
opportunity 0,061875 0,000015
oppose 0,579818 0,000144
oppressed 0,693147 0,000172
orchard 1,514128 0,000750
ordain 0,891598 0,000221
orderly 0,941609 0,000233
ordinary 0,186330 0,000046
organize 2,040221 0,000505
original 0,105361 0,000026
orthodox 1,386294 0,000343
ounce 1,427116 0,000353
outcome 1,714798 0,000424
outdistance 2,659260 0,000658
outdoor 1,832581 0,000454
outer 0,510826 0,000126
outfit 1,171183 0,000290
outhouse 1,897120 0,000470
outline 0,579818 0,000287
outlook 1,714798 0,000424
outrage 0,891598 0,000221
outreach 3,218876 0,000797
outsides 3,912023 0,000968
overfeed 3,912023 0,000968
overhang 1,171183 0,000290
overhaul 1,897120 0,000470
overhead 0,843970 0,000209
overloaded 2,813411 0,000696
overlook 0,527633 0,000131
overpowering 1,309333 0,000324
overrun 1,469676 0,000364
overspill 3,912023 0,000968
overtake 0,400478 0,000198
overthrow 0,967584 0,000719
overture 1,347074 0,000333
overturn 0,994252 0,000246
owner 0,083382 0,000021
pace 0,186330 0,000046
pack 0,579818 0,000287
packed 0,616186 0,000153
packing 1,108663 0,000274
pad 1,560648 0,000386
paddock 2,407946 0,000596
pain 0,051293 0,000025
painful 0,328504 0,000081
painfully 0,916291 0,000227
painstakingly 2,995732 0,000742
pair 0,210721 0,000052
pale 0,186330 0,000092
pall 1,272966 0,000315
palmate 3,506558 0,000868
palpitant 3,506558 0,000868
pampered 1,897120 0,000470
pan 0,755023 0,000374
pandemonium 2,407946 0,000596
pang 0,634878 0,000157
panic 1,049822 0,000260
panther 1,660731 0,000411
panting 0,597837 0,000148
paradox 1,514128 0,000375
parallel 0,843970 0,000209
parcel 0,867501 0,000215
parched 1,203973 0,000298
park 0,713350 0,000177
paroxysm 1,347074 0,000333
particle 0,967584 0,000240
partly 0,301105 0,000075
partner 0,510826 0,000126
partnership 1,514128 0,000375
partridge 1,427116 0,000353
party 0,030459 0,000008
pass 0,020203 0,000015
passage 0,105361 0,000026
passing 0,094311 0,000023
passion 0,174353 0,000043
passionate 0,634878 0,000157
passive 0,941609 0,000233
passiveness 3,506558 0,000868
pasture 1,108663 0,000274
pat 0,776529 0,000192
patch 0,616186 0,000153
path 0,150823 0,000037
patience 0,139262 0,000034
pause 0,314711 0,000156
paw 1,021651 0,000253
pay 0,030459 0,000015
peace 0,094311 0,000023
peak 0,916291 0,000227
peculiar 0,223144 0,000055
peculiarity 0,755023 0,000187
peculiarly 0,755023 0,000187
peer 0,616186 0,000153
peered 1,237874 0,000306
pell 1,560648 0,000386
pellet 2,995732 0,000742
pen 0,235722 0,000058
pencil 0,616186 0,000153
penetrate 0,415515 0,000206
pepper 1,171183 0,000290
perambulate 2,525729 0,000625
perceive 0,198451 0,000098
perceptibly 1,771957 0,000439
perch 0,891598 0,000221
peremptorily 1,660731 0,000411
perfect 0,061875 0,000015
perform 0,072571 0,000018
performance 0,127833 0,000032
peril 0,693147 0,000172
period 0,235722 0,000058
permanent 0,223144 0,000055
permit 0,094311 0,000047
perpendicular 1,386294 0,000343
perpetual 0,478036 0,000118
perplex 0,653926 0,000162
persist 0,478036 0,000118
persistent 1,347074 0,000333
person -0,009950 -0,000002
personal 0,223144 0,000055
pertinacity 2,659260 0,000658
pervade 1,139434 0,000282
pet 0,891598 0,000441
pete 2,813411 0,000696
petty 0,776529 0,000192
phrase 0,139262 0,000034
physical 0,198451 0,000049
pick 0,223144 0,000110
picking 0,634878 0,000157
piece 0,020203 0,000010
pike 1,347074 0,000333
pile 0,328504 0,000163
pine 0,462035 0,000229
pipe 0,385662 0,000191
pistol 0,820981 0,000203
pitch 0,261365 0,000129
pivoting 3,912023 0,000968
placer 3,506558 0,000868
plain 0,040822 0,000010
plainly 0,261365 0,000065
plaint 2,120264 0,000525
plant 0,186330 0,000046
play 0,040822 0,000040
playfully 2,040221 0,000505
plead 0,400478 0,000198
plenty 0,235722 0,000058
plethoric 2,995732 0,000742
plight 1,237874 0,000306
plough 0,941609 0,000233
pluck 0,371064 0,000092
plum 1,347074 0,000333
plunge 0,314711 0,000234
pointedly 2,207275 0,000546
pointer 2,040221 0,000505
poise 1,203973 0,000596
poke 0,941609 0,000233
pole 0,494296 0,000245
police 0,755023 0,000187
poling 3,912023 0,000968
politeness 0,798508 0,000198
political 0,562119 0,000139
pompous 1,514128 0,000375
pooh 1,514128 0,000375
pool 0,693147 0,000343
poor 0,020203 0,000010
poplar 1,386294 0,000343
populous 1,386294 0,000343
porcupine 2,407946 0,000596
position 0,162519 0,000040
positive 0,597837 0,000148
possess 0,061875 0,000031
possession 0,083382 0,000021
possibility 0,150823 0,000037
potent 1,309333 0,000324
pouch 1,514128 0,000375
pound 0,314711 0,000312
pour 0,116534 0,000058
powdery 2,407946 0,000596
power 0,030459 0,000008
powerfully 1,714798 0,000424
practically 0,235722 0,000058
practise 0,510826 0,000126
praise 0,274437 0,000068
pray 0,261365 0,000065
preaching 1,309333 0,000324
precious 0,162519 0,000040
precipitate 1,078810 0,000267
preeminently 3,506558 0,000868
prefer 0,174353 0,000043
pregnant 1,272966 0,000315
prejudice 0,579818 0,000144
preliminary 0,941609 0,000233
prepare 0,116534 0,000029
prepared 0,105361 0,000026
prerogative 1,771957 0,000439
presence 0,094311 0,000023
presently 0,385662 0,000095
preserver 1,897120 0,000470
press 0,105361 0,000026
pressed 0,274437 0,000068
pretty 0,150823 0,000037
prevent 0,040822 0,000020
previous 0,094311 0,000023
prey 0,478036 0,000355
price 0,314711 0,000078
prick 0,843970 0,000209
pride 0,150823 0,000075
primeval 1,897120 0,000470
primitive 0,916291 0,000227
primordial 2,813411 0,000696
principally 1,108663 0,000274
print 0,116534 0,000029
private 0,198451 0,000049
privilege 0,527633 0,000131
proceed 0,116534 0,000029
proceeding 0,510826 0,000126
proceeds 0,916291 0,000227
proclaim 0,527633 0,000261
prod 2,407946 0,000596
profit 0,083382 0,000021
progeny 1,897120 0,000470
progress 0,162519 0,000040
project -0,009950 -0,000005
prolonged 0,597837 0,000148
promise 0,051293 0,000025
prompt 0,478036 0,000237
prone 1,078810 0,000267
propel 1,714798 0,000424
propeller 2,813411 0,000696
proper 0,061875 0,000015
property 0,127833 0,000032
proportion 0,235722 0,000117
prosper 1,171183 0,000580
prostrate 0,673345 0,000167
protect 0,139262 0,000069
protection 0,314711 0,000078
protest 0,342490 0,000170
protrude 1,203973 0,000596
proudly 0,733969 0,000182
prove 0,083382 0,000021
provocation 1,049822 0,000260
prowess 1,609438 0,000398
prowl 1,309333 0,000324
pry 1,139434 0,000282
ptarmigan 3,912023 0,000968
public 0,083382 0,000021
pug 2,813411 0,000696
puget 3,218876 0,000797
pull 0,127833 0,000095
pullman 3,912023 0,000968
pulse 0,733969 0,000182
pumping 2,302585 0,000570
punish 0,314711 0,000156
punishment 0,287682 0,000071
puppet 1,771957 0,000439
puppyhood 3,912023 0,000968
purposed 1,832581 0,000454
purposely 1,171183 0,000290
pursue 0,186330 0,000046
pursuit 0,287682 0,000071
push 0,139262 0,000034
puzzled 0,494296 0,000122
quality 0,186330 0,000046
quarrel 0,287682 0,000142
quarrelling 1,386294 0,000343
quarry 1,171183 0,000290
quarter 0,105361 0,000052
quaver 2,040221 0,000505
queen 0,415515 0,000103
quest 0,776529 0,000192
quibble 2,525729 0,000625
quick 0,127833 0,000032
quicken 0,798508 0,000198
quickness 1,237874 0,000306
quiet 0,094311 0,000023
quietly 0,261365 0,000065
quiver 0,494296 0,000245
quote 0,755023 0,000187
quoth 1,966113 0,000487
rabbit 0,994252 0,000246
race 0,162519 0,000121
raft 1,832581 0,000907
rage 0,139262 0,000103
ragged 0,776529 0,000192
rail 0,579818 0,000144
railway 1,171183 0,000290
rain 0,150823 0,000037
raise 0,020203 0,000005
raisin 1,714798 0,000424
rake 1,139434 0,000282
ram 0,994252 0,000246
ramble 1,427116 0,000353
rampant 2,407946 0,000596
ramshackle 2,995732 0,000742
range 0,328504 0,000244
rap 1,021651 0,000253
rapid 0,371064 0,000092
rapidity 0,820981 0,000203
rapids 2,525729 0,000625
rarely 0,527633 0,000131
rashness 1,771957 0,000439
ration 1,832581 0,000454
rattle 0,616186 0,000153
ravenous 1,514128 0,000375
raw 0,713350 0,000177
reach 0,000000 0,000000
read 0,020203 0,000010
ready 0,030459 0,000008
real 0,040822 0,000010
reality 0,301105 0,000149
realize 0,693147 0,000172
realm 0,867501 0,000215
rear 0,371064 0,000276
rearrange 2,207275 0,000546
reason 0,010050 0,000005
reassure 0,820981 0,000203
rebel 0,733969 0,000363
rebound 1,714798 0,000424
recall 0,235722 0,000058
recede 0,916291 0,000227
receive 0,040822 0,000030
recess 1,021651 0,000253
recital 1,427116 0,000353
recognize 0,733969 0,000363
recollection 0,527633 0,000131
record 0,223144 0,000055
recover 0,127833 0,000063
recovery 0,616186 0,000153
recuperate 2,659260 0,000658
recuperation 2,995732 0,000742
recurrent 2,995732 0,000742
red 0,061875 0,000015
reel 0,820981 0,000203
refresh 0,446287 0,000110
refuse 0,083382 0,000041
regain 0,634878 0,000157
register 0,287682 0,000071
regular 0,287682 0,000071
regularity 1,021651 0,000253
regularly 0,616186 0,000153
reign 0,430783 0,000107
rejoin 0,776529 0,000192
rejoinder 1,832581 0,000454
relation 0,223144 0,000055
relax 1,108663 0,000274
relaxed 0,994252 0,000246
release 0,105361 0,000052
relevant 2,659260 0,000658
relief 0,186330 0,000046
reluctantly 0,941609 0,000233
remain 0,040822 0,000020
remainder 0,597837 0,000148
remark 0,223144 0,000055
remarkable 0,235722 0,000058
remarkably 0,733969 0,000182
remedy 0,150823 0,000037
remember 0,030459 0,000015
remnant 1,049822 0,000520
remonstrance 1,171183 0,000290
remote 0,478036 0,000237
remotely 2,120264 0,000525
remove 0,040822 0,000010
rend 0,994252 0,000492
rent 0,510826 0,000126
repeat 0,051293 0,000013
repeatedly 1,108663 0,000274
replace 0,198451 0,000049
reply 0,105361 0,000078
repose 0,494296 0,000122
reproof 1,272966 0,000315
repugnance 1,386294 0,000343
reputation 0,342490 0,000085
require 0,051293 0,000013
required 0,083382 0,000021
rescue 0,494296 0,000245
resent 0,820981 0,000406
reserve 0,400478 0,000099
reside 0,713350 0,000177
resiliency 3,912023 0,000968
resist 0,274437 0,000068
resolutely 1,108663 0,000274
resolve 0,287682 0,000071
resounding 1,609438 0,000398
respect 0,040822 0,000010
respectful 0,755023 0,000187
respond 0,693147 0,000343
response 0,843970 0,000209
rest 0,010050 0,000007
restlessly 1,514128 0,000375
restlessness 1,347074 0,000333
result 0,174353 0,000043
resume 0,301105 0,000075
retain 0,235722 0,000058
retaliate 1,560648 0,000773
retard 1,832581 0,000454
retarded 1,832581 0,000454
retrace 1,237874 0,000306
retreat 0,342490 0,000085
retrogression 2,995732 0,000742
return 0,010050 0,000007
revelation 0,693147 0,000172
reverently 1,514128 0,000375
revolt 0,967584 0,000240
revolver 1,514128 0,000375
reward 0,174353 0,000043
rhythm 1,897120 0,000470
rib 0,843970 0,000418
ribbon 0,843970 0,000209
rid 0,223144 0,000055
riddle 0,891598 0,000221
ride 0,261365 0,000194
ridiculous 0,478036 0,000118
rifle 1,078810 0,000267
rift 1,560648 0,000386
rigorous 1,560648 0,000386
rim 1,427116 0,000353
rink 3,218876 0,000797
riotously 3,506558 0,000868
rip 1,021651 0,000759
ripe 0,820981 0,000203
ripple 0,820981 0,000203
rise 0,030459 0,000023
risk 0,301105 0,000149
rival 0,494296 0,000122
river 0,174353 0,000043
rivers 0,713350 0,000177
road 0,116534 0,000029
roam 0,994252 0,000246
roar 0,356675 0,000177
roaring 0,693147 0,000172
rob 0,356675 0,000265
robe 0,673345 0,000333
rock 0,186330 0,000092
rocking 1,347074 0,000333
roll 0,150823 0,000112
romance 0,673345 0,000167
romp 2,525729 0,000625
roof 0,186330 0,000046
roost 1,660731 0,000411
rope 0,430783 0,000213
rot 0,798508 0,000198
rotten 0,941609 0,000233
rough 0,186330 0,000046
roughly 0,544727 0,000135
rounded 1,021651 0,000253
roundly 2,120264 0,000525
rouse 0,494296 0,000245
route 0,713350 0,000177
rove 1,514128 0,000750
row 0,385662 0,000095
royal 0,400478 0,000099
rub 0,342490 0,000085
ruction 3,912023 0,000968
rule 0,030459 0,000015
runner 1,469676 0,000364
running 0,967584 0,000240
rush 0,127833 0,000127
rustle 0,967584 0,000240
rut 1,966113 0,000487
ruthless 1,832581 0,000454
sack 0,653926 0,000486
sacrifice 0,210721 0,000052
sad 0,223144 0,000055
safe 0,116534 0,000029
safety 0,356675 0,000088
sag 2,525729 0,000625
sake 0,083382 0,000021
salient 2,302585 0,000570
salmon 1,660731 0,000411
saloon 1,427116 0,000353
salt 0,105361 0,000026
san 1,272966 0,000315
santa 1,771957 0,000439
sap 1,514128 0,000750
sate 1,966113 0,000487
satisfaction 0,186330 0,000046
satisfy 0,061875 0,000015
sausage 1,966113 0,000487
savage 0,248461 0,000123
savagely 1,427116 0,000353
savageness 2,659260 0,000658
savagery 2,407946 0,000596
save 0,010050 0,000005
savor 2,120264 0,000525
scale 0,274437 0,000204
scar 1,171183 0,000290
scarlet 0,798508 0,000198
scarred 2,040221 0,000505
scatter 0,693147 0,000343
scattered 0,139262 0,000034
scene 0,127833 0,000032
scent 0,544727 0,000405
scheme 0,462035 0,000114
scholar 0,579818 0,000144
school 0,150823 0,000037
scorched 1,386294 0,000343
score 0,446287 0,000221
scotch 1,309333 0,000324
scramble 0,941609 0,000233
scrape 0,634878 0,000157
scratch 0,544727 0,000135
scream 0,462035 0,000343
scruff 2,659260 0,000658
scum 1,714798 0,000424
sea 0,116534 0,000029
search 0,040822 0,000020
season 0,235722 0,000058
seattle 3,506558 0,000868
secrecy 0,798508 0,000198
secret 0,051293 0,000013
secretly 0,597837 0,000148
secure 0,061875 0,000031
securely 0,916291 0,000227
seed 0,510826 0,000126
seek 0,083382 0,000062
seize 0,116534 0,000058
select 0,301105 0,000149
sell 0,210721 0,000052
sensation 0,371064 0,000184
sense 0,051293 0,000025
senseless 0,867501 0,000215
sensitive 0,693147 0,000172
separate 0,094311 0,000047
sequential 3,506558 0,000868
servant 0,105361 0,000026
serve 0,051293 0,000013
set 0,010050 0,000005
setter 2,995732 0,000742
settle 0,083382 0,000021
severe 0,301105 0,000075
severely 0,634878 0,000157
sex 0,462035 0,000114
shade 0,223144 0,000055
shades 0,916291 0,000227
shadow 0,162519 0,000080
shaggy 1,049822 0,000260
shake 0,072571 0,000072
shallow 0,755023 0,000187
shamble 2,407946 0,001192
shame 0,223144 0,000055
shape 0,150823 0,000037
share 0,030459 0,000008
sharp 0,139262 0,000034
sharply 0,510826 0,000126
shear 1,386294 0,000343
sheen 2,207275 0,000546
sheep 0,371064 0,000092
sheepishly 2,207275 0,000546
sheer 0,820981 0,000203
sheet 0,314711 0,000078
shellfish 2,813411 0,000696
shelter 0,301105 0,000149
sheltered 0,820981 0,000203
shepherd 0,843970 0,000209
shift 0,510826 0,000126
shifting 0,891598 0,000221
shine 0,150823 0,000075
ship 0,198451 0,000049
shipping 1,309333 0,000324
shirk 1,897120 0,000939
shiver 0,478036 0,000237
shock 0,235722 0,000058
shoe 0,314711 0,000078
shoot 0,385662 0,000095
shore 0,287682 0,000142
shoreward 3,506558 0,000868
short 0,020203 0,000010
shortly 0,462035 0,000114
shot 0,223144 0,000055
shoulder 0,139262 0,000069
shout 0,186330 0,000138
shove 0,967584 0,000240
shred 1,108663 0,000274
shrewd 0,994252 0,000246
shrewdly 1,714798 0,000424
shriek 0,634878 0,000314
shrieking 1,347074 0,000333
shrill 0,798508 0,000198
shroud 0,916291 0,000227
shrub 1,237874 0,000306
shrug 0,994252 0,000246
shun 0,994252 0,000246
shut 0,051293 0,000013
sick 0,150823 0,000037
sickly 0,891598 0,000221
sigh 0,235722 0,000058
sight 0,040822 0,000020
sign 0,051293 0,000038
silence 0,051293 0,000013
silent 0,051293 0,000013
silk 0,478036 0,000118
silky 2,040221 0,000505
silly 0,400478 0,000099
silvery 1,203973 0,000298
simple 0,094311 0,000023
simply 0,150823 0,000037
simulate 2,040221 0,000505
simultaneous 1,660731 0,000411
sin 0,314711 0,000078
sinew 1,427116 0,000353
sing 0,261365 0,000194
singed 1,660731 0,000411
singing 0,371064 0,000092
single 0,083382 0,000021
sink 0,072571 0,000072
sir 0,150823 0,000037
sister 0,223144 0,000055
sit 0,010050 0,000007
situation 0,198451 0,000049
sixteen 0,653926 0,000162
size 0,223144 0,000055
skeet 3,912023 0,000968
skeleton 0,867501 0,000215
skin 0,174353 0,000086
skirt 0,527633 0,000131
skookum 3,912023 0,000968
skulk 1,771957 0,000439
sky 0,186330 0,000046
skyward 3,912023 0,000968
slack 1,171183 0,000580
slake 2,207275 0,000546
slam 1,309333 0,000324
slant 1,203973 0,000298
slap 0,798508 0,000198
slash 1,309333 0,000972
slaver 2,659260 0,001316
slaying 1,714798 0,000424
sled 2,813411 0,002089
sleek 1,386294 0,000343
sleep 0,051293 0,000038
sleepy 0,713350 0,000177
slender 0,693147 0,000172
slice 1,108663 0,000274
slide 0,713350 0,000177
slight 0,072571 0,000018
slim 1,139434 0,000282
slip 0,150823 0,000075
slippery 1,139434 0,000282
slipshod 2,813411 0,000696
slope 0,527633 0,000261
slouch 1,660731 0,000411
slovenly 2,040221 0,000505
slow 0,139262 0,000069
slowly 0,150823 0,000037
sluice 2,302585 0,000570
slyly 1,832581 0,000454
smart 0,597837 0,000148
smash 1,021651 0,000506
smell 0,261365 0,000259
smile 0,150823 0,000075
smother 0,941609 0,000233
snag 2,995732 0,000742
snake 0,891598 0,000221
snap 0,733969 0,000727
snarl 1,078810 0,000801
sneer 0,994252 0,000246
sneering 1,609438 0,000398
sniff 1,272966 0,000945
snort 1,272966 0,000315
snow 0,478036 0,000355
snowdrift 3,218876 0,000797
snowfall 2,995732 0,000742
snowshoe 3,912023 0,000968
snub 1,660731 0,001233
snug 1,139434 0,000282
soar 0,916291 0,000227
sob 0,562119 0,000417
society 0,210721 0,000052
soft 0,210721 0,000104
soften 0,494296 0,000122
softly 0,400478 0,000099
soil 0,478036 0,000118
sol 2,525729 0,000625
soldier 0,415515 0,000103
solidarity 2,659260 0,000658
solidly 2,407946 0,000596
soliloquize 2,302585 0,000570
solitary 0,462035 0,000114
sombre 1,171183 0,000290
son 0,083382 0,000021
song 0,261365 0,000129
sore 0,527633 0,000131
sorely 1,049822 0,000260
sorrow 0,248461 0,000062
sort 0,072571 0,000036
sou 2,525729 0,000625
sound 0,010050 0,000010
soundly 1,021651 0,000253
sour 0,891598 0,000441
south 0,235722 0,000058
southland 3,506558 0,000868
space 0,105361 0,000052
spacious 0,916291 0,000227
spark 0,544727 0,000270
spasmodically 2,995732 0,000742
speak 0,030459 0,000015
spear 0,967584 0,000479
special 0,083382 0,000021
speech 0,139262 0,000034
speed 0,274437 0,000136
speedily 0,713350 0,000177
spend 0,051293 0,000013
spider 1,139434 0,000282
spik 3,912023 0,000968
spill 0,843970 0,000209
spin 0,510826 0,000126
spirit 0,051293 0,000013
spit 0,843970 0,000418
spite 0,139262 0,000034
spitz 3,912023 0,000968
splash 0,867501 0,000429
splay 3,506558 0,000868
splendid 0,400478 0,000099
splintering 2,813411 0,000696
split 0,798508 0,000198
splutter 2,040221 0,000505
spoil 0,274437 0,000136
spot 0,150823 0,000037
spout 1,514128 0,000375
spray 1,237874 0,000613
spread 0,051293 0,000025
spring 0,051293 0,000051
springiness 3,506558 0,000868
springtime 2,659260 0,000658
spruce 2,040221 0,000505
spur 0,693147 0,000172
spy 0,579818 0,000144
squabbling 2,813411 0,000696
squarehead 3,912023 0,000968
squarely 1,966113 0,000487
squat 0,941609 0,000233
squaw 2,813411 0,000696
squirm 2,302585 0,000570
squirrel 1,771957 0,000439
stable 0,478036 0,000237
stage 0,186330 0,000046
stagger 0,527633 0,000392
stake 0,446287 0,000110
stalk 0,755023 0,000374
stamp 0,261365 0,000065
stand -0,009950 -0,000010
standstill 1,714798 0,000424
star 0,261365 0,000129
start -0,009950 -0,000010
starvation 1,386294 0,000343
starve 0,562119 0,000417
stately 0,733969 0,000182
station 0,235722 0,000058
statue 0,634878 0,000157
stay 0,061875 0,000031
stead 1,139434 0,000282
steadily 0,415515 0,000103
steal 0,105361 0,000078
stealthily 1,560648 0,000386
steamer 1,272966 0,000315
steamship 2,407946 0,000596
steel 0,494296 0,000122
steep 0,527633 0,000261
steeply 2,525729 0,000625
step 0,030459 0,000023
stern 0,478036 0,000118
stewart 2,659260 0,000658
stick 0,174353 0,000043
sticks 0,733969 0,000182
stiff 0,430783 0,000107
stiffen 1,078810 0,000267
stiffness 1,660731 0,000411
sting 0,616186 0,000153
stir 0,210721 0,000104
stirring 0,494296 0,000245
stomach 0,616186 0,000153
stone 0,094311 0,000023
stoop 0,400478 0,000099
stopover 3,912023 0,000968
stoppage 2,120264 0,001050
store 0,061875 0,000015
storm 0,274437 0,000068
story 0,030459 0,000008
stout 0,527633 0,000261
stoutly 1,237874 0,000306
straight 0,105361 0,000026
strain 0,248461 0,000185
strange 0,061875 0,000015
strangely 0,579818 0,000144
stranger 0,139262 0,000034
strangers 0,356675 0,000088
strangle 0,843970 0,000418
strap 1,203973 0,000298
strapped 1,966113 0,000487
straw 0,342490 0,000085
strawberry 1,897120 0,000470
stray 0,562119 0,000139
stream 0,139262 0,000103
streaming 0,798508 0,000198
streamlet 2,407946 0,000596
street 0,116534 0,000029
strength 0,030459 0,000008
stretch 0,116534 0,000087
stricken 0,653926 0,000162
strife 0,994252 0,000246
strike 0,020203 0,000010
striking 0,274437 0,000068
string 0,371064 0,000184
stringy 2,659260 0,000658
strip 0,385662 0,000191
strive 0,385662 0,000191
stroke 0,301105 0,000075
stroll 0,820981 0,000203
strong 0,020203 0,000010
struggle 0,127833 0,000095
strut 1,514128 0,000375
study 0,094311 0,000023
stuff 0,223144 0,000055
stumble 0,562119 0,000139
stunned 1,078810 0,000267
stutter 2,525729 0,000625
style 0,261365 0,000065
subdued 0,494296 0,000122
submerge 1,560648 0,000386
substitute 0,713350 0,000177
subtle 0,713350 0,000177
subtler 2,407946 0,000596
succeed 0,105361 0,000052
successful 0,478036 0,000118
succession 0,510826 0,000126
suck 0,597837 0,000148
sudden 0,072571 0,000018
suddenly 0,040822 0,000010
suffer 0,061875 0,000031
suffering 0,210721 0,000052
sufficient 0,139262 0,000034
suffocate 1,272966 0,000315
sullen 0,798508 0,000198
sullenly 1,427116 0,000353
sum 0,261365 0,000065
summer 0,186330 0,000092
summit 0,713350 0,000177
sun 0,072571 0,000018
sundays 1,309333 0,000324
sunland 3,912023 0,000968
sunshine 0,616186 0,000153
superfluous 0,867501 0,000215
superior 0,261365 0,000065
supper 0,446287 0,000110
supply 0,210721 0,000052
suppose 0,020203 0,000005
suppress 0,446287 0,000221
suppressedly 3,912023 0,000968
supremacy 1,714798 0,000424
supreme 0,616186 0,000153
surcharge 2,525729 0,000625
surely 0,186330 0,000046
surface 0,287682 0,000071
surge 1,078810 0,000801
surgeon 0,891598 0,000221
surprise 0,150823 0,000037
surprised 0,210721 0,000052
surprising 0,544727 0,000135
surround 0,162519 0,000040
survey 0,462035 0,000229
survive 0,186330 0,000138
survivor 1,469676 0,000364
suspicious 0,579818 0,000144
swagger 1,832581 0,000454
swarm 0,634878 0,000157
swart 2,659260 0,000658
swarthy 1,660731 0,000411
sway 0,494296 0,000122
swear 0,261365 0,000129
swearing 0,994252 0,000246
sweater 2,995732 0,000742
sweating 1,966113 0,000487
sweep 0,274437 0,000136
sweeping 0,820981 0,000203
sweet 0,139262 0,000034
sweetheart 1,609438 0,000398
swell 0,186330 0,000138
swift 0,385662 0,000095
swiftly 0,713350 0,000177
swim 0,478036 0,000237
swimmer 1,660731 0,000411
swing 0,430783 0,000213
swinging 0,798508 0,000198
swirl 1,897120 0,000470
sympathetically 1,897120 0,000470
table 0,083382 0,000021
tagish 3,912023 0,000968
tail 0,356675 0,000177
taker 2,207275 0,000546
takin 2,407946 0,000596
tale 0,248461 0,000062
talk 0,061875 0,000031
talking 0,150823 0,000037
tall 0,198451 0,000049
tallow 1,514128 0,000375
tam 2,525729 0,000625
tame 0,820981 0,000203
tangible 1,560648 0,000386
tangle 1,386294 0,000343
tangled 1,108663 0,000274
tank 1,832581 0,000454
target 1,514128 0,000375
task 0,248461 0,000062
taste 0,105361 0,000052
taunt 1,514128 0,000375
taut 2,207275 0,000546
teach 0,083382 0,000062
teacher 0,415515 0,000103
team 1,049822 0,000520
tear 0,030459 0,000030
tease 1,386294 0,000343
temper 0,261365 0,000129
temperature 1,469676 0,000364
tempered 0,653926 0,000162
tend 0,430783 0,000107
tenderfoot 3,218876 0,000797
tendon 2,302585 0,000570
tense 1,386294 0,000343
tent 0,713350 0,000353
term 0,061875 0,000015
terrible 0,186330 0,000046
terribly 0,733969 0,000182
terrier 1,832581 0,000454
terrific 1,108663 0,000274
terrify 0,579818 0,000144
terrifying 2,040221 0,000505
terror 0,162519 0,000040
terse 2,040221 0,000505
testimony 0,562119 0,000139
thaw 1,386294 0,000343
thawing 2,407946 0,000596
theft 1,237874 0,000306
thenceforward 2,302585 0,000570
theory 0,400478 0,000099
thermometer 1,660731 0,000411
thicket 0,967584 0,000240
thief 0,462035 0,000114
thigh 1,078810 0,000267
thinking 0,274437 0,000068
thirst 0,494296 0,000245
thirsty 0,820981 0,000203
thong 2,207275 0,000546
thoroughfare 1,660731 0,000411
thoughtless 1,108663 0,000274
thrash 1,237874 0,000613
thread 0,342490 0,000085
threaten 0,186330 0,000092
threateningly 2,302585 0,000570
thrice 0,755023 0,000187
thrill 0,713350 0,000177
thrilling 1,139434 0,000282
throat 0,223144 0,000110
throb 1,021651 0,000506
throttle 2,120264 0,000525
throw 0,010050 0,000010
thrust 0,287682 0,000142
thump 1,203973 0,000298
tidal 2,659260 0,000658
tide 0,616186 0,000305
tie 0,105361 0,000026
tight 0,494296 0,000122
tighten 1,237874 0,000613
tightly 0,867501 0,000215
timber 0,798508 0,000198
time -0,009950 -0,000005
timid 0,544727 0,000135
tin 0,755023 0,000187
tinkle 1,078810 0,000267
tire 0,941609 0,000233
tired 0,198451 0,000049
tiredness 3,218876 0,000797
tireless 2,207275 0,000546
tissue 1,427116 0,000706
toe 0,616186 0,000153
toil 0,430783 0,000213
token 0,693147 0,000343
tolerate 1,078810 0,000267
toll 1,427116 0,000353
tom 1,049822 0,000260
ton 1,021651 0,000253
tone 0,198451 0,000049
tongue 0,139262 0,000069
tonic 2,120264 0,000525
tool 0,478036 0,000118
tooth 0,186330 0,000046
toothless 2,120264 0,000525
toots 3,506558 0,000868
topic 0,733969 0,000182
torment 0,597837 0,000148
tormentor 2,040221 0,001010
tornado 2,525729 0,000625
toss 0,494296 0,000122
total 0,579818 0,000144
tote 2,813411 0,000696
totem 3,506558 0,000868
totter 1,237874 0,000306
touch 0,010050 0,000007
tough 0,891598 0,000221
tow 1,560648 0,000386
town 0,094311 0,000023
trace 0,198451 0,000098
track 0,415515 0,000103
trade 0,287682 0,000142
tradition 0,755023 0,000187
tragedy 0,733969 0,000182
tragic 0,820981 0,000203
trail 0,653926 0,000324
train 0,162519 0,000080
trait 1,139434 0,000564
tramp 0,891598 0,000221
trample 0,597837 0,000148
transform 0,693147 0,000343
transformation 1,272966 0,000315
transient 1,469676 0,000364
transportation 1,714798 0,000424
trap 0,527633 0,000261
travail 1,897120 0,000470
travel 0,198451 0,000098
traveller 0,755023 0,000187
travelling 0,693147 0,000172
treacherous 0,891598 0,000221
treacherously 2,207275 0,000546
treachery 0,755023 0,000187
treasure 0,261365 0,000065
treat 0,127833 0,000032
treatment 0,127833 0,000032
tree 0,061875 0,000031
treetop 2,525729 0,000625
tremble 0,174353 0,000086
tremendous 0,693147 0,000172
trespasser 3,506558 0,000868
tribesman 3,506558 0,000868
trice 2,525729 0,000625
trick 0,274437 0,000204
trickle 0,941609 0,000466
trifle 0,446287 0,000110
trim 1,203973 0,000298
trip 0,510826 0,000253
triumph 0,261365 0,000065
triumphantly 0,941609 0,000233
trot 0,867501 0,000429
trouble 0,010050 0,000002
trouncing 3,506558 0,000868
trouser 2,040221 0,000505
truce 1,203973 0,000298
truck 1,560648 0,000773
true 0,020203 0,000005
trunk 0,579818 0,000287
trust 0,061875 0,000015
tubbing 3,912023 0,000968
tucker 2,302585 0,000570
tuition 1,771957 0,000439
tumble 0,494296 0,000122
tween 3,218876 0,000797
twilight 0,733969 0,000182
twist 0,314711 0,000156
twitching 1,469676 0,000364
type 0,174353 0,000043
ultimately 1,108663 0,000274
unable 0,248461 0,000062
unaffected 1,386294 0,000343
unafraid 3,506558 0,000868
unaltered 2,302585 0,000570
unapproachable 2,040221 0,000505
unaware 1,469676 0,000364
unbreakable 2,995732 0,000742
unbridled 2,207275 0,000546
unbroken 0,733969 0,000182
unbuilt 3,506558 0,000868
uncanny 1,560648 0,000386
uncharted 2,813411 0,000696
uncle 0,544727 0,000135
uncoiled 2,995732 0,000742
unconcern 2,120264 0,000525
unconscious 0,400478 0,000099
unconsciously 0,634878 0,000157
uncontent 3,912023 0,000968
uncouth 1,347074 0,000333
uncowed 3,912023 0,000968
underbrush 2,407946 0,000596
underfeeding 3,912023 0,000968
underfoot 2,207275 0,000546
undergrowth 2,302585 0,000570
underhand 2,407946 0,000596
understand 0,020203 0,000010
understanding 0,223144 0,000055
undervalue 2,207275 0,000546
undesirable 2,207275 0,000546
undo 0,693147 0,000172
undreamed 3,506558 0,000868
unduly 1,966113 0,000487
unearth 1,832581 0,000454
uneasily 1,347074 0,000333
unending 3,218876 0,000797
unendurable 1,966113 0,000487
unexpected 0,430783 0,000107
unfair 1,049822 0,000260
unfastened 1,714798 0,000424
unfed 3,912023 0,000968
unfinished 1,049822 0,000260
unheeded 1,609438 0,000398
unhesitatingly 1,660731 0,000411
unhitch 2,813411 0,000696
universal 0,478036 0,000118
unjust 0,693147 0,000172
unkempt 2,040221 0,000505
unknown 0,105361 0,000026
unload 2,040221 0,000505
unlucky 1,139434 0,000282
unmistakable 1,171183 0,000290
unmolested 1,714798 0,000424
unnumbered 2,813411 0,000696
unpacked 2,120264 0,000525
unpleasantly 1,832581 0,000454
unpursued 3,912023 0,000968
unresisting 2,302585 0,000570
unrest 2,040221 0,000505
unrested 3,912023 0,000968
unruly 1,609438 0,000398
unseen 0,616186 0,000153
unsuspected 1,609438 0,000398
unswerving 3,218876 0,000797
untold 1,714798 0,000424
untouched 1,171183 0,000290
untreated 3,912023 0,000968
unusually 0,891598 0,000221
unutterable 1,203973 0,000298
unuttered 2,995732 0,000742
unwashed 2,525729 0,000625
unwieldy 2,207275 0,000546
unwilling 0,653926 0,000162
unwillingly 1,171183 0,000290
unwittingly 1,660731 0,000411
unwonted 1,309333 0,000324
uppermost 1,237874 0,000306
upright 0,301105 0,000075
uproar 1,021651 0,000253
uproariously 2,813411 0,000696
upstanding 2,995732 0,000742
upward 0,579818 0,000144
urgent 0,798508 0,000198
usual 0,139262 0,000034
usurp 1,469676 0,000364
utensil 1,347074 0,000333
utter 0,162519 0,000080
utterly 0,371064 0,000092
vague 0,579818 0,000144
vaguely 0,967584 0,000240
vain 0,116534 0,000029
vainly 0,634878 0,000157
vair 3,506558 0,000868
valley 0,544727 0,000270
valor 1,771957 0,000439
vanish 0,314711 0,000078
vary 0,342490 0,000085
vast 0,223144 0,000055
vastness 2,040221 0,000505
vaunt 1,771957 0,000439
veer 1,966113 0,000487
vegetable 0,693147 0,000172
vein 0,446287 0,000110
venom 1,714798 0,000424
venture 0,223144 0,000055
veranda 2,407946 0,000596
vexation 0,820981 0,000203
vibrant 3,218876 0,000797
vicarious 2,813411 0,000696
vicious 0,653926 0,000162
victim 0,385662 0,000095
view 0,040822 0,000020
vigil 1,609438 0,000797
vigilant 1,560648 0,000386
vigor 1,347074 0,000333
vigorously 1,021651 0,000253
vii 0,430783 0,000107
vilely 2,120264 0,000525
village 0,356675 0,000088
vine 0,867501 0,000429
violently 0,462035 0,000114
virgin 0,755023 0,000187
virility 2,659260 0,000658
virtue 0,287682 0,000071
visible 0,235722 0,000058
vision 0,301105 0,000149
visitor 0,446287 0,000110
vital 0,693147 0,000172
vitality 1,309333 0,000324
voice 0,020203 0,000010
voiced 1,714798 0,000424
void 0,261365 0,000065
volcano 1,514128 0,000375
voracious 2,040221 0,000505
wag 1,108663 0,000274
wager 1,347074 0,000333
wages 0,916291 0,000227
wagon 1,078810 0,000267
wail 0,798508 0,000198
wait 0,061875 0,000015
waiting 0,083382 0,000021
wake 0,223144 0,000110
waken 1,139434 0,000282
walk 0,000000 0,000000
wall 0,094311 0,000047
walled 1,347074 0,000333
wan 1,427116 0,000353
wander 0,116534 0,000058
wantonness 1,514128 0,000375
war 0,139262 0,000034
warily 1,966113 0,000487
warm 0,116534 0,000087
warmly 0,798508 0,000198
warning 0,235722 0,000058
wary 1,171183 0,000290
wash 0,210721 0,000209
waste 0,127833 0,000063
watch 0,020203 0,000015
watchful 1,171183 0,000290
water 0,040822 0,000020
watercourse 2,407946 0,000596
watering 1,347074 0,000333
watershed 3,912023 0,000968
watery 1,272966 0,000315
wave 0,210721 0,000156
wax 0,446287 0,000110
wayfarer 2,407946 0,000596
weak 0,105361 0,000052
weakly 1,309333 0,000324
weakness 0,248461 0,000062
wear 0,083382 0,000062
weary 0,186330 0,000092
weather 0,248461 0,000062
weazened 3,218876 0,000797
wedge 1,203973 0,000298
week 0,127833 0,000063
weep 0,356675 0,000177
weigh 0,162519 0,000040
weight 0,116534 0,000029
weird 1,309333 0,000324
welfare 0,916291 0,000227
western 0,616186 0,000153
wet 0,261365 0,000065
whale 1,469676 0,000364
whaling 3,218876 0,000797
wheedlingly 3,912023 0,000968
wheel 0,274437 0,000068
wheeler 2,302585 0,000570
whereat 1,560648 0,000386
wherefore 1,139434 0,000282
whiff 1,609438 0,000398
whimper 1,386294 0,000686
whine 1,272966 0,000945
whip 0,400478 0,000397
whipsaw 3,506558 0,000868
whirl 0,527633 0,000261
whirlwind 1,514128 0,000375
whisper 0,248461 0,000123
whistle 0,462035 0,000114
white 0,051293 0,000013
whiteness 1,139434 0,000282
whittle 2,813411 0,001393
whoa 2,813411 0,000696
whoop 1,771957 0,000439
whoso 2,207275 0,000546
wide 0,030459 0,000008
wield 1,427116 0,000353
wife 0,083382 0,000041
wild 0,051293 0,000013
wilder 1,897120 0,000470
wilderness 0,673345 0,000167
wildfowl 3,218876 0,000797
wildly 0,776529 0,000192
wildness 1,514128 0,000375
wiliness 2,995732 0,000742
willow 1,171183 0,000580
win 0,356675 0,000088
wind 0,094311 0,000047
winded 1,832581 0,000454
window 0,162519 0,000040
wink 0,597837 0,000148
winter 0,198451 0,000098
wintry 1,386294 0,000343
wipe 0,415515 0,000206
wisdom 0,287682 0,000071
wise 0,094311 0,000023
wistfully 1,832581 0,000454
withhold 0,820981 0,000203
withstand 1,021651 0,000253
witness 0,116534 0,000058
woe 0,673345 0,000167
wolf 0,597837 0,000296
wolfish 2,407946 0,000596
wolflike 3,912023 0,000968
woman 0,030459 0,000015
womanhood 1,771957 0,000439
womb 1,272966 0,000315
wonderful 0,162519 0,000040
wonted 1,832581 0,000454
wood 0,083382 0,000041
wooded 1,609438 0,000398
woodpecker 2,659260 0,000658
woody 1,832581 0,000454
word 0,020203 0,000005
worker 0,941609 0,000233
worm 0,733969 0,000182
worry 0,544727 0,000405
worshipful 3,506558 0,000868
worth 0,061875 0,000015
worthily 1,897120 0,000470
worthless 0,843970 0,000209
wot 2,040221 0,000505
wound 0,198451 0,000098
wounded 0,274437 0,000068
wraith 2,995732 0,000742
wrangle 2,302585 0,000570
wrap 0,400478 0,000198
wrapping 2,525729 0,000625
wrath 0,634878 0,000157
wreckage 2,302585 0,000570
wrench 0,967584 0,000479
wrestle 1,049822 0,000520
wretched 0,328504 0,000081
wriggle 1,171183 0,000290
wrinkle 0,755023 0,000187
write 0,020203 0,000010
writhe 0,867501 0,000429
wrong 0,072571 0,000018
yard 0,223144 0,000110
yawn 0,820981 0,000406
yawning 1,237874 0,000306
yearning 1,514128 0,000750
yellow 0,314711 0,000078
yelp 1,660731 0,001233
yelping 2,040221 0,000505
yep 3,506558 0,000868
youngster 1,171183 0,000290
youth 0,139262 0,000034
yukon 3,912023 0,000968
zeal 0,579818 0,000144
