abandon 0,223144 0,000170
abatis 3,218876 0,000820
ability 0,478036 0,000243
ably 2,813411 0,000716
abner 2,659260 0,000677
absence 0,274437 0,000070
absolutely 0,287682 0,000073
abundantly 1,272966 0,000324
abut 2,207275 0,000562
accept 0,061875 0,000032
acceptance 0,967584 0,000246
accident 0,274437 0,000070
accidentally 0,820981 0,000209
accompaniment 1,347074 0,000343
accompany 0,094311 0,000024
accomplished 0,385662 0,000098
account 0,010050 0,000005
accoutrements 2,813411 0,000716
accumulation 1,469676 0,000374
accuracy 1,108663 0,000282
ache 0,733969 0,000187
acknowledge 0,274437 0,000140
acquaint 0,342490 0,000087
acquiescence 1,427116 0,000363
acquire 0,371064 0,000094
acre 0,776529 0,000198
acting 1,560648 0,000397
action 0,094311 0,000024
active 0,127833 0,000033
actively 1,560648 0,000397
activity 0,415515 0,000106
add 0,094311 0,000048
address 0,072571 0,000037
adelbert 3,506558 0,000893
adept 1,832581 0,000467
adieus 2,813411 0,000716
adjutant 2,659260 0,000677
admiral 1,347074 0,000343
admiration 0,342490 0,000087
admired 0,579818 0,000148
admission 0,693147 0,000177
admonish 1,237874 0,000315
adolphus 3,218876 0,000820
adoniram 2,813411 0,000716
advance 0,061875 0,000047
advantage 0,127833 0,000033
adventure 0,301105 0,000077
adventurous 1,237874 0,000315
advertisement 1,660731 0,000423
advisability 2,659260 0,000677
affair 0,094311 0,000024
affect 0,478036 0,000122
affection 0,235722 0,000060
affectionate 0,616186 0,000157
afflict 0,597837 0,000152
afford 0,186330 0,000095
afraid 0,105361 0,000027
afternoon 0,274437 0,000070
age 0,040822 0,000010
aggravate 1,171183 0,000298
aggravating 2,120264 0,000540
aggressive 2,040221 0,000520
aggressiveness 3,506558 0,000893
aghast 1,272966 0,000324
agitated 0,693147 0,000177
agree 0,051293 0,000026
aid 0,210721 0,000107
aide 2,040221 0,000520
aim 0,287682 0,000073
air 0,061875 0,000016
alamos 3,912023 0,000996
alarm 0,314711 0,000080
alarming 0,867501 0,000221
alas 0,462035 0,000118
albee 3,912023 0,000996
albert 1,832581 0,000467
albion 2,995732 0,000763
alert 0,843970 0,000215
alexander 1,108663 0,000282
alexandria 1,714798 0,000437
alfred 1,897120 0,000483
alias 2,207275 0,000562
alignment 3,506558 0,000893
alike 0,287682 0,000073
alive 0,051293 0,000013
allen 2,120264 0,000540
alligator 2,407946 0,001226
almighty 1,108663 0,000282
alonzo 3,506558 0,000893
alternate 0,261365 0,000067
amelia 2,659260 0,000677
amicably 2,207275 0,000562
amity 2,120264 0,000540
ammunition 1,660731 0,000423
amp 3,912023 0,000996
amputate 2,407946 0,000613
amusement 0,478036 0,000122
amusing 0,693147 0,000177
anchor 0,776529 0,000593
anderson 2,120264 0,000540
andrew 1,469676 0,000374
angel 0,579818 0,000148
angle 0,478036 0,000122
angry 0,174353 0,000044
animus 3,218876 0,000820
annapolis 3,506558 0,000893
annihilation 1,514128 0,000386
announcement 1,078810 0,000275
annoyed 0,733969 0,000187
answer 0,020203 0,000010
answering 0,510826 0,000130
ante 2,525729 0,000643
anticipate 0,616186 0,000314
anticipation 0,733969 0,000187
antietam 3,506558 0,000893
antiquity 0,941609 0,000240
anxiety 0,287682 0,000073
anxious 0,261365 0,000067
anxiously 0,693147 0,000177
apartment 0,597837 0,000152
apocryphal 2,813411 0,000716
appalling 1,237874 0,000315
apparent 0,314711 0,000080
appearance 0,072571 0,000018
appetite 0,314711 0,000080
appetizing 2,407946 0,000613
apple 0,494296 0,000126
apply 0,116534 0,000030
appoint 0,328504 0,000084
appomattox 3,506558 0,000893
appreciable 2,407946 0,000613
approach 0,040822 0,000031
approval 0,798508 0,000203
apr 3,912023 0,000996
april 0,798508 0,000203
aptitude 1,714798 0,000437
arc 1,609438 0,000410
archive 0,544727 0,000139
ardent 0,941609 0,000240
arduous 1,714798 0,000437
argue 0,371064 0,000189
argument 0,287682 0,000073
arm 0,030459 0,000016
armed 0,385662 0,000098
army 0,356675 0,000182
arnold 2,302585 0,000586
arouse 0,653926 0,000333
arrange 0,198451 0,000101
arrangement 0,274437 0,000070
arrival 0,328504 0,000084
arrive 0,083382 0,000042
arsenal 1,966113 0,000501
art 0,127833 0,000033
article 0,400478 0,000102
artillerist 3,218876 0,000820
artillery 1,386294 0,000353
artillerymen 3,218876 0,000820
asa 2,813411 0,000716
ashore 1,139434 0,000290
asleep 0,162519 0,000041
assail 0,891598 0,000454
assault 0,798508 0,000813
assemble 0,462035 0,000118
assert 0,462035 0,000118
asseveration 2,525729 0,000643
assiduously 1,771957 0,000451
assign 0,597837 0,000152
assist 0,328504 0,000251
assistance 0,105361 0,000027
assistant 0,755023 0,000192
association 0,713350 0,000182
assume 0,162519 0,000041
assurance 0,430783 0,000110
assure 0,127833 0,000065
astride 1,514128 0,000386
atlantic 1,171183 0,000298
atmospheric 1,966113 0,000501
attach 0,116534 0,000030
attack 0,198451 0,000202
attempt 0,051293 0,000039
attend 0,127833 0,000065
attention 0,083382 0,000021
attract 0,261365 0,000067
attribute 0,527633 0,000134
audacious 1,309333 0,000333
auditor 1,609438 0,000410
aug 3,912023 0,000996
augment 1,139434 0,000290
august 0,616186 0,000157
augusta 2,813411 0,000716
augustus 1,714798 0,000437
aurora 1,714798 0,000437
authority 0,223144 0,000114
averse 1,049822 0,000267
await 0,314711 0,000240
awake 0,150823 0,000077
awaken 0,430783 0,000110
awakening 1,108663 0,000282
aware 0,223144 0,000057
awe 0,597837 0,000152
awkward 0,544727 0,000139
awning 2,302585 0,000586
axemen 3,506558 0,000893
axis 1,237874 0,000315
ay 1,108663 0,000282
background 0,867501 0,000221
bacon 0,994252 0,000253
bad 0,020203 0,000010
badge 1,469676 0,000374
badly 0,446287 0,000114
bag 0,446287 0,000227
baggage 0,941609 0,000240
bailey 2,407946 0,000613
bake 1,897120 0,000483
baked 1,237874 0,000315
bakery 3,218876 0,000820
baking 1,832581 0,000467
balance 0,342490 0,000087
baldwin 2,525729 0,000643
baldy 2,995732 0,000763
ball 0,287682 0,000073
baltimore 2,407946 0,000613
band 0,342490 0,000174
bang 1,049822 0,000267
bank 0,210721 0,000161
banner 0,967584 0,000246
bar 0,235722 0,000120
barbette 3,506558 0,000893
bare 0,150823 0,000038
barlow 2,813411 0,000716
baron 1,427116 0,000363
barracks 1,714798 0,000437
barrel 0,673345 0,000343
barreled 3,506558 0,000893
barricade 1,660731 0,000423
barrington 3,912023 0,000996
barter 1,897120 0,000483
bartering 3,218876 0,000820
bartlett 3,218876 0,000820
bastion 2,302585 0,000586
bates 2,525729 0,000643
baton 2,813411 0,000716
battalion 1,714798 0,000437
batter 0,891598 0,000227
battery 1,309333 0,000667
battle 0,235722 0,000120
battledore 2,407946 0,000613
battlefield 1,966113 0,000501
bay 0,510826 0,000130
bayonet 2,040221 0,001039
beach 1,049822 0,000267
bean 1,309333 0,000667
bear 0,000000 0,000000
beat 0,083382 0,000042
beaufort 2,995732 0,000763
beautiful 0,083382 0,000021
beautifully 0,867501 0,000221
beauty 0,162519 0,000041
bed 0,051293 0,000013
bedford 2,407946 0,000613
beef 0,916291 0,000233
befall 0,527633 0,000134
beg 0,116534 0,000030
bela 3,218876 0,000820
belgian 2,659260 0,000677
belief 0,198451 0,000051
belle 1,427116 0,000363
belong 0,072571 0,000037
beloved 0,415515 0,000106
belt 0,653926 0,000167
bench 0,544727 0,000139
bend 0,314711 0,000080
benjamin 1,714798 0,000437
bermuda 3,218876 0,000820
bewilder 0,776529 0,000198
bewilderment 1,660731 0,000423
bid 0,186330 0,000047
bind 0,030459 0,000008
bird 0,150823 0,000038
birthday 1,108663 0,000282
bit 0,139262 0,000071
bivouac 2,995732 0,001526
black 0,061875 0,000032
blackberry 2,525729 0,000643
blaine 3,912023 0,000996
blake 2,813411 0,000716
blandly 1,897120 0,000483
blank 0,527633 0,000269
blanket 0,891598 0,000454
blast 0,462035 0,000118
blaze 0,634878 0,000162
bleed 0,967584 0,000246
blockade 2,207275 0,000562
blood 0,116534 0,000030
bloodless 1,469676 0,000374
bloody 0,527633 0,000134
bloom 0,527633 0,000134
blow 0,061875 0,000032
blue 0,174353 0,000044
bluff 1,514128 0,000386
bluffs 2,659260 0,000677
blunt 0,891598 0,000227
board 0,261365 0,000133
boat 0,446287 0,000114
boats 0,820981 0,000209
bodied 1,897120 0,000483
body 0,010050 0,000005
boil 0,385662 0,000295
bold 0,223144 0,000057
boldness 0,916291 0,000233
bolivar 2,995732 0,000763
bomb 2,302585 0,000586
bombard 2,302585 0,000586
bombardment 2,659260 0,001354
bombproof 3,912023 0,000996
bone 0,198451 0,000051
book 0,040822 0,000010
booming 1,560648 0,000397
boot 0,430783 0,000110
border 0,400478 0,000204
borrow 0,462035 0,000235
boston 1,832581 0,000467
bother 0,843970 0,000215
bottle 0,430783 0,000110
bottoms 3,912023 0,000996
boundary 1,049822 0,000267
bow 0,127833 0,000033
bowl 0,616186 0,000157
box 0,248461 0,000063
boxes 0,798508 0,000203
boy 0,105361 0,000054
bradford 3,218876 0,000820
bramble 1,714798 0,000437
branch 0,186330 0,000095
brand 0,733969 0,000187
brandish 1,660731 0,000423
brass 0,462035 0,000118
brave 0,342490 0,000087
bravery 1,272966 0,000324
bread 0,248461 0,000063
break 0,010050 0,000010
breakfast 0,342490 0,000174
breast 0,198451 0,000051
breath 0,174353 0,000044
breathe 0,261365 0,000067
breed 0,342490 0,000087
breeding 0,967584 0,000246
breeze 0,713350 0,000182
brevet 2,995732 0,001526
bridge 0,430783 0,000219
bridgeable 3,912023 0,000996
bridgeport 3,506558 0,000893
brigade 2,040221 0,001559
brigadier 2,302585 0,000586
bright 0,094311 0,000024
brilliancy 1,609438 0,000410
brilliant 0,430783 0,000110
bring 0,000000 0,000000
broad 0,127833 0,000033
broadway 2,407946 0,000613
broil 1,771957 0,000451
brook 0,994252 0,000253
brooks 1,714798 0,000437
brown 0,274437 0,000070
bruce 2,995732 0,000763
bucolic 2,995732 0,000763
budge 1,427116 0,000363
bugle 2,525729 0,000643
build 0,094311 0,000024
building 0,210721 0,000107
bullet 0,867501 0,000442
bumpkin 2,995732 0,000763
bunk 2,120264 0,000540
burgess 2,525729 0,000643
burial 0,941609 0,000240
burke 2,525729 0,000643
burling 3,912023 0,000996
burlington 2,813411 0,000716
burn 0,061875 0,000063
burns 1,203973 0,000307
burnside 3,218876 0,000820
burrow 1,609438 0,000820
burst 0,248461 0,000063
bursting 0,713350 0,000182
bury 0,186330 0,000095
bush 0,430783 0,000110
busily 1,021651 0,000260
business 0,040822 0,000010
busy 0,210721 0,000054
butler 1,139434 0,000290
butt 1,078810 0,000275
butter 0,798508 0,000203
button 0,693147 0,000177
byron 1,660731 0,000423
cain 1,660731 0,000423
caisson 2,995732 0,001526
cake 0,733969 0,000187
cal 3,506558 0,000893
calais 2,407946 0,000613
calculate 0,116534 0,000030
california 1,897120 0,000483
calling 0,733969 0,000187
calm 0,274437 0,000070
camp 0,544727 0,000555
campaign 1,021651 0,000260
campbell 2,207275 0,000562
canada 1,897120 0,000483
canadian 2,525729 0,000643
canister 2,407946 0,000613
cannister 3,912023 0,000996
cannon 0,916291 0,000233
cannoneer 3,218876 0,000820
canteen 2,813411 0,000716
canvas 0,916291 0,000233
cap 0,356675 0,000182
capacity 0,510826 0,000130
cape 0,916291 0,000233
capitol 2,407946 0,000613
captain 0,328504 0,000167
captaincy 2,813411 0,000716
captor 2,302585 0,000586
capture 0,597837 0,000457
car 0,820981 0,000209
carbine 3,218876 0,000820
card 0,139262 0,000035
care 0,000000 0,000000
career 0,478036 0,000122
careful 0,174353 0,000044
carefully 0,139262 0,000035
careless 0,494296 0,000126
carelessly 0,776529 0,000198
caribou 3,506558 0,000893
carmel 2,813411 0,000716
carolina 2,207275 0,000562
carolinian 3,506558 0,000893
carriage 0,356675 0,000182
carroll 3,218876 0,000820
carry 0,010050 0,000008
carson 2,995732 0,000763
cart 0,597837 0,000152
cartridge 1,560648 0,000795
carver 2,407946 0,000613
casey 3,218876 0,000820
cast 0,116534 0,000030
casualty 2,040221 0,000520
catch 0,072571 0,000055
cattle 0,544727 0,000139
caution 0,478036 0,000243
cautious 0,673345 0,000171
cavalry 1,469676 0,000374
cavalryman 3,218876 0,001639
cease 0,061875 0,000032
celebrated 0,562119 0,000143
cemetery 1,469676 0,000374
cent 1,049822 0,000267
center 1,309333 0,001000
central 0,733969 0,000187
centre 0,385662 0,000098
certainty 0,342490 0,000087
cessation 1,386294 0,000353
chafe 1,021651 0,000260
chain 0,174353 0,000044
chamberlain 1,771957 0,000451
chance 0,061875 0,000032
change 0,010050 0,000008
channel 0,544727 0,000139
chaotic 2,040221 0,000520
chapin 3,912023 0,000996
chaplain 1,714798 0,000437
character 0,061875 0,000016
characteristic 0,400478 0,000102
charge 0,040822 0,000021
charging 1,347074 0,000343
charles 0,597837 0,000152
charleston 2,995732 0,000763
charm 0,342490 0,000087
charred 2,040221 0,000520
chase 0,430783 0,000219
chasm 1,272966 0,000324
check 0,072571 0,000037
checkmate 2,995732 0,000763
cheek 0,261365 0,000067
cheer 0,356675 0,000272
cheerfully 0,820981 0,000209
cheese 0,967584 0,000246
chesapeake 3,218876 0,000820
chester 2,407946 0,000613
chickahominy 3,506558 0,000893
chief 0,094311 0,000024
chiefly 0,527633 0,000134
chieftain 2,040221 0,000520
child 0,040822 0,000010
chilled 1,139434 0,000290
chimney 0,634878 0,000162
china 0,776529 0,000198
choice 0,150823 0,000038
choose 0,020203 0,000010
chord 1,203973 0,000307
chorus 0,941609 0,000240
christ 0,867501 0,000221
christen 1,347074 0,000343
christmas 0,891598 0,000227
chronicler 2,207275 0,000562
church 0,261365 0,000067
cider 2,995732 0,000763
circuit 0,867501 0,000221
circuitous 2,407946 0,000613
circular 1,021651 0,000260
circumstance 0,116534 0,000030
citizen 0,673345 0,000171
city 0,051293 0,000013
civilian 1,897120 0,000483
claim 0,083382 0,000042
clamoring 2,813411 0,000716
clank 1,609438 0,000410
clark 2,302585 0,000586
clay 0,494296 0,000126
clean 0,210721 0,000054
cleaning 1,049822 0,000267
cleanliness 1,237874 0,000315
cleared 3,506558 0,000893
clearness 1,049822 0,000267
climate 0,713350 0,000182
climb 0,400478 0,000102
climbing 0,733969 0,000187
clinch 1,897120 0,000483
cline 3,912023 0,000996
clinking 2,302585 0,000586
close 0,010050 0,000005
closely 0,223144 0,000057
closing 0,446287 0,000114
clothe 0,287682 0,000147
cloud 0,150823 0,000038
cloudless 1,514128 0,000386
clover 2,302585 0,000586
cluster 0,693147 0,000177
clutch 0,713350 0,000182
coadjutor 3,506558 0,000893
coast 0,544727 0,000139
coat 0,235722 0,000060
cock 0,713350 0,000182
cockade 2,659260 0,000677
coffee 0,562119 0,000143
coincide 1,237874 0,000315
cold 0,040822 0,000010
college 0,693147 0,000177
collide 2,659260 0,000677
collins 2,040221 0,000520
collision 1,714798 0,000437
colonel 0,967584 0,000246
color 0,967584 0,000493
colored 1,171183 0,000298
columbia 2,813411 0,000716
column 0,562119 0,000286
combat 0,820981 0,000209
combine 0,843970 0,000215
combined 0,713350 0,000182
combustible 2,040221 0,000520
comedy 0,916291 0,000233
comfort 0,105361 0,000027
comfortable 0,261365 0,000067
comfortably 0,693147 0,000177
coming 1,021651 0,000260
command 0,116534 0,000119
commander 0,867501 0,000442
commence 0,579818 0,000295
commend 0,798508 0,000203
commissary 2,525729 0,000643
commission 0,579818 0,000295
commodious 1,966113 0,000501
common 0,072571 0,000018
commotion 1,049822 0,000267
communication 0,510826 0,000260
community 0,579818 0,000148
compact 0,867501 0,000221
company 0,020203 0,000010
comparative 0,994252 0,000253
comparatively 0,634878 0,000162
comparison 0,446287 0,000114
compel 0,385662 0,000196
compiler 2,995732 0,000763
complete 0,105361 0,000054
completely 0,274437 0,000070
compliment 0,462035 0,000118
complimentary 1,897120 0,000483
compose 0,287682 0,000073
composition 0,798508 0,000203
comprise 1,108663 0,000282
computation 1,609438 0,000410
comrade 0,693147 0,000353
coms 3,912023 0,000996
concentrate 1,386294 0,000706
conclude 0,235722 0,000060
condense 1,514128 0,000386
condition 0,051293 0,000013
conducive 1,560648 0,000397
confederate 1,771957 0,000451
confederates 2,207275 0,000562
confer 0,820981 0,000209
confess 0,127833 0,000033
confidence 0,139262 0,000035
confident 0,510826 0,000130
confine 0,223144 0,000057
conform 1,203973 0,000307
confront 0,776529 0,000198
confused 0,248461 0,000063
confusion 0,287682 0,000073
conglomerate 2,995732 0,000763
congratulation 1,386294 0,000353
conjecture 0,544727 0,000139
conjunction 1,272966 0,000324
connect 0,891598 0,000227
connected 0,415515 0,000106
connecticut 2,525729 0,000643
connection 0,446287 0,000227
consent 0,223144 0,000114
consequence 0,186330 0,000047
consequent 1,203973 0,000307
consideration 0,223144 0,000114
consist 0,314711 0,000240
conspicuous 0,916291 0,000233
constant 0,051293 0,000013
constantly 0,371064 0,000094
consternation 1,021651 0,000260
constitute 0,597837 0,000304
constitution 0,776529 0,000198
consultation 0,916291 0,000233
contemplate 0,544727 0,000139
content 0,174353 0,000044
contented 0,400478 0,000102
contents 0,094311 0,000024
contest 0,798508 0,000203
contiguous 1,897120 0,000483
continual 0,693147 0,000177
continue 0,186330 0,000047
continued 0,072571 0,000018
continuous 0,867501 0,000221
contraction 1,514128 0,000386
contrary 0,198451 0,000051
contrast 0,385662 0,000098
contribute 0,510826 0,000260
contrived 0,713350 0,000182
control 0,223144 0,000057
conventional 1,347074 0,000343
converge 2,207275 0,001124
conversation 0,186330 0,000047
convey 0,287682 0,000073
conviction 0,430783 0,000110
convince 0,198451 0,000101
convoy 1,966113 0,000501
cook 0,223144 0,000170
cookery 1,660731 0,000423
cool 0,248461 0,000063
coolness 1,171183 0,000298
cooly 3,218876 0,000820
cooper 2,040221 0,000520
copper 0,713350 0,000182
copse 1,771957 0,000451
corduroy 2,813411 0,000716
corinna 3,218876 0,000820
corn 0,527633 0,000134
cornelius 2,120264 0,000540
cornell 3,912023 0,000996
corporal 1,660731 0,000423
corporals 3,218876 0,000820
corps 1,560648 0,000397
correct 0,235722 0,000060
cote 2,659260 0,000677
couch 0,579818 0,000148
council 0,653926 0,000167
count 0,116534 0,000030
counter 0,733969 0,000187
country 0,010050 0,000003
county 0,941609 0,000480
couple 0,248461 0,000063
court 0,094311 0,000024
courtesy 0,693147 0,000177
cover 0,223144 0,000057
covered 0,139262 0,000035
covering 0,415515 0,000106
covertly 2,407946 0,000613
cracker 2,120264 0,000540
crash 0,733969 0,000374
crashing 1,386294 0,000353
crawl 0,494296 0,000252
create 0,094311 0,000024
credit 0,094311 0,000024
creek 1,514128 0,000386
creep 0,198451 0,000152
crest 0,820981 0,000209
crew 0,755023 0,000192
critic 1,021651 0,000260
criticism 0,820981 0,000209
crook 1,714798 0,000437
crooked 0,755023 0,000192
crop 0,653926 0,000167
crosby 2,995732 0,000763
cross 0,083382 0,000064
crotch 3,218876 0,000820
crouching 1,049822 0,000267
crowd 0,174353 0,000089
crowded 0,301105 0,000077
crown 0,210721 0,000054
crowning 1,272966 0,000324
cruel 0,261365 0,000067
cruise 1,660731 0,000846
crumble 1,078810 0,000275
crush 0,274437 0,000210
culminate 1,660731 0,000423
cumberland 1,966113 0,000501
cup 0,342490 0,000174
curdle 1,897120 0,000483
curiosity 0,210721 0,000054
curious 0,261365 0,000067
curiously 0,776529 0,000198
curl 0,510826 0,000260
curse 0,342490 0,000174
curtis 2,659260 0,000677
cushing 3,506558 0,000893
custom 0,210721 0,000054
cut 0,030459 0,000016
cutler 2,813411 0,000716
cyclone 3,218876 0,000820
dam 1,203973 0,000307
damaging 1,966113 0,000501
damned 1,139434 0,000290
dandy 1,609438 0,000410
danger 0,105361 0,000027
dangerous 0,150823 0,000038
dangerously 1,560648 0,000397
dangling 1,139434 0,000290
daniel 1,427116 0,000363
daring 0,843970 0,000215
darius 2,302585 0,000586
dark 0,051293 0,000013
darkening 1,514128 0,000386
darkness 0,186330 0,000047
darling 0,916291 0,000233
dart 0,562119 0,000286
dash 0,400478 0,000306
daughter 0,174353 0,000044
david 0,597837 0,000152
davis 2,207275 0,000562
dawe 3,912023 0,000996
dawn 0,314711 0,000080
day 0,000000 0,000000
daybreak 1,203973 0,000307
daylight 0,446287 0,000114
dayton 3,912023 0,000996
deacon 1,714798 0,000873
dead 0,072571 0,000018
deal 0,061875 0,000016
death 0,020203 0,000010
debatable 2,995732 0,000763
debouch 3,218876 0,000820
debris 2,813411 0,000716
decalogue 3,506558 0,000893
december 0,562119 0,000143
decide 0,040822 0,000010
decidedly 0,867501 0,000221
decimate 2,659260 0,000677
deck 0,544727 0,000277
declaration 0,967584 0,000246
declare 0,139262 0,000071
declension 2,813411 0,000716
decline 0,356675 0,000091
deep 0,020203 0,000010
deer 0,867501 0,000221
defeat 0,634878 0,000162
defence 0,527633 0,000269
defend 0,301105 0,000153
defense 1,514128 0,000386
defiant 1,469676 0,000374
defiantly 1,609438 0,000410
degree 0,150823 0,000038
delay 0,186330 0,000047
delicacy 0,597837 0,000152
delight 0,150823 0,000038
delighted 0,287682 0,000073
deliver 0,223144 0,000057
demeanor 2,120264 0,000540
democrat 2,207275 0,000562
demon 0,916291 0,000233
demonstration 0,994252 0,000253
demoralize 2,659260 0,000677
demur 1,771957 0,000451
dennis 2,813411 0,000716
dense 0,693147 0,000177
department 0,916291 0,000233
departure 0,430783 0,000110
depend 0,040822 0,000010
deploy 2,813411 0,002149
depot 2,407946 0,000613
depth 0,494296 0,000126
depths 0,446287 0,000114
derision 1,108663 0,000282
descend 0,174353 0,000089
descent 0,634878 0,000162
description 0,248461 0,000063
descriptive 1,771957 0,000451
desert 0,314711 0,000080
deserted 0,385662 0,000098
deserter 1,832581 0,000933
deserved 0,634878 0,000162
desirable 0,733969 0,000187
desire 0,051293 0,000026
desperate 0,328504 0,000084
desperately 0,843970 0,000215
despise 0,342490 0,000087
destine 0,494296 0,000126
destroy 0,061875 0,000032
destruction 0,342490 0,000087
desultory 2,120264 0,000540
detach 0,287682 0,000073
detachment 1,347074 0,000343
detailed 1,469676 0,000374
detention 1,897120 0,000483
determination 0,616186 0,000157
determine 0,061875 0,000032
detest 0,891598 0,000227
detroit 3,506558 0,000893
developed 0,544727 0,000139
devious 2,302585 0,000586
devolve 1,609438 0,000820
devotion 0,510826 0,000130
diary 1,560648 0,000397
dick 1,771957 0,000451
die 0,010050 0,000008
difficult 0,116534 0,000030
dig 0,356675 0,000272
dignified 0,755023 0,000192
dilemma 1,560648 0,000397
diligently 1,203973 0,000307
dim 0,356675 0,000182
dimly 0,867501 0,000221
din 1,171183 0,000298
dingy 1,347074 0,000343
dinner 0,186330 0,000047
dip 0,673345 0,000343
dipper 2,659260 0,000677
dire 1,171183 0,000298
direct 0,040822 0,000031
direction 0,051293 0,000026
dis 1,609438 0,000410
disability 2,659260 0,000677
disabled 1,714798 0,000437
disagreeable 0,733969 0,000187
disaster 0,820981 0,000209
disastrous 1,108663 0,000282
discharge 0,478036 0,000122
disciplinarian 2,995732 0,000763
discipline 0,634878 0,000162
discomfort 1,108663 0,000565
disconcert 1,171183 0,000298
discontent 0,616186 0,000157
discontinue 0,510826 0,000130
discover 0,030459 0,000016
disease 0,328504 0,000084
disembark 2,302585 0,001173
dish 0,478036 0,000122
disheartened 1,897120 0,000483
dislodge 1,771957 0,000902
disloyal 2,659260 0,000677
dismount 1,272966 0,000324
disperse 0,776529 0,000198
displace 1,309333 0,000333
display 0,162519 0,000041
disposed 0,385662 0,000098
dispute 0,446287 0,000114
distance 0,105361 0,000027
distant 0,162519 0,000041
distinctly 0,478036 0,000122
distressing 1,108663 0,000282
distribute 0,210721 0,000054
district 0,713350 0,000182
ditch 0,994252 0,000253
div 2,813411 0,000716
diversion 0,916291 0,000467
divide 0,150823 0,000115
division 0,527633 0,000269
dixies 3,912023 0,000996
dodge 1,049822 0,000267
dog 0,186330 0,000047
dogged 1,514128 0,000386
dollar 1,237874 0,000315
dolly 2,407946 0,000613
domestic 0,510826 0,000130
domicile 2,525729 0,000643
door 0,000000 0,000000
double 0,139262 0,000035
doubly 1,049822 0,000267
doubt 0,040822 0,000021
doubtless 0,430783 0,000110
dover 1,897120 0,000483
dow 2,659260 0,000677
downfall 1,609438 0,000410
downy 2,040221 0,000520
doze 0,891598 0,000227
dozen 0,415515 0,000106
drain 0,820981 0,000209
dramatic 1,078810 0,000275
draught 0,527633 0,000134
draw 0,020203 0,000015
drawl 1,514128 0,000386
dread 0,248461 0,000127
dreadful 0,342490 0,000087
dress 0,162519 0,000041
dressed 0,261365 0,000067
drift 0,462035 0,000118
drill 1,514128 0,001157
drink 0,072571 0,000018
drive 0,030459 0,000031
drop 0,061875 0,000032
drown 0,314711 0,000080
drum 0,843970 0,000215
drunk 0,415515 0,000106
drury 2,525729 0,000643
dry 0,116534 0,000030
duel 1,347074 0,000343
dull 0,174353 0,000044
dullness 2,040221 0,000520
duplication 3,506558 0,000893
dust 0,162519 0,000041
dusty 0,967584 0,000246
dutch 1,139434 0,000290
duty 0,061875 0,000032
dyer 2,407946 0,000613
eager 0,210721 0,000054
eagerly 0,385662 0,000098
ear 0,061875 0,000016
earth 0,051293 0,000013
earthwork 3,218876 0,000820
easily 0,072571 0,000018
east 0,235722 0,000060
eastern 0,733969 0,000187
easy 0,000000 0,000000
eat 0,040822 0,000031
echo 0,356675 0,000091
edge 0,150823 0,000038
editor 1,078810 0,000275
educate 0,544727 0,000139
edward 1,049822 0,000267
effective 0,967584 0,000246
effectually 1,203973 0,000307
efficient 1,309333 0,000333
effort 0,094311 0,000048
egypt 0,891598 0,000227
eighteen 0,462035 0,000118
eighteenth 1,203973 0,000307
elaborate 0,867501 0,000221
elaborately 2,207275 0,000562
elbow 0,494296 0,000126
election 1,237874 0,000315
element 0,342490 0,000087
eleventh 1,347074 0,000343
elijah 2,120264 0,000540
elisha 2,659260 0,000677
elk 2,813411 0,000716
elliott 2,995732 0,000763
eloquence 0,776529 0,000198
embark 1,139434 0,000870
embden 3,912023 0,000996
ember 1,108663 0,000282
embrace 0,235722 0,000060
embrasure 2,120264 0,000540
emerge 0,653926 0,000167
emory 3,506558 0,000893
emotional 1,171183 0,000298
employ 0,235722 0,000060
emulate 1,714798 0,000437
en 0,994252 0,000253
enable 0,274437 0,000280
encamp 1,560648 0,000397
enclose 0,713350 0,000182
encomium 2,302585 0,000586
encouraging 0,798508 0,000203
endanger 1,386294 0,000706
endear 1,832581 0,000467
endeavor 1,203973 0,000613
endless 0,478036 0,000122
endurance 0,891598 0,000227
endure 0,210721 0,000054
enemy 0,105361 0,000054
energy 0,371064 0,000094
enervate 2,302585 0,000586
enfield 2,995732 0,000763
enfilading 3,912023 0,000996
enforce 0,941609 0,000480
engage 0,494296 0,000126
engaged 0,198451 0,000051
engagement 0,634878 0,000323
engine 0,776529 0,000198
engineer 1,237874 0,000315
enjoy 0,072571 0,000037
enjoyable 1,966113 0,000501
enjoyment 0,562119 0,000143
enlist 1,309333 0,000667
enlistment 3,218876 0,000820
enrage 0,916291 0,000233
ensconce 2,040221 0,000520
enter 0,020203 0,000015
enterprising 1,609438 0,000410
entire 0,274437 0,000070
entrance 0,210721 0,000054
entrenched 2,525729 0,000643
entrenchment 2,407946 0,000613
entry 0,776529 0,000395
envelop 1,108663 0,000282
ephraim 2,813411 0,000716
equal 0,162519 0,000041
equipment 0,415515 0,000212
erect 0,446287 0,000227
error 0,072571 0,000037
escape 0,061875 0,000063
escort 0,755023 0,000192
especial 1,309333 0,000333
esplanade 2,813411 0,000716
essex 2,302585 0,000586
established 0,301105 0,000077
estimate 0,653926 0,000167
eternity 0,673345 0,000171
eureka 2,995732 0,000763
evacuate 2,407946 0,001840
evacuation 2,659260 0,000677
evade 0,891598 0,000227
evening 0,072571 0,000018
event 0,150823 0,000077
eventually 1,171183 0,000298
evident 0,356675 0,000091
evidently 0,371064 0,000094
evolution 1,171183 0,000298
exact 0,274437 0,000070
excel 0,994252 0,000253
excellent 0,150823 0,000038
exchange 0,210721 0,000161
excited 0,248461 0,000063
exclaim 0,287682 0,000073
executive 1,171183 0,000298
exemplify 2,207275 0,000562
exercise 0,235722 0,000060
exertion 0,693147 0,000353
exhausted 0,400478 0,000102
exhausting 1,609438 0,000410
exhaustion 1,021651 0,000260
exhibition 0,994252 0,000253
existence 0,150823 0,000038
expect 0,051293 0,000039
expectation 0,356675 0,000091
expedition 0,733969 0,000374
experience 0,072571 0,000018
experienced 0,356675 0,000091
expiration 1,897120 0,000483
expire 0,916291 0,000233
explode 1,309333 0,000333
explosion 1,203973 0,000307
expose 0,597837 0,000152
exposed 0,301105 0,000077
expostulate 1,966113 0,000501
expostulation 2,040221 0,000520
exposure 1,139434 0,000290
express 0,072571 0,000037
extend 0,261365 0,000067
extensive 0,798508 0,000203
extent 0,083382 0,000021
exterior 1,272966 0,000324
extinguish 0,562119 0,000143
extraordinary 0,371064 0,000094
extreme 0,186330 0,000047
extremity 0,693147 0,000177
exultantly 2,659260 0,000677
eye 0,000000 0,000000
ezra 2,813411 0,000716
faced 0,820981 0,000209
facility 0,342490 0,000087
factor 1,171183 0,000298
fade 0,371064 0,000094
fail 0,072571 0,000037
failure 0,415515 0,000106
faint 0,186330 0,000047
fair 0,051293 0,000013
faithful 0,261365 0,000067
fall 0,000000 0,000000
falls 0,328504 0,000084
false 0,210721 0,000054
falter 0,867501 0,000221
fame 0,478036 0,000122
familiar 0,150823 0,000038
famous 0,261365 0,000067
fancy 0,162519 0,000124
farm 0,713350 0,000182
farmer 0,653926 0,000333
fascination 1,078810 0,000275
fast 0,030459 0,000008
fasten 0,478036 0,000122
fat 0,314711 0,000080
fatalist 2,525729 0,000643
fate 0,174353 0,000089
father 0,061875 0,000016
fatigue 0,494296 0,000126
fault 0,139262 0,000035
favor 0,994252 0,000253
fear 0,020203 0,000010
feather 0,462035 0,000118
february 0,820981 0,000209
federal 0,527633 0,000134
feed 0,248461 0,000063
feign 0,776529 0,000198
fell 1,171183 0,000596
fellow 0,040822 0,000021
fellowship 1,237874 0,000315
fence 0,693147 0,000353
ferryboat 3,218876 0,000820
fever 0,342490 0,000087
fidelity 0,967584 0,000246
field 0,094311 0,000048
fierce 0,415515 0,000106
fiery 0,713350 0,000182
fife 2,659260 0,000677
fight 0,083382 0,000085
fighter 1,714798 0,000437
figure 0,051293 0,000026
file 0,223144 0,000170
final 0,342490 0,000087
finally 0,150823 0,000038
fine 0,061875 0,000016
firing 1,660731 0,000423
firm 0,248461 0,000063
firma 2,813411 0,000716
fit 0,030459 0,000016
flag 0,653926 0,000333
flame 0,248461 0,000190
flank 0,941609 0,000719
flanking 2,525729 0,000643
flannel 1,469676 0,000374
flare 1,108663 0,000565
flash 0,261365 0,000200
flat 0,139262 0,000035
flatly 1,660731 0,000423
flee 0,301105 0,000153
fleet 0,713350 0,000182
flesh 0,210721 0,000054
flicker 0,755023 0,000192
flight 0,287682 0,000073
fling 0,462035 0,000118
float 0,328504 0,000084
flock 0,385662 0,000196
flooring 1,897120 0,000483
florence 1,609438 0,000410
florida 2,407946 0,000613
flounder 1,237874 0,000315
flourishing 1,021651 0,000260
flow 0,174353 0,000089
flower 0,174353 0,000044
fluid 1,203973 0,000613
flurry 1,897120 0,000483
fly 0,116534 0,000059
flying 0,235722 0,000060
foam 0,733969 0,000374
foe 0,616186 0,000314
fog 0,653926 0,000167
foggy 1,469676 0,000374
foil 1,347074 0,000343
follow 0,020203 0,000005
folly 0,274437 0,000070
folsom 3,912023 0,000996
food 0,127833 0,000033
fool 0,235722 0,000060
foot 0,051293 0,000026
footsore 2,659260 0,000677
forage 1,560648 0,000397
force 0,030459 0,000031
ford 1,560648 0,000397
fordable 2,995732 0,000763
forebode 1,660731 0,000423
foreground 1,560648 0,000397
forenoon 1,347074 0,000343
forest 0,356675 0,000091
forewarn 1,832581 0,000467
forget 0,010050 0,000010
fork 0,616186 0,000157
forlorn 1,078810 0,000275
forlornly 2,659260 0,000677
form 0,020203 0,000021
formal 0,673345 0,000171
formally 1,386294 0,000353
formation 1,139434 0,000290
formidable 0,673345 0,000171
fort 1,171183 0,000298
forthwith 1,108663 0,000282
fortification 1,609438 0,000820
fortify 0,994252 0,000506
fortress 1,021651 0,000260
forts 1,660731 0,000423
fortunate 0,415515 0,000106
fortunately 0,579818 0,000148
fortune 0,162519 0,000083
foss 2,995732 0,000763
foster 0,891598 0,000227
fourteen 0,616186 0,000157
fourth 0,174353 0,000044
fox 0,798508 0,000203
fragment 0,597837 0,000152
frame 0,174353 0,000044
francis 1,469676 0,000374
francisco 2,120264 0,000540
frank 0,597837 0,000152
franklin 2,040221 0,000520
frantic 0,820981 0,000209
fred 2,120264 0,000540
frederick 1,272966 0,000324
freedman 2,525729 0,000643
freedmen 2,659260 0,000677
freeman 1,897120 0,000483
freight 1,171183 0,000298
french 0,342490 0,000087
frequently 0,287682 0,000073
fresh 0,105361 0,000027
freshly 1,347074 0,000343
friend 0,000000 0,000000
friendly 0,248461 0,000063
frightened 0,301105 0,000077
fringe 0,798508 0,000203
frisco 3,218876 0,000820
frolic 1,660731 0,000423
frontier 1,171183 0,000298
frost 0,653926 0,000167
fumble 1,660731 0,000423
funeral 0,597837 0,000152
furious 0,430783 0,000110
furlough 2,659260 0,000677
furnish 0,527633 0,000134
furnished 0,328504 0,000084
furnishing 1,427116 0,000363
furniture 0,415515 0,000106
fury 0,328504 0,000084
fuse 1,966113 0,000501
futile 1,469676 0,000374
futility 1,966113 0,000501
gable 1,832581 0,000467
gaily 1,078810 0,000275
gain 0,040822 0,000031
gait 1,078810 0,000275
gala 2,525729 0,000643
gale 1,078810 0,000275
gallant 0,867501 0,000221
gallantly 1,309333 0,000333
gallantry 1,347074 0,000343
galling 1,832581 0,000467
gallon 2,040221 0,000520
gallop 0,820981 0,000627
game 0,210721 0,000107
gap 0,843970 0,000215
garrison 1,309333 0,001000
gasp 0,579818 0,000148
gather 0,061875 0,000032
gathering 0,415515 0,000106
generals 2,407946 0,000613
generous 0,356675 0,000091
gentleman 0,223144 0,000114
genuine 0,597837 0,000152
geo 3,218876 0,000820
geometrically 3,912023 0,000996
george 0,616186 0,000157
georgia 2,120264 0,000540
ghastly 0,867501 0,000221
gibbon 2,659260 0,000677
gibson 2,995732 0,000763
ginger 2,120264 0,000540
glad 0,072571 0,000018
gladly 0,544727 0,000139
glare 0,733969 0,000187
glass 0,174353 0,000044
gleam 0,510826 0,000130
glendale 3,912023 0,000996
glenwood 3,912023 0,000996
glide 0,673345 0,000171
glorious 0,462035 0,000118
gloucester 2,525729 0,000643
glove 0,597837 0,000152
god 0,083382 0,000021
gold 0,083382 0,000021
gordon 2,120264 0,000540
government 0,462035 0,000118
grace 0,235722 0,000060
graduate 1,771957 0,000451
grain 0,562119 0,000143
grandfather 0,755023 0,000192
grant 0,061875 0,000016
grape 0,867501 0,000221
grass 0,301105 0,000077
gratify 0,733969 0,000374
grave 0,116534 0,000089
gray 0,733969 0,000187
grease 1,660731 0,000423
greasy 1,347074 0,000343
greatly 0,210721 0,000054
greed 1,609438 0,000410
greedily 1,078810 0,000275
green 0,105361 0,000027
greenback 3,506558 0,000893
greenleaf 3,912023 0,000996
greet 0,653926 0,000167
greeting 0,798508 0,000203
gregg 3,506558 0,000893
grey 0,562119 0,000143
grim 0,776529 0,000198
grimly 1,108663 0,000282
grooved 2,659260 0,000677
ground 0,030459 0,000016
grounds 0,446287 0,000114
grove 0,733969 0,000187
grow 0,010050 0,000008
growl 0,941609 0,000240
growth 0,430783 0,000110
gruesome 2,659260 0,000677
grumble 0,867501 0,000442
guard 0,083382 0,000085
guess 0,223144 0,000057
guest 0,235722 0,000060
guide 0,083382 0,000042
guileless 2,207275 0,000562
guise 1,514128 0,000386
gun 0,544727 0,000277
gunboat 2,995732 0,001526
gunner 2,302585 0,000586
gutter 1,049822 0,000267
guy 2,040221 0,000520
hack 1,171183 0,000298
hail 0,415515 0,000106
hair 0,072571 0,000037
halfway 1,386294 0,000353
hall 0,274437 0,000070
halt 0,733969 0,000187
halted 0,843970 0,000215
halting 1,309333 0,000333
hammer 0,544727 0,000139
hamper 1,237874 0,000315
hampshire 2,525729 0,000643
hand 0,010050 0,000005
handkerchief 0,616186 0,000157
handsome 0,328504 0,000084
hanging 0,235722 0,000060
happen 0,030459 0,000008
happy 0,061875 0,000016
harbor 1,427116 0,000363
hard 0,040822 0,000021
hardened 0,820981 0,000209
hardship 0,713350 0,000182
harness 0,843970 0,000430
harris 2,407946 0,000613
harrison 2,813411 0,000716
harsh 0,462035 0,000118
harvey 2,813411 0,000716
haste 0,371064 0,000094
hasten 0,371064 0,000094
hastily 0,462035 0,000118
hasty 0,510826 0,000130
hatcher 3,506558 0,000893
hatchers 3,506558 0,000893
haunt 0,385662 0,000196
haversack 3,506558 0,000893
haversacks 3,506558 0,000893
haw 2,302585 0,000586
hazard 0,776529 0,000198
head 0,000000 0,000000
headed 0,510826 0,000130
header 2,659260 0,000677
headlong 0,843970 0,000215
headquarter 3,912023 0,000996
headquarters 1,660731 0,000423
health 0,198451 0,000051
heap 0,248461 0,000127
hear 0,010050 0,000005
hearing 0,139262 0,000035
heart 0,010050 0,000005
hearted 0,415515 0,000106
hearty 0,616186 0,000157
heat 0,198451 0,000101
heaven 0,174353 0,000044
heavily 0,400478 0,000102
heavy 0,030459 0,000016
heel 0,356675 0,000091
height 0,210721 0,000107
helena 2,120264 0,000540
henry 0,713350 0,000182
herculean 1,771957 0,000451
herd 0,597837 0,000152
hero 0,430783 0,000219
heroic 0,891598 0,000227
hesperia 3,912023 0,000996
hide 0,072571 0,000018
highly 0,261365 0,000067
hilarious 2,120264 0,000540
hill 0,150823 0,000077
hillock 1,966113 0,000501
hillside 1,386294 0,000353
hip 1,078810 0,000275
hiram 2,813411 0,000716
historian 0,994252 0,000506
history 0,186330 0,000095
hit 0,314711 0,000080
hoarse 0,867501 0,000221
hold 0,010050 0,000010
hole 0,261365 0,000133
honor 0,891598 0,000454
honorable 1,386294 0,000353
honored 1,427116 0,000363
hoof 0,867501 0,000221
hooked 1,469676 0,000374
hooper 2,813411 0,000716
hope 0,000000 0,000000
hopelessness 1,832581 0,000467
horace 1,514128 0,000386
horn 0,478036 0,000122
horror 0,198451 0,000051
horse 0,139262 0,000071
horseshoe 2,407946 0,000613
hospital 0,755023 0,000385
hospitality 0,713350 0,000182
hostile 0,776529 0,000198
hot 0,116534 0,000030
hour 0,061875 0,000032
hourly 1,714798 0,000437
house 0,020203 0,000010
houses 0,139262 0,000035
howard 2,659260 0,000677
howitzer 2,995732 0,000763
howsoever 2,120264 0,000540
hudson 1,832581 0,000467
huge 0,400478 0,000102
huger 2,813411 0,000716
hull 1,347074 0,000343
human 0,072571 0,000018
hummock 3,218876 0,000820
hundredth 1,309333 0,000333
hung 0,174353 0,000044
hungry 0,314711 0,000080
hunter 0,579818 0,000148
hurl 0,798508 0,000407
hurrah 1,386294 0,000353
hurry 0,162519 0,000124
hut 0,776529 0,000198
hyde 1,897120 0,000483
idea 0,083382 0,000042
identical 0,994252 0,000253
ignorance 0,287682 0,000073
ignore 1,309333 0,000333
illinois 2,525729 0,000643
ills 3,912023 0,000996
illumine 1,309333 0,000333
image 0,301105 0,000077
imaginable 1,427116 0,000363
immortal 0,755023 0,000192
immovability 3,912023 0,000996
impact 2,207275 0,000562
impaired 1,609438 0,000410
impart 0,693147 0,000177
impassable 1,560648 0,000397
impassioned 2,040221 0,000520
impending 1,171183 0,000298
impetuosity 1,714798 0,000437
impetuous 1,021651 0,000260
impetus 1,966113 0,000501
imply 0,235722 0,000060
impossible 0,094311 0,000024
impregnable 1,771957 0,000451
impression 0,210721 0,000054
imprison 0,798508 0,000203
imprisonment 1,203973 0,000307
improve 0,385662 0,000098
impulse 0,400478 0,000102
inadequate 1,237874 0,000315
inch 0,430783 0,000219
incident 0,356675 0,000091
inclined 0,186330 0,000047
include 0,072571 0,000018
inconsistency 1,171183 0,000298
incorporate 1,560648 0,000397
increase 0,061875 0,000016
indian 0,544727 0,000277
indiana 2,813411 0,000716
indifference 0,527633 0,000134
indifferent 0,400478 0,000102
indignation 0,510826 0,000130
individual 0,139262 0,000071
indulge 0,527633 0,000269
inevitable 0,544727 0,000139
infantry 1,771957 0,000451
infest 1,832581 0,000467
inflict 0,579818 0,000148
inform 0,198451 0,000051
informal 2,813411 0,000716
ingeniously 1,832581 0,000467
inhabitants 0,446287 0,000114
inhospitable 1,714798 0,000437
initiate 1,309333 0,000667
initiative 2,207275 0,000562
injure 0,356675 0,000091
injury 0,301105 0,000077
inland 1,469676 0,000374
inlet 2,040221 0,000520
innumerable 0,634878 0,000162
inquirer 1,966113 0,001001
insane 0,994252 0,000253
inspection 0,798508 0,000407
inspire 0,371064 0,000094
instinctively 0,733969 0,000187
institute 1,203973 0,000307
instruction 0,328504 0,000084
instructor 1,347074 0,000343
intelligent 0,342490 0,000087
intelligently 2,207275 0,000562
intend 0,094311 0,000048
intense 0,430783 0,000110
intensity 0,994252 0,000253
intentionally 1,660731 0,000423
intercept 1,171183 0,000298
interior 0,673345 0,000171
interminable 1,237874 0,000315
internet 3,506558 0,000893
intersect 1,514128 0,000386
intervene 0,713350 0,000182
intrenched 2,813411 0,000716
intrenchment 3,218876 0,000820
intrepidity 2,302585 0,000586
invade 0,755023 0,000192
invent 0,400478 0,000102
invest 1,021651 0,000260
investigation 0,713350 0,000182
investing 2,207275 0,000562
investment 1,560648 0,000397
invitation 0,494296 0,000126
invite 0,261365 0,000067
involved 0,579818 0,000148
ira 2,659260 0,000677
irate 2,813411 0,000716
ire 1,832581 0,000467
iron 0,162519 0,000041
ironclad 2,995732 0,001526
irregularity 1,386294 0,000353
irresolute 1,427116 0,000363
isaac 1,609438 0,000410
island 0,400478 0,000102
islands 0,755023 0,000192
isle 1,427116 0,000363
isolated 0,994252 0,000253
issue 0,198451 0,000051
jack 0,755023 0,000192
jackman 3,912023 0,000996
jackson 1,714798 0,000437
jacksonville 2,995732 0,000763
jacob 1,427116 0,000363
jail 1,347074 0,000343
jam 1,237874 0,000315
james 0,673345 0,000171
january 0,693147 0,000177
jeff 2,995732 0,000763
jeremiah 2,525729 0,000643
jerusalem 1,237874 0,000315
jesus 1,237874 0,000315
jim 1,966113 0,000501
jocularly 2,995732 0,000763
joel 2,813411 0,000716
john 0,328504 0,000084
johns 3,218876 0,000820
johnson 1,514128 0,000386
joke 0,356675 0,000182
joseph 0,994252 0,000253
josiah 2,525729 0,000643
jovial 1,609438 0,000410
joy 0,127833 0,000033
jubilant 2,302585 0,000586
jubilate 3,912023 0,000996
judge 0,061875 0,000016
july 0,616186 0,000157
jump 0,430783 0,000110
jumping 0,798508 0,000203
junction 1,514128 0,000386
june 0,527633 0,000134
jungle 1,832581 0,000467
kansas 2,995732 0,000763
kas 3,912023 0,000996
kelly 2,995732 0,000763
kennedy 2,995732 0,000763
kennel 1,660731 0,000423
kent 1,897120 0,000483
kettle 1,108663 0,000565
key 0,342490 0,000087
kick 0,314711 0,000080
kill 0,083382 0,000042
kindly 0,223144 0,000057
king 0,210721 0,000054
kit 2,040221 0,000520
knapsack 2,407946 0,000613
knee 0,150823 0,000077
knowledge 0,061875 0,000016
knox 3,218876 0,000820
labor 1,108663 0,000282
labyrinth 1,514128 0,000386
lack 0,371064 0,000094
laden 0,673345 0,000171
lady 0,162519 0,000041
lamentably 2,995732 0,000763
lancaster 2,659260 0,000677
land 0,051293 0,000039
lander 3,506558 0,000893
landing 0,544727 0,000139
lane 0,653926 0,000167
language 0,072571 0,000018
languidly 1,714798 0,000437
lap 0,527633 0,000134
lark 1,386294 0,000353
lash 0,562119 0,000143
lastly 0,867501 0,000221
late 0,094311 0,000024
latitude 1,309333 0,000333
laugh 0,094311 0,000024
laughingly 1,714798 0,000437
laughter 0,274437 0,000070
launch 0,798508 0,000203
law 0,020203 0,000005
lawn 1,078810 0,000275
lawrence 2,207275 0,000562
lay 0,030459 0,000023
lazily 1,237874 0,000315
lazy 0,616186 0,000157
le 1,049822 0,000267
lead 0,020203 0,000010
leader 0,356675 0,000091
leadership 2,040221 0,000520
leading 0,139262 0,000035
lean 0,127833 0,000033
leap 0,287682 0,000220
learn 0,020203 0,000021
leave -0,009950 -0,000008
lee 1,347074 0,000343
left 0,000000 0,000000
leg 0,235722 0,000120
legged 1,108663 0,000282
leighton 3,506558 0,000893
leisurely 1,108663 0,000282
leonard 2,813411 0,000716
lessen 0,713350 0,000182
letter 0,072571 0,000018
levant 2,302585 0,000586
liable 0,235722 0,000060
libby 3,912023 0,000996
liberal 0,597837 0,000152
liberty 0,198451 0,000051
lie 0,020203 0,000015
lieutenant 1,203973 0,000307
lieutenants 1,966113 0,000501
life -0,009950 -0,000005
lift 0,116534 0,000030
light 0,000000 0,000000
lighted 0,261365 0,000067
lighten 0,597837 0,000152
lightly 0,430783 0,000110
lightning 0,430783 0,000110
limb 0,248461 0,000127
limitation 0,371064 0,000094
lincoln 2,040221 0,000520
link 0,174353 0,000044
lip 0,127833 0,000033
liquid 0,843970 0,000215
list 0,301105 0,000077
listen 0,105361 0,000054
literally 0,713350 0,000182
live 0,010050 0,000003
lively 0,385662 0,000098
liverpool 1,897120 0,000483
living 0,020203 0,000005
lo 0,916291 0,000233
load 0,430783 0,000219
loading 1,309333 0,000333
locate 0,371064 0,000094
lodgment 2,659260 0,000677
log 0,798508 0,000407
logan 2,813411 0,000716
logic 1,049822 0,000267
logical 1,021651 0,000260
lookout 1,427116 0,000363
loren 3,912023 0,000996
lose 0,000000 0,000000
loss 0,083382 0,000021
lot 0,051293 0,000013
loud 0,105361 0,000027
loudly 0,400478 0,000102
louisiana 2,302585 0,000586
love 0,030459 0,000008
lovely 0,462035 0,000118
lowell 2,813411 0,000716
loyal 1,203973 0,000307
luckily 1,203973 0,000307
lull 1,139434 0,000290
lumber 1,203973 0,000307
lunt 3,506558 0,000893
luscious 2,207275 0,000562
luxurious 0,916291 0,000233
lyon 2,995732 0,000763
mace 2,525729 0,000643
machinery 1,049822 0,000267
macon 3,218876 0,000820
maddened 1,897120 0,000483
madman 0,941609 0,000240
madness 0,597837 0,000152
magazine 1,203973 0,000613
magnificent 0,328504 0,000084
magnify 0,994252 0,000253
mahone 3,506558 0,000893
mail 0,820981 0,000209
main 0,127833 0,000033
maine 2,120264 0,000540
maintain 0,094311 0,000048
majesty 0,510826 0,000130
major 1,108663 0,000282
male 0,562119 0,000143
maledictory 3,912023 0,000996
malignant 1,139434 0,000290
manchester 2,040221 0,000520
maneuver 2,040221 0,000520
manfully 1,771957 0,000451
manifest 0,478036 0,000122
manly 0,820981 0,000209
manned 1,771957 0,000451
manner 0,040822 0,000010
manoeuvre 2,302585 0,000586
mar 1,108663 0,000282
marble 0,562119 0,000143
march 0,223144 0,000170
marching 1,171183 0,000298
marianna 3,912023 0,000996
marine 1,309333 0,000333
mariner 1,078810 0,000275
marked 0,061875 0,000016
market 0,510826 0,000130
marshal 1,272966 0,000324
marshy 1,966113 0,000501
martial 1,469676 0,000374
martin 1,386294 0,000353
maryland 2,813411 0,000716
mask 0,673345 0,000171
mass 0,210721 0,000161
massachusetts 2,207275 0,000562
mast 0,941609 0,000240
masters 0,446287 0,000114
mastiff 1,660731 0,000423
mat 0,820981 0,000209
match 0,301105 0,000077
mate 0,713350 0,000182
material 0,261365 0,000067
mathematical 1,237874 0,000315
matter 0,000000 0,000000
mcdonald 3,912023 0,000996
meal 0,261365 0,000067
measure 0,127833 0,000033
measurement 1,714798 0,000437
medical 1,021651 0,000260
medicine 0,562119 0,000143
medium 0,223144 0,000057
medley 2,040221 0,000520
meet 0,010050 0,000005
meeting 0,162519 0,000041
mell 1,609438 0,000410
melt 0,385662 0,000098
memorable 1,108663 0,000282
mend 0,653926 0,000167
mendacious 3,218876 0,000820
mere 0,094311 0,000024
meridian 1,771957 0,000451
meritorious 1,771957 0,000451
merry 0,634878 0,000162
mess 0,867501 0,000221
message 0,356675 0,000091
messenger 0,562119 0,000286
messer 2,813411 0,000716
meteor 2,120264 0,000540
method 0,094311 0,000024
mexican 1,966113 0,000501
mexico 1,660731 0,000423
michael 0,400478 0,000102
middle 0,030459 0,000008
midnight 0,328504 0,000084
midst 0,287682 0,000073
mighty 0,328504 0,000084
mile 0,174353 0,000089
militarily 3,912023 0,000996
military 0,616186 0,000157
milk 0,400478 0,000102
mills 2,659260 0,000677
mind 0,020203 0,000005
minie 3,912023 0,000996
minneapolis 3,506558 0,000893
minor 0,713350 0,000182
minute 0,150823 0,000077
misadventure 2,207275 0,000562
miscarry 1,832581 0,000467
misconception 2,407946 0,000613
miserable 0,210721 0,000054
misleading 2,207275 0,000562
missent 3,506558 0,000893
missing 1,386294 0,000353
mission 0,210721 0,000054
mississippi 0,415515 0,000106
mississippian 3,912023 0,000996
mississippians 3,912023 0,000996
mistaken 0,261365 0,000067
mob 1,139434 0,000580
modest 0,371064 0,000094
modestly 1,139434 0,000290
modification 0,478036 0,000122
moment 0,010050 0,000003
momentarily 1,832581 0,000467
momentary 0,693147 0,000177
momentum 2,525729 0,000643
money 0,051293 0,000013
monition 3,218876 0,000820
monitor 2,407946 0,000613
monotonous 1,078810 0,000275
monotony 1,609438 0,000410
monroe 2,525729 0,000643
montague 2,813411 0,000716
month 0,040822 0,000021
monument 0,776529 0,000198
moonless 2,659260 0,000677
moonlight 0,673345 0,000171
morale 2,995732 0,000763
morning 0,040822 0,000010
moro 3,218876 0,000820
morris 1,966113 0,000501
mortal 0,314711 0,000080
mortally 1,514128 0,000386
mortar 1,272966 0,000648
morton 2,813411 0,000716
moses 1,139434 0,000290
mosquito 1,897120 0,000966
mott 2,995732 0,000763
mount 0,210721 0,000107
mounting 2,995732 0,000763
mournfully 1,514128 0,000386
mourning 0,673345 0,000171
mouth 0,061875 0,000032
mouthed 1,660731 0,000423
movement 0,287682 0,000147
mow 1,714798 0,000437
mud 0,462035 0,000118
muffle 1,108663 0,000282
mule 0,967584 0,000246
mullen 3,506558 0,000893
murderous 1,078810 0,000275
murmur 0,287682 0,000073
mush 2,995732 0,000763
music 0,198451 0,000051
musician 1,171183 0,000298
musket 1,514128 0,000386
musketry 2,407946 0,000613
mustache 2,040221 0,000520
muster 1,078810 0,000549
mustered 1,832581 0,000467
mutilate 1,427116 0,000363
mutiny 1,469676 0,000374
muzzle 1,171183 0,000596
mystery 0,235722 0,000120
mystic 1,108663 0,000282
nap 1,469676 0,000374
naples 1,272966 0,000324
napoleon 1,347074 0,000343
narrow 0,094311 0,000048
nasty 1,139434 0,000290
nathan 2,525729 0,000643
national 0,755023 0,000192
naturally 0,210721 0,000054
nature 0,094311 0,000024
natured 0,733969 0,000187
nautical 1,832581 0,000467
naval 1,386294 0,000353
navy 1,237874 0,000315
nearest 3,218876 0,000820
necessity 0,210721 0,000054
neck 0,174353 0,000089
neglect 0,274437 0,000070
negotiation 1,560648 0,000397
negro 0,967584 0,000493
neighborhood 1,171183 0,000298
nelson 2,302585 0,000586
nerve 0,371064 0,000094
nest 0,579818 0,000148
neutrality 2,407946 0,000613
newly 0,494296 0,000126
newport 2,995732 0,000763
news 0,210721 0,000054
nick 1,386294 0,000353
nickels 3,506558 0,000893
night 0,010050 0,000005
nineteen 1,108663 0,000282
nineteenth 1,171183 0,000298
ninth 0,994252 0,000253
noise 0,139262 0,000035
noisily 1,609438 0,000410
nonplussed 3,218876 0,000820
noon 0,430783 0,000110
noontime 3,218876 0,000820
norfolk 2,120264 0,000540
north 0,083382 0,000021
northeast 2,525729 0,000643
northeastern 3,912023 0,000996
northern 0,653926 0,000167
northward 1,203973 0,000307
northwest 2,302585 0,000586
nose 0,261365 0,000133
notable 1,272966 0,000324
notch 1,832581 0,001400
note 0,094311 0,000048
notify 0,371064 0,000094
nov 3,912023 0,000996
november 0,544727 0,000139
numbering 2,302585 0,000586
numerical 2,302585 0,000586
numerically 3,218876 0,000820
numerous 0,235722 0,000060
oak 0,673345 0,000171
oakland 3,218876 0,000820
oaks 1,237874 0,000315
obedience 0,494296 0,000126
obey 0,223144 0,000114
object 0,105361 0,000054
objective 1,660731 0,000423
oblige 0,210721 0,000054
oblique 1,966113 0,000501
observation 0,446287 0,000114
observations 0,867501 0,000221
observe 0,094311 0,000072
occasion 0,105361 0,000054
occasionally 0,371064 0,000094
occupant 1,203973 0,000613
occupation 0,371064 0,000094
occupy 0,174353 0,000133
occur 0,083382 0,000021
occurrence 0,693147 0,000177
ocean 0,415515 0,000106
oct 3,912023 0,000996
october 0,653926 0,000167
offence 0,527633 0,000134
offense 1,609438 0,000410
offensive 0,693147 0,000177
offer 0,020203 0,000010
office 0,072571 0,000018
officer 0,314711 0,000240
official 0,223144 0,000057
officially 1,966113 0,000501
ohio 2,407946 0,000613
ominous 1,171183 0,000298
oncoming 3,218876 0,000820
onset 1,469676 0,000374
onslaught 2,040221 0,000520
ooze 1,427116 0,000363
operate 0,916291 0,000700
operation 0,478036 0,000243
opinion 0,105361 0,000027
opponent 1,108663 0,000282
opportunity 0,061875 0,000016
oppose 0,579818 0,000295
opposition 0,494296 0,000126
orderly 0,941609 0,000480
ordinary 0,186330 0,000047
ordnance 2,302585 0,000586
organization 1,469676 0,000374
organized 0,356675 0,000091
original 0,105361 0,000027
orthodox 1,386294 0,000353
oscar 2,995732 0,000763
otis 3,506558 0,000893
outer 0,510826 0,000130
outlook 1,714798 0,000437
outlying 2,659260 0,000677
outnumber 2,120264 0,000540
outpost 2,120264 0,000540
outraged 1,272966 0,000324
outwork 2,407946 0,001226
oven 1,386294 0,000353
overcome 0,198451 0,000051
overdue 3,218876 0,000820
overlook 0,527633 0,000134
overmuch 2,040221 0,000520
overrun 1,469676 0,000374
overtake 0,400478 0,000204
overthrow 0,967584 0,000246
overwhelmed 0,891598 0,000227
overwhelming 1,049822 0,000267
owe 0,105361 0,000027
owner 0,083382 0,000021
oyster 1,203973 0,000307
pace 0,186330 0,000047
pack 0,579818 0,000148
packed 0,616186 0,000157
paddy 3,218876 0,000820
pain 0,051293 0,000013
palmetto 2,659260 0,000677
pan 0,755023 0,000192
pandemonium 2,407946 0,000613
panic 1,049822 0,000267
panting 0,597837 0,000152
paper 0,083382 0,000042
parade 0,994252 0,000506
paragraph 0,328504 0,000084
parallel 0,843970 0,000215
parapet 1,714798 0,000873
parish 0,916291 0,000233
park 0,713350 0,000182
parole 2,302585 0,000586
parrot 1,560648 0,000397
parsons 2,525729 0,000643
partial 0,733969 0,000187
participant 2,407946 0,001226
participate 1,309333 0,000333
partly 0,301105 0,000077
partook 1,560648 0,000397
party 0,030459 0,000016
pass 0,020203 0,000010
passage 0,105361 0,000027
passing 0,094311 0,000024
passion 0,174353 0,000044
patch 0,616186 0,000157
patent 0,941609 0,000240
path 0,150823 0,000038
patrick 2,120264 0,000540
patriot 1,560648 0,000397
patriotically 3,506558 0,000893
pay 0,030459 0,000016
paymaster 2,207275 0,000562
peace 0,094311 0,000024
peaceful 0,478036 0,000122
pearl 0,820981 0,000209
peck 1,560648 0,000397
peculiar 0,223144 0,000057
peep 0,634878 0,000162
peer 0,616186 0,000314
pell 1,560648 0,000397
pelt 1,386294 0,000353
penalty 0,820981 0,000209
pend 2,302585 0,000586
penetrate 0,415515 0,000106
peninsula 1,897120 0,000483
pennsylvania 2,302585 0,000586
penobscot 3,506558 0,000893
perceive 0,198451 0,000051
perfect 0,061875 0,000032
perfectly 0,162519 0,000041
perform 0,072571 0,000018
perilous 0,798508 0,000203
period 0,235722 0,000060
permission 0,150823 0,000038
permit 0,094311 0,000024
perry 2,995732 0,000763
persist 0,478036 0,000243
person -0,009950 -0,000005
personal 0,223144 0,000057
personally 0,798508 0,000203
personnel 3,218876 0,000820
pete 2,813411 0,000716
peter 0,798508 0,000203
petersburg 2,040221 0,000520
philadelphia 2,120264 0,000540
philosophy 0,597837 0,000152
phineas 3,912023 0,000996
phrase 0,139262 0,000071
pick 0,223144 0,000114
picket 2,407946 0,001226
pickle 1,427116 0,000363
picture 0,139262 0,000035
piece 0,020203 0,000010
pier 1,347074 0,000343
pierce 0,356675 0,000182
pig 0,544727 0,000139
pike 1,347074 0,000343
pile 0,328504 0,000084
pillow 0,544727 0,000139
pilot 1,021651 0,000260
pilotage 3,506558 0,000893
pine 0,462035 0,000235
pit 0,597837 0,000304
pitch 0,261365 0,000133
pivot 2,040221 0,000520
placid 1,203973 0,000307
plague 0,673345 0,000171
plain 0,040822 0,000010
plainly 0,261365 0,000067
plains 0,967584 0,000246
plan 0,198451 0,000152
plank 0,673345 0,000171
plant 0,186330 0,000095
plantation 1,237874 0,000630
planting 1,560648 0,000397
plate 0,314711 0,000160
play 0,040822 0,000021
pleasant 0,162519 0,000041
pleased 0,150823 0,000038
pleasure 0,051293 0,000013
plentiful 1,049822 0,000267
plentifully 1,660731 0,000423
plod 1,714798 0,000873
plunge 0,314711 0,000240
ply 1,021651 0,000260
pocket 0,371064 0,000094
pointer 2,040221 0,000520
pompous 1,514128 0,000386
ponton 3,912023 0,000996
poor 0,020203 0,000005
pope 0,941609 0,000240
porcine 3,912023 0,000996
pork 1,272966 0,000324
port 0,579818 0,000148
porter 0,941609 0,000240
portion 0,301105 0,000153
portland 2,407946 0,000613
position 0,162519 0,000083
possession 0,083382 0,000021
post 0,051293 0,000026
pot 0,478036 0,000122
potomac 3,506558 0,000893
pound 0,314711 0,000080
pour 0,116534 0,000089
powder 0,597837 0,000152
power 0,030459 0,000008
powerful 0,223144 0,000057
practicable 1,309333 0,000333
practical 0,494296 0,000126
practically 0,235722 0,000060
practice 0,116534 0,000059
practise 0,510826 0,000130
praise 0,274437 0,000070
precarious 1,660731 0,000423
precede 0,385662 0,000098
precedence 1,966113 0,000501
precious 0,162519 0,000041
predecessor 1,049822 0,000267
prefer 0,174353 0,000089
preliminary 0,941609 0,000240
prematurely 1,427116 0,000363
preparation 0,328504 0,000167
prepare 0,116534 0,000059
prepared 0,105361 0,000027
presence 0,094311 0,000024
president 1,049822 0,000267
presidential 2,813411 0,000716
press 0,105361 0,000054
pressed 0,274437 0,000070
pressure 0,527633 0,000134
prestige 2,302585 0,000586
pretty 0,150823 0,000038
prevail 0,287682 0,000073
prevent 0,040822 0,000021
previous 0,094311 0,000024
pride 0,150823 0,000038
prince 0,462035 0,000118
print 0,116534 0,000030
printing 1,469676 0,000374
prison 0,248461 0,000063
prisoner 0,356675 0,000182
private 0,198451 0,000051
privates 2,659260 0,000677
privation 1,427116 0,000363
privilege 0,527633 0,000134
prize 0,494296 0,000126
pro 2,040221 0,000520
probable 0,494296 0,000126
proceed 0,116534 0,000059
proceeding 0,510826 0,000130
process 0,400478 0,000102
proctor 2,995732 0,000763
produce 0,061875 0,000016
proficiency 1,660731 0,000423
programme 1,560648 0,000397
progress 0,162519 0,000083
prohibitionist 3,912023 0,000996
project -0,009950 -0,000003
projectile 2,995732 0,000763
projection 1,714798 0,000437
prom 3,912023 0,000996
prominent 0,967584 0,000246
promise 0,051293 0,000013
promising 0,430783 0,000110
promoted 1,237874 0,000315
promotion 0,342490 0,000087
prompt 0,478036 0,000122
promptness 2,207275 0,000562
promulgate 2,302585 0,000586
proof 0,274437 0,000140
proper 0,061875 0,000016
prophesy 1,309333 0,000333
propose 0,186330 0,000047
prospect 0,430783 0,000110
prostrate 0,673345 0,000171
protect 0,139262 0,000106
protection 0,314711 0,000080
protract 1,427116 0,000363
protrude 1,203973 0,000307
prouder 1,966113 0,000501
proudly 0,733969 0,000187
prove 0,083382 0,000042
provender 2,407946 0,000613
provide 0,127833 0,000033
providence 0,693147 0,000177
provision 0,094311 0,000024
provisional 2,407946 0,000613
provost 2,407946 0,000613
puff 0,733969 0,000374
punch 1,203973 0,000307
punishment 0,287682 0,000073
pupil 0,579818 0,000148
purpose 0,040822 0,000021
pursue 0,186330 0,000142
pursuit 0,287682 0,000073
push 0,139262 0,000106
pusillanimous 2,659260 0,000677
pyrotechnics 3,218876 0,000820
quantity 0,478036 0,000122
quarrel 0,287682 0,000073
quarter 0,105361 0,000054
quartermaster 2,525729 0,000643
queen 0,415515 0,000106
question 0,020203 0,000005
questioner 1,771957 0,000451
quick 0,127833 0,000065
quiet 0,094311 0,000048
quietly 0,261365 0,000067
quietude 2,659260 0,000677
quilt 1,609438 0,000410
quit 0,462035 0,000118
quiver 0,494296 0,000126
race 0,162519 0,000041
rage 0,139262 0,000071
ragged 0,776529 0,000198
raid 1,966113 0,000501
rail 0,579818 0,000148
railroad 1,609438 0,000820
rain 0,150823 0,000038
rainbow 1,171183 0,000298
rainy 0,967584 0,000246
raise 0,020203 0,000015
rally 1,021651 0,000520
range 0,328504 0,000084
rank 0,223144 0,000114
ranking 3,218876 0,000820
ransom 1,386294 0,000353
rapid 0,371064 0,000094
rapidity 0,820981 0,000209
rapidly 0,371064 0,000094
rapids 2,525729 0,000643
rarely 0,527633 0,000134
rate 0,261365 0,000067
ration 1,832581 0,000933
rattle 0,616186 0,000157
rattling 0,916291 0,000233
ravine 1,771957 0,000451
raw 0,713350 0,000182
ray 0,462035 0,000118
reach 0,000000 0,000000
read 0,020203 0,000015
readiness 0,634878 0,000162
ready 0,030459 0,000008
real 0,040822 0,000010
realize 0,693147 0,000353
rear 0,371064 0,000094
rearrange 2,207275 0,001124
rearrangement 3,218876 0,000820
reason 0,010050 0,000005
rebel 0,733969 0,000374
rebellion 0,941609 0,000240
rebuild 1,427116 0,000363
recall 0,235722 0,000120
recapture 2,120264 0,001080
receive 0,040822 0,000031
receptacle 1,832581 0,000467
recklessly 1,832581 0,000467
recognition 0,713350 0,000182
recognize 0,733969 0,000374
recollection 0,527633 0,000134
reconnoissance 3,506558 0,000893
reconnoitering 2,995732 0,000763
reconnoitre 2,407946 0,000613
record 0,223144 0,000114
recover 0,127833 0,000033
recruit 1,309333 0,000333
recruiting 1,897120 0,000483
recuperation 2,995732 0,000763
red 0,061875 0,000016
redan 3,218876 0,000820
redouble 1,309333 0,000333
redoubt 3,218876 0,000820
reduce 0,314711 0,000160
reduction 1,514128 0,000386
reembark 3,912023 0,000996
reenforce 3,218876 0,001639
reenforcement 3,506558 0,000893
reenlisted 3,912023 0,000996
reenlistment 3,912023 0,001992
reenter 2,525729 0,000643
reestablish 2,813411 0,000716
refer 0,223144 0,000057
refrain 0,597837 0,000152
refresh 0,446287 0,000114
refuse 0,083382 0,000042
regain 0,634878 0,000323
regale 2,040221 0,000520
regard 0,083382 0,000021
regiment 0,967584 0,000493
regimental 1,897120 0,000483
regret 0,342490 0,000087
regular 0,287682 0,000073
regularly 0,616186 0,000157
regulations 1,237874 0,000315
rein 0,867501 0,000221
reinforce 1,771957 0,001354
reinforcement 2,040221 0,000520
rejoin 0,776529 0,000593
relay 2,207275 0,000562
release 0,105361 0,000027
relief 0,186330 0,000047
relieve 0,198451 0,000152
relinquish 0,916291 0,000467
reload 2,813411 0,001433
reluctantly 0,941609 0,000240
remain 0,040822 0,000031
remainder 0,597837 0,000152
remains 0,150823 0,000038
remarkable 0,235722 0,000060
remarks 0,462035 0,000118
remember 0,030459 0,000016
remembrance 0,733969 0,000187
remonstrate 1,386294 0,000353
remove 0,040822 0,000021
render 0,186330 0,000095
rendezvous 1,560648 0,000397
renew 0,314711 0,000080
repeat 0,051293 0,000013
repel 0,967584 0,000739
replenish 1,203973 0,000307
reply 0,105361 0,000054
report 0,051293 0,000039
represent 0,210721 0,000054
representation 0,261365 0,000067
repress 0,867501 0,000221
repulse 0,994252 0,000506
reputation 0,342490 0,000087
request 0,105361 0,000027
require 0,051293 0,000013
required 0,083382 0,000021
rescue 0,494296 0,000126
resemble 0,400478 0,000102
reserve 0,400478 0,000102
residence 0,653926 0,000167
resign 0,693147 0,000177
resignation 0,994252 0,000253
resist 0,274437 0,000070
resistance 0,430783 0,000110
resolve 0,287682 0,000073
respect 0,040822 0,000010
respectful 0,755023 0,000192
response 0,843970 0,000215
responsibility 0,733969 0,000187
rest 0,010050 0,000005
restlessness 1,347074 0,000343
restore 0,223144 0,000057
restrain 0,579818 0,000148
result 0,174353 0,000044
resume 0,301105 0,000077
retain 0,235722 0,000120
retake 2,040221 0,000520
retire 0,415515 0,000212
retired 0,342490 0,000087
retirement 1,108663 0,000282
retransfer 3,912023 0,000996
retreat 0,342490 0,000262
retrograde 1,897120 0,000483
return 0,010050 0,000008
reveille 3,506558 0,000893
revel 0,994252 0,000253
reverse 0,527633 0,000134
review 0,693147 0,000706
revolution 0,634878 0,000162
revolver 1,514128 0,000386
reward 0,174353 0,000044
rice 1,469676 0,000374
richard 1,021651 0,000260
richardson 2,207275 0,000562
richly 0,891598 0,000227
richmond 2,120264 0,000540
ride 0,261365 0,000200
rider 0,967584 0,000246
ridge 0,891598 0,000227
ridiculously 1,897120 0,000483
rifle 1,078810 0,000549
rightly 0,430783 0,000110
rioting 2,120264 0,000540
ripe 0,820981 0,000209
rise 0,030459 0,000031
risk 0,301105 0,000077
river 0,174353 0,000044
rivers 0,713350 0,000182
road 0,116534 0,000059
roadside 1,966113 0,000501
roadstead 2,407946 0,000613
roar 0,356675 0,000182
roaring 0,693147 0,000177
rob 0,356675 0,000091
robert 1,078810 0,000275
robinson 1,660731 0,000423
rock 0,186330 0,000047
rod 0,616186 0,000314
rogers 2,659260 0,000677
rolfe 3,912023 0,000996
roll 0,150823 0,000154
ross 2,302585 0,000586
roster 3,912023 0,000996
rouge 1,897120 0,000483
rough 0,186330 0,000047
route 0,713350 0,000727
routine 1,237874 0,000315
royal 0,400478 0,000102
rude 0,342490 0,000087
ruefully 2,120264 0,000540
rufus 2,525729 0,000643
rugged 0,798508 0,000203
ruin 0,116534 0,000089
rule 0,030459 0,000008
rumble 1,171183 0,000298
rummage 1,386294 0,000353
rumor 1,609438 0,000410
runaway 1,514128 0,000386
runner 1,469676 0,000748
ruse 1,771957 0,000451
rush 0,127833 0,000130
saber 2,302585 0,000586
saco 3,506558 0,000893
sacred 0,415515 0,000106
sacrifice 0,210721 0,000054
sacrilegiously 3,506558 0,000893
saddle 0,755023 0,000192
sadly 0,510826 0,000130
sadness 0,820981 0,000209
safe 0,116534 0,000030
safely 0,371064 0,000094
safety 0,356675 0,000091
sail 0,415515 0,000212
sailing 0,653926 0,000167
sailor 0,544727 0,000277
sake 0,083382 0,000021
salient 2,302585 0,000586
sally 0,867501 0,000442
sallyport 3,912023 0,000996
salt 0,105361 0,000027
salute 0,634878 0,000162
samuel 1,237874 0,000315
san 1,272966 0,000324
sand 0,494296 0,000252
sanford 3,912023 0,000996
sanguinary 2,040221 0,000520
sanguine 1,609438 0,000410
satisfaction 0,186330 0,000047
satisfy 0,061875 0,000032
savage 0,248461 0,000063
savannah 2,995732 0,000763
save 0,010050 0,000008
scabbard 1,714798 0,000437
scale 0,274437 0,000070
scanty 0,941609 0,000240
scarce 0,653926 0,000167
scarcely 0,301105 0,000077
scared 0,941609 0,000240
scatter 0,693147 0,000353
scattered 0,139262 0,000035
scene 0,127833 0,000033
school 0,150823 0,000038
scoop 1,514128 0,000386
scoundrelly 2,995732 0,000763
scout 1,386294 0,001059
scratch 0,544727 0,000139
screech 1,609438 0,000820
scud 1,832581 0,000467
scuttle 1,237874 0,000315
sea 0,116534 0,000030
seaboard 2,302585 0,000586
seafaring 2,302585 0,000586
sealing 2,040221 0,000520
seam 1,386294 0,000353
seaman 1,203973 0,000307
search 0,040822 0,000010
seas 0,916291 0,000233
seasoned 1,609438 0,000410
seat 0,051293 0,000026
secluded 1,237874 0,000315
secrecy 0,798508 0,000203
secure 0,061875 0,000016
security 0,478036 0,000122
seek 0,083382 0,000021
seemingly 0,967584 0,000246
seize 0,116534 0,000059
select 0,301105 0,000077
semicircle 1,771957 0,000451
seminole 3,912023 0,000996
send 0,020203 0,000010
seniority 2,525729 0,000643
sense 0,051293 0,000013
sentence 0,094311 0,000048
sentiment 0,356675 0,000091
sentimental 1,139434 0,000290
sentry 1,714798 0,000437
separate 0,094311 0,000048
sept 3,218876 0,000820
september 0,673345 0,000171
serenade 2,813411 0,000716
sergeant 1,897120 0,000483
sergeants 2,659260 0,000677
sergt 3,912023 0,000996
series 0,494296 0,000126
serve 0,051293 0,000052
service 0,072571 0,000037
session 1,560648 0,000397
set 0,010050 0,000005
settle 0,083382 0,000021
seventh 0,562119 0,000143
severe 0,301105 0,000153
severely 0,634878 0,000162
shade 0,223144 0,000057
shake 0,072571 0,000018
shallow 0,755023 0,000192
shame 0,223144 0,000057
shape 0,150823 0,000038
shaped 0,527633 0,000134
share 0,030459 0,000016
sharp 0,139262 0,000035
sharply 0,510826 0,000130
sharpshooter 2,995732 0,000763
shattered 0,867501 0,000221
shaw 2,813411 0,000716
sheep 0,371064 0,000094
sheer 0,820981 0,000209
sheet 0,314711 0,000160
shelter 0,301105 0,000153
sheltered 0,820981 0,000209
sherman 3,506558 0,000893
shingle 1,771957 0,000451
ship 0,198451 0,000101
shirk 1,897120 0,000483
shirt 0,527633 0,000134
shiver 0,478036 0,000243
shock 0,235722 0,000060
shoot 0,385662 0,000098
shooter 2,120264 0,001080
shooting 0,634878 0,000162
shore 0,287682 0,000073
short 0,020203 0,000015
shortly 0,462035 0,000118
shot 0,223144 0,000114
shoulder 0,139262 0,000071
shout 0,186330 0,000190
shovel 1,347074 0,000343
shoveler 3,912023 0,000996
shower 0,544727 0,000277
shrewdly 1,714798 0,000437
shriek 0,634878 0,000162
shrieking 1,347074 0,000343
shrill 0,798508 0,000203
shrink 0,462035 0,000118
shuttlecock 2,525729 0,000643
sick 0,150823 0,000038
sickness 0,478036 0,000122
sidewalk 2,120264 0,000540
sidney 2,525729 0,000643
siege 0,941609 0,000240
sift 1,714798 0,000437
sight 0,040822 0,000021
sign 0,051293 0,000026
signal 0,462035 0,000118
silas 2,659260 0,000677
silence 0,051293 0,000039
silent 0,051293 0,000013
simeon 2,525729 0,000643
simmer 2,407946 0,000613
simon 1,771957 0,000451
singing 0,371064 0,000094
single 0,083382 0,000021
sink 0,072571 0,000055
sir 0,150823 0,000038
sister 0,223144 0,000057
sit 0,010050 0,000005
situated 0,733969 0,000187
situation 0,198451 0,000051
sixteen 0,653926 0,000167
sixth 0,446287 0,000114
skeleton 0,867501 0,000221
sketch 0,653926 0,000333
skill 0,287682 0,000073
skim 1,347074 0,000343
skin 0,174353 0,000044
skirmish 1,469676 0,000374
skirmisher 2,659260 0,000677
skirmishing 2,659260 0,000677
sky 0,186330 0,000047
skylarking 2,813411 0,000716
slabby 3,912023 0,000996
slackened 1,203973 0,000307
slash 1,309333 0,000333
slashing 3,912023 0,000996
sledge 1,897120 0,000483
sleep 0,051293 0,000052
sleepless 1,049822 0,000267
sleepy 0,713350 0,000182
sleeve 0,579818 0,000148
slice 1,108663 0,000282
slight 0,072571 0,000018
slip 0,150823 0,000038
slope 0,527633 0,000134
slow 0,139262 0,000035
slowly 0,150823 0,000038
slowness 1,514128 0,000386
slumber 0,510826 0,000130
slumbering 1,386294 0,000353
smack 1,171183 0,000298
smart 0,597837 0,000152
smile 0,150823 0,000038
smith 0,820981 0,000209
smithsonian 3,506558 0,000893
smoke 0,186330 0,000095
smooth 0,235722 0,000060
smoothness 1,897120 0,000483
smother 0,941609 0,000240
smudge 2,525729 0,000643
snake 0,891598 0,000227
snakes 1,347074 0,000343
snarl 1,078810 0,000275
snow 0,478036 0,000122
snugly 2,207275 0,000562
soak 1,171183 0,000298
sober 0,562119 0,000143
society 0,210721 0,000054
sodden 1,714798 0,000437
soft 0,210721 0,000054
soil 0,478036 0,000122
sojourn 1,139434 0,000290
soldier 0,415515 0,000212
soldierly 2,407946 0,000613
solve 0,478036 0,000122
son 0,083382 0,000021
soothing 0,798508 0,000203
sort 0,072571 0,000018
sound 0,010050 0,000005
soundness 2,995732 0,000763
south 0,235722 0,000060
southeastern 3,218876 0,000820
southerly 2,302585 0,000586
southern 0,579818 0,000148
southwest 2,302585 0,000586
sow 0,579818 0,000148
space 0,105361 0,000054
spade 1,139434 0,000580
span 1,237874 0,000630
spare 0,116534 0,000059
sparkling 0,776529 0,000198
speak 0,030459 0,000008
speech 0,139262 0,000035
speechless 0,916291 0,000233
speed 0,274437 0,000140
speedily 0,713350 0,000182
speedy 0,867501 0,000221
spend 0,051293 0,000039
spick 2,813411 0,000716
spike 1,386294 0,000353
spill 0,843970 0,000215
spirit 0,051293 0,000026
spirited 0,713350 0,000182
spiritual 0,653926 0,000167
spit 0,843970 0,000215
spite 0,139262 0,000035
splendid 0,400478 0,000102
splintered 2,040221 0,000520
split 0,798508 0,000203
sporting 1,427116 0,000363
spot 0,150823 0,000077
spray 1,237874 0,000315
spread 0,051293 0,000013
spring 0,051293 0,000052
springfield 3,218876 0,000820
spur 0,693147 0,000177
spy 0,579818 0,000148
squad 2,407946 0,000613
squadron 1,560648 0,000795
square 0,223144 0,000057
squared 2,040221 0,000520
squat 0,941609 0,000240
stack 1,272966 0,000648
staff 0,261365 0,000133
stage 0,186330 0,000047
stagger 0,527633 0,000134
stake 0,446287 0,000114
stalwart 1,714798 0,000437
stampede 2,525729 0,000643
stand -0,009950 -0,000010
standpoint 1,771957 0,000451
stanley 2,813411 0,000716
staples 2,525729 0,000643
stare 0,328504 0,000084
start -0,009950 -0,000005
startled 0,415515 0,000106
startling 0,967584 0,000246
statement 0,186330 0,000047
station 0,235722 0,000240
statistical 2,995732 0,000763
stay 0,061875 0,000016
steadily 0,415515 0,000106
steady 0,301105 0,000077
steal 0,105361 0,000080
steam 0,579818 0,000443
steamboat 1,832581 0,000467
steamer 1,272966 0,000648
steel 0,494296 0,000126
steep 0,527633 0,000134
steeple 1,660731 0,000423
steer 0,994252 0,000253
stentorian 2,659260 0,000677
step 0,030459 0,000023
stephen 1,966113 0,000501
sterling 1,560648 0,000397
stern 0,478036 0,000122
sternly 0,820981 0,000209
stew 1,427116 0,000363
steward 1,078810 0,000275
stewart 2,659260 0,000677
sticks 0,733969 0,000187
stiffen 1,078810 0,000275
stock 0,235722 0,000060
stone 0,094311 0,000024
stonily 2,659260 0,000677
store 0,061875 0,000032
storm 0,274437 0,000070
stormy 0,755023 0,000192
story 0,030459 0,000016
stout 0,527633 0,000134
stove 1,108663 0,000282
straggle 1,021651 0,000260
straight 0,105361 0,000027
strange 0,061875 0,000016
stranger 0,139262 0,000035
strapped 1,966113 0,000501
straw 0,342490 0,000087
strawberry 1,897120 0,000483
street 0,116534 0,000059
strength 0,030459 0,000008
strengthen 0,478036 0,000365
stretch 0,116534 0,000059
strew 0,733969 0,000187
stricken 0,653926 0,000167
strict 0,186330 0,000047
stride 0,616186 0,000157
strike 0,020203 0,000010
striking 0,274437 0,000070
string 0,371064 0,000189
strip 0,385662 0,000098
strive 0,385662 0,000098
stroke 0,301105 0,000077
strong 0,020203 0,000010
stronghold 1,714798 0,000437
structure 0,634878 0,000162
struggle 0,127833 0,000065
stuart 2,040221 0,000520
stubborn 0,843970 0,000215
stubbornly 1,832581 0,000467
study 0,094311 0,000024
stuff 0,223144 0,000114
stupidity 0,916291 0,000233
sturdily 2,302585 0,000586
style 0,261365 0,000067
subject 0,061875 0,000016
subsistence 1,609438 0,000410
succeed 0,105361 0,000080
success 0,162519 0,000041
successful 0,478036 0,000122
succession 0,510826 0,000130
sudden 0,072571 0,000018
suddenly 0,040822 0,000010
suddenness 1,469676 0,000374
suffer 0,061875 0,000016
suffering 0,210721 0,000054
sufficient 0,139262 0,000035
sugar 0,776529 0,000198
suggestive 1,237874 0,000315
suitable 0,462035 0,000118
sullenly 1,427116 0,000363
summer 0,186330 0,000047
sumner 3,218876 0,000820
sun 0,072571 0,000018
sunday 0,494296 0,000126
sundown 1,897120 0,000483
sunlight 0,843970 0,000215
sunrise 0,891598 0,000227
sunset 0,798508 0,000203
superficially 2,302585 0,000586
superintendent 1,609438 0,000410
superior 0,261365 0,000067
supper 0,446287 0,000114
supperless 3,218876 0,000820
supplement 1,469676 0,000374
supply 0,210721 0,000107
support 0,094311 0,000072
suppose 0,020203 0,000015
surface 0,287682 0,000073
surge 1,078810 0,000275
surgeon 0,891598 0,000227
surly 1,771957 0,000451
surplus 1,771957 0,000451
surprise 0,150823 0,000038
surprised 0,210721 0,000054
surprising 0,544727 0,000139
surrender 0,776529 0,000593
surround 0,162519 0,000083
suspend 0,527633 0,000134
suspense 0,776529 0,000198
suspicion 0,210721 0,000107
sustain 0,314711 0,000080
sutler 2,659260 0,000677
swallow 0,261365 0,000067
swamp 0,287682 0,000147
swan 1,171183 0,000298
swarm 0,634878 0,000162
swarthy 1,660731 0,000423
sway 0,494296 0,000252
swear 0,261365 0,000067
sweep 0,274437 0,000140
sweeping 0,820981 0,000209
sweet 0,139262 0,000035
swell 0,186330 0,000047
swelter 2,407946 0,000613
swift 0,385662 0,000196
swiftly 0,713350 0,000182
swing 0,430783 0,000110
swinging 0,798508 0,000203
sword 0,430783 0,000110
symbol 1,108663 0,000282
symmetry 1,514128 0,000386
sympathetic 1,021651 0,000260
sympathy 0,314711 0,000080
table 0,083382 0,000021
tabulate 3,218876 0,000820
tack 1,139434 0,000290
tactic 1,832581 0,000467
tail 0,356675 0,000091
tale 0,248461 0,000127
talk 0,061875 0,000016
talking 0,150823 0,000038
tall 0,198451 0,000101
tame 0,820981 0,000209
tangible 1,560648 0,000397
tangled 1,108663 0,000282
target 1,514128 0,000386
taste 0,105361 0,000027
tattered 1,309333 0,000333
tavern 1,021651 0,000260
taylor 1,832581 0,000467
tea 0,579818 0,000148
tear 0,030459 0,000023
technical 1,660731 0,000423
telegram 1,609438 0,000410
telegraph 1,203973 0,000307
teller 1,660731 0,000423
telling 1,560648 0,000397
temper 0,261365 0,000067
temple 0,314711 0,000080
temporarily 1,560648 0,000397
temptation 0,430783 0,000110
tenacious 1,714798 0,000437
tendency 0,527633 0,000134
tenderhearted 2,995732 0,000763
tent 0,713350 0,000363
tenth 0,733969 0,000187
term 0,061875 0,000032
terra 2,207275 0,000562
terrible 0,186330 0,000047
terribly 0,733969 0,000187
terrier 1,832581 0,000467
terror 0,162519 0,000041
terry 2,659260 0,000677
testify 0,820981 0,000209
testimony 0,562119 0,000143
thanksgiving 1,469676 0,000374
theological 1,714798 0,000437
theory 0,400478 0,000102
therefor 2,813411 0,000716
thicken 1,237874 0,000315
thicket 0,967584 0,000246
thinker 1,427116 0,000363
thinly 2,120264 0,000540
thirsty 0,820981 0,000209
thomas 0,891598 0,000227
thompson 2,659260 0,000677
thoughtlessly 2,525729 0,000643
threaten 0,186330 0,000142
thrice 0,755023 0,000192
thrive 1,078810 0,000275
throat 0,223144 0,000114
throng 0,891598 0,000454
throw 0,010050 0,000010
thunder 0,430783 0,000110
thunderbolt 1,469676 0,000374
tick 1,171183 0,000298
tideway 3,506558 0,000893
tie 0,105361 0,000027
tighten 1,237874 0,000315
timber 0,798508 0,000203
time -0,009950 -0,000005
timely 1,514128 0,000386
timothy 2,995732 0,000763
tin 0,755023 0,000192
tinge 0,994252 0,000253
tired 0,198451 0,000051
title 0,116534 0,000030
tobacco 0,713350 0,000182
token 0,693147 0,000177
ton 1,021651 0,000260
tongue 0,139262 0,000035
toot 3,218876 0,000820
toothed 2,813411 0,000716
torrent 0,713350 0,000182
tortuous 2,207275 0,000562
totally 0,916291 0,000233
touch 0,010050 0,000008
tour 0,916291 0,000233
tow 1,560648 0,000397
town 0,094311 0,000048
trace 0,198451 0,000051
track 0,415515 0,000212
trade 0,287682 0,000073
trading 1,237874 0,000315
tragedy 0,733969 0,000187
train 0,162519 0,000124
tramp 0,891598 0,000227
trample 0,597837 0,000304
trans 2,995732 0,000763
transcriber 1,714798 0,000437
transfer 0,693147 0,000177
transmit 1,049822 0,000267
transport 0,653926 0,000333
transportation 1,714798 0,000437
travel 0,198451 0,000051
tread 0,328504 0,000167
treasurer 1,966113 0,000501
treatment 0,127833 0,000033
tree 0,061875 0,000032
tremendous 0,693147 0,000177
trench 1,347074 0,000343
trial 0,261365 0,000067
tribulation 1,897120 0,000483
tribune 2,040221 0,000520
tributary 1,966113 0,000501
tribute 1,021651 0,000260
trickle 0,941609 0,000240
triumphantly 0,941609 0,000240
trooper 2,302585 0,001173
troops 0,941609 0,000240
trouble 0,010050 0,000003
truce 1,203973 0,000307
true 0,020203 0,000005
trunk 0,579818 0,000148
trust 0,061875 0,000016
trustworthy 1,514128 0,000386
truth 0,030459 0,000008
tub 1,203973 0,000307
tucker 2,302585 0,000586
tugboat 3,506558 0,000893
tuition 1,771957 0,000451
tumble 0,494296 0,000252
turk 1,560648 0,000397
turner 1,966113 0,000501
turnpike 2,207275 0,000562
typographical 2,995732 0,000763
unaccounted 3,218876 0,000820
unaccustomed 1,771957 0,000451
unarmed 1,514128 0,000386
unavoidable 1,049822 0,000267
unceasing 1,609438 0,000410
unceremoniously 1,966113 0,000501
uncertain 0,301105 0,000077
uncharged 3,912023 0,000996
unclerical 3,912023 0,000996
uncomfortable 0,798508 0,000203
uncommon 0,798508 0,000203
unconnected 1,897120 0,000483
uncooked 3,506558 0,000893
undaunted 1,771957 0,000451
underbrush 2,407946 0,000613
undergo 0,510826 0,000130
understand 0,020203 0,000010
undisciplined 2,207275 0,000562
undisturbed 1,049822 0,000267
undoubtedly 0,634878 0,000162
uneasy 0,544727 0,000139
unequalled 2,302585 0,000586
unexpected 0,430783 0,000110
unexpectedly 0,916291 0,000233
unfortunate 0,314711 0,000080
unguarded 1,560648 0,000397
unheralded 2,995732 0,000763
unhitch 2,813411 0,000716
uninterrupted 1,309333 0,000333
union 0,494296 0,000126
unite 0,867501 0,000221
united 0,094311 0,000024
unity 1,049822 0,000267
unknown 0,105361 0,000027
unlimbered 3,506558 0,000893
unload 2,040221 0,000520
unmolested 1,714798 0,000437
unoccupied 1,560648 0,000397
unpleasant 0,562119 0,000143
unrealized 3,506558 0,000893
unroll 1,771957 0,000451
unseen 0,616186 0,000157
unsuccessful 0,994252 0,000253
unsuccessfully 2,525729 0,000643
unsupported 2,040221 0,000520
unswerving 3,218876 0,000820
untenable 2,207275 0,000562
untouched 1,171183 0,000298
unwilling 0,653926 0,000167
upper 0,314711 0,000080
upraise 1,897120 0,000483
upright 0,301105 0,000077
uproar 1,021651 0,000260
upward 0,579818 0,000148
urge 0,274437 0,000070
useless 0,235722 0,000060
usual 0,139262 0,000035
utmost 0,356675 0,000091
vacate 1,897120 0,000483
vain 0,116534 0,000030
valley 0,544727 0,000139
valor 1,771957 0,000451
valuable 0,342490 0,000174
van 1,021651 0,000260
vary 0,342490 0,000087
venture 0,223144 0,000057
venturesome 2,525729 0,000643
veritable 1,560648 0,000397
vermont 2,995732 0,000763
vessel 0,446287 0,000114
vet 3,218876 0,000820
veteran 1,609438 0,000820
vicinity 1,078810 0,000275
viciously 2,120264 0,000540
victim 0,385662 0,000098
victor 0,967584 0,000246
victorious 1,108663 0,000282
victory 0,356675 0,000091
victuals 2,120264 0,000540
vie 1,514128 0,000386
view 0,040822 0,000021
vigor 1,347074 0,000343
vigorous 0,544727 0,000139
vigorously 1,021651 0,000260
village 0,356675 0,000091
vincent 2,040221 0,000520
vine 0,867501 0,000221
violence 0,248461 0,000063
virginia 2,813411 0,000716
virginians 3,912023 0,000996
virtually 1,897120 0,000483
visible 0,235722 0,000060
visibly 0,916291 0,000233
visit 0,030459 0,000016
voice 0,020203 0,000010
voiced 1,714798 0,000437
volition 1,714798 0,000437
volley 1,469676 0,000748
volume 0,356675 0,000091
voluntarily 0,891598 0,000227
voluntary 0,843970 0,000215
volunteer 0,314711 0,000160
volunteering 3,506558 0,000893
volunteers 0,430783 0,000110
von 1,771957 0,000451
vote 0,843970 0,000215
vow 0,616186 0,000157
wagner 2,407946 0,000613
wagon 1,078810 0,000549
wagoner 3,218876 0,000820
wagoners 3,506558 0,000893
wait 0,061875 0,000032
waiting 0,083382 0,000021
wake 0,223144 0,000057
walk 0,000000 0,000000
walker 1,714798 0,000437
wall 0,094311 0,000024
wander 0,116534 0,000059
war 0,139262 0,000035
wardrobe 1,078810 0,000275
warfare 1,272966 0,000324
warlike 1,427116 0,000363
warm 0,116534 0,000059
warn 0,287682 0,000073
warning 0,235722 0,000060
warrant 0,562119 0,000143
warren 2,525729 0,000643
warrior 1,108663 0,000282
warwick 2,813411 0,000716
wash 0,210721 0,000054
washington 1,609438 0,000410
watch 0,020203 0,000015
water 0,040822 0,000021
waterway 2,995732 0,000763
watson 2,407946 0,000613
waver 0,733969 0,000187
waxen 1,514128 0,000386
wayne 3,218876 0,000820
wd 3,912023 0,000996
weak 0,105361 0,000054
weaken 0,562119 0,000143
weakness 0,248461 0,000063
wear 0,083382 0,000042
wearily 1,272966 0,000324
weary 0,186330 0,000047
weather 0,248461 0,000063
wedge 1,203973 0,000307
week 0,127833 0,000065
weigh 0,162519 0,000041
weight 0,116534 0,000030
welch 3,506558 0,000893
weld 2,407946 0,000613
wesley 2,813411 0,000716
west 0,083382 0,000021
western 0,616186 0,000157
wet 0,261365 0,000067
weymouth 3,506558 0,000893
wheat 0,994252 0,000253
wheel 0,274437 0,000140
whip 0,400478 0,000204
whirl 0,527633 0,000269
whiskey 2,120264 0,000540
whisper 0,248461 0,000063
whistle 0,462035 0,000235
white 0,051293 0,000013
whiting 2,813411 0,000716
whitworth 3,506558 0,000893
wholesome 0,867501 0,000221
wicked 0,328504 0,000084
wide 0,030459 0,000008
wild 0,051293 0,000013
wildly 0,776529 0,000198
william 0,798508 0,000203
williams 1,966113 0,000501
windmill 2,120264 0,000540
window 0,162519 0,000041
wing 0,314711 0,000080
wink 0,597837 0,000304
winter 0,198451 0,000051
wipe 0,415515 0,000106
wisconsin 3,506558 0,000893
wise 0,094311 0,000024
witham 3,506558 0,000893
withdraw 0,210721 0,000161
withdrawal 2,407946 0,000613
wither 1,347074 0,000343
withstand 1,021651 0,000520
witness 0,116534 0,000030
woman 0,030459 0,000016
wood 0,083382 0,000042
woodbury 3,912023 0,000996
wooded 1,609438 0,000410
wooden 0,415515 0,000106
woodman 2,207275 0,000562
wooster 3,912023 0,000996
word 0,020203 0,000005
worth 0,061875 0,000016
worthy 0,186330 0,000047
wound 0,198451 0,000152
wounded 0,274437 0,000070
wrap 0,400478 0,000102
wrath 0,634878 0,000162
wrathfully 2,302585 0,000586
wreck 0,693147 0,000353
wright 2,525729 0,000643
write 0,020203 0,000005
writer 0,328504 0,000167
yankee 1,897120 0,000483
yankees 2,302585 0,000586
yard 0,223144 0,000057
yawning 1,237874 0,000315
yell 0,798508 0,000813
yesterday 0,301105 0,000077
yield 0,174353 0,000089
yoke 0,994252 0,000253
york 0,916291 0,000233
youth 0,139262 0,000035
zealously 2,120264 0,000540
zip 3,912023 0,001992
zipped 3,912023 0,000996
