aboard 1,237874 0,003232
absolutely 0,287682 0,000751
accept 0,061875 0,000162
activity 0,415515 0,001085
addition 0,116534 0,000304
age 0,040822 0,000213
agree 0,051293 0,000134
aim 0,287682 0,000751
air 0,061875 0,000162
amuse 0,371064 0,000969
amusement 0,478036 0,001248
analog 3,912023 0,010214
annoying 1,469676 0,003837
answer 0,020203 0,000053
anticipate 0,616186 0,001609
apologize 1,309333 0,003419
apparatus 1,347074 0,003517
arrangement 0,274437 0,000717
astonishment 0,301105 0,000786
atomic 2,813411 0,007346
attack 0,198451 0,001036
attempt 0,051293 0,000134
awed 1,560648 0,004075
awkward 0,544727 0,001422
awkwardly 1,272966 0,003324
bad 0,020203 0,000105
barely 0,798508 0,002085
base 0,094311 0,000246
bear 0,000000 0,000000
beast 0,235722 0,000615
bind 0,030459 0,000080
birth 0,301105 0,000786
bit 0,139262 0,000364
bite 0,371064 0,000969
blast 0,462035 0,001206
bleakness 2,995732 0,007822
blow 0,061875 0,000323
boast 0,328504 0,000858
boasting 1,108663 0,002895
brag 1,609438 0,004202
break 0,010050 0,000026
build 0,094311 0,000246
bulk 0,820981 0,002144
busily 1,021651 0,002667
camp 0,544727 0,001422
captain 0,328504 0,000858
car 0,820981 0,002144
carelessness 1,021651 0,002667
cargo 1,237874 0,003232
carpet 0,462035 0,001206
carry 0,010050 0,000026
cast 0,116534 0,000304
catastrophic 3,506558 0,009156
ceiling 0,510826 0,001334
chance 0,061875 0,000162
change 0,010050 0,000026
cheer 0,356675 0,000931
chill 0,597837 0,001561
circle 0,150823 0,000788
circling 1,203973 0,003144
claw 0,798508 0,002085
climb 0,400478 0,001046
close 0,010050 0,000026
clumsily 1,714798 0,004477
colonize 2,813411 0,007346
colony 1,139434 0,002975
commander 0,867501 0,002265
conditioning 3,218876 0,008404
continued 0,072571 0,000189
control 0,223144 0,001165
copyright 0,415515 0,001085
corridor 1,108663 0,005789
coward 0,776529 0,002027
crater 2,302585 0,006012
creature 0,116534 0,000304
crew 0,755023 0,001971
cross 0,083382 0,000435
crow 0,867501 0,002265
crowd 0,174353 0,000455
cup 0,342490 0,001788
cut 0,030459 0,000080
dar 2,525729 0,006595
day 0,000000 0,000000
demand 0,051293 0,000134
despair 0,174353 0,000455
devil 0,301105 0,000786
direction 0,051293 0,000134
disastrous 1,108663 0,002895
dismantle 1,714798 0,004477
dispense 0,820981 0,002144
divide 0,150823 0,000394
dome 1,309333 0,003419
donald 3,218876 0,008404
door 0,000000 0,000000
douglas 2,302585 0,006012
drain 0,820981 0,002144
drive 0,030459 0,000080
driver 0,713350 0,001863
earth 0,051293 0,000134
ease 0,150823 0,000394
easy 0,000000 0,000000
echo 0,356675 0,000931
encase 2,207275 0,005763
enemy 0,105361 0,000275
enter 0,020203 0,000053
entire 0,274437 0,000717
entrance 0,210721 0,000550
equipment 0,415515 0,001085
evidence 0,235722 0,000615
exclaim 0,287682 0,000751
extend 0,261365 0,001365
extensive 0,798508 0,002085
eye 0,000000 0,000000
fall 0,000000 0,000000
fiction 0,843970 0,002204
finally 0,150823 0,000394
fine 0,061875 0,000162
flash 0,261365 0,000682
fledgling 3,218876 0,008404
floor 0,174353 0,000455
flutter 0,673345 0,001758
forget 0,010050 0,000026
formality 1,078810 0,002817
frame 0,174353 0,000455
frankly 0,798508 0,002085
frantically 1,386294 0,003620
friend 0,000000 0,000000
fright 0,653926 0,001707
furnishings 2,659260 0,006943
galaxy 2,995732 0,007822
gesture 0,510826 0,001334
gloomily 1,386294 0,003620
gratefully 0,415515 0,001085
gravity 0,693147 0,001810
greeting 0,798508 0,002085
ground 0,030459 0,000080
guide 0,083382 0,000218
habit 0,162519 0,000424
happen 0,030459 0,000159
happy 0,061875 0,000162
hastily 0,462035 0,001206
hate 0,150823 0,000394
heavily 0,400478 0,001046
hectic 1,966113 0,005133
helmet 1,427116 0,003726
hint 0,301105 0,000786
history 0,186330 0,000487
hit 0,314711 0,000822
hope 0,000000 0,000000
hopeful 0,916291 0,002392
hopelessly 1,078810 0,002817
horror 0,198451 0,000518
hot 0,116534 0,000304
housing 1,897120 0,004953
illustrate 0,616186 0,001609
imagine 0,083382 0,000218
impending 1,171183 0,003058
indefinitely 1,469676 0,003837
indication 0,798508 0,002085
intact 1,609438 0,004202
interfere 0,415515 0,001085
invariably 0,798508 0,002085
irritation 1,108663 0,002895
jerk 0,820981 0,002144
job 0,597837 0,001561
joke 0,356675 0,000931
kill 0,083382 0,000653
launch 0,798508 0,002085
law 0,020203 0,000053
lead 0,020203 0,000053
leave -0,009950 -0,000026
left 0,000000 0,000000
life -0,009950 -0,000026
light 0,000000 0,000000
limp 1,108663 0,002895
livable 3,506558 0,009156
living 0,020203 0,000053
lock 0,162519 0,000424
lose 0,000000 0,000000
lot 0,051293 0,000134
lumber 1,203973 0,003144
mad 0,235722 0,000615
mail 0,820981 0,002144
main 0,127833 0,000334
malfunction 3,912023 0,010214
manned 1,771957 0,004627
matter 0,000000 0,000000
meet 0,010050 0,000026
melt 0,385662 0,001007
military 0,616186 0,001609
mind 0,020203 0,000053
minute 0,150823 0,000394
moment 0,010050 0,000026
moon 0,261365 0,000682
morale 2,995732 0,007822
motion 0,223144 0,001165
nasty 1,139434 0,002975
nearby 2,659260 0,006943
negation 2,207275 0,005763
nerve 0,371064 0,000969
nice 0,371064 0,000969
nod 0,371064 0,000969
notice 0,020203 0,000053
occasional 0,510826 0,001334
orderly 0,941609 0,002459
original 0,105361 0,000275
originally 0,673345 0,001758
outdo 1,660731 0,004336
outer 0,510826 0,001334
overstate 2,659260 0,006943
paint 0,274437 0,000717
panel 1,203973 0,003144
perch 0,891598 0,002328
periphery 3,506558 0,009156
person -0,009950 -0,000026
pick 0,223144 0,000583
picture 0,139262 0,000727
piece 0,020203 0,000105
planet 1,021651 0,005335
planning 1,021651 0,002667
plate 0,314711 0,000822
practically 0,235722 0,000615
practice 0,116534 0,000304
presence 0,094311 0,000246
pretty 0,150823 0,000394
proceeding 0,510826 0,001334
prodding 3,506558 0,009156
produce 0,061875 0,000162
project -0,009950 -0,000026
proper 0,061875 0,000162
publication 1,049822 0,002741
pump 1,108663 0,002895
quarter 0,105361 0,000275
radiation 2,813411 0,007346
raise 0,020203 0,000053
ramp 2,659260 0,006943
rate 0,261365 0,000682
reach 0,000000 0,000000
ready 0,030459 0,000080
red 0,061875 0,000162
relief 0,186330 0,000487
remote 0,478036 0,001248
remove 0,040822 0,000107
renew 0,314711 0,000822
replacement 0,544727 0,001422
repress 0,867501 0,002265
result 0,174353 0,000455
return 0,010050 0,000052
ripple 0,820981 0,004287
rock 0,186330 0,000487
rocky 1,049822 0,002741
rubbish 1,108663 0,002895
rush 0,127833 0,000334
salute 0,634878 0,001658
satellite 1,966113 0,005133
satisfy 0,061875 0,000162
science 0,415515 0,001085
scrabble 2,525729 0,006595
search 0,040822 0,000107
seat 0,051293 0,000268
secrecy 0,798508 0,002085
send 0,020203 0,000053
sensibility 1,237874 0,003232
september 0,673345 0,001758
serve 0,051293 0,000134
settle 0,083382 0,000218
shake 0,072571 0,000189
ship 0,198451 0,000518
shock 0,235722 0,000615
shooting 0,634878 0,001658
short 0,020203 0,000053
shout 0,186330 0,000487
sign 0,051293 0,000134
simple 0,094311 0,000246
simply 0,150823 0,000394
sit 0,010050 0,000052
sixth 0,446287 0,001165
slight 0,072571 0,000379
sloppily 3,912023 0,010214
sloppy 2,813411 0,007346
slowly 0,150823 0,000394
smoothly 1,021651 0,002667
snap 0,733969 0,001916
sort 0,072571 0,000189
space 0,105361 0,000275
spaceship 3,912023 0,010214
spacesuit 3,912023 0,020428
speaking 0,072571 0,000189
spectacular 2,813411 0,007346
speed 0,274437 0,000717
spotted 0,994252 0,002596
squabble 2,040221 0,005327
staff 0,261365 0,000682
stage 0,186330 0,000487
stand -0,009950 -0,000026
start -0,009950 -0,000052
startled 0,415515 0,001085
steam 0,579818 0,001514
steer 0,994252 0,002596
stretch 0,116534 0,000304
study 0,094311 0,000246
stuff 0,223144 0,000583
subject 0,061875 0,000162
suit 0,198451 0,000518
suitable 0,462035 0,001206
supply 0,210721 0,000550
suppose 0,020203 0,000053
surprise 0,150823 0,000394
surprised 0,210721 0,000550
suspect 0,162519 0,000424
sympathetic 1,021651 0,002667
sympathetically 1,897120 0,004953
talking 0,150823 0,000394
tentacle 3,218876 0,016809
terrible 0,186330 0,000487
thankfully 2,040221 0,005327
theory 0,400478 0,001046
thirst 0,494296 0,001291
thoughtfully 0,994252 0,002596
time -0,009950 -0,000026
toll 1,427116 0,003726
touch 0,010050 0,000026
transfer 0,693147 0,001810
trick 0,274437 0,000717
trip 0,510826 0,001334
truck 1,560648 0,004075
unbelievable 2,659260 0,006943
uncover 0,916291 0,002392
underground 1,309333 0,003419
uneven 1,427116 0,003726
united 0,094311 0,000246
universe 0,733969 0,001916
unloading 2,120264 0,005536
unused 1,966113 0,005133
upset 0,755023 0,001971
vicious 0,653926 0,001707
vivid 0,776529 0,002027
vulture 1,427116 0,007452
wait 0,061875 0,000323
waiting 0,083382 0,000218
walk 0,000000 0,000000
wall 0,094311 0,000492
wan 1,427116 0,003726
war 0,139262 0,000364
waste 0,127833 0,000334
watch 0,020203 0,000053
wave 0,210721 0,000550
weary 0,186330 0,000487
whip 0,400478 0,001046
wit 0,198451 0,000518
workman 0,755023 0,001971
worry 0,544727 0,001422
worth 0,061875 0,000162
wrong 0,072571 0,000189
