abbey 1,609438 0,005234
account 0,010050 0,000016
acknowledge 0,274437 0,000446
aged 0,198451 0,000323
aid 0,210721 0,000343
allan 2,813411 0,004575
aloft 0,916291 0,001490
amply 0,967584 0,001573
anon 1,272966 0,002070
apartment 0,597837 0,001944
appal 1,021651 0,001661
appearance 0,072571 0,000236
appliance 2,040221 0,003317
appointment 0,579818 0,000943
approach 0,040822 0,000133
approve 0,342490 0,000557
arabesque 2,302585 0,003744
arrest 0,544727 0,001771
assembly 0,798508 0,001298
assume 0,162519 0,000264
assumption 1,309333 0,002129
attain 0,328504 0,000534
attention 0,083382 0,000136
august 0,616186 0,001002
avatar 2,995732 0,004871
aware 0,223144 0,000363
awe 0,597837 0,000972
ball 0,287682 0,000468
ballet 2,302585 0,003744
ban 1,660731 0,002700
barbaric 1,714798 0,002788
battlements 1,714798 0,002788
bear 0,000000 0,000000
beat 0,083382 0,000136
beautiful 0,083382 0,000136
beauty 0,162519 0,000264
bedew 2,207275 0,003589
bell 0,301105 0,000490
besprinkle 2,659260 0,004324
bid 0,186330 0,000303
bizarre 2,207275 0,003589
black 0,061875 0,000101
blackness 1,237874 0,002013
blasphemous 2,040221 0,003317
bleeding 0,843970 0,001372
blood 0,116534 0,000189
blue 0,174353 0,000284
body 0,010050 0,000016
bold 0,223144 0,000363
bolt 0,494296 0,000804
bound 0,301105 0,000490
brazen 1,171183 0,001904
brazier 2,040221 0,003317
bring 0,000000 0,000000
broad 0,127833 0,000208
brow 0,446287 0,001451
buffoon 1,966113 0,003197
buzz 1,049822 0,001707
candelabrum 3,912023 0,006361
candle 0,415515 0,000676
care 0,000000 0,000000
carpet 0,462035 0,000751
casement 1,714798 0,002788
castellated 3,218876 0,005234
cease 0,061875 0,000101
ceiling 0,510826 0,000831
centre 0,385662 0,000627
cerement 2,813411 0,004575
cessation 1,386294 0,002254
chamber 0,328504 0,001068
character 0,061875 0,000101
cheat 0,776529 0,001263
chime 1,139434 0,005558
chord 1,203973 0,001958
circuit 0,867501 0,001411
clang 1,203973 0,001958
clock 0,510826 0,000831
close 0,010050 0,000065
closely 0,223144 0,000363
colour 0,510826 0,001661
coloured 0,693147 0,001127
commence 0,579818 0,000943
company 0,020203 0,000033
conceal 0,198451 0,000323
conception 0,562119 0,000914
confront 0,776529 0,001263
confused 0,248461 0,000404
constrain 0,733969 0,001193
contagion 1,714798 0,002788
convulse 1,347074 0,002190
corpse 0,616186 0,001002
correspond 0,843970 0,001372
corridor 1,108663 0,003605
costume 1,021651 0,001661
countenance 0,371064 0,001207
country 0,010050 0,000016
courage 0,150823 0,000245
court 0,094311 0,000153
courtier 1,560648 0,002538
cowardice 0,994252 0,001617
creation 0,198451 0,000323
creep 0,198451 0,000323
crowd 0,174353 0,000284
crowded 0,301105 0,000490
dabble 1,714798 0,002788
dagger 1,139434 0,001853
dame 1,021651 0,001661
dancer 1,309333 0,002129
dark 0,051293 0,000083
darkness 0,186330 0,000303
dauntless 2,120264 0,003448
deadly 0,478036 0,000777
death 0,020203 0,000033
decay 0,544727 0,000886
decide 0,040822 0,000066
decoration 1,309333 0,002129
decorum 1,771957 0,002881
deep 0,020203 0,000033
deeply 0,261365 0,000425
defiance 0,713350 0,001160
deliberate 0,673345 0,001095
delirious 1,386294 0,002254
demand 0,051293 0,000083
densely 1,832581 0,002980
depart 0,162519 0,000264
depend 0,040822 0,000066
depopulate 2,407946 0,003915
despair 0,174353 0,000284
despairing 0,798508 0,001298
detect 0,562119 0,000914
devastate 2,302585 0,003744
die 0,010050 0,000033
difficulty 0,116534 0,000189
direct 0,040822 0,000066
direction 0,051293 0,000083
disapprobation 2,040221 0,003317
disconcert 1,171183 0,001904
disease 0,328504 0,000534
disgust 0,430783 0,000700
disposed 0,385662 0,000627
disregard 0,820981 0,001335
dissolution 1,427116 0,002321
distaste 1,771957 0,002881
distinguished 0,301105 0,000490
dizziness 2,302585 0,003744
dominion 0,941609 0,003062
door 0,000000 0,000000
drapery 1,832581 0,002980
draw 0,020203 0,000033
dream 0,083382 0,000136
drop 0,061875 0,000101
duke 0,967584 0,001573
dull 0,174353 0,000284
ear 0,061875 0,000101
eastern 0,733969 0,001193
ebony 1,660731 0,002700
eccentric 0,916291 0,001490
echo 0,356675 0,001160
edgar 2,207275 0,003589
egress 2,040221 0,003317
emanate 1,771957 0,002881
embellishment 1,609438 0,002617
embrace 0,235722 0,000767
emotion 0,356675 0,000580
emphasis 0,891598 0,001450
emphatic 1,427116 0,002321
endure 0,210721 0,000343
enter 0,020203 0,000033
entertained 0,616186 0,001002
equally 0,223144 0,000363
ere 0,634878 0,001032
erect 0,446287 0,000726
evolution 1,171183 0,001904
exceedingly 0,462035 0,000751
excited 0,248461 0,000404
exist 0,072571 0,000118
expect 0,051293 0,000083
expire 0,916291 0,001490
expressive 0,733969 0,001193
extensive 0,798508 0,001298
extent 0,083382 0,000136
external 0,562119 0,000914
extreme 0,186330 0,000303
extremity 0,693147 0,001127
eye 0,000000 0,000000
fail 0,072571 0,000118
fall 0,000000 0,000000
falls 0,328504 0,000534
fancy 0,162519 0,000264
fantastic 0,798508 0,001298
fashion 0,105361 0,000343
fatal 0,342490 0,000557
feature 0,261365 0,000425
feel 0,020203 0,000033
fellow 0,040822 0,000066
feverishly 1,832581 0,002980
fiery 0,713350 0,001160
figure 0,051293 0,000167
finally 0,150823 0,000245
fine 0,061875 0,000101
flame 0,248461 0,000404
float 0,328504 0,000534
flow 0,174353 0,000284
fly 0,116534 0,000189
fold 0,287682 0,000468
folding 1,049822 0,001707
follower 0,713350 0,001160
folly 0,274437 0,000446
foot 0,051293 0,000167
form 0,020203 0,000033
fourth 0,174353 0,000284
frenzy 0,867501 0,001411
friend 0,000000 0,000000
fro 0,494296 0,000804
frozen 0,733969 0,001193
furiously 0,755023 0,001228
furnace 0,967584 0,001573
furnished 0,328504 0,000534
gaiety 1,237874 0,002013
gasp 0,579818 0,000943
gate 0,210721 0,000343
gaudy 1,347074 0,002190
gaunt 1,139434 0,001853
gay 0,494296 0,000804
ghastly 0,867501 0,001411
giddy 1,108663 0,001803
gigantic 0,994252 0,001617
girdle 1,078810 0,001754
glare 0,733969 0,001193
glaringly 3,506558 0,005702
glass 0,174353 0,000284
gleam 0,510826 0,000831
glitter 0,579818 0,000943
glow 0,314711 0,000512
golden 0,342490 0,000557
gothic 1,609438 0,002617
grave 0,116534 0,000189
green 0,105361 0,000171
grieve 0,673345 0,001095
grotesque 1,021651 0,001661
grow 0,010050 0,000016
guide 0,083382 0,000136
habiliment 2,995732 0,004871
hale 1,714798 0,002788
hall 0,274437 0,000892
hammer 0,544727 0,000886
hand 0,010050 0,000033
handle 0,223144 0,000363
hang 0,198451 0,000323
hanging 0,235722 0,000383
happen 0,030459 0,000050
happy 0,061875 0,000101
harken 3,912023 0,006361
head 0,000000 0,000000
hear 0,010050 0,000016
heart 0,010050 0,000033
hearted 0,415515 0,000676
heavy 0,030459 0,000050
hernani 3,506558 0,005702
hideous 0,527633 0,000858
hoarsely 1,560648 0,002538
hold 0,010050 0,000016
horror 0,198451 0,000323
hour 0,061875 0,000101
hue 0,776529 0,001263
hung 0,174353 0,000284
hurriedly 0,891598 0,001450
hush 0,527633 0,000858
illimitable 2,525729 0,004107
illumine 1,309333 0,002129
image 0,301105 0,000490
impede 1,309333 0,002129
imperial 1,021651 0,001661
impetuosity 1,714798 0,002788
impulse 0,400478 0,001302
incident 0,356675 0,000580
indefinite 1,309333 0,002129
individual 0,139262 0,000453
indulge 0,527633 0,000858
ingress 2,302585 0,003744
inspire 0,371064 0,000603
instant 0,210721 0,000343
instantly 0,356675 0,000580
insult 0,415515 0,000676
intruder 1,108663 0,001803
iron 0,162519 0,000264
irregularly 1,832581 0,002980
jest 0,616186 0,002004
knights 1,309333 0,002129
lamp 0,400478 0,000651
lapse 0,733969 0,001193
laughter 0,274437 0,000446
lay 0,030459 0,000050
leave -0,009950 -0,000016
left 0,000000 0,000000
leisure 0,579818 0,000943
licence 1,560648 0,002538
lie 0,020203 0,000033
life -0,009950 -0,000016
light 0,000000 0,000000
lighted 0,261365 0,000425
limb 0,248461 0,000404
live 0,010050 0,000016
lofty 0,494296 0,000804
lose 0,000000 0,000000
loud 0,105361 0,000171
loudly 0,400478 0,000651
love 0,030459 0,000050
lung 0,867501 0,001411
lustre 1,139434 0,001853
mad 0,235722 0,000383
madden 1,771957 0,002881
madman 0,941609 0,001531
magnificence 1,237874 0,002013
magnificent 0,328504 0,000534
mask 0,673345 0,002190
masker 3,506558 0,005702
masque 2,995732 0,004871
masquerade 1,771957 0,002881
masquerader 3,506558 0,005702
massy 1,966113 0,003197
material 0,261365 0,000425
matter 0,000000 0,000000
measure 0,127833 0,000208
meditation 0,776529 0,002525
mere 0,094311 0,000153
merrily 1,272966 0,002070
middle 0,030459 0,000050
midnight 0,328504 0,000534
minute 0,150823 0,000490
mockery 0,916291 0,001490
moment 0,010050 0,000016
momentarily 1,832581 0,002980
momentary 0,693147 0,001127
monotonous 1,078810 0,001754
month 0,040822 0,000066
motionless 0,544727 0,000886
movable 1,514128 0,002462
movement 0,287682 0,000468
muffle 1,108663 0,001803
multitude 0,385662 0,000627
mummer 3,912023 0,006361
murmur 0,287682 0,000468
music 0,198451 0,000323
musical 0,579818 0,000943
musician 1,171183 0,001904
nameless 1,078810 0,001754
narrow 0,094311 0,000153
nervousness 1,714798 0,002788
night 0,010050 0,000016
note 0,094311 0,000153
observe 0,094311 0,000153
occasion 0,105361 0,000171
orange 0,776529 0,001263
orchestra 1,609438 0,002617
ordinary 0,186330 0,000303
ornament 0,527633 0,000858
pain 0,051293 0,000083
paint 0,274437 0,000446
palace 0,494296 0,000804
pale 0,186330 0,000303
pane 1,078810 0,001754
party 0,030459 0,000050
pass 0,020203 0,000033
pause 0,314711 0,000512
peal 1,078810 0,001754
peculiar 0,223144 0,000363
pendulum 2,120264 0,003448
perforce 1,609438 0,002617
performance 0,127833 0,000208
person -0,009950 -0,000016
pervade 1,139434 0,001853
pest 1,560648 0,002538
pestilence 1,386294 0,002254
phantasm 2,525729 0,008214
piquancy 2,995732 0,004871
plan 0,198451 0,000323
pleasure 0,051293 0,000083
poe 2,525729 0,004107
pore 1,203973 0,001958
posture 0,967584 0,001573
precaution 0,733969 0,001193
precinct 1,427116 0,002321
presence 0,094311 0,000153
prevail 0,287682 0,000468
prince 0,462035 0,000751
produce 0,061875 0,000201
profuse 1,609438 0,002617
profusion 1,347074 0,002190
progress 0,162519 0,000264
project -0,009950 -0,000032
propriety 0,843970 0,001372
prospero 3,912023 0,006361
prostrate 0,673345 0,001095
provision 0,094311 0,000153
purple 0,616186 0,001002
pursue 0,186330 0,000303
pursuer 1,272966 0,002070
question 0,020203 0,000033
quiet 0,094311 0,000153
rage 0,139262 0,000453
rapid 0,371064 0,000603
ray 0,462035 0,000751
reach 0,000000 0,000000
reckless 1,049822 0,001707
red 0,061875 0,000101
redden 1,171183 0,001904
redness 2,040221 0,003317
remote 0,478036 0,000777
resemble 0,400478 0,000651
resolve 0,287682 0,000468
retired 0,342490 0,000557
retreat 0,342490 0,000557
revel 0,994252 0,003233
reveller 2,120264 0,003448
reverie 1,203973 0,001958
robust 0,967584 0,001573
role 1,609438 0,002617
roof 0,186330 0,000303
ruddy 0,967584 0,001573
rudeness 1,203973 0,001958
rumour 1,078810 0,001754
rush 0,127833 0,000416
sable 1,514128 0,002462
sagacious 1,660731 0,002700
save 0,010050 0,000016
scarcely 0,301105 0,000490
scarlet 0,798508 0,001298
scattered 0,139262 0,000226
scene 0,127833 0,000208
scrutiny 1,237874 0,002013
seal 0,371064 0,000603
seclusion 1,237874 0,002013
security 0,478036 0,000777
sedate 2,120264 0,003448
seize 0,116534 0,000568
seizure 1,714798 0,002788
sensation 0,371064 0,000603
set 0,010050 0,000016
seventh 0,562119 0,000914
shadow 0,162519 0,000264
shame 0,223144 0,000363
sharp 0,139262 0,000226
shrink 0,462035 0,000751
shroud 0,916291 0,001490
shudder 0,446287 0,000726
shut 0,051293 0,000083
silence 0,051293 0,000083
silent 0,051293 0,000083
single 0,083382 0,000136
sink 0,072571 0,000118
sixth 0,446287 0,000726
slide 0,713350 0,001160
slight 0,072571 0,000118
slow 0,139262 0,000226
smile 0,150823 0,000245
solemn 0,301105 0,000490
solemnly 0,579818 0,000943
sound 0,010050 0,000049
speak 0,030459 0,000050
speaker 0,634878 0,001032
spectral 1,897120 0,003085
spite 0,139262 0,000226
spread 0,051293 0,000083
stain 0,478036 0,001555
stalk 0,755023 0,001228
stand -0,009950 -0,000049
start -0,009950 -0,000016
stately 0,733969 0,001193
step 0,030459 0,000099
stiff 0,430783 0,000700
stiffen 1,078810 0,001754
straight 0,105361 0,000171
stranger 0,139262 0,000226
stream 0,139262 0,000453
stricken 0,653926 0,001063
strike 0,020203 0,000033
stroke 0,301105 0,000490
strong 0,020203 0,000033
structure 0,634878 0,001032
subdued 0,494296 0,000804
sudden 0,072571 0,000118
suddenly 0,040822 0,000066
suite 1,469676 0,004779
summon 0,544727 0,001771
sunrise 0,891598 0,001450
suppose 0,020203 0,000033
surprise 0,150823 0,000245
sustain 0,314711 0,000512
swell 0,186330 0,000303
swing 0,430783 0,000700
sympathy 0,314711 0,000512
tall 0,198451 0,000323
tangible 1,560648 0,002538
tapestry 1,660731 0,002700
taste 0,105361 0,000343
termination 1,309333 0,002129
terrible 0,186330 0,000303
terror 0,162519 0,000264
thief 0,462035 0,000751
thoughtful 0,693147 0,001127
throng 0,891598 0,001450
throw 0,010050 0,000016
time -0,009950 -0,000016
tinted 1,609438 0,002617
touch 0,010050 0,000033
tremulousness 3,912023 0,006361
tripod 2,302585 0,007488
truth 0,030459 0,000050
type 0,174353 0,000284
uneasy 0,544727 0,000886
unimpeded 3,218876 0,005234
uninterruptedly 2,813411 0,004575
unlimited 1,078810 0,001754
unmask 2,525729 0,004107
unsuited 2,659260 0,004324
untenanted 2,040221 0,003317
unusual 0,415515 0,000676
unutterable 1,203973 0,001958
utter 0,162519 0,000264
utterly 0,371064 0,000603
vary 0,342490 0,000557
vast 0,223144 0,000363
velvet 0,891598 0,001450
venture 0,223144 0,000363
vesture 2,207275 0,003589
victim 0,385662 0,000627
view 0,040822 0,000066
violent 0,223144 0,000363
violet 1,139434 0,001853
visage 1,203973 0,001958
vision 0,301105 0,000490
vista 1,714798 0,002788
vividly 1,139434 0,001853
voice 0,020203 0,000033
voluptuous 1,469676 0,002390
vow 0,616186 0,001002
wall 0,094311 0,000307
waltzer 3,912023 0,006361
wane 0,967584 0,001573
wanton 1,021651 0,001661
wave 0,210721 0,000343
weld 2,407946 0,003915
western 0,616186 0,001002
westwardly 3,912023 0,006361
whirlingly 3,912023 0,006361
whispering 0,798508 0,001298
whisperingly 3,506558 0,005702
white 0,051293 0,000083
wild 0,051293 0,000083
winding 1,560648 0,002538
window 0,162519 0,000529
wine 0,235722 0,000383
wit 0,198451 0,000323
writhe 0,867501 0,002821
yard 0,223144 0,000726
