abandon 0,223144 0,000044
abbreviation 2,302585 0,000455
abjectly 2,659260 0,000526
aboard 1,237874 0,000245
aborigine 2,525729 0,000999
abruptly 0,843970 0,000167
absently 2,302585 0,000455
abstract 0,733969 0,000145
accident 0,274437 0,000054
accidentally 0,820981 0,000162
acclaimed 2,995732 0,000592
accommodate 0,916291 0,000181
accommodation 1,203973 0,000238
accompany 0,094311 0,000019
accordion 3,912023 0,000773
account 0,010050 0,000006
accuse 0,385662 0,000076
ache 0,733969 0,000145
acquaint 0,342490 0,000068
acre 0,776529 0,000307
actor 0,755023 0,000149
adam 0,941609 0,000186
add 0,094311 0,000019
addition 0,116534 0,000023
address 0,072571 0,000029
adjacent 1,469676 0,000291
adjoin 0,798508 0,000158
admire 0,356675 0,000071
admired 0,579818 0,000115
admirer 0,916291 0,000362
admit 0,116534 0,000023
adultery 1,832581 0,000362
advance 0,061875 0,000012
advantage 0,127833 0,000025
advent 1,514128 0,000299
adventure 0,301105 0,000060
advertise 1,108663 0,000219
advertiser 3,218876 0,000636
advice 0,186330 0,000037
advise 0,301105 0,000119
adze 3,506558 0,000693
aeolian 2,813411 0,000556
affair 0,094311 0,000019
affectionate 0,616186 0,000122
afford 0,186330 0,000037
aforesaid 1,469676 0,000291
afraid 0,105361 0,000021
afresh 1,021651 0,000202
aft 1,771957 0,000350
afternoon 0,274437 0,000108
afterthought 2,525729 0,000499
age 0,040822 0,000016
agen 2,813411 0,000556
agent 0,223144 0,000088
aggravate 1,171183 0,000232
aggravating 2,120264 0,000419
aggressively 2,813411 0,000556
agin 2,120264 0,000419
agitation 0,673345 0,000133
agone 2,659260 0,000526
agree 0,051293 0,000020
agricultural 1,832581 0,000362
ailment 1,832581 0,000362
aim 0,287682 0,000057
aimlessly 1,897120 0,000375
air 0,061875 0,000012
ajar 1,514128 0,000299
alan 2,659260 0,000526
alarm 0,314711 0,000062
alarmed 0,478036 0,000094
alas 0,462035 0,000091
alderman 2,525729 0,000499
aldermanic 3,506558 0,000693
aldermen 2,659260 0,000526
alight 0,755023 0,000149
alike 0,287682 0,000057
alive 0,051293 0,000010
allege 1,108663 0,000438
alluvial 2,659260 0,000526
aloud 0,301105 0,000060
alright 3,506558 0,000693
alter 0,235722 0,000093
altogether 0,198451 0,000039
ambition 0,510826 0,000101
amendment 1,714798 0,000339
america 0,579818 0,000115
american 0,634878 0,000251
amiability 2,120264 0,000419
amuse 0,371064 0,000073
amusement 0,478036 0,000094
amusing 0,693147 0,000137
anderson 2,120264 0,000419
andy 3,218876 0,000636
angel 0,579818 0,000115
angels 0,776529 0,000153
anger 0,287682 0,000057
angle 0,478036 0,000189
angry 0,174353 0,000034
animal 0,223144 0,000044
ankle 0,916291 0,000181
annie 2,407946 0,000476
anniversary 1,771957 0,000350
annoyed 0,733969 0,000145
anon 1,272966 0,000252
answer 0,020203 0,000008
ant 1,309333 0,000259
antique 1,108663 0,000219
anxiety 0,287682 0,000057
anxious 0,261365 0,000052
anxiously 0,693147 0,000137
ape 1,203973 0,000238
apologise 1,714798 0,001017
appealing 1,171183 0,000232
appearance 0,072571 0,000014
appertain 1,832581 0,000362
applause 0,916291 0,000181
apple 0,494296 0,000195
apply 0,116534 0,000046
appreciation 1,049822 0,000208
apprehensively 2,207275 0,000436
approach 0,040822 0,000008
apt 0,579818 0,000115
arab 1,386294 0,000548
argue 0,371064 0,000220
argument 0,287682 0,000057
aright 1,078810 0,000213
aristocracy 1,386294 0,000274
aristocrat 2,040221 0,000403
aristocratic 1,309333 0,000259
arithmetic 1,203973 0,000238
arm 0,030459 0,000012
arrange 0,198451 0,000078
arrangement 0,274437 0,000108
arrest 0,544727 0,000108
arrival 0,328504 0,000065
arrive 0,083382 0,000033
artist 0,562119 0,000111
ash 0,400478 0,000079
ashamed 0,248461 0,000049
ashen 2,302585 0,000455
ashore 1,139434 0,000225
ashtray 3,506558 0,000693
asiatic 1,660731 0,000328
asleep 0,162519 0,000032
ass 0,916291 0,000181
assistance 0,105361 0,000021
assistant 0,755023 0,000149
assure 0,127833 0,000051
astern 2,120264 0,000419
astonish 0,261365 0,000052
astonishment 0,301105 0,000060
astride 1,514128 0,000299
asylum 1,309333 0,000259
atmosphere 0,579818 0,000115
attach 0,116534 0,000023
attack 0,198451 0,000039
attempt 0,051293 0,000010
attendance 0,776529 0,000153
attendant 0,616186 0,000122
attention 0,083382 0,000016
attraction 0,653926 0,000129
auctioneer 2,525729 0,000499
audience 0,733969 0,000145
auger 2,659260 0,000526
aunt 0,798508 0,000158
auntie 2,525729 0,000499
australia 2,040221 0,000403
australian 2,407946 0,000952
author 0,116534 0,000023
autobiography 2,407946 0,000476
av 3,506558 0,000693
average 0,733969 0,000290
awake 0,150823 0,000030
aware 0,223144 0,000044
awful 0,328504 0,000065
awkward 0,544727 0,000108
awkwardly 1,272966 0,000252
axe 1,049822 0,000208
axle 1,832581 0,000362
babble 1,427116 0,000282
baby 0,653926 0,000259
babyishly 3,912023 0,000773
bachelor 0,967584 0,000191
backer 2,995732 0,000592
background 0,867501 0,000171
bacon 0,994252 0,000197
bad 0,020203 0,000012
badly 0,446287 0,000088
bag 0,446287 0,000176
bail 1,966113 0,000777
bait 0,994252 0,000393
bake 1,897120 0,000375
baked 1,237874 0,000245
baker 1,203973 0,000238
balcony 1,347074 0,000266
bald 0,967584 0,000191
bale 1,660731 0,000657
band 0,342490 0,000068
bandage 1,108663 0,000219
bandaged 1,832581 0,000362
bandicoot 3,912023 0,000773
bang 1,049822 0,000623
bank 0,210721 0,000083
banquet 1,108663 0,000219
bar 0,235722 0,000140
bare 0,150823 0,000030
bargain 0,527633 0,000104
bark 0,478036 0,000189
barkless 3,912023 0,000773
barmaid 3,218876 0,001273
barrack 2,302585 0,000455
barracking 3,912023 0,000773
barrel 0,673345 0,000133
barrelled 2,525729 0,000499
barren 0,713350 0,000141
barrow 1,897120 0,000375
base 0,094311 0,000019
basic 2,995732 0,000592
basin 0,916291 0,000362
basket 0,579818 0,000115
bath 0,274437 0,000054
batten 2,407946 0,000952
batter 0,891598 0,000176
battle 0,235722 0,000047
bazaar 1,966113 0,000389
beak 1,347074 0,000266
beam 0,430783 0,000085
bear 0,000000 0,000000
beard 0,527633 0,000104
bearded 1,108663 0,000219
beast 0,235722 0,000047
beastly 1,897120 0,000375
beat 0,083382 0,000049
beautiful 0,083382 0,000016
beauty 0,162519 0,000064
bed 0,051293 0,000020
bedding 1,771957 0,000350
bedroom 0,798508 0,000158
bedstead 1,237874 0,000245
bee 0,673345 0,000133
beef 0,916291 0,000181
beer 0,941609 0,000372
befitting 1,771957 0,000350
beg 0,116534 0,000069
begrudge 3,912023 0,000773
bein 2,207275 0,000436
belle 1,427116 0,000282
bellyful 3,506558 0,000693
belong 0,072571 0,000043
belongings 1,714798 0,000339
belt 0,653926 0,000129
bend 0,314711 0,000062
beneath 0,198451 0,000039
bent 0,174353 0,000034
bet 0,967584 0,000383
beware 0,820981 0,000162
bib 2,659260 0,000526
bible 0,755023 0,000149
billet 1,771957 0,000350
bills 3,506558 0,000693
billy 2,207275 0,000873
bin 2,525729 0,000499
bind 0,030459 0,000006
bird 0,150823 0,000030
birthday 1,108663 0,000438
bit 0,139262 0,000055
bitch 2,040221 0,000403
bite 0,371064 0,000073
bitter 0,210721 0,000042
black 0,061875 0,000037
blackboard 3,218876 0,000636
blacken 1,139434 0,000225
blackguard 1,514128 0,000599
blackness 1,237874 0,000245
blacksmith 1,427116 0,000282
blade 0,616186 0,000244
bladed 2,813411 0,000556
blame 0,162519 0,000032
bland 2,040221 0,000403
blank 0,527633 0,000313
blanket 0,891598 0,000352
blankly 2,207275 0,000436
blankness 2,813411 0,000556
blanky 3,912023 0,000773
blasting 2,407946 0,000476
blaze 0,634878 0,000376
blazes 1,832581 0,000362
bleed 0,967584 0,000191
bleeding 0,843970 0,000167
bless 0,415515 0,000082
blessed 0,356675 0,000071
blight 1,386294 0,000548
blind 0,174353 0,000034
blindly 0,941609 0,000186
blink 0,994252 0,000393
blister 1,609438 0,000318
block 0,494296 0,000195
blood 0,116534 0,000023
blooded 1,560648 0,000308
bloodshot 1,897120 0,000375
bloody 0,527633 0,000104
bloom 0,527633 0,000104
blotch 1,660731 0,000657
blow 0,061875 0,000049
blucher 3,218876 0,000636
blue 0,174353 0,000069
bluff 1,514128 0,000299
bluish 1,897120 0,000375
blunder 0,776529 0,000307
blurt 2,207275 0,000436
board 0,261365 0,000155
boast 0,328504 0,000065
bob 1,427116 0,000564
bobbery 3,506558 0,000693
bobby 2,813411 0,000556
body 0,010050 0,000004
bog 1,469676 0,000291
bogan 3,912023 0,000773
boggy 2,525729 0,000499
boil 0,385662 0,000305
boiler 1,609438 0,000636
bole 2,525729 0,000499
bolt 0,494296 0,000293
bomb 2,302585 0,000455
bone 0,198451 0,000078
bony 1,469676 0,000291
book 0,040822 0,000016
boom 1,347074 0,000266
boose 3,912023 0,000773
boot 0,430783 0,000170
boozer 3,912023 0,000773
border 0,400478 0,000079
bore 0,820981 0,000325
borrow 0,462035 0,000091
bosom 0,446287 0,000088
boss 1,469676 0,000872
bother 0,843970 0,000500
bottle 0,430783 0,000170
bough 0,916291 0,000362
boulder 2,302585 0,000455
bound 0,301105 0,000060
boundary 1,049822 0,000415
bow 0,127833 0,000051
box 0,248461 0,000098
boxes 0,798508 0,000158
boy 0,105361 0,000042
boyhood 1,237874 0,000245
brace 0,891598 0,000176
braced 1,609438 0,000318
braid 1,347074 0,000266
brain 0,314711 0,000124
brake 1,514128 0,000299
branch 0,186330 0,000110
brand 0,733969 0,000290
brandy 0,941609 0,000186
brass 0,462035 0,000091
brassy 3,218876 0,000636
brave 0,342490 0,000135
bread 0,248461 0,000049
break 0,010050 0,000010
breaker 1,347074 0,000266
breakfast 0,342490 0,000068
bream 2,813411 0,000556
breath 0,174353 0,000069
breathe 0,261365 0,000052
breathing 0,462035 0,000091
breathless 0,673345 0,000133
breeches 1,203973 0,000238
breed 0,342490 0,000135
breeding 0,967584 0,000191
breeze 0,713350 0,000141
briar 2,995732 0,000592
brick 0,653926 0,000259
bridge 0,430783 0,000085
bridle 0,916291 0,000543
bright 0,094311 0,000056
brighten 0,673345 0,000399
brightly 0,994252 0,000197
brilliant 0,430783 0,000085
brim 0,994252 0,000393
bring 0,000000 0,000000
brisbane 3,912023 0,000773
briskly 0,967584 0,000191
british 0,843970 0,000167
broad 0,127833 0,000051
brogue 2,995732 0,000592
broil 1,771957 0,000350
brood 0,597837 0,000355
broom 1,347074 0,000266
brother 0,127833 0,000025
brotherly 1,609438 0,000318
brothers 0,356675 0,000071
brow 0,446287 0,000088
brown 0,274437 0,000108
brownie 3,218876 0,000636
brownish 2,525729 0,000499
bruise 0,673345 0,000133
brumby 3,912023 0,000773
brush 0,478036 0,000094
brutal 0,755023 0,000149
brutally 2,040221 0,000403
brute 0,462035 0,000091
buck 1,386294 0,000274
bucket 1,049822 0,000415
bucketful 2,995732 0,000592
buffer 3,506558 0,000693
bug 1,966113 0,000389
buggy 2,995732 0,001184
build 0,094311 0,000037
builder 1,108663 0,000219
building 0,210721 0,000083
bull 0,430783 0,000085
bullet 0,867501 0,000171
bulletin 2,207275 0,000436
bullock 1,714798 0,000678
bump 1,560648 0,000308
bunch 0,776529 0,000307
bundle 0,653926 0,000129
bung 2,995732 0,000592
bunk 2,120264 0,000838
burden 0,198451 0,000039
burglar 1,386294 0,000274
burke 2,525729 0,000499
burn 0,061875 0,000037
burns 1,203973 0,000238
burred 3,912023 0,000773
burst 0,248461 0,000049
bursting 0,713350 0,000141
bury 0,186330 0,000110
bush 0,430783 0,000170
bushcraft 3,912023 0,000773
bushel 1,660731 0,000328
bushman 3,506558 0,000693
bushmen 3,912023 0,000773
bushranging 3,912023 0,000773
bushwoman 3,912023 0,000773
bushy 1,272966 0,000252
business 0,040822 0,000008
bustle 0,693147 0,000274
bustling 1,386294 0,000274
busy 0,210721 0,000042
butcher 0,891598 0,000176
butchery 2,120264 0,000419
butt 1,078810 0,000426
butter 0,798508 0,000158
buttercup 2,525729 0,000499
butterfly 1,171183 0,000232
button 0,693147 0,000274
bye 0,776529 0,000153
bygones 3,218876 0,000636
cabbage 1,514128 0,000299
cabin 0,843970 0,000167
cable 1,386294 0,000274
caddie 3,912023 0,000773
cake 0,733969 0,000290
calf 0,798508 0,000316
calico 1,771957 0,000350
californian 2,659260 0,000526
calm 0,274437 0,000054
calmly 0,510826 0,000101
camel 1,309333 0,000259
camp 0,544727 0,000431
canary 1,514128 0,000299
candle 0,415515 0,000164
canine 1,966113 0,000389
cannibal 1,832581 0,000362
canter 2,040221 0,000807
canvas 0,916291 0,000181
cap 0,356675 0,000141
caper 1,560648 0,000308
capital 0,314711 0,000062
capitalize 3,506558 0,000693
carcass 1,171183 0,000232
card 0,139262 0,000055
care 0,000000 0,000000
career 0,478036 0,000094
careful 0,174353 0,000034
carefully 0,139262 0,000028
careless 0,494296 0,000098
carelessly 0,776529 0,000153
carelessness 1,021651 0,000202
carnal 1,714798 0,000339
carolina 2,207275 0,000436
carpenter 0,891598 0,000176
carpentering 2,995732 0,000592
carpentry 2,659260 0,000526
carriage 0,356675 0,000071
carrier 1,347074 0,000266
carrion 1,832581 0,000362
carry 0,010050 0,000008
cart 0,597837 0,000355
cartridge 1,560648 0,000308
cash 0,967584 0,000191
cask 1,309333 0,000259
cast 0,116534 0,000023
caste 1,469676 0,000581
castrate 3,218876 0,000636
casual 1,078810 0,000213
casually 1,386294 0,000274
cat 0,462035 0,000183
catch 0,072571 0,000043
cattle 0,544727 0,000108
cautious 0,673345 0,000133
cautiously 0,867501 0,000171
cave 0,653926 0,000129
cedar 1,386294 0,000274
ceiling 0,510826 0,000202
cell 0,776529 0,000153
cellar 0,798508 0,000158
cemetery 1,469676 0,000291
centre 0,385662 0,000076
century 0,328504 0,000065
chaff 1,347074 0,000533
chain 0,174353 0,000103
chair 0,261365 0,000103
chairman 2,302585 0,000455
chalk 1,139434 0,000225
chamber 0,328504 0,000065
chamoix 1,714798 0,000339
champion 0,916291 0,000181
chance 0,061875 0,000024
chancery 2,040221 0,000403
change 0,010050 0,000004
changeless 2,813411 0,000556
chap 0,891598 0,000352
character 0,061875 0,000024
characteristic 0,400478 0,000079
charge 0,040822 0,000008
chase 0,430783 0,000170
chat 0,867501 0,000343
chattel 2,207275 0,000436
cheap 0,579818 0,000115
cheat 0,776529 0,000153
check 0,072571 0,000014
cheek 0,261365 0,000103
cheer 0,356675 0,000141
cheerful 0,385662 0,000076
cheerfully 0,820981 0,000162
cheerily 1,660731 0,000328
cheque 1,897120 0,000750
chest 0,342490 0,000068
chested 2,525729 0,000499
chestnut 1,108663 0,000219
chew 0,967584 0,000191
chicken 0,941609 0,000186
chief 0,094311 0,000019
child 0,040822 0,000016
childhood 0,527633 0,000104
childish 0,713350 0,000141
chilly 1,237874 0,000245
chimney 0,634878 0,000251
chin 0,478036 0,000094
china 0,776529 0,000153
chinaman 2,813411 0,000556
chinamen 2,813411 0,000556
chinese 1,139434 0,000225
chip 1,386294 0,000274
chisel 1,469676 0,000291
choke 0,446287 0,000176
choose 0,020203 0,000008
chop 1,021651 0,000404
chow 3,506558 0,000693
christ 0,867501 0,000171
christen 1,347074 0,000266
christian 0,385662 0,000076
christmas 0,891598 0,000176
chuck 1,832581 0,001087
chuckle 0,941609 0,000186
chum 2,040221 0,001613
chummy 3,912023 0,000773
church 0,261365 0,000052
chute 2,995732 0,000592
chyack 3,912023 0,000773
cigar 0,994252 0,000197
circle 0,150823 0,000060
circling 1,203973 0,000238
city 0,051293 0,000020
civil 0,544727 0,000108
civilisation 2,040221 0,000403
civilised 1,660731 0,000328
clack 3,218876 0,000636
claim 0,083382 0,000033
clang 1,203973 0,000238
clannish 3,218876 0,000636
clasp 1,021651 0,000202
clasped 0,843970 0,000167
clasping 1,078810 0,000213
class 0,248461 0,000049
classical 1,237874 0,000245
clatter 0,941609 0,000372
clay 0,494296 0,000098
clayey 2,995732 0,000592
clean 0,210721 0,000083
cleaning 1,049822 0,000208
cleanness 2,813411 0,000556
clearing 1,386294 0,000548
clenched 1,049822 0,000208
clerk 0,562119 0,000111
clever 0,371064 0,000073
cliff 0,916291 0,000181
climate 0,713350 0,000141
climax 1,272966 0,000252
climb 0,400478 0,000158
climbing 0,733969 0,000145
cling 0,415515 0,000082
clique 2,813411 0,000556
clock 0,510826 0,000101
clockwork 2,659260 0,000526
close 0,010050 0,000006
closely 0,223144 0,000044
closing 0,446287 0,000088
cloth 0,356675 0,000071
clothes 0,127833 0,000025
cloths 1,560648 0,000308
cloud 0,150823 0,000030
cloudless 1,514128 0,000299
cloudy 1,078810 0,000213
club 0,544727 0,000108
clump 1,171183 0,000232
cluster 0,693147 0,000274
clutch 0,713350 0,000282
coach 0,755023 0,000298
coal 0,527633 0,000209
coarse 0,478036 0,000189
coast 0,544727 0,000108
coat 0,235722 0,000093
coax 1,203973 0,000238
cob 2,302585 0,000455
cock 0,713350 0,000141
cockatoo 2,995732 0,001184
cocky 3,506558 0,000693
cod 1,897120 0,000375
coffee 0,562119 0,000111
coffin 1,021651 0,000404
cold 0,040822 0,000008
collar 0,634878 0,000251
collect 0,248461 0,000049
college 0,693147 0,000137
collins 2,040221 0,000403
colonial 2,040221 0,000403
colony 1,139434 0,000225
colour 0,510826 0,000202
coloured 0,693147 0,000137
colt 1,560648 0,000308
combination 0,634878 0,000125
comfort 0,105361 0,000062
comfortable 0,261365 0,000052
comfortably 0,693147 0,000137
comic 1,203973 0,000238
commemorate 1,832581 0,000362
commence 0,579818 0,000115
comment 0,478036 0,000283
commissioner 2,302585 0,000455
commit 0,116534 0,000046
committee 1,272966 0,000252
common 0,072571 0,000014
communism 2,813411 0,000556
company 0,020203 0,000004
comparatively 0,634878 0,000125
compare 0,162519 0,000032
compass 0,579818 0,000115
complain 0,198451 0,000039
complete 0,105361 0,000021
completely 0,274437 0,000054
complexion 0,755023 0,000149
complexioned 2,525729 0,000499
compliment 0,462035 0,000091
compose 0,287682 0,000057
comprise 1,108663 0,000219
concentrated 0,867501 0,000171
concept 0,527633 0,000104
concerned 0,287682 0,000057
concertina 3,218876 0,000636
conclude 0,235722 0,000093
conclusion 0,210721 0,000042
condition 0,051293 0,000010
condole 2,302585 0,000455
conduct 0,094311 0,000037
confidential 1,021651 0,000202
confidentially 1,897120 0,000375
confinement 1,108663 0,000219
confused 0,248461 0,000049
confusing 1,966113 0,000389
connected 0,415515 0,000082
connection 0,446287 0,000088
conscientious 1,272966 0,000252
consequence 0,186330 0,000037
considerably 0,776529 0,000153
consideration 0,223144 0,000044
constable 1,272966 0,000252
constitution 0,776529 0,000153
construct 0,713350 0,000141
consult 0,400478 0,000079
consultation 0,916291 0,000181
contemplate 0,544727 0,000108
contemporary 0,967584 0,000191
contemptuously 1,237874 0,000245
content 0,174353 0,000034
contented 0,400478 0,000079
contention 1,203973 0,000238
contents 0,094311 0,000019
continually 0,446287 0,000088
continuation 1,347074 0,000266
continue 0,186330 0,000037
continued 0,072571 0,000014
contract 0,139262 0,000055
contractor 2,040221 0,000403
contrary 0,198451 0,000039
contrast 0,385662 0,000076
convenience 0,673345 0,000133
convenient 0,462035 0,000091
conversation 0,186330 0,000037
convict 0,941609 0,000186
convince 0,198451 0,000039
convulsion 0,967584 0,000191
convulsively 1,347074 0,000266
cooee 3,506558 0,000693
cook 0,223144 0,000176
cool 0,248461 0,000196
cope 1,171183 0,000232
cord 0,693147 0,000137
cork 1,171183 0,000232
corn 0,527633 0,000209
corner 0,072571 0,000029
cornstalk 3,912023 0,000773
corny 3,912023 0,000773
corpse 0,616186 0,000244
correct 0,235722 0,000047
correspond 0,843970 0,000167
correspondence 0,820981 0,000162
corroborate 1,514128 0,000299
corrugated 2,407946 0,000476
cost 0,105361 0,000021
cottage 0,653926 0,000259
cotton 0,891598 0,000176
couch 0,579818 0,000115
cough 0,733969 0,000435
council 0,653926 0,000129
count 0,116534 0,000046
counter 0,733969 0,000145
country 0,010050 0,000002
countrywoman 3,218876 0,000636
county 0,941609 0,000186
couple 0,248461 0,000098
courage 0,150823 0,000030
court 0,094311 0,000056
courtship 1,660731 0,000328
cousin 0,597837 0,000118
cove 1,832581 0,000362
cover 0,223144 0,000088
covered 0,139262 0,000028
covering 0,415515 0,000082
cow 0,653926 0,000129
coward 0,776529 0,000153
cowardice 0,994252 0,000197
cows 0,867501 0,000171
crack 0,478036 0,000283
cracker 2,120264 0,000419
cradle 1,049822 0,000415
crank 2,302585 0,000455
cranky 3,506558 0,000693
crave 1,347074 0,000266
craving 1,108663 0,000219
craw 3,218876 0,000636
crawl 0,494296 0,000098
crawler 3,218876 0,000636
creak 0,967584 0,000191
credit 0,094311 0,000019
creek 1,514128 0,000599
creepy 2,995732 0,000592
crick 2,995732 0,000592
crime 0,261365 0,000052
crimean 2,659260 0,000526
criminal 0,673345 0,000133
crimson 0,891598 0,000176
crinoline 2,995732 0,000592
crisis 0,820981 0,000162
critical 0,235722 0,000047
criticise 1,514128 0,000299
croak 1,386294 0,000548
crocheted 3,506558 0,000693
crockery 1,714798 0,000339
crooked 0,755023 0,000149
crop 0,653926 0,000259
cross 0,083382 0,000049
crotchety 3,218876 0,000636
crouch 0,941609 0,000186
crow 0,867501 0,000171
crowd 0,174353 0,000034
crowded 0,301105 0,000060
crown 0,210721 0,000042
cruel 0,261365 0,000052
cruelly 0,820981 0,000162
crumple 1,237874 0,000245
crush 0,274437 0,000054
crust 1,139434 0,000225
cucumber 1,897120 0,000375
cud 2,120264 0,000419
cultivation 1,469676 0,000291
cunning 0,462035 0,000091
cup 0,342490 0,000135
cur 1,347074 0,000266
cure 0,314711 0,000187
curiosity 0,210721 0,000042
curious 0,261365 0,000052
curl 0,510826 0,000101
curly 1,171183 0,000232
curse 0,342490 0,000135
cursing 1,203973 0,000238
cushion 0,820981 0,000325
customer 1,139434 0,000450
cut 0,030459 0,000012
cynical 1,560648 0,000308
da 1,469676 0,000291
dad 2,040221 0,000403
daddy 2,525729 0,000499
dagger 1,139434 0,000225
dairy 2,302585 0,000455
dam 1,203973 0,000238
damage 0,223144 0,000044
damn 1,309333 0,000259
damnably 2,525729 0,000499
damned 1,139434 0,000225
damp 0,400478 0,000079
damper 2,407946 0,000476
dance 0,235722 0,000140
dancing 0,371064 0,000073
dandy 1,609438 0,000318
danger 0,105361 0,000021
dangerous 0,150823 0,000030
dangerously 1,560648 0,000308
daniel 1,427116 0,000282
dar 2,525729 0,000499
dark 0,051293 0,000020
darkly 1,237874 0,000245
darkness 0,186330 0,000037
darling 0,916291 0,000181
darn 1,771957 0,000350
dart 0,562119 0,000111
dash 0,400478 0,000158
daughter 0,174353 0,000034
dave 3,218876 0,000636
dawn 0,314711 0,000062
day 0,000000 0,000000
daybreak 1,203973 0,000238
daylight 0,446287 0,000088
dazzle 1,272966 0,000252
dead 0,072571 0,000014
deadly 0,478036 0,000094
deadwood 3,218876 0,000636
deaf 0,634878 0,000125
deal 0,061875 0,000012
death 0,020203 0,000004
debt 0,494296 0,000098
deceive 0,261365 0,000052
december 0,562119 0,000111
decent 0,693147 0,000137
decently 1,309333 0,000259
decide 0,040822 0,000016
decline 0,356675 0,000071
decorate 0,891598 0,000176
deener 3,912023 0,000773
deep 0,020203 0,000012
deepen 0,867501 0,000171
deeply 0,261365 0,000052
definite 0,755023 0,000149
deftly 1,660731 0,000328
deliberately 0,693147 0,000137
delicacy 0,597837 0,000118
delicate 0,301105 0,000060
delighted 0,287682 0,000057
deliver 0,223144 0,000044
demand 0,051293 0,000010
deny 0,072571 0,000014
depart 0,162519 0,000064
depend 0,040822 0,000024
depress 0,616186 0,000122
depressingly 3,912023 0,000773
depth 0,494296 0,000098
depths 0,446287 0,000088
dern 3,218876 0,000636
derogatory 2,525729 0,000499
descendant 0,867501 0,000171
descent 0,634878 0,000125
description 0,248461 0,000049
desert 0,314711 0,000124
deserted 0,385662 0,000076
deserve 0,314711 0,000062
deserved 0,634878 0,000125
desk 0,867501 0,000171
desolation 0,916291 0,000181
despair 0,174353 0,000034
desperate 0,328504 0,000065
desperately 0,843970 0,000167
desperation 0,867501 0,000171
detach 0,287682 0,000057
detect 0,562119 0,000222
detection 1,427116 0,000282
deuce 1,560648 0,000308
developed 0,544727 0,000108
devil 0,301105 0,000119
devoted 0,301105 0,000060
dew 0,755023 0,000149
dick 1,771957 0,000350
die 0,010050 0,000008
difference 0,174353 0,000069
difficulty 0,116534 0,000023
dig 0,356675 0,000212
digger 1,966113 0,000777
digging 3,506558 0,000693
dignity 0,314711 0,000062
dim 0,356675 0,000071
dingo 3,912023 0,001547
dingy 1,347074 0,000266
dining 0,510826 0,000101
dinner 0,186330 0,000074
dint 1,514128 0,000299
dip 0,673345 0,000266
diploma 2,995732 0,000592
dipper 2,659260 0,000526
direct 0,040822 0,000016
direction 0,051293 0,000020
dirt 0,544727 0,000108
dirty 0,544727 0,000108
disadvantage 0,843970 0,000167
disappear 0,223144 0,000044
disappointed 0,415515 0,000082
disc 2,120264 0,000419
discontent 0,616186 0,000122
discover 0,030459 0,000012
discoverer 1,714798 0,000339
disease 0,328504 0,000130
disembowelled 2,525729 0,000499
disgrace 0,462035 0,000091
disguise 0,494296 0,000098
disgust 0,430783 0,000085
disgusted 0,820981 0,000162
dish 0,478036 0,000283
dishful 3,912023 0,000773
disillusion 2,040221 0,000403
disjointed 1,832581 0,000362
dislike 0,478036 0,000094
dismal 0,843970 0,000334
dismember 2,120264 0,000419
dismount 1,272966 0,000252
dispense 0,820981 0,000162
disreputable 1,714798 0,000339
dissipate 0,916291 0,000181
dissolve 0,733969 0,000145
distance 0,105361 0,000021
distant 0,162519 0,000032
distort 0,916291 0,000181
distress 0,274437 0,000054
district 0,713350 0,000282
disturb 0,198451 0,000039
disturbance 0,713350 0,000141
dive 0,967584 0,000383
diver 1,021651 0,000202
doc 3,506558 0,000693
doctor 0,400478 0,000158
dodge 1,049822 0,000623
dog 0,186330 0,000074
dogcart 2,995732 0,000592
doll 1,386294 0,000274
dome 1,309333 0,000259
donkey 1,609438 0,000318
door 0,000000 0,000000
doorway 0,733969 0,000145
double 0,139262 0,000055
doubt 0,040822 0,000008
doze 0,891598 0,000352
dozen 0,415515 0,000082
dr 3,506558 0,000693
draft 1,469676 0,000291
drag 0,248461 0,000147
drape 1,660731 0,000328
draught 0,527633 0,000209
draughty 3,218876 0,000636
draw 0,020203 0,000016
drawl 1,514128 0,000599
dray 2,407946 0,000952
dread 0,248461 0,000049
dreadful 0,342490 0,000068
dream 0,083382 0,000066
dreamy 1,347074 0,000266
drearily 2,040221 0,000403
dreary 0,673345 0,000133
dress 0,162519 0,000096
dressed 0,261365 0,000052
dribble 2,813411 0,000556
drift 0,462035 0,000274
drill 1,514128 0,000299
drink 0,072571 0,000043
drinking 0,371064 0,000073
dripping 0,891598 0,000176
drive 0,030459 0,000030
driver 0,713350 0,000141
drone 1,514128 0,000299
drop 0,061875 0,000049
dropping 2,995732 0,000592
drought 2,120264 0,000838
drover 2,659260 0,001051
droving 3,912023 0,000773
drown 0,314711 0,000124
drowsy 1,237874 0,000245
drum 0,843970 0,000167
drunk 0,415515 0,000082
drunkard 0,994252 0,000197
drunken 0,820981 0,000162
dry 0,116534 0,000069
du 1,347074 0,000266
duchy 2,525729 0,000499
duck 0,820981 0,000162
dude 3,218876 0,000636
duffer 3,506558 0,000693
dull 0,174353 0,000103
dulness 1,832581 0,000362
dumb 0,562119 0,000111
dummy 1,966113 0,000777
dump 2,040221 0,000403
dumpling 2,995732 0,001184
duncan 2,302585 0,000455
dung 1,469676 0,000291
dusk 0,941609 0,000186
dusky 1,021651 0,000202
dust 0,162519 0,000064
dustbin 3,218876 0,000636
dusty 0,967584 0,000191
duty 0,061875 0,000012
dysentery 3,218876 0,000636
eager 0,210721 0,000042
eagerly 0,385662 0,000076
eagerness 0,544727 0,000108
eagle 0,755023 0,000149
ear 0,061875 0,000024
earshot 2,302585 0,000455
earth 0,051293 0,000010
ease 0,150823 0,000060
easily 0,072571 0,000014
eastern 0,733969 0,000145
easy 0,000000 0,000000
eat 0,040822 0,000024
eating 0,235722 0,000047
eaves 1,832581 0,000362
eccentric 0,916291 0,000181
eccentricity 1,469676 0,000291
echo 0,356675 0,000071
edge 0,150823 0,000089
edification 2,207275 0,000436
edison 2,995732 0,000592
editor 1,078810 0,000213
educate 0,544727 0,000108
education 0,415515 0,000082
egg 1,021651 0,000202
eggs 0,776529 0,000153
eighteen 0,462035 0,000091
el 1,966113 0,000389
elaborate 0,867501 0,000171
elastic 1,386294 0,000274
elbow 0,494296 0,000195
eld 0,385662 0,000152
electronically 0,544727 0,000108
elizabeth 1,514128 0,000299
elm 1,609438 0,000318
embarrassed 0,916291 0,000181
embarrassing 1,514128 0,000299
embrace 0,235722 0,000047
emma 2,995732 0,000592
emotion 0,356675 0,000071
emotional 1,171183 0,000232
employ 0,235722 0,000047
encourage 0,301105 0,000119
encouraging 0,798508 0,000158
endless 0,478036 0,000094
endurance 0,891598 0,000176
energetic 1,078810 0,000213
energy 0,371064 0,000073
engaged 0,198451 0,000039
england 0,385662 0,000076
english 0,094311 0,000019
englishman 0,820981 0,000162
englishwoman 2,407946 0,000476
enjoy 0,072571 0,000029
enjoyable 1,966113 0,000389
enlighten 0,562119 0,000111
enormous 0,430783 0,000085
enter 0,020203 0,000004
entice 1,386294 0,000274
equally 0,223144 0,000044
ere 0,634878 0,000125
error 0,072571 0,000014
escape 0,061875 0,000024
essential 0,544727 0,000108
establishment 0,673345 0,000133
eternal 0,415515 0,000082
eternity 0,673345 0,000133
eve 0,673345 0,000133
evening 0,072571 0,000029
event 0,150823 0,000030
everlasting 0,891598 0,000176
everlastingly 2,040221 0,000403
everyday 1,272966 0,000252
evidence 0,235722 0,000047
evident 0,356675 0,000071
evidently 0,371064 0,000073
ewe 2,407946 0,000952
examination 0,385662 0,000076
exasperate 1,514128 0,000299
exasperatingly 3,506558 0,000693
excellent 0,150823 0,000030
excellently 1,609438 0,000318
exception 0,446287 0,000088
exchange 0,210721 0,000042
excitable 1,771957 0,000350
excited 0,248461 0,000049
excitedly 1,609438 0,000318
exclaim 0,287682 0,000057
excuse 0,139262 0,000055
exertion 0,693147 0,000137
exist 0,072571 0,000014
existence 0,150823 0,000030
expand 0,891598 0,000176
expect 0,051293 0,000030
expense 0,127833 0,000025
experience 0,072571 0,000029
experienced 0,356675 0,000071
experiment 0,494296 0,000098
expert 1,021651 0,000202
explain 0,116534 0,000069
explanation 0,139262 0,000055
explore 0,713350 0,000141
explorer 2,302585 0,000455
explosion 1,203973 0,000238
expose 0,597837 0,000118
exposure 1,139434 0,000225
expression 0,116534 0,000023
expressionless 2,525729 0,000499
expressive 0,733969 0,000145
extra 0,820981 0,000162
extraordinary 0,371064 0,000073
eye 0,000000 0,000000
eyeball 2,207275 0,000436
eyebrow 0,673345 0,000133
eyed 0,597837 0,000118
faced 0,820981 0,000162
facer 3,506558 0,000693
fade 0,371064 0,000220
fail 0,072571 0,000029
failure 0,415515 0,000164
faint 0,186330 0,000110
fair 0,051293 0,000030
fairy 1,021651 0,000404
faith 0,210721 0,000042
faithful 0,261365 0,000052
falconer 2,813411 0,000556
fall 0,000000 0,000000
falls 0,328504 0,000065
false 0,210721 0,000042
fame 0,478036 0,000094
family 0,061875 0,000024
fan 0,579818 0,000115
fancy 0,162519 0,000096
fanlike 3,506558 0,000693
fare 0,597837 0,000118
farewell 0,634878 0,000125
farm 0,713350 0,000282
farmer 0,653926 0,000259
farming 1,514128 0,000299
farth 1,049822 0,000208
fascinate 1,171183 0,000232
fashion 0,105361 0,000042
fast 0,030459 0,000012
fasten 0,478036 0,000094
fat 0,314711 0,000062
fate 0,174353 0,000034
father 0,061875 0,000024
fatherly 1,966113 0,000389
fathom 1,139434 0,000225
fault 0,139262 0,000028
favoured 1,021651 0,000202
favourite 0,653926 0,000129
fear 0,020203 0,000008
fearfully 1,049822 0,000208
fearsome 2,659260 0,000526
feast 0,430783 0,000085
feather 0,462035 0,000091
feeble 0,356675 0,000071
feebly 0,843970 0,000167
feed 0,248461 0,000098
feeding 0,616186 0,000122
feel 0,020203 0,000008
feeling 0,072571 0,000029
feint 1,897120 0,000375
feller 2,302585 0,000910
fellow 0,040822 0,000016
female 0,385662 0,000076
fence 0,693147 0,000411
fencer 2,813411 0,001112
fencing 1,966113 0,000389
fermented 2,407946 0,000476
fetch 0,510826 0,000202
feud 1,514128 0,000299
fever 0,342490 0,000068
feverish 0,843970 0,000167
fibre 1,560648 0,000308
fiddle 1,514128 0,000299
field 0,094311 0,000037
fiend 1,049822 0,000208
fierce 0,415515 0,000082
fiercely 0,776529 0,000153
fight 0,083382 0,000066
figure 0,051293 0,000020
file 0,223144 0,000044
filly 3,912023 0,000773
film 1,609438 0,000318
filth 1,139434 0,000225
final 0,342490 0,000068
finally 0,150823 0,000030
finding 1,272966 0,000252
fine 0,061875 0,000049
finger 0,150823 0,000089
finish 0,287682 0,000114
finished 0,162519 0,000032
finn 2,813411 0,000556
firelight 1,660731 0,000328
fireplace 1,108663 0,000219
firewood 1,897120 0,000375
firework 2,120264 0,000419
firing 1,660731 0,000328
firm 0,248461 0,000049
firmly 0,342490 0,000068
fish 0,287682 0,000057
fisher 1,609438 0,000318
fishing 0,755023 0,000149
fist 0,597837 0,000236
fit 0,030459 0,000012
fiver 2,813411 0,000556
flake 1,427116 0,000282
flame 0,248461 0,000098
flannel 1,469676 0,000291
flap 0,891598 0,000529
flare 1,108663 0,000219
flash 0,261365 0,000207
flask 1,660731 0,000328
flat 0,139262 0,000055
flax 2,120264 0,000419
flea 1,832581 0,000362
flesh 0,210721 0,000042
flick 2,207275 0,000436
fling 0,462035 0,000274
float 0,328504 0,000065
flock 0,385662 0,000076
flood 0,430783 0,000170
floor 0,174353 0,000069
flooring 1,897120 0,000375
flopping 2,813411 0,000556
flour 1,078810 0,000213
floury 2,995732 0,000592
flower 0,174353 0,000069
flush 0,562119 0,000111
flutter 0,673345 0,000133
fly 0,116534 0,000046
flying 0,235722 0,000047
fold 0,287682 0,000114
foller 2,813411 0,000556
follow 0,020203 0,000004
fond 0,261365 0,000052
food 0,127833 0,000025
fool 0,235722 0,000093
foolish 0,235722 0,000047
foolishness 1,514128 0,000299
foot 0,051293 0,000020
football 2,040221 0,000403
footed 1,049822 0,000208
footnote 1,427116 0,000282
footprint 1,897120 0,000375
footstep 0,430783 0,000085
force 0,030459 0,000012
forcibly 0,820981 0,000162
fore 0,755023 0,000149
forefinger 1,272966 0,000252
forehead 0,400478 0,000079
foreign 0,301105 0,000060
forenoon 1,347074 0,000266
forget 0,010050 0,000006
forgive 0,314711 0,000062
fork 0,616186 0,000244
form 0,020203 0,000004
formidable 0,673345 0,000133
forsake 0,755023 0,000149
fortnight 0,941609 0,000186
fortune 0,162519 0,000032
fossick 3,912023 0,000773
fossicking 3,912023 0,000773
foundation 0,127833 0,000025
fourteen 0,616186 0,000122
fowls 1,272966 0,000252
fragment 0,597837 0,000118
frame 0,174353 0,000034
franca 2,995732 0,000592
frank 0,597837 0,000118
freckle 2,302585 0,000455
freckled 1,714798 0,000339
fred 2,120264 0,000419
freehold 2,525729 0,000999
freely 0,105361 0,000021
freight 1,171183 0,000232
fresh 0,105361 0,000042
freshly 1,347074 0,000266
freshness 1,021651 0,000202
fret 0,713350 0,000282
friend 0,000000 0,000000
friendly 0,248461 0,000049
fright 0,653926 0,000129
frighten 0,733969 0,000145
frightened 0,301105 0,000060
frill 1,897120 0,000750
fro 0,494296 0,000098
frock 1,021651 0,000404
frog 1,139434 0,000225
frolic 1,660731 0,000328
frontage 3,506558 0,000693
frost 0,653926 0,000129
frown 0,673345 0,000133
fruit 0,162519 0,000032
fry 1,171183 0,000695
fume 0,941609 0,000186
fun 0,798508 0,000158
funeral 0,597837 0,000118
funk 2,659260 0,000526
funny 1,021651 0,000202
fur 0,994252 0,000197
furnished 0,328504 0,000065
furniture 0,415515 0,000082
furrow 1,139434 0,000450
furtive 1,714798 0,000339
fuse 1,966113 0,000389
fuss 1,203973 0,000238
future 0,105361 0,000021
gable 1,832581 0,000362
gain 0,040822 0,000016
gal 2,207275 0,000873
gale 1,078810 0,000426
gallon 2,040221 0,000403
gallop 0,820981 0,000325
gallows 1,386294 0,000274
galvanise 2,995732 0,000592
gamble 1,832581 0,000724
gambler 1,714798 0,000339
gambling 1,609438 0,000318
game 0,210721 0,000083
gang 1,203973 0,000238
gap 0,843970 0,000167
gape 0,798508 0,000158
garden 0,150823 0,000030
gardener 0,994252 0,000197
gary 3,912023 0,000773
gasp 0,579818 0,000344
gate 0,210721 0,000083
gateward 3,912023 0,000773
gather 0,061875 0,000024
gathering 0,415515 0,000082
gaunt 1,139434 0,000225
generation 0,127833 0,000025
generosity 0,798508 0,000158
generous 0,356675 0,000071
gentle 0,274437 0,000054
gentleman 0,223144 0,000044
gently 0,235722 0,000047
george 0,616186 0,000122
geraniums 3,506558 0,000693
german 0,478036 0,000189
germany 1,049822 0,000208
gertrude 3,506558 0,000693
gesture 0,510826 0,000101
getter 3,506558 0,000693
ghastly 0,867501 0,000171
ghost 0,462035 0,000183
ghostly 1,237874 0,000489
ghoul 2,525729 0,000499
ghoulish 3,506558 0,000693
giant 0,562119 0,000111
giddy 1,108663 0,000219
giggle 1,714798 0,000339
gim 2,813411 0,000556
gin 1,427116 0,000282
ginger 2,120264 0,000419
gingerly 2,407946 0,000476
gipsy 2,302585 0,000455
girl 0,198451 0,000078
girlhood 2,207275 0,000436
girlie 3,912023 0,000773
girth 1,771957 0,000350
git 2,302585 0,000455
glad 0,072571 0,000014
glance 0,186330 0,000110
glare 0,733969 0,000290
glaring 0,967584 0,000191
glass 0,174353 0,000069
glide 0,673345 0,000133
glimpse 0,462035 0,000091
glisten 0,820981 0,000487
gloat 1,832581 0,000362
gloom 0,579818 0,000115
gloomy 0,462035 0,000091
glorious 0,462035 0,000091
glory 0,301105 0,000060
glossary 3,506558 0,000693
glossy 1,609438 0,000318
glow 0,314711 0,000062
glue 1,609438 0,000318
gnarl 1,514128 0,000299
god 0,083382 0,000033
godfather 2,207275 0,000436
gold 0,083382 0,000016
golden 0,342490 0,000068
goldfield 3,912023 0,001547
goodness 0,328504 0,000065
goodwill 1,660731 0,000328
gordon 2,120264 0,000419
gory 2,407946 0,000476
govern 0,186330 0,000037
government 0,462035 0,000091
governor 0,733969 0,000145
grab 1,514128 0,000898
grace 0,235722 0,000047
graceful 0,494296 0,000098
gradually 0,328504 0,000065
graft 2,407946 0,000476
grain 0,562119 0,000111
grand 0,342490 0,000068
grandfather 0,755023 0,000149
grandmother 1,272966 0,000252
granite 1,347074 0,000266
grant 0,061875 0,000024
grape 0,867501 0,000171
grapple 1,203973 0,000238
grass 0,301105 0,000060
grassy 1,469676 0,000291
grave 0,116534 0,000046
gravedigger 3,218876 0,000636
gravel 1,203973 0,000238
graveyard 1,966113 0,000389
grease 1,660731 0,000328
greased 2,207275 0,000436
greasy 1,347074 0,000266
greatly 0,210721 0,000042
green 0,105361 0,000021
greener 2,207275 0,000436
greenhide 3,912023 0,000773
greeting 0,798508 0,000158
grenadier 2,120264 0,000419
grey 0,562119 0,000111
grief 0,356675 0,000071
grim 0,776529 0,000153
grimly 1,108663 0,000219
grin 0,733969 0,000580
grind 0,755023 0,000149
grindstone 2,302585 0,000455
grip 0,798508 0,000316
grisly 2,040221 0,000403
grit 2,120264 0,000419
groan 0,446287 0,000176
grog 2,302585 0,000455
groove 1,660731 0,000328
grooved 2,659260 0,000526
grope 0,733969 0,000290
ground 0,030459 0,000006
grow 0,010050 0,000010
growl 0,941609 0,000372
growling 1,427116 0,000282
grub 1,560648 0,000617
grumble 0,867501 0,000343
grumpy 2,995732 0,000592
grunt 1,021651 0,000202
guard 0,083382 0,000016
guess 0,223144 0,000088
guffaw 2,120264 0,000838
guide 0,083382 0,000016
gulch 3,506558 0,000693
gulf 0,733969 0,000145
gully 1,966113 0,000777
gum 1,386294 0,000548
gun 0,544727 0,000108
gunsmith 3,506558 0,000693
gush 0,891598 0,000176
gusher 3,912023 0,000773
gust 1,139434 0,000450
gutter 1,049822 0,000208
guttural 2,302585 0,000455
ha 0,891598 0,000176
habit 0,162519 0,000032
hack 1,171183 0,000463
hag 1,714798 0,000678
haggard 1,021651 0,000202
haggish 3,912023 0,000773
hail 0,415515 0,000164
hair 0,072571 0,000029
haired 0,820981 0,000162
hairy 1,078810 0,000213
ham 1,139434 0,000225
hammer 0,544727 0,000215
hand 0,010050 0,000008
handcuff 3,218876 0,000636
handful 0,776529 0,000153
handicap 2,302585 0,000455
handkerchief 0,616186 0,000244
handle 0,223144 0,000132
handsome 0,328504 0,000065
handy 0,967584 0,000383
hang 0,198451 0,000078
hanging 0,235722 0,000047
happen 0,030459 0,000018
happily 0,478036 0,000094
happiness 0,150823 0,000030
happy 0,061875 0,000037
harbour 0,916291 0,000181
hard 0,040822 0,000024
hardship 0,713350 0,000282
hardwood 3,506558 0,000693
harm 0,210721 0,000042
harness 0,843970 0,000334
harp 0,843970 0,000334
harrow 1,771957 0,000350
harry 1,203973 0,000238
harsh 0,462035 0,000091
hastily 0,462035 0,000091
hat 0,446287 0,000176
hatch 1,347074 0,000266
hate 0,150823 0,000060
hatter 2,813411 0,000556
haul 0,941609 0,000186
hauling 1,660731 0,000328
haunt 0,385662 0,000229
hawk 1,108663 0,000219
hay 1,171183 0,000232
haze 1,514128 0,000299
hazel 1,897120 0,000375
head 0,000000 0,000000
headache 1,514128 0,000299
headed 0,510826 0,000101
heal 0,867501 0,000171
health 0,198451 0,000039
healthy 0,356675 0,000141
heap 0,248461 0,000147
hear 0,010050 0,000006
hearing 0,139262 0,000028
heart 0,010050 0,000004
hearted 0,415515 0,000082
heartedness 2,040221 0,000403
hearty 0,616186 0,000122
heat 0,198451 0,000039
heave 0,820981 0,000162
heaven 0,174353 0,000069
heavy 0,030459 0,000012
heel 0,356675 0,000141
heft 3,218876 0,000636
heifer 2,040221 0,000807
helpful 1,560648 0,000308
helpless 0,328504 0,000065
hemisphere 1,966113 0,000389
hen 1,347074 0,000533
henry 0,713350 0,000141
herbage 2,407946 0,000476
herd 0,597837 0,000118
hero 0,430783 0,000085
hesitate 0,314711 0,000062
hickory 2,813411 0,000556
hide 0,072571 0,000043
hiding 0,616186 0,000122
hill 0,150823 0,000060
hilled 3,506558 0,000693
hind 1,171183 0,000232
hinder 0,579818 0,000115
hinge 0,916291 0,000181
hint 0,301105 0,000179
hip 1,078810 0,000213
hiss 0,653926 0,000129
hit 0,314711 0,000124
hitch 1,347074 0,000533
hitherto 0,385662 0,000076
hoary 1,714798 0,000339
hoe 2,407946 0,000476
hold 0,010050 0,000008
hole 0,261365 0,000103
holiday 0,713350 0,000282
holland 1,514128 0,000299
holler 2,407946 0,000476
hollow 0,430783 0,000170
holt 2,659260 0,000526
holy 0,371064 0,000073
homestead 2,407946 0,000476
honest 0,235722 0,000047
honey 0,755023 0,000149
honour 0,494296 0,000098
hood 1,237874 0,000245
hoof 0,867501 0,000343
hook 0,634878 0,000251
hooked 1,469676 0,000291
hoop 1,771957 0,000701
hop 1,108663 0,000219
hope 0,000000 0,000000
hopeless 0,510826 0,000101
hopelessly 1,078810 0,000213
hopelessness 1,832581 0,000362
horizon 0,597837 0,000118
horizontally 1,832581 0,000362
horn 0,478036 0,000189
horrible 0,356675 0,000071
horribly 0,916291 0,000181
horror 0,198451 0,000078
horse 0,139262 0,000055
horseback 0,843970 0,000167
horseman 0,967584 0,000383
horseshoe 2,407946 0,000476
horsey 3,506558 0,000693
hospital 0,755023 0,000149
host 0,446287 0,000088
hostess 1,347074 0,000266
hostler 3,218876 0,000636
hot 0,116534 0,000046
hotel 0,820981 0,000325
hour 0,061875 0,000024
house 0,020203 0,000004
housekeeping 1,427116 0,000282
houses 0,139262 0,000028
housewife 2,120264 0,000419
housework 3,218876 0,000636
hove 2,120264 0,000419
howl 0,527633 0,000313
huddle 1,078810 0,000213
huff 2,995732 0,000592
hug 0,967584 0,000383
huge 0,400478 0,000079
hum 0,579818 0,000115
human 0,072571 0,000014
humbug 1,514128 0,000299
humorous 1,427116 0,000282
humour 0,713350 0,000141
hump 1,832581 0,000362
humpy 3,506558 0,000693
hundredweight 2,407946 0,000476
hung 0,174353 0,000034
hunger 0,478036 0,000094
hungry 0,314711 0,000062
hunk 2,302585 0,000455
hunting 0,462035 0,000091
hurriedly 0,891598 0,000176
hurry 0,162519 0,000096
hurt 0,150823 0,000089
husband 0,198451 0,000078
hush 0,527633 0,000209
hustling 2,525729 0,000499
hut 0,776529 0,000307
hysteric 1,660731 0,000328
hysterical 1,469676 0,000291
hysterically 2,302585 0,000455
idea 0,083382 0,000033
identical 0,994252 0,000197
idiot 0,776529 0,000153
idiotic 1,347074 0,000266
idle 0,261365 0,000052
ignorant 0,301105 0,000060
iguana 3,506558 0,000693
iii 0,287682 0,000057
illness 0,616186 0,000122
illustrate 0,616186 0,000122
illustration 0,867501 0,000171
imaginary 0,755023 0,000149
imagination 0,223144 0,000088
immigrant 2,659260 0,000526
impatient 0,371064 0,000073
impatiently 0,634878 0,000125
impossible 0,094311 0,000019
impounding 3,912023 0,000773
impressed 0,510826 0,000101
impression 0,210721 0,000042
improbable 1,021651 0,000202
improve 0,385662 0,000076
impulsive 1,714798 0,000339
impulsiveness 2,813411 0,000556
incapable 0,562119 0,000111
inch 0,430783 0,000170
incident 0,356675 0,000071
inclined 0,186330 0,000037
include 0,072571 0,000029
incoherent 1,469676 0,000291
incomplete 0,301105 0,000060
increase 0,061875 0,000024
independent 0,510826 0,000101
indescribable 1,108663 0,000219
indian 0,544727 0,000108
indication 0,798508 0,000158
indifferent 0,400478 0,000079
indifferently 1,049822 0,000208
individually 1,609438 0,000318
inevitable 0,544727 0,000108
infernal 0,843970 0,000167
influence 0,198451 0,000078
inherit 0,579818 0,000115
injure 0,356675 0,000071
injury 0,301105 0,000060
injustice 0,653926 0,000129
ink 0,916291 0,000181
inn 0,713350 0,000141
innocence 0,634878 0,000125
innocent 0,186330 0,000037
inquire 0,235722 0,000093
inquiry 0,446287 0,000088
insane 0,994252 0,000197
insect 0,916291 0,000181
insist 0,223144 0,000088
inspiration 0,755023 0,000298
instance 0,116534 0,000023
instinct 0,356675 0,000071
instinctively 0,733969 0,000145
institution 0,713350 0,000141
instruction 0,328504 0,000065
instrument 0,248461 0,000049
insult 0,415515 0,000082
intellect 0,634878 0,000125
intelligent 0,342490 0,000068
intend 0,094311 0,000019
inter 1,469676 0,000291
internal 0,261365 0,000052
interrogatory 2,995732 0,000592
interrupted 0,301105 0,000060
interval 0,301105 0,000060
interview 0,634878 0,000251
introduce 0,261365 0,000052
invent 0,400478 0,000079
invisible 0,562119 0,000111
inwards 1,966113 0,000389
ireland 1,514128 0,000299
irish 1,347074 0,000266
irishman 2,120264 0,000419
iron 0,162519 0,000128
ironwork 3,218876 0,000636
irrespective 2,407946 0,000476
irritate 1,660731 0,000328
irritated 1,078810 0,000213
island 0,400478 0,000079
italian 0,653926 0,000129
italicize 3,218876 0,000636
itch 1,771957 0,000350
itching 2,207275 0,000436
iv 0,328504 0,000065
ivy 1,272966 0,000252
jack 0,755023 0,000149
jackaroo 3,912023 0,000773
jackeroo 3,912023 0,000773
jacket 0,755023 0,000298
jackson 1,714798 0,000339
jail 1,347074 0,000266
jam 1,237874 0,000734
james 0,673345 0,000133
january 0,693147 0,000137
jar 1,021651 0,000404
jaw 0,544727 0,000108
jealousy 0,430783 0,000085
jerk 0,820981 0,000487
jessie 3,912023 0,000773
jest 0,616186 0,000122
jig 2,302585 0,000455
jillaroo 3,912023 0,000773
jim 1,966113 0,000389
jimmy 2,207275 0,000436
job 0,597837 0,000118
jockey 2,407946 0,000476
joe 1,832581 0,000362
jog 1,897120 0,000750
john 0,328504 0,000065
johnny 2,040221 0,000403
johnson 1,514128 0,000299
joint 0,446287 0,000088
joke 0,356675 0,000141
joker 2,302585 0,000910
jolly 0,994252 0,000197
jolt 1,514128 0,000599
jolting 2,120264 0,000419
jones 1,309333 0,000259
joneses 3,218876 0,000636
journal 0,916291 0,000362
journalism 2,995732 0,000592
joy 0,127833 0,000025
joyful 0,798508 0,000158
joyously 1,560648 0,000308
judge 0,061875 0,000024
judgment 0,198451 0,000039
july 0,616186 0,000122
jump 0,430783 0,000255
jumper 2,407946 0,000476
junction 1,514128 0,000299
june 0,527633 0,000104
jury 1,108663 0,000219
justice 0,162519 0,000032
kangaroo 3,218876 0,001273
keen 0,371064 0,000073
keeping 1,078810 0,000213
kep 2,407946 0,000476
kerosene 3,506558 0,000693
ketch 2,302585 0,000455
kettle 1,108663 0,000219
key 0,342490 0,000068
kick 0,314711 0,000187
kicker 3,218876 0,000636
kid 1,203973 0,000238
kill 0,083382 0,000066
kin 1,139434 0,000225
kindness 0,274437 0,000054
king 0,210721 0,000042
kiss 0,356675 0,000141
kissing 1,021651 0,000202
kit 2,040221 0,000403
kitchen 0,562119 0,000111
kitten 1,560648 0,000308
knee 0,150823 0,000060
kneel 0,478036 0,000094
knickerbockers 2,995732 0,000592
knife 0,287682 0,000114
knit 0,673345 0,000266
knob 1,427116 0,000282
knock 0,287682 0,000171
knot 0,510826 0,000101
knowledge 0,061875 0,000012
labour 0,562119 0,000111
lace 0,867501 0,000171
lad 0,653926 0,000129
ladder 0,616186 0,000122
lady 0,162519 0,000032
lake 0,162519 0,000064
lam 3,218876 0,000636
lamb 0,693147 0,000137
lambert 2,525729 0,000499
lament 0,713350 0,000141
lamp 0,400478 0,000158
lancashire 2,995732 0,000592
lance 1,171183 0,000695
land 0,051293 0,000020
landing 0,544727 0,000108
landlady 1,514128 0,000299
landlord 0,941609 0,000186
landslip 3,912023 0,000773
language 0,072571 0,000014
languid 1,049822 0,000208
lanky 2,302585 0,000455
lap 0,527633 0,000104
lar 3,218876 0,000636
lark 1,386294 0,000274
larrikin 3,506558 0,000693
lash 0,562119 0,000222
latch 1,309333 0,000259
late 0,094311 0,000019
lather 2,813411 0,001112
latitude 1,309333 0,000259
laugh 0,094311 0,000056
laundry 2,207275 0,000436
law 0,020203 0,000004
lawful 1,078810 0,000213
lawson 2,995732 0,000592
lay 0,030459 0,000012
layer 1,514128 0,000599
lazily 1,237874 0,000245
lazy 0,616186 0,000122
lead 0,020203 0,000012
leaden 1,237874 0,000245
leader 0,356675 0,000071
leadin 3,218876 0,000636
leading 0,139262 0,000028
leaf 0,446287 0,000088
leafless 2,040221 0,000403
leak 1,469676 0,000872
lean 0,127833 0,000101
leap 0,287682 0,000057
leapt 1,560648 0,000308
learn 0,020203 0,000020
lease 1,714798 0,000678
leather 0,527633 0,000104
leave -0,009950 -0,000006
ledge 1,049822 0,000415
lee 1,347074 0,000266
left 0,000000 0,000000
leg 0,235722 0,000093
legally 0,342490 0,000068
legend 0,820981 0,000162
legged 1,108663 0,000219
leggings 2,659260 0,000526
leisurely 1,108663 0,000219
lemonade 2,525729 0,000499
lend 0,430783 0,000170
lengthen 0,994252 0,000197
lengthy 2,207275 0,000436
les 1,514128 0,000299
lesson 0,287682 0,000114
letter 0,072571 0,000029
level 0,210721 0,000042
liar 1,021651 0,000404
libel 2,120264 0,000419
licence 1,560648 0,000308
licensed 0,430783 0,000085
lid 0,597837 0,000118
lie 0,020203 0,000020
life -0,009950 -0,000004
lifetime 0,843970 0,000167
lift 0,116534 0,000046
light 0,000000 0,000000
lighted 0,261365 0,000052
lightly 0,430783 0,000085
lightning 0,430783 0,000085
limb 0,248461 0,000049
limbed 2,120264 0,000419
limited 0,261365 0,000052
limp 1,108663 0,000438
lindsay 3,506558 0,000693
linen 0,527633 0,000104
lingo 2,813411 0,000556
link 0,174353 0,000069
lip 0,127833 0,000025
lipped 1,966113 0,000389
liquid 0,843970 0,000167
liquor 0,798508 0,000316
list 0,301105 0,000060
listen 0,105361 0,000062
listless 1,427116 0,000282
live 0,010050 0,000004
lively 0,385662 0,000076
living 0,020203 0,000004
liza 2,995732 0,000592
lo 0,916291 0,000181
load 0,430783 0,000170
loader 3,506558 0,000693
loaf 0,867501 0,000343
local 0,713350 0,000141
locate 0,371064 0,000073
lock 0,162519 0,000064
lodging 0,776529 0,000153
lodgings 1,078810 0,000213
log 0,798508 0,000474
lolly 3,912023 0,000773
london 0,415515 0,000082
lone 1,514128 0,000299
loneliness 1,347074 0,000266
lonely 0,400478 0,000158
longing 0,653926 0,000129
longish 2,995732 0,000592
longway 3,912023 0,000773
loom 1,078810 0,000640
loose 0,094311 0,000019
loosely 1,347074 0,000266
lop 1,771957 0,000350
lord 0,223144 0,000044
lorelei 3,912023 0,000773
lose 0,000000 0,000000
lot 0,051293 0,000020
lottery 1,897120 0,000375
loud 0,105361 0,000062
loudly 0,400478 0,000079
love 0,030459 0,000018
lovely 0,462035 0,000091
lucern 3,506558 0,000693
luck 0,446287 0,000088
luckily 1,203973 0,000238
lucky 0,494296 0,000098
lug 1,771957 0,000350
lumber 1,203973 0,000238
luminous 1,078810 0,000213
lump 0,916291 0,000181
lumpy 2,659260 0,000526
lunacy 2,813411 0,000556
lunatic 1,203973 0,000476
lung 0,867501 0,000171
lunge 1,966113 0,000777
lurch 1,660731 0,000657
lurid 1,609438 0,000318
luxury 0,462035 0,000091
mac 3,912023 0,000773
machine 0,210721 0,000042
machinery 1,049822 0,000208
mad 0,235722 0,000047
maddened 1,897120 0,000375
madness 0,597837 0,000118
maggie 2,995732 0,000592
magistrate 0,820981 0,000162
mail 0,820981 0,000162
main 0,127833 0,000025
maintain 0,094311 0,000019
maintenance 1,171183 0,000232
maize 2,813411 0,000556
major 1,108663 0,000219
majority 0,597837 0,000118
maker 0,653926 0,000129
makeshift 2,659260 0,001051
manage 0,261365 0,000155
manager 0,597837 0,000236
mane 1,609438 0,000318
manfully 1,771957 0,000350
manifest 0,478036 0,000094
manner 0,040822 0,000008
manners 0,274437 0,000054
mantel 1,832581 0,000362
manually 3,912023 0,000773
manuka 3,912023 0,000773
maori 3,506558 0,000693
maoriland 3,912023 0,000773
map 0,916291 0,000181
march 0,223144 0,000088
mare 1,203973 0,000238
margaret 1,897120 0,000375
mark 0,105361 0,000062
marked 0,061875 0,000012
market 0,510826 0,000101
married 0,248461 0,000049
marry 0,356675 0,000071
marsh 1,139434 0,000225
marshy 1,966113 0,000389
marsupial 3,506558 0,000693
marvel 0,693147 0,000137
mary 0,693147 0,000137
maryland 2,813411 0,000556
masculine 1,347074 0,000266
mash 1,897120 0,000375
master 0,072571 0,000014
match 0,301105 0,000119
mate 0,713350 0,000282
mateship 3,506558 0,000693
matron 1,347074 0,000266
matter 0,000000 0,000000
mattress 1,237874 0,000489
maudlin 2,525729 0,000499
meal 0,261365 0,000103
meaning 0,186330 0,000037
measles 2,040221 0,000403
measure 0,127833 0,000051
meat 0,356675 0,000071
mechanical 0,843970 0,000167
mechanically 1,078810 0,000213
medicine 0,562119 0,000111
meet 0,010050 0,000004
meeting 0,162519 0,000032
melancholy 0,342490 0,000068
melbourne 2,659260 0,000526
melt 0,385662 0,000152
memory 0,162519 0,000064
mend 0,653926 0,000388
mentally 1,237874 0,000245
mention 0,105361 0,000042
meow 3,506558 0,001386
mess 0,867501 0,000343
message 0,356675 0,000141
method 0,094311 0,000019
middle 0,030459 0,000006
midnight 0,328504 0,000065
midst 0,287682 0,000057
mighty 0,328504 0,000065
mild 0,430783 0,000085
mildly 1,171183 0,000232
mile 0,174353 0,000069
milk 0,400478 0,000158
milker 3,506558 0,001386
mind 0,020203 0,000008
minded 0,400478 0,000079
mining 1,832581 0,000362
minute 0,150823 0,000060
mischief 0,494296 0,000098
miser 1,560648 0,000308
miserable 0,210721 0,000042
misery 0,248461 0,000049
misjudge 1,897120 0,000375
missing 1,386294 0,000274
missus 2,995732 0,000592
mistake 0,186330 0,000110
mistaken 0,261365 0,000052
mister 1,832581 0,000362
mistress 0,478036 0,000094
mite 1,714798 0,000339
mix 0,274437 0,000054
moan 0,653926 0,000129
mob 1,139434 0,000225
model 0,510826 0,000101
modern 0,301105 0,000060
modest 0,371064 0,000073
moleskin 3,506558 0,001386
moment 0,010050 0,000004
monday 0,891598 0,000176
money 0,051293 0,000010
mongrel 2,302585 0,000455
monkey 0,941609 0,000372
monotonous 1,078810 0,000213
monotony 1,609438 0,000318
monroe 2,525729 0,000499
month 0,040822 0,000016
mooch 3,912023 0,001547
mood 0,462035 0,000091
moody 1,514128 0,000299
moon 0,261365 0,000052
moonless 2,659260 0,000526
moonlight 0,673345 0,000133
moonlit 1,832581 0,000362
moral 0,301105 0,000060
morally 1,171183 0,000232
morning 0,040822 0,000016
morrow 0,328504 0,000065
mother 0,072571 0,000029
motion 0,223144 0,000044
mouldering 1,966113 0,000389
mound 1,272966 0,000252
mount 0,210721 0,000125
mountain 0,400478 0,000079
mountains 0,400478 0,000079
mournfully 1,514128 0,000299
moustache 1,514128 0,000299
mouth 0,061875 0,000012
mouthful 1,237874 0,000245
movement 0,287682 0,000114
mow 1,714798 0,000339
muck 2,302585 0,000455
mud 0,462035 0,000091
muddy 0,867501 0,000343
muffer 3,912023 0,000773
mulga 3,912023 0,000773
mullock 3,912023 0,000773
multitude 0,385662 0,000076
mum 2,525729 0,000499
munch 1,832581 0,000362
murder 0,248461 0,000098
murderer 0,733969 0,000145
murmur 0,287682 0,000057
murphy 2,659260 0,000526
muscular 1,203973 0,000238
mushroom 1,660731 0,000328
music 0,198451 0,000039
mustard 1,714798 0,000339
muster 1,078810 0,000426
mutter 0,653926 0,000129
muttering 1,049822 0,000208
mutton 1,237874 0,000245
muzzle 1,171183 0,000232
mysterious 0,314711 0,000062
mystery 0,235722 0,000093
mystic 1,108663 0,000219
nag 1,771957 0,000350
nagging 2,525729 0,000499
nail 0,356675 0,000212
naked 0,274437 0,000054
napkin 1,514128 0,000299
nark 3,506558 0,000693
narrow 0,094311 0,000019
nasal 2,525729 0,000499
nastiness 2,120264 0,000419
nasty 1,139434 0,000450
nation 0,579818 0,000115
native 0,314711 0,000124
natural 0,094311 0,000019
nature 0,094311 0,000037
natured 0,733969 0,000145
navvy 2,813411 0,000556
nearer 0,400478 0,000079
neath 2,659260 0,000526
neatly 1,049822 0,000208
necessaries 1,386294 0,000274
necessity 0,210721 0,000042
neck 0,174353 0,000034
neckerchief 2,995732 0,000592
necktie 2,120264 0,000419
ned 2,407946 0,000476
needle 0,673345 0,000133
needlewoman 3,218876 0,000636
neighborhood 1,171183 0,000232
neighbour 0,510826 0,000202
neighbourhood 0,776529 0,000153
neighbourly 3,218876 0,000636
nelson 2,302585 0,000455
nerve 0,371064 0,000147
nervously 1,203973 0,000238
nettle 1,272966 0,000252
newcomer 1,560648 0,000308
newly 0,494296 0,000098
newness 2,407946 0,000476
news 0,210721 0,000042
newspaper 0,693147 0,000274
nibble 1,609438 0,000318
nice 0,371064 0,000073
nicely 1,021651 0,000202
nick 1,386294 0,000548
nickname 1,660731 0,000657
nigger 2,407946 0,000476
night 0,010050 0,000004
nip 1,427116 0,000564
nipper 2,813411 0,000556
noble 0,198451 0,000039
noise 0,139262 0,000028
nonsense 0,478036 0,000094
noon 0,430783 0,000085
north 0,083382 0,000016
northern 0,653926 0,000129
nose 0,261365 0,000103
nosed 1,560648 0,000308
nostril 0,798508 0,000158
note 0,094311 0,000037
notice 0,020203 0,000012
notion 0,314711 0,000124
novelty 0,798508 0,000158
nowadays 1,139434 0,000225
nudge 1,714798 0,000339
nugget 2,995732 0,000592
nuggety 3,912023 0,000773
nuisance 1,309333 0,000259
nurse 0,301105 0,000060
nursing 0,867501 0,000171
oak 0,673345 0,000133
oaks 1,237874 0,000245
oath 0,385662 0,000076
object 0,105361 0,000062
oblige 0,210721 0,000083
oblong 1,469676 0,000291
obstinacy 1,108663 0,000219
obstinate 0,713350 0,000141
obstinately 1,272966 0,000252
obvious 0,415515 0,000082
occasion 0,105361 0,000042
occurrence 0,693147 0,000137
ocean 0,415515 0,000082
odd 0,385662 0,000076
odds 1,108663 0,000219
odour 1,021651 0,000202
offended 0,616186 0,000122
offensive 0,693147 0,000137
offer 0,020203 0,000012
offhand 2,407946 0,000476
office 0,072571 0,000014
oftener 1,049822 0,000208
oil 0,446287 0,000176
ole 2,659260 0,000526
operation 0,478036 0,000094
opinion 0,105361 0,000021
opportunity 0,061875 0,000012
opposition 0,494296 0,000098
ordinary 0,186330 0,000037
original 0,105361 0,000021
originally 0,673345 0,000133
ornament 0,527633 0,000209
orphan 0,798508 0,000158
ounce 1,427116 0,000282
outcast 1,203973 0,000238
outer 0,510826 0,000101
outlaw 2,120264 0,000419
outline 0,579818 0,000229
outright 1,309333 0,000259
outskirts 1,560648 0,000308
oven 1,386294 0,000274
overgrown 1,660731 0,000328
overhear 0,994252 0,000197
overland 2,525729 0,000499
overloaded 2,813411 0,000556
overnight 2,525729 0,000499
oversentimental 3,912023 0,000773
overtake 0,400478 0,000079
owe 0,105361 0,000021
owl 1,078810 0,000213
owner 0,083382 0,000033
pace 0,186330 0,000037
pack 0,579818 0,000115
packed 0,616186 0,000122
packet 1,237874 0,000245
packing 1,108663 0,000219
pad 1,560648 0,000308
paddle 1,386294 0,000274
paddock 2,407946 0,000476
padlocked 2,525729 0,000499
pain 0,051293 0,000020
painful 0,328504 0,000065
painfully 0,916291 0,000181
painstaking 2,207275 0,000436
paint 0,274437 0,000108
painter 0,755023 0,000298
painting 0,713350 0,000141
pair 0,210721 0,000083
pale 0,186330 0,000037
paling 2,120264 0,000419
palm 0,494296 0,000098
palms 0,820981 0,000162
palmy 2,995732 0,000592
paltriness 3,506558 0,000693
paltry 1,203973 0,000238
pan 0,755023 0,000448
pane 1,078810 0,000426
panel 1,203973 0,000238
panful 3,912023 0,000773
pannikin 2,995732 0,000592
paper 0,083382 0,000033
parallel 0,843970 0,000167
parcel 0,867501 0,000171
parched 1,203973 0,000238
pardon 0,287682 0,000057
parent 0,261365 0,000103
park 0,713350 0,000141
parlour 1,469676 0,000291
parson 1,514128 0,000299
partition 1,139434 0,000450
partly 0,301105 0,000060
partner 0,510826 0,000101
partnership 1,514128 0,000299
party 0,030459 0,000012
pass 0,020203 0,000008
passage 0,105361 0,000021
passenger 0,653926 0,000259
passing 0,094311 0,000019
paste 1,386294 0,000274
pastoral 1,897120 0,000375
pat 0,776529 0,000307
patch 0,616186 0,000365
patched 1,427116 0,000282
patchwork 2,040221 0,000403
patchy 3,506558 0,000693
pathetic 1,108663 0,000219
patience 0,139262 0,000028
patient 0,274437 0,000108
patron 0,776529 0,000153
pause 0,314711 0,000124
paw 1,021651 0,000202
pay 0,030459 0,000018
payable 2,407946 0,000476
pea 1,386294 0,000274
peace 0,094311 0,000019
peacefully 1,108663 0,000219
peak 0,916291 0,000181
pebble 1,108663 0,000219
peculiar 0,223144 0,000044
peep 0,634878 0,000251
peer 0,616186 0,000122
peered 1,237874 0,000245
peg 1,139434 0,000676
pen 0,235722 0,000093
penetration 1,347074 0,000266
penny 0,634878 0,000125
peppermint 2,995732 0,000592
perch 0,891598 0,000176
perfect 0,061875 0,000012
perfectly 0,162519 0,000032
perforated 2,659260 0,000526
perform 0,072571 0,000014
periodical 1,514128 0,000599
perish 0,462035 0,000183
permanent 0,223144 0,000044
permanently 1,386294 0,000274
permutation 3,218876 0,000636
persecution 1,108663 0,000219
persist 0,478036 0,000094
person -0,009950 -0,000004
persuade 0,223144 0,000088
perusal 1,272966 0,000252
pest 1,560648 0,000308
pet 0,891598 0,000176
peter 0,798508 0,000316
petticoat 1,514128 0,000299
pewter 2,120264 0,000838
phantom 0,967584 0,000191
phenomenal 2,407946 0,000476
phil 2,407946 0,000476
phonograph 2,813411 0,000556
photographer 2,525729 0,000499
phrase 0,139262 0,000028
physic 1,714798 0,000339
physically 1,347074 0,000266
piccaninny 3,912023 0,000773
pick 0,223144 0,000132
picking 0,634878 0,000125
picture 0,139262 0,000055
piece 0,020203 0,000008
pierce 0,356675 0,000071
pig 0,544727 0,000215
pigeon 1,108663 0,000219
pigskin 3,912023 0,000773
pile 0,328504 0,000130
pillar 0,597837 0,000118
pillow 0,544727 0,000215
pilot 1,021651 0,000202
pin 0,478036 0,000094
pinafore 2,525729 0,000999
pinch 0,843970 0,000167
pine 0,462035 0,000183
pink 0,820981 0,000162
pint 1,309333 0,000259
pipe 0,385662 0,000152
pipeclay 3,912023 0,000773
pistol 0,820981 0,000162
pitch 0,261365 0,000052
pitchfork 2,525729 0,000499
pitiful 0,798508 0,000158
pity 0,139262 0,000055
placid 1,203973 0,000238
plague 0,673345 0,000133
plain 0,040822 0,000008
plainly 0,261365 0,000052
plains 0,967584 0,000191
plan 0,198451 0,000039
plant 0,186330 0,000037
plate 0,314711 0,000124
platform 0,843970 0,000334
play 0,040822 0,000032
player 0,713350 0,000141
plead 0,400478 0,000079
pleasant 0,162519 0,000064
pleased 0,150823 0,000030
pleasure 0,051293 0,000010
plenty 0,235722 0,000047
plough 0,941609 0,000558
pluck 0,371064 0,000073
plucky 2,207275 0,000436
plumb 2,120264 0,000419
plump 1,021651 0,000202
plunge 0,314711 0,000062
pneumonia 2,995732 0,000592
pocket 0,371064 0,000147
poddy 3,912023 0,000773
poem 0,798508 0,000316
poet 0,544727 0,000215
poetic 1,309333 0,000259
poetry 0,693147 0,000137
poison 0,371064 0,000073
poisoning 2,040221 0,000403
poisonous 1,272966 0,000252
poke 0,941609 0,000558
pole 0,494296 0,000195
police 0,755023 0,000149
policeman 1,237874 0,000489
polish 1,108663 0,000219
polished 0,673345 0,000133
politely 1,078810 0,000213
politics 0,713350 0,000141
pommel 2,120264 0,000419
pool 0,693147 0,000137
poor 0,020203 0,000004
popular 0,430783 0,000085
port 0,579818 0,000115
portion 0,301105 0,000060
portmanteaus 3,218876 0,000636
portrait 0,597837 0,000236
pose 1,021651 0,000202
position 0,162519 0,000032
possibility 0,150823 0,000030
possum 2,995732 0,001184
post 0,051293 0,000030
poster 2,407946 0,000476
postpone 1,021651 0,000202
pot 0,478036 0,000283
potato 1,078810 0,000426
potter 1,171183 0,000232
pound 0,314711 0,000124
pour 0,116534 0,000046
poverty 0,446287 0,000088
powder 0,597837 0,000118
power 0,030459 0,000006
practicable 1,309333 0,000259
practical 0,494296 0,000098
practically 0,235722 0,000047
practice 0,116534 0,000023
practise 0,510826 0,000101
practitioner 2,040221 0,000403
prattle 1,771957 0,000350
prattling 2,659260 0,000526
pray 0,261365 0,000155
precious 0,162519 0,000032
precocious 1,966113 0,000389
prefer 0,174353 0,000034
prefix 2,040221 0,000403
premise 0,891598 0,000176
preparation 0,328504 0,000130
prepare 0,116534 0,000023
prepared 0,105361 0,000021
presence 0,094311 0,000019
presently 0,385662 0,000076
preserve 0,083382 0,000016
pressed 0,274437 0,000054
pressure 0,527633 0,000104
pretence 0,891598 0,000176
pretend 0,186330 0,000110
pretty 0,150823 0,000089
prevent 0,040822 0,000008
price 0,314711 0,000062
prick 0,843970 0,000167
pride 0,150823 0,000030
print 0,116534 0,000046
prison 0,248461 0,000049
private 0,198451 0,000039
privately 1,171183 0,000232
privileged 1,347074 0,000266
prize 0,494296 0,000098
probable 0,494296 0,000098
proceed 0,116534 0,000023
process 0,400478 0,000079
procure 0,415515 0,000082
profession 0,446287 0,000088
professional 0,820981 0,000162
project -0,009950 -0,000004
promise 0,051293 0,000020
promising 0,430783 0,000085
prompt 0,478036 0,000094
pronounced 0,446287 0,000088
prop 0,941609 0,000558
proper 0,061875 0,000012
properly 0,385662 0,000076
proportion 0,235722 0,000047
propose 0,186330 0,000074
prospect 0,430783 0,000085
prospecting 3,218876 0,000636
protection 0,314711 0,000062
prove 0,083382 0,000033
provision 0,094311 0,000019
pub 3,218876 0,001273
public 0,083382 0,000016
publican 2,407946 0,000952
publication 1,049822 0,000208
publish 0,478036 0,000094
pudding 1,386294 0,000274
puddle 1,203973 0,000714
puff 0,733969 0,000435
pull 0,127833 0,000076
pump 1,108663 0,000219
pumpkin 2,302585 0,000455
punch 1,203973 0,000238
pup 2,302585 0,000455
pupil 0,579818 0,000115
pure 0,139262 0,000028
purgatory 1,966113 0,000389
purpose 0,040822 0,000008
purse 0,562119 0,000111
push 0,139262 0,000028
puss 2,407946 0,000476
puzzle 0,941609 0,000186
puzzled 0,494296 0,000098
quack 1,897120 0,000375
quaking 1,832581 0,000362
quality 0,186330 0,000037
quantity 0,478036 0,000094
quarrel 0,287682 0,000171
quart 1,714798 0,000339
quarter 0,105361 0,000042
quartz 2,659260 0,000526
queen 0,415515 0,000082
queer 0,776529 0,000153
question 0,020203 0,000008
quick 0,127833 0,000076
quid 1,966113 0,000777
quiet 0,094311 0,000037
quieten 3,912023 0,000773
quietly 0,261365 0,000052
quietness 1,832581 0,000362
quilt 1,609438 0,000318
quote 0,755023 0,000149
rabbit 0,994252 0,000197
race 0,162519 0,000096
racecourse 2,995732 0,000592
racehorse 3,218876 0,000636
racer 2,040221 0,000403
racing 1,427116 0,000282
radius 2,120264 0,000419
raffle 2,995732 0,000592
rafter 1,714798 0,000339
rag 0,693147 0,000274
rage 0,139262 0,000028
ragged 0,776529 0,000153
rail 0,579818 0,000229
railroad 1,609438 0,000318
railway 1,171183 0,000463
rain 0,150823 0,000119
rainless 3,912023 0,000773
rainy 0,967584 0,000191
raise 0,020203 0,000012
ram 0,994252 0,000393
ramrod 2,659260 0,000526
ranch 2,995732 0,000592
range 0,328504 0,000195
rank 0,223144 0,000044
rapidly 0,371064 0,000073
rate 0,261365 0,000103
ratepayer 3,912023 0,000773
ration 1,832581 0,000724
rattle 0,616186 0,000122
ratty 3,506558 0,000693
rave 1,272966 0,000252
raving 1,309333 0,000259
reach 0,000000 0,000000
reaction 1,237874 0,000245
read 0,020203 0,000008
reader 0,301105 0,000119
ready 0,030459 0,000006
real 0,040822 0,000008
realise 1,021651 0,000202
reality 0,301105 0,000060
reap 0,673345 0,000133
rear 0,371064 0,000220
reason 0,010050 0,000004
reasonable 0,116534 0,000023
rebel 0,733969 0,000145
recall 0,235722 0,000047
receive 0,040822 0,000008
reception 0,693147 0,000137
reckless 1,049822 0,000208
reckon 0,385662 0,000229
reclaim 1,469676 0,000291
recognise 0,843970 0,000334
record 0,223144 0,000044
recover 0,127833 0,000051
recovery 0,616186 0,000122
recross 2,302585 0,000455
red 0,061875 0,000037
reedy 2,995732 0,000592
reef 1,514128 0,000299
refer 0,223144 0,000176
reference 0,198451 0,000078
reflect 0,235722 0,000047
reflection 0,274437 0,000054
reflective 2,040221 0,000403
reflectively 1,897120 0,000375
regard 0,083382 0,000033
regret 0,342490 0,000068
regular 0,287682 0,000057
regularly 0,616186 0,000122
rein 0,867501 0,000343
reject 0,478036 0,000094
relation 0,223144 0,000088
relative 0,462035 0,000091
relaxed 0,994252 0,000197
release 0,105361 0,000021
relic 0,867501 0,000343
relief 0,186330 0,000037
relieve 0,198451 0,000078
religion 0,415515 0,000082
religious 0,446287 0,000088
reluctant 1,021651 0,000202
remains 0,150823 0,000030
remark 0,223144 0,000088
remarkable 0,235722 0,000047
remarks 0,462035 0,000091
remember 0,030459 0,000012
remind 0,301105 0,000060
remittance 2,407946 0,000476
remnant 1,049822 0,000208
remove 0,040822 0,000008
repair 0,342490 0,000068
repeat 0,051293 0,000020
reply 0,105361 0,000042
reprint 1,660731 0,000328
reptile 1,609438 0,000318
require 0,051293 0,000010
rescue 0,494296 0,000098
resemble 0,400478 0,000079
resent 0,820981 0,000162
reserve 0,400478 0,000079
residence 0,653926 0,000129
resist 0,274437 0,000054
respect 0,040822 0,000016
respectable 0,430783 0,000085
respectably 2,407946 0,000476
respects 0,527633 0,000104
rest 0,010050 0,000006
restaurant 1,469676 0,000291
restless 0,478036 0,000094
restlessly 1,514128 0,000299
result 0,174353 0,000034
retail 2,207275 0,000436
retainer 1,966113 0,000389
retort 0,820981 0,000325
retouch 2,995732 0,000592
retrieve 1,832581 0,000724
retriever 3,506558 0,000693
return 0,010050 0,000004
reverence 0,579818 0,000115
reverse 0,527633 0,000104
reversed 1,171183 0,000232
revisit 1,771957 0,000350
revolver 1,514128 0,000599
rhyme 1,237874 0,000245
ribbon 0,843970 0,000167
rich 0,116534 0,000069
rickety 1,660731 0,000328
rid 0,223144 0,000044
ride 0,261365 0,000258
rider 0,967584 0,000383
riderless 3,506558 0,000693
ridge 0,891598 0,000352
ridiculous 0,478036 0,000094
rifle 1,078810 0,000426
rig 1,272966 0,000503
rigid 0,820981 0,000162
rimmed 2,040221 0,000403
rinse 1,897120 0,000375
rip 1,021651 0,000202
ripe 0,820981 0,000162
ripple 0,820981 0,000162
rise 0,030459 0,000024
risk 0,301105 0,000060
risky 2,813411 0,000556
rival 0,494296 0,000098
river 0,174353 0,000034
rivers 0,713350 0,000141
road 0,116534 0,000046
roadside 1,966113 0,000389
roar 0,356675 0,000141
roaring 0,693147 0,000137
roast 0,798508 0,000316
roasted 1,272966 0,000252
robert 1,078810 0,000213
roberts 2,659260 0,000526
rock 0,186330 0,000074
rocker 2,813411 0,000556
rocket 2,120264 0,000419
rocking 1,347074 0,000266
roll 0,150823 0,000089
roman 0,713350 0,000141
romance 0,673345 0,000133
romantic 0,891598 0,000176
romany 3,506558 0,000693
roof 0,186330 0,000110
roomy 2,120264 0,000419
roost 1,660731 0,000328
rooster 3,912023 0,000773
root 0,235722 0,000186
rope 0,430783 0,000170
rose 0,941609 0,000186
rosy 1,078810 0,000213
rot 0,798508 0,000474
rotten 0,941609 0,000186
rough 0,186330 0,000037
roughly 0,544727 0,000108
rounded 1,021651 0,000202
rouse 0,494296 0,000098
rouseabout 3,912023 0,000773
rousing 1,514128 0,000299
route 0,713350 0,000282
rover 1,832581 0,000362
row 0,385662 0,000152
royal 0,400478 0,000079
rub 0,342490 0,000203
rubbish 1,108663 0,000219
rude 0,342490 0,000068
ruffle 0,941609 0,000186
rug 1,203973 0,000476
rugged 0,798508 0,000158
ruin 0,116534 0,000023
rule 0,030459 0,000006
rum 1,309333 0,000259
rump 2,407946 0,000952
rumple 3,218876 0,000636
runner 1,469676 0,000291
rush 0,127833 0,000101
rust 1,171183 0,000232
sac 3,218876 0,000636
sack 0,653926 0,000259
sacrifice 0,210721 0,000083
sad 0,223144 0,000088
saddle 0,755023 0,000448
saddler 2,995732 0,000592
safe 0,116534 0,000046
safely 0,371064 0,000073
sag 2,525729 0,000499
sail 0,415515 0,000082
sailor 0,544727 0,000108
saint 0,673345 0,000133
sake 0,083382 0,000016
sale 0,776529 0,000153
saliva 2,659260 0,000526
salmon 1,660731 0,000328
saloon 1,427116 0,000282
salt 0,105361 0,000042
salvation 0,798508 0,000158
sameness 2,120264 0,000419
sand 0,494296 0,000098
sandwich 1,660731 0,000657
sandy 1,049822 0,000208
sane 1,309333 0,000518
sap 1,514128 0,000599
sapling 2,040221 0,000807
sarah 2,040221 0,000403
sarcastic 1,427116 0,000282
sardonically 2,813411 0,000556
sash 1,427116 0,000282
satisfaction 0,186330 0,000037
satisfactorily 1,272966 0,000252
satisfy 0,061875 0,000012
saturday 0,843970 0,000167
saucepan 2,040221 0,000807
saucer 1,309333 0,000518
sausage 1,966113 0,000389
savage 0,248461 0,000049
save 0,010050 0,000006
sawmill 3,506558 0,000693
sawney 3,218876 0,000636
sawny 3,912023 0,000773
scale 0,274437 0,000054
scamp 2,120264 0,000838
scarce 0,653926 0,000129
scarcely 0,301105 0,000060
scare 1,237874 0,000245
scared 0,941609 0,000186
scarlet 0,798508 0,000158
scene 0,127833 0,000025
scenery 1,237874 0,000245
scent 0,544727 0,000215
scheme 0,462035 0,000091
school 0,150823 0,000030
schoolhouse 2,525729 0,000499
schoolmaster 1,272966 0,000252
schoolmate 2,813411 0,000556
schoolmistress 2,525729 0,000499
schoolroom 1,966113 0,000389
scientific 0,776529 0,000153
scoff 1,514128 0,000299
scoop 1,514128 0,000299
scorch 1,469676 0,000291
score 0,446287 0,000176
scotsman 3,218876 0,000636
scotty 3,912023 0,000773
scowl 1,049822 0,000415
scramble 0,941609 0,000186
scrap 0,820981 0,000162
scrape 0,634878 0,000251
scratch 0,544727 0,000215
scratching 1,108663 0,000219
scream 0,462035 0,000365
screech 1,609438 0,000318
screen 0,843970 0,000167
screw 1,049822 0,000415
scrub 1,237874 0,000734
scuffle 1,427116 0,000282
scuttle 1,237874 0,000245
sea 0,116534 0,000023
seal 0,371064 0,000073
search 0,040822 0,000016
season 0,235722 0,000093
seat 0,051293 0,000030
secret 0,051293 0,000010
secretary 0,820981 0,000162
securely 0,916291 0,000181
seed 0,510826 0,000101
seek 0,083382 0,000033
seemingly 0,967584 0,000191
seize 0,116534 0,000023
seldom 0,301105 0,000060
select 0,301105 0,000119
selection 1,139434 0,000450
selector 3,912023 0,001547
selfish 0,798508 0,000158
selfishness 0,843970 0,000167
sell 0,210721 0,000167
send 0,020203 0,000012
sense 0,051293 0,000010
sensibly 1,139434 0,000225
sensitive 0,693147 0,000137
sentence 0,094311 0,000019
sentiment 0,356675 0,000071
sentimental 1,139434 0,000225
separate 0,094311 0,000037
september 0,673345 0,000133
series 0,494296 0,000098
servant 0,105361 0,000042
serve 0,051293 0,000020
service 0,072571 0,000014
serviceable 1,237874 0,000245
set 0,010050 0,000004
settle 0,083382 0,000033
settlement 0,994252 0,000197
settler 2,120264 0,000838
severe 0,301105 0,000060
sew 0,994252 0,000393
sewing 1,514128 0,000299
sex 0,462035 0,000091
sexton 2,302585 0,000455
shade 0,223144 0,000088
shading 1,560648 0,000308
shadow 0,162519 0,000064
shady 0,967584 0,000191
shaft 0,713350 0,000282
shake 0,072571 0,000043
shaky 2,207275 0,000436
shallow 0,755023 0,000149
sham 1,560648 0,000308
shame 0,223144 0,000044
shank 2,407946 0,000476
shanty 2,302585 0,000910
shape 0,150823 0,000030
shaped 0,527633 0,000104
shapeless 2,120264 0,000419
share 0,030459 0,000006
sharp 0,139262 0,000028
sharply 0,510826 0,000101
shave 0,916291 0,000362
shaven 1,514128 0,000299
shaving 1,660731 0,000328
shawl 1,021651 0,000202
shear 1,386294 0,000548
shearer 2,995732 0,001184
shearing 2,525729 0,000499
sheath 1,347074 0,000266
sheep 0,371064 0,000073
sheepish 2,120264 0,000419
sheepishly 2,207275 0,000436
sheer 0,820981 0,000162
sheet 0,314711 0,000124
shelf 0,634878 0,000125
shelter 0,301105 0,000060
sheltered 0,820981 0,000162
shelve 2,040221 0,000403
sheol 3,506558 0,000693
shepherd 0,843970 0,000334
shift 0,510826 0,000303
shilling 0,967584 0,000383
shin 1,897120 0,000375
shine 0,150823 0,000060
shingle 1,771957 0,000701
ship 0,198451 0,000039
shirt 0,527633 0,000209
shirty 3,912023 0,000773
shiver 0,478036 0,000094
shock 0,235722 0,000047
shoe 0,314711 0,000124
shoemaker 1,771957 0,000350
shoot 0,385662 0,000076
shooting 0,634878 0,000125
shop 0,494296 0,000098
shops 0,843970 0,000167
shore 0,287682 0,000057
short 0,020203 0,000008
shorten 0,916291 0,000181
shortly 0,462035 0,000091
shot 0,223144 0,000044
shoulder 0,139262 0,000083
shout 0,186330 0,000110
shove 0,967584 0,000383
shovel 1,347074 0,000266
shower 0,544727 0,000215
shred 1,108663 0,000219
shriek 0,634878 0,000125
shrieking 1,347074 0,000266
shrill 0,798508 0,000158
shrinkage 3,506558 0,000693
shrivel 1,714798 0,000339
shroud 0,916291 0,000181
shudder 0,446287 0,000088
shuffle 1,427116 0,000282
shut 0,051293 0,000020
shutter 0,994252 0,000197
shy 0,673345 0,000266
shylock 3,506558 0,000693
shyness 1,560648 0,000308
sich 2,120264 0,000419
sick 0,150823 0,000030
sickly 0,891598 0,000176
sickness 0,478036 0,000094
sided 1,714798 0,000339
sideways 1,139434 0,000225
siding 3,218876 0,001273
sidle 1,714798 0,001017
sieve 1,897120 0,000375
sigh 0,235722 0,000093
sight 0,040822 0,000008
sighted 0,733969 0,000145
sign 0,051293 0,000030
signal 0,462035 0,000183
silence 0,051293 0,000010
silent 0,051293 0,000010
silently 0,544727 0,000108
silk 0,478036 0,000094
sill 1,309333 0,000259
silliness 2,302585 0,000455
silly 0,400478 0,000158
simple 0,094311 0,000019
simply 0,150823 0,000030
simulate 2,040221 0,000403
sin 0,314711 0,000062
sinew 1,427116 0,000282
sing 0,261365 0,000155
singed 1,660731 0,000328
singing 0,371064 0,000073
single 0,083382 0,000016
singly 1,139434 0,000225
singular 0,430783 0,000085
sinister 1,108663 0,000219
sink 0,072571 0,000043
sinker 2,995732 0,000592
sinner 0,867501 0,000171
sip 1,386294 0,000274
sister 0,223144 0,000088
sit 0,010050 0,000006
situated 0,733969 0,000145
sixpenny 2,813411 0,000556
sizable 3,506558 0,000693
size 0,223144 0,000044
sketch 0,653926 0,000259
skillion 3,912023 0,000773
skim 1,347074 0,000266
skin 0,174353 0,000034
skinned 1,609438 0,000318
skip 1,139434 0,000225
skirt 0,527633 0,000313
skull 0,843970 0,000167
sky 0,186330 0,000074
skyline 3,218876 0,000636
slab 1,514128 0,000599
slack 1,171183 0,000232
slackened 1,203973 0,000238
slant 1,203973 0,000476
slap 0,798508 0,000158
slave 0,356675 0,000212
sleep 0,051293 0,000030
sleepy 0,713350 0,000141
sleeve 0,579818 0,000115
slice 1,108663 0,000438
sliced 2,525729 0,000499
slide 0,713350 0,000141
slight 0,072571 0,000014
slim 1,139434 0,000225
slip 0,150823 0,000060
slipper 0,916291 0,000181
slit 1,237874 0,000245
slither 3,506558 0,000693
slobbering 3,506558 0,000693
slope 0,527633 0,000417
slouch 1,660731 0,000328
slow 0,139262 0,000028
slowly 0,150823 0,000030
slumber 0,510826 0,000101
slung 1,386294 0,000274
slush 2,407946 0,000476
slut 2,207275 0,000436
sly 0,713350 0,000141
smart 0,597837 0,000118
smartly 1,514128 0,000299
smash 1,021651 0,000202
smell 0,261365 0,000103
smile 0,150823 0,000089
smirk 2,659260 0,000526
smithereens 3,506558 0,000693
smoke 0,186330 0,000147
smooth 0,235722 0,000093
smother 0,941609 0,000186
smothering 2,659260 0,000526
smotheringly 3,912023 0,000773
smut 2,659260 0,000526
snack 2,659260 0,000526
snake 0,891598 0,000176
snakes 1,347074 0,000266
snap 0,733969 0,000290
snapper 3,218876 0,000636
snarl 1,078810 0,000213
snatch 0,462035 0,000091
sneak 1,237874 0,000734
sneer 0,994252 0,000393
sniff 1,272966 0,000503
snooze 2,813411 0,000556
snore 1,272966 0,000252
snort 1,272966 0,000503
snow 0,478036 0,000094
soak 1,171183 0,000232
sob 0,562119 0,000333
sober 0,562119 0,000222
sociable 1,272966 0,000252
society 0,210721 0,000042
sock 1,469676 0,000291
socket 1,309333 0,000259
sodden 1,714798 0,000339
sofa 0,967584 0,000191
soft 0,210721 0,000083
softly 0,400478 0,000079
softness 0,891598 0,000176
soil 0,478036 0,000094
solder 2,302585 0,000455
solemn 0,301105 0,000060
solemnly 0,579818 0,000115
solid 0,274437 0,000054
soliloquise 3,218876 0,000636
solitary 0,462035 0,000091
solvent 2,995732 0,000592
son 0,083382 0,000033
song 0,261365 0,000052
sonny 2,995732 0,000592
sooty 2,120264 0,000419
sorrow 0,248461 0,000049
sorrowfully 1,714798 0,000339
sort 0,072571 0,000057
sorter 2,659260 0,000526
sough 2,813411 0,000556
soul 0,083382 0,000016
sound 0,010050 0,000008
sour 0,891598 0,000176
south 0,235722 0,000047
southern 0,579818 0,000115
sovereign 0,733969 0,000145
sow 0,579818 0,000229
space 0,105361 0,000021
spade 1,139434 0,000225
spank 3,218876 0,001273
spanking 3,506558 0,000693
spare 0,116534 0,000023
sparkling 0,776529 0,000153
sparring 3,218876 0,000636
speak 0,030459 0,000024
speaking 0,072571 0,000014
special 0,083382 0,000016
specimen 0,579818 0,000115
speck 0,916291 0,000181
speculate 1,514128 0,000299
speechless 0,916291 0,000181
spell 0,653926 0,000129
spencer 1,897120 0,000375
spencers 3,912023 0,000773
spend 0,051293 0,000020
spicer 3,506558 0,000693
spicers 3,912023 0,000773
spidery 3,506558 0,000693
spieler 3,912023 0,000773
spike 1,386294 0,000822
spill 0,843970 0,000334
spin 0,510826 0,000101
spindle 1,966113 0,000389
spirit 0,051293 0,000020
spiritless 1,832581 0,000362
spirituous 3,218876 0,000636
spit 0,843970 0,000334
spite 0,139262 0,000028
spitting 1,609438 0,000318
splash 0,867501 0,000514
splendid 0,400478 0,000079
splice 2,813411 0,000556
splint 3,506558 0,000693
split 0,798508 0,000158
splitting 1,514128 0,000299
splosh 3,912023 0,000773
spluttering 2,525729 0,000499
spoil 0,274437 0,000163
spoiler 2,813411 0,000556
sponge 1,171183 0,000232
sport 0,446287 0,000088
sporting 1,427116 0,000282
spot 0,150823 0,000030
spotted 0,994252 0,000197
spout 1,514128 0,000599
sprat 2,995732 0,000592
spread 0,051293 0,000020
spree 2,407946 0,000952
spring 0,051293 0,000030
sprout 1,514128 0,000299
spruce 2,040221 0,000403
spuds 3,912023 0,000773
spur 0,693147 0,000137
square 0,223144 0,000044
squared 2,040221 0,000403
squat 0,941609 0,000186
squatter 3,218876 0,000636
squatters 3,218876 0,000636
squawk 3,506558 0,001386
squeeze 0,798508 0,000316
squint 1,714798 0,000678
squire 1,272966 0,000252
squirmy 3,912023 0,000773
stab 0,967584 0,000191
stable 0,478036 0,000094
stablemen 3,506558 0,000693
stabling 3,506558 0,000693
stack 1,272966 0,000252
staff 0,261365 0,000052
stage 0,186330 0,000074
stagger 0,527633 0,000104
stain 0,478036 0,000189
stake 0,446287 0,000088
stammer 0,891598 0,000176
stamp 0,261365 0,000052
stand -0,009950 -0,000006
standard 0,544727 0,000215
standeth 2,525729 0,000499
standish 3,506558 0,000693
star 0,261365 0,000052
starch 1,832581 0,000362
stare 0,328504 0,000195
stark 1,386294 0,000274
starlight 1,897120 0,000375
starlit 2,995732 0,000592
starry 1,272966 0,000252
start -0,009950 -0,000008
startled 0,415515 0,000082
starve 0,562119 0,000222
statement 0,186330 0,000037
station 0,235722 0,000140
statue 0,634878 0,000125
stave 1,427116 0,000282
stay 0,061875 0,000037
steady 0,301105 0,000060
steak 1,832581 0,000362
steal 0,105361 0,000062
steel 0,494296 0,000098
steep 0,527633 0,000104
steer 0,994252 0,000590
stem 0,776529 0,000153
step 0,030459 0,000012
stern 0,478036 0,000094
sternly 0,820981 0,000162
stick 0,174353 0,000103
sticks 0,733969 0,000145
stiff 0,430783 0,000085
stiffen 1,078810 0,000213
stimulate 1,021651 0,000202
sting 0,616186 0,000244
stink 1,469676 0,000291
stir 0,210721 0,000083
stirring 0,494296 0,000098
stirrup 1,832581 0,000362
stitch 1,347074 0,000266
stock 0,235722 0,000047
stocking 0,843970 0,000167
stockyard 3,912023 0,000773
stolid 1,660731 0,000328
stomach 0,616186 0,000122
stone 0,094311 0,000037
stony 0,994252 0,000197
stool 0,653926 0,000259
stoop 0,400478 0,000237
store 0,061875 0,000024
storekeeper 3,218876 0,000636
storey 2,302585 0,000455
story 0,030459 0,000012
stout 0,527633 0,000104
stove 1,108663 0,000219
stow 1,309333 0,000259
straight 0,105361 0,000062
straighten 0,967584 0,000383
strain 0,248461 0,000098
strange 0,061875 0,000012
stranger 0,139262 0,000028
strangers 0,356675 0,000071
strap 1,203973 0,000476
strapped 1,966113 0,000389
straw 0,342490 0,000068
stray 0,562119 0,000111
streak 0,820981 0,000325
stream 0,139262 0,000028
street 0,116534 0,000023
strength 0,030459 0,000012
stretch 0,116534 0,000046
stretcher 2,407946 0,000952
stricken 0,653926 0,000129
strict 0,186330 0,000037
strictly 0,579818 0,000115
stride 0,616186 0,000122
strike 0,020203 0,000008
striking 0,274437 0,000054
string 0,371064 0,000220
stringy 2,659260 0,000526
strip 0,385662 0,000229
striped 1,560648 0,000308
stroke 0,301105 0,000179
stroll 0,820981 0,000162
strong 0,020203 0,000012
struggle 0,127833 0,000076
stubble 1,609438 0,000318
study 0,094311 0,000019
stuff 0,223144 0,000132
stumble 0,562119 0,000111
stumbling 1,108663 0,000219
stump 0,994252 0,000393
stumped 2,995732 0,000592
stumpy 2,813411 0,000556
stun 2,302585 0,000455
stunt 1,832581 0,000362
stupid 0,478036 0,000094
style 0,261365 0,000052
subject 0,061875 0,000012
subscriber 2,207275 0,000436
subsequent 0,867501 0,000171
success 0,162519 0,000032
successful 0,478036 0,000094
suck 0,597837 0,000236
sudden 0,072571 0,000014
suddenly 0,040822 0,000008
sue 1,386294 0,000274
suffer 0,061875 0,000037
suffering 0,210721 0,000042
suffocate 1,272966 0,000252
sugar 0,776529 0,000153
suggestion 0,356675 0,000071
suggestive 1,237874 0,000245
suicide 1,049822 0,000208
suit 0,198451 0,000078
suited 0,597837 0,000118
suitor 1,347074 0,000266
sulk 2,120264 0,000419
sulking 2,659260 0,000526
sulky 1,514128 0,000299
sullenly 1,427116 0,000282
summer 0,186330 0,000074
summons 0,867501 0,000171
sun 0,072571 0,000014
sunday 0,494296 0,000098
sundowner 3,912023 0,000773
sunlight 0,843970 0,000167
sunny 0,843970 0,000167
sunrise 0,891598 0,000176
sunset 0,798508 0,000316
sunstroke 3,506558 0,000693
superintend 1,347074 0,000533
supernatural 1,272966 0,000252
superstition 0,798508 0,000158
supper 0,446287 0,000088
supply 0,210721 0,000042
support 0,094311 0,000019
suppose 0,020203 0,000012
surely 0,186330 0,000037
surface 0,287682 0,000057
surgical 1,832581 0,000362
surplus 1,771957 0,000350
surprise 0,150823 0,000030
surprised 0,210721 0,000042
surround 0,162519 0,000064
surveyor 2,207275 0,000873
survive 0,186330 0,000037
suspect 0,162519 0,000032
suspicion 0,210721 0,000042
suspicious 0,579818 0,000115
suspiciously 1,832581 0,000362
sustain 0,314711 0,000062
swag 2,995732 0,001184
swagman 3,912023 0,000773
swallow 0,261365 0,000103
swampy 2,302585 0,000455
swarm 0,634878 0,000125
swear 0,261365 0,000155
swearing 0,994252 0,000197
sweat 0,562119 0,000222
sweating 1,966113 0,000389
sweep 0,274437 0,000163
sweeping 0,820981 0,000162
sweet 0,139262 0,000083
sweetheart 1,609438 0,000636
swell 0,186330 0,000147
swelter 2,407946 0,000476
swim 0,478036 0,000189
swimmy 3,912023 0,000773
swindle 1,714798 0,000339
swing 0,430783 0,000170
swinging 0,798508 0,000158
swish 1,771957 0,000350
switch 1,514128 0,000299
swoop 1,386294 0,000274
sydney 2,407946 0,000476
sympathetic 1,021651 0,000202
sympathy 0,314711 0,000062
symptom 0,693147 0,000137
systematic 1,427116 0,000282
table 0,083382 0,000016
tablecloth 1,966113 0,000389
tack 1,139434 0,000676
tackle 1,139434 0,000450
tail 0,356675 0,000282
tailer 3,912023 0,000773
tailing 3,912023 0,000773
takin 2,407946 0,000476
tale 0,248461 0,000049
talk 0,061875 0,000024
talking 0,150823 0,000030
tall 0,198451 0,000078
tallow 1,514128 0,000299
tan 1,272966 0,000252
tangle 1,386294 0,000274
tank 1,832581 0,000362
tanner 2,302585 0,000455
tap 0,798508 0,000474
tar 1,469676 0,000581
target 1,514128 0,000299
tarnal 3,218876 0,000636
tarpaulin 2,659260 0,000526
tartar 1,660731 0,000328
taste 0,105361 0,000042
tastefully 2,659260 0,000526
tea 0,579818 0,000115
teach 0,083382 0,000049
teacher 0,415515 0,000082
team 1,049822 0,000415
teamster 3,218876 0,000636
tear 0,030459 0,000030
teethe 2,995732 0,000592
teetotaller 3,506558 0,000693
telegraph 1,203973 0,000238
telephone 2,120264 0,000419
telescope 1,386294 0,000274
telling 1,560648 0,000308
temper 0,261365 0,000052
temperament 0,967584 0,000191
tempered 0,653926 0,000129
temple 0,314711 0,000062
temptation 0,430783 0,000085
tender 0,301105 0,000060
tent 0,713350 0,000282
ter 2,659260 0,000526
term 0,061875 0,000024
terminus 2,407946 0,000476
terrible 0,186330 0,000037
terribly 0,733969 0,000145
terrify 0,579818 0,000115
terror 0,162519 0,000032
thatch 1,714798 0,000339
theer 3,218876 0,000636
theory 0,400478 0,000158
thereon 1,469676 0,000291
thickness 1,386294 0,000274
thieve 2,040221 0,000403
thievish 2,813411 0,000556
thinking 0,274437 0,000054
thirst 0,494296 0,000098
thirsty 0,820981 0,000162
thirteen 0,579818 0,000115
thoughtful 0,693147 0,000137
thoughtfully 0,994252 0,000197
thrash 1,237874 0,000245
thread 0,342490 0,000135
threadbare 1,560648 0,000308
threaten 0,186330 0,000110
thresh 2,302585 0,000455
thrill 0,713350 0,000282
throat 0,223144 0,000044
throb 1,021651 0,000202
throw 0,010050 0,000006
thud 1,771957 0,000701
thumb 0,916291 0,000181
thump 1,203973 0,000476
thunder 0,430783 0,000085
thunderstorm 1,771957 0,000350
tick 1,171183 0,000232
ticklish 2,120264 0,000419
tidily 2,995732 0,000592
tidy 1,171183 0,000695
tie 0,105361 0,000042
tight 0,494296 0,000195
tightly 0,867501 0,000171
tilt 1,309333 0,000518
timber 0,798508 0,000158
timbered 2,525729 0,000499
timbering 3,912023 0,000773
time -0,009950 -0,000004
timid 0,544727 0,000108
tin 0,755023 0,000298
tinge 0,994252 0,000197
tinker 1,771957 0,000350
tinned 3,218876 0,000636
tiptoe 0,941609 0,000186
tired 0,198451 0,000039
tobacco 0,713350 0,000141
toddle 2,659260 0,000526
toe 0,616186 0,000244
toil 0,430783 0,000085
tom 1,049822 0,000208
tomahawk 3,218876 0,000636
tomboy 2,995732 0,000592
tommy 2,813411 0,000556
ton 1,021651 0,000202
tone 0,198451 0,000078
tong 1,347074 0,000266
tongue 0,139262 0,000055
tony 3,218876 0,000636
tool 0,478036 0,000094
tooth 0,186330 0,000074
toothache 2,040221 0,000403
toothless 2,120264 0,000419
torture 0,371064 0,000073
tossing 0,916291 0,000181
touch 0,010050 0,000004
tough 0,891598 0,000176
tow 1,560648 0,000308
towel 1,427116 0,000282
town 0,094311 0,000037
township 2,525729 0,000499
townsman 1,966113 0,000389
toy 0,733969 0,000290
trace 0,198451 0,000039
track 0,415515 0,000246
tracker 3,218876 0,000636
tradesman 1,139434 0,000225
traditional 1,514128 0,000299
traffic 1,171183 0,000232
trail 0,653926 0,000129
train 0,162519 0,000064
tram 2,813411 0,000556
tramp 0,891598 0,000529
tramps 1,966113 0,000389
transcriber 1,714798 0,000339
transparency 2,207275 0,000436
transport 0,653926 0,000129
trap 0,527633 0,000209
travel 0,198451 0,000039
travelling 0,693147 0,000137
tray 1,237874 0,000245
treacle 2,995732 0,000592
tread 0,328504 0,000065
treat 0,127833 0,000025
tree 0,061875 0,000024
tremble 0,174353 0,000069
tremendous 0,693147 0,000137
trespass 1,609438 0,000318
trespassing 3,218876 0,000636
trestle 3,218876 0,000636
tribe 0,693147 0,000137
trick 0,274437 0,000108
trigger 1,714798 0,000339
trim 1,203973 0,000238
trip 0,510826 0,000202
triumph 0,261365 0,000052
trooper 2,302585 0,000910
trot 0,867501 0,000343
trotter 2,659260 0,000526
trouble 0,010050 0,000006
trouser 2,040221 0,000403
trousers 0,843970 0,000167
truck 1,560648 0,000617
trudge 1,714798 0,000339
true 0,020203 0,000004
trunk 0,579818 0,000229
trust 0,061875 0,000024
truth 0,030459 0,000006
truthful 1,427116 0,000282
tub 1,203973 0,000476
tuck 1,049822 0,000415
tucker 2,302585 0,000455
tuesday 1,139434 0,000225
tuft 1,347074 0,000533
tumble 0,494296 0,000195
tune 0,616186 0,000122
tunnel 1,427116 0,000564
turkish 1,427116 0,000282
turks 1,514128 0,000299
tussock 3,218876 0,000636
twain 1,660731 0,000328
twang 2,525729 0,000499
tweed 2,120264 0,000419
twig 1,108663 0,000219
twilight 0,733969 0,000145
twine 1,139434 0,000225
twinkle 1,049822 0,000208
twist 0,314711 0,000124
twitching 1,469676 0,000291
type 0,174353 0,000034
tyre 2,207275 0,000436
ud 2,207275 0,000436
ugly 0,385662 0,000076
umber 2,525729 0,000499
unawares 1,237874 0,000245
unbearable 1,560648 0,000308
unchanged 0,994252 0,000197
uncle 0,544727 0,000108
uncomfortable 0,798508 0,000158
uncomfortably 1,771957 0,000350
unconscious 0,400478 0,000079
unconsciously 0,634878 0,000125
undergrowth 2,302585 0,000455
understand 0,020203 0,000008
understanding 0,223144 0,000044
unearth 1,832581 0,000362
uneasily 1,347074 0,000266
uneasiness 0,994252 0,000197
uneasy 0,544727 0,000108
uneven 1,427116 0,000282
unfair 1,049822 0,000208
unfinished 1,049822 0,000208
unfortunate 0,314711 0,000062
ungreased 3,912023 0,000773
ungroomed 3,912023 0,000773
unharness 2,302585 0,000455
united 0,094311 0,000019
universally 0,967584 0,000191
university 0,967584 0,000191
unjust 0,693147 0,000137
unkindly 2,207275 0,000436
unlicensed 3,218876 0,000636
unlock 0,755023 0,000149
unlovely 3,506558 0,000693
unlucky 1,139434 0,000225
unnaturally 1,660731 0,000328
unnoticed 1,514128 0,000299
unoccupied 1,560648 0,000308
unpacked 2,120264 0,000419
unpleasant 0,562119 0,000111
unreliable 2,302585 0,000455
unroll 1,771957 0,000350
unsociable 2,525729 0,000499
unstrung 3,506558 0,000693
unusual 0,415515 0,000082
unwind 2,120264 0,000419
upper 0,314711 0,000062
upright 0,301105 0,000119
upset 0,755023 0,000298
upsetting 1,771957 0,000350
upside 1,347074 0,000266
upward 0,579818 0,000115
urge 0,274437 0,000054
urgently 1,560648 0,000308
usenet 3,912023 0,000773
uster 3,912023 0,000773
usual 0,139262 0,000028
utterance 0,867501 0,000171
vacantly 1,897120 0,000375
vagabond 1,203973 0,000238
vague 0,579818 0,000115
vain 0,116534 0,000023
vainly 0,634878 0,000125
valley 0,544727 0,000108
valuable 0,342490 0,000068
van 1,021651 0,000404
vandyke 3,506558 0,000693
vanish 0,314711 0,000062
vanity 0,400478 0,000079
variant 2,995732 0,000592
variation 0,994252 0,000197
varnish 1,514128 0,000599
vary 0,342490 0,000068
vegetable 0,693147 0,000137
veil 0,510826 0,000101
ventilate 2,302585 0,000455
verandah 2,813411 0,001112
verdict 1,237874 0,000245
versa 2,813411 0,000556
verse 0,478036 0,000094
vice 0,478036 0,000094
vicinity 1,078810 0,000213
vicious 0,653926 0,000129
victoria 1,966113 0,000389
victorian 2,995732 0,000592
view 0,040822 0,000008
vine 0,867501 0,000343
vinegar 1,078810 0,000213
violently 0,462035 0,000091
violin 1,660731 0,000328
visible 0,235722 0,000047
visit 0,030459 0,000024
visitor 0,446287 0,000176
voice 0,020203 0,000008
voiced 1,714798 0,000339
volcanic 2,207275 0,000436
volume 0,356675 0,000141
volunteer 0,314711 0,000062
voyage 0,616186 0,000122
vulgar 0,634878 0,000125
wad 2,207275 0,000436
wages 0,916291 0,000181
waggle 3,218876 0,000636
waggon 1,660731 0,000328
waggonette 3,912023 0,000773
waist 0,693147 0,000137
waistband 2,659260 0,000526
waistcoat 0,941609 0,000186
wait 0,061875 0,000024
waiting 0,083382 0,000016
wake 0,223144 0,000132
wales 1,660731 0,000328
walk 0,000000 0,000000
wall 0,094311 0,000037
wallaby 3,912023 0,000773
wally 3,912023 0,000773
walter 1,966113 0,000389
wan 1,427116 0,000282
wander 0,116534 0,000069
wanderings 1,237874 0,000245
wanter 3,912023 0,000773
war 0,139262 0,000028
wardrobe 1,078810 0,000213
warm 0,116534 0,000023
warn 0,287682 0,000057
warning 0,235722 0,000047
warrior 1,108663 0,000219
wash 0,210721 0,000125
washerwoman 2,302585 0,000455
waste 0,127833 0,000101
watch 0,020203 0,000016
watchmaker 2,659260 0,000526
watchmen 2,120264 0,000419
water 0,040822 0,000008
watercourse 2,407946 0,000476
waterloo 1,609438 0,000318
waterproof 2,302585 0,000455
wave 0,210721 0,000083
wax 0,446287 0,000088
wayside 1,714798 0,000339
weak 0,105361 0,000021
weaken 0,562119 0,000111
weakness 0,248461 0,000049
wealth 0,287682 0,000057
wear 0,083382 0,000066
wearily 1,272966 0,000252
weariness 0,755023 0,000149
weary 0,186330 0,000037
weather 0,248461 0,000098
weatherboard 3,912023 0,000773
wedge 1,203973 0,000476
week 0,127833 0,000051
weigh 0,162519 0,000096
weight 0,116534 0,000023
weird 1,309333 0,000259
wellington 2,120264 0,000419
west 0,083382 0,000016
western 0,616186 0,000122
wet 0,261365 0,000052
wethers 3,912023 0,000773
wh 2,813411 0,000556
whacker 3,912023 0,000773
whare 3,912023 0,000773
wheat 0,994252 0,000197
wheaten 2,659260 0,000526
wheel 0,274437 0,000163
wheeling 1,514128 0,000299
whereat 1,560648 0,000308
whereof 1,237874 0,000245
whereon 1,309333 0,000259
whiff 1,609438 0,000318
whimper 1,386294 0,000548
whip 0,400478 0,000158
whipcord 2,995732 0,000592
whipper 2,659260 0,000526
whirl 0,527633 0,000209
whisker 1,171183 0,000232
whiskered 2,525729 0,000499
whisky 2,302585 0,000455
whisper 0,248461 0,000098
whispering 0,798508 0,000158
whistle 0,462035 0,000183
white 0,051293 0,000010
whiten 1,771957 0,000350
whitened 1,771957 0,000350
whites 1,469676 0,000291
whoa 2,813411 0,000556
whoop 1,771957 0,000350
whoosh 3,912023 0,000773
whopper 3,506558 0,000693
wid 2,659260 0,000526
wide 0,030459 0,000006
widow 0,510826 0,000101
widower 1,897120 0,000375
wife 0,083382 0,000033
wild 0,051293 0,000010
wilder 1,897120 0,000375
wilderness 0,673345 0,000133
wildly 0,776529 0,000153
william 0,798508 0,000158
willow 1,171183 0,000232
wills 2,995732 0,000592
wilson 1,771957 0,000350
win 0,356675 0,000071
wind 0,094311 0,000019
winded 1,832581 0,000362
winder 3,218876 0,000636
windlass 3,506558 0,001386
windmill 2,120264 0,000419
window 0,162519 0,000064
windy 1,469676 0,000291
wine 0,235722 0,000047
wink 0,597837 0,000236
winner 1,771957 0,000350
winter 0,198451 0,000078
wire 0,867501 0,000514
wiry 1,832581 0,000362
wise 0,094311 0,000019
wit 0,198451 0,000039
withdraw 0,210721 0,000042
witherly 3,912023 0,000773
witness 0,116534 0,000023
wobble 2,659260 0,000526
woman 0,030459 0,000012
womanish 2,407946 0,000476
womanly 1,560648 0,000308
wonderful 0,162519 0,000032
wonderfully 0,510826 0,000101
woo 1,514128 0,000299
wood 0,083382 0,000016
wooden 0,415515 0,000082
wool 1,049822 0,000208
word 0,020203 0,000004
workings 1,609438 0,000318
worms 1,078810 0,000213
worry 0,544727 0,000323
worship 0,415515 0,000082
worth 0,061875 0,000012
worthy 0,186330 0,000037
wound 0,198451 0,000039
wrap 0,400478 0,000079
wrapper 1,469676 0,000291
wreck 0,693147 0,000137
wrecks 2,040221 0,000403
wrench 0,967584 0,000191
wretched 0,328504 0,000065
wrinkle 0,755023 0,000149
wrist 0,776529 0,000307
write 0,020203 0,000016
writer 0,328504 0,000065
writing 0,061875 0,000012
wrong 0,072571 0,000014
yankee 1,897120 0,000375
yap 2,995732 0,000592
yard 0,223144 0,000088
yarn 1,609438 0,001273
yawn 0,820981 0,000325
yearly 1,203973 0,000238
yell 0,798508 0,000631
yellow 0,314711 0,000062
yelping 2,040221 0,000403
yer 2,040221 0,000403
yesterday 0,301105 0,000060
yield 0,174353 0,000034
yoke 0,994252 0,000197
youngster 1,171183 0,000463
youth 0,139262 0,000028
zealand 2,120264 0,000419
