abandon 0,223144 0,000144
abdomen 3,218876 0,000695
abhorrence 1,560648 0,000337
abhorrent 2,120264 0,000458
abner 2,659260 0,000574
aborigine 2,525729 0,000545
abound 1,021651 0,000221
abruptly 0,843970 0,000182
absence 0,274437 0,000059
absolute 0,400478 0,000086
absolutely 0,287682 0,000062
absorb 0,446287 0,000096
abstract 0,733969 0,000158
abut 2,207275 0,000476
accept 0,061875 0,000013
accident 0,274437 0,000059
accidentally 0,820981 0,000177
accompany 0,094311 0,000061
accomplish 0,634878 0,000274
accomplished 0,385662 0,000083
accord 0,527633 0,000228
account 0,010050 0,000004
accumulation 1,469676 0,000317
accuracy 1,108663 0,000239
accuse 0,385662 0,000083
accustomed 0,287682 0,000062
achieve 0,597837 0,000129
acquaint 0,342490 0,000074
acquaintance 0,248461 0,000054
action 0,094311 0,000020
active 0,127833 0,000028
actuality 2,302585 0,000497
acute 0,733969 0,000158
adam 0,941609 0,000203
add 0,094311 0,000020
address 0,072571 0,000047
adjoin 0,798508 0,000172
administer 0,867501 0,000187
admiration 0,342490 0,000074
admire 0,356675 0,000077
admit 0,116534 0,000025
admonish 1,237874 0,000267
ado 1,514128 0,000327
adolescent 2,995732 0,000647
adult 1,660731 0,000358
advance 0,061875 0,000053
advancement 1,203973 0,000260
advantage 0,127833 0,000028
advent 1,514128 0,000327
adventure 0,301105 0,000130
adversary 0,867501 0,000187
affair 0,094311 0,000020
affection 0,235722 0,000102
affliction 0,798508 0,000172
afford 0,186330 0,000040
affront 1,171183 0,000253
africa 0,967584 0,000209
afterward 1,139434 0,000246
age 0,040822 0,000018
agency 1,021651 0,000221
aggregation 3,218876 0,000695
agile 1,427116 0,000308
agility 1,272966 0,000275
agitation 0,673345 0,000145
agony 0,462035 0,000199
agree 0,051293 0,000011
agreement 0,210721 0,000045
aid 0,210721 0,000136
aim 0,287682 0,000062
air 0,061875 0,000013
airy 1,237874 0,000267
alarm 0,314711 0,000068
alarmed 0,478036 0,000103
algeria 3,506558 0,000757
alight 0,755023 0,000163
alike 0,287682 0,000062
alive 0,051293 0,000011
allegiance 1,897120 0,000409
alliance 1,108663 0,000239
alligator 2,407946 0,000520
allude 0,891598 0,000192
aloft 0,916291 0,000198
aloud 0,301105 0,000065
alter 0,235722 0,000102
alternate 0,261365 0,000056
alternative 0,994252 0,000215
amazement 0,446287 0,000096
amend 0,820981 0,000177
america 0,579818 0,000125
american 0,634878 0,000137
amicable 2,207275 0,000476
ammonia 3,218876 0,000695
ammunition 1,660731 0,000358
amphibian 3,506558 0,001514
amphitheater 3,218876 0,000695
ample 0,527633 0,000114
amply 0,967584 0,000209
amuck 3,218876 0,000695
amuse 0,371064 0,000080
amusement 0,478036 0,000103
amusing 0,693147 0,000150
analogous 2,120264 0,000458
ancestor 0,462035 0,000199
ancient 0,198451 0,000043
anesthetic 3,912023 0,000844
anew 0,867501 0,000187
angle 0,478036 0,000206
angrily 0,867501 0,000187
angry 0,174353 0,000038
anguish 0,579818 0,000125
animal 0,223144 0,000096
animated 0,755023 0,000163
ankle 0,916291 0,000198
annihilate 1,203973 0,000260
annihilation 1,514128 0,000327
anomaly 2,302585 0,000497
answer 0,020203 0,000009
antagonist 1,139434 0,000246
antediluvian 3,218876 0,000695
antelope 2,040221 0,000881
anthracite 3,912023 0,000844
anticipation 0,733969 0,000158
antipode 2,525729 0,000545
anxiety 0,287682 0,000062
anxious 0,261365 0,000056
apartment 0,597837 0,000258
ape 1,203973 0,000520
apelike 3,506558 0,000757
aperture 1,560648 0,000674
apology 0,527633 0,000114
appal 1,021651 0,000221
apparatus 1,347074 0,000291
apparel 1,171183 0,000253
apparent 0,314711 0,000068
appeal 0,261365 0,000056
appealing 1,171183 0,000253
appearance 0,072571 0,000031
appease 0,941609 0,000203
appetite 0,314711 0,000068
application 0,653926 0,000141
apply 0,116534 0,000025
appreciable 2,407946 0,000520
appreciation 1,049822 0,000227
apprehension 0,494296 0,000107
apprehensive 1,514128 0,000327
approach 0,040822 0,000035
approval 0,798508 0,000172
apt 0,579818 0,000125
aquiline 2,302585 0,000497
arab 1,386294 0,000598
arboreal 3,912023 0,000844
arborescent 3,506558 0,000757
arc 1,609438 0,000347
arch 0,713350 0,000154
archer 1,560648 0,000337
architecture 1,108663 0,000239
archives 1,966113 0,000424
arctic 2,040221 0,000440
arena 2,302585 0,000497
argument 0,287682 0,000062
arm 0,030459 0,000013
armed 0,385662 0,000083
armful 2,207275 0,000476
armor 1,832581 0,000396
armored 3,218876 0,000695
armpit 2,207275 0,000476
army 0,356675 0,000154
arouse 0,653926 0,000282
arrange 0,198451 0,000086
arrangement 0,274437 0,000118
array 0,248461 0,000054
arrival 0,328504 0,000071
arrive 0,083382 0,000018
arrow 0,510826 0,000221
art 0,127833 0,000055
artificial 0,616186 0,000133
artistic 1,049822 0,000227
ascend 0,430783 0,000186
ascent 0,994252 0,000215
ashamed 0,248461 0,000054
asleep 0,162519 0,000035
aspect 0,446287 0,000193
asphyxiation 3,506558 0,000757
assail 0,891598 0,000385
assent 0,579818 0,000125
assiduously 1,771957 0,000382
assign 0,597837 0,000129
assistance 0,105361 0,000023
assume 0,162519 0,000035
assure 0,127833 0,000055
astonish 0,261365 0,000056
astonishment 0,301105 0,000065
astounding 1,660731 0,000358
athletic 1,714798 0,000370
atmosphere 0,579818 0,000125
atone 1,203973 0,000260
attach 0,116534 0,000025
attack 0,198451 0,000171
attain 0,328504 0,000071
attempt 0,051293 0,000044
attention 0,083382 0,000018
attitude 0,446287 0,000096
attract 0,261365 0,000056
attraction 0,653926 0,000141
attribute 0,527633 0,000114
auditory 2,813411 0,000607
aught 0,891598 0,000192
australia 2,040221 0,000440
author 0,116534 0,000025
authority 0,223144 0,000048
avenue 0,820981 0,000354
avert 0,843970 0,000364
avoid 0,105361 0,000045
await 0,314711 0,000204
awake 0,150823 0,000065
awakening 1,108663 0,000239
awe 0,597837 0,000129
awesome 3,506558 0,000757
awful 0,328504 0,000071
awkward 0,544727 0,000118
axis 1,237874 0,000267
babe 1,272966 0,000275
baby 0,653926 0,000141
background 0,867501 0,000187
bad 0,020203 0,000013
badly 0,446287 0,000096
baggy 2,302585 0,000497
baked 1,237874 0,000267
balance 0,342490 0,000074
bale 1,660731 0,000358
balk 2,207275 0,000953
ball 0,287682 0,000062
band 0,342490 0,000148
bang 1,049822 0,000227
banish 0,562119 0,000121
bank 0,210721 0,000045
bar 0,235722 0,000102
bare 0,150823 0,000065
bared 1,469676 0,000317
barely 0,798508 0,000172
bark 0,478036 0,000206
barren 0,713350 0,000154
barrier 0,776529 0,000168
base 0,094311 0,000020
baseball 2,813411 0,000607
basis 0,673345 0,000145
bastard 1,560648 0,000337
bat 1,272966 0,000275
bath 0,274437 0,000059
batlike 3,506558 0,000757
battle 0,235722 0,000153
bay 0,510826 0,000110
beach 1,049822 0,000453
beak 1,347074 0,000291
bean 1,309333 0,000283
bear 0,000000 0,000000
bearded 1,108663 0,000239
bearer 0,776529 0,000168
beast 0,235722 0,000102
beat 0,083382 0,000036
beautiful 0,083382 0,000018
beautifully 0,867501 0,000187
beauty 0,162519 0,000070
beckon 0,867501 0,000187
bed 0,051293 0,000022
bedding 1,771957 0,000382
beef 0,916291 0,000198
befall 0,527633 0,000228
befriend 1,347074 0,000291
beg 0,116534 0,000050
behalf 0,713350 0,000154
behold 0,235722 0,000102
belief 0,198451 0,000043
bellow 1,272966 0,000275
bellowing 1,832581 0,000396
belly 0,798508 0,000172
belong 0,072571 0,000031
beloved 0,415515 0,000090
bench 0,544727 0,000235
bend 0,314711 0,000136
beneath 0,198451 0,000043
beneficent 1,386294 0,000299
benefit 0,356675 0,000077
bengals 3,912023 0,000844
bent 0,174353 0,000038
bereavement 2,207275 0,000476
beset 0,941609 0,000203
bespangled 3,912023 0,000844
bestial 1,966113 0,000424
betoken 1,966113 0,000849
betray 0,301105 0,000130
bewildering 1,714798 0,000370
bid 0,186330 0,000080
bigness 2,207275 0,000476
bind 0,030459 0,000013
biology 2,813411 0,000607
bird 0,150823 0,000033
birth 0,301105 0,000065
bit 0,139262 0,000030
bitter 0,210721 0,000045
bizarre 2,207275 0,000476
black 0,061875 0,000027
blackness 1,237874 0,000267
blade 0,616186 0,000133
blasting 2,407946 0,000520
bleeding 0,843970 0,000182
bless 0,415515 0,000090
blessed 0,356675 0,000077
blind 0,174353 0,000113
blindfold 1,897120 0,000409
blink 0,994252 0,000215
blissful 1,609438 0,000347
block 0,494296 0,000213
blood 0,116534 0,000025
blooded 1,560648 0,000337
bloodhound 2,302585 0,000497
bloody 0,527633 0,000114
bloom 0,527633 0,000114
blossom 0,673345 0,000291
blow 0,061875 0,000027
bludgeon 2,302585 0,000497
blue 0,174353 0,000038
bluff 1,514128 0,000327
blunt 0,891598 0,000192
blur 1,309333 0,000283
blush 0,562119 0,000121
boat 0,446287 0,000096
bodily 0,673345 0,000145
body 0,010050 0,000004
bolt 0,494296 0,000107
bond 0,478036 0,000103
bondage 1,203973 0,000260
bone 0,198451 0,000086
bony 1,469676 0,000317
boo 2,659260 0,000574
book 0,040822 0,000018
boost 3,912023 0,000844
bore 0,820981 0,000177
borrow 0,462035 0,000100
bos 2,525729 0,000545
bosom 0,446287 0,000096
bough 0,916291 0,000198
bound 0,301105 0,000065
bow 0,127833 0,000083
bowels 1,309333 0,000283
bowl 0,616186 0,000266
bowlder 2,995732 0,001293
bowshot 3,506558 0,000757
boxes 0,798508 0,000172
boxing 2,120264 0,000458
boy 0,105361 0,000023
boyhood 1,237874 0,000267
brain 0,314711 0,000136
branch 0,186330 0,000080
branching 2,207275 0,000476
brandish 1,660731 0,000717
brave 0,342490 0,000074
bravely 1,078810 0,000233
breadth 0,653926 0,000141
break 0,010050 0,000009
breakfast 0,342490 0,000074
breast 0,198451 0,000086
breath 0,174353 0,000038
breathe 0,261365 0,000056
breathing 0,462035 0,000100
breathless 0,673345 0,000145
breed 0,342490 0,000222
bridge 0,430783 0,000093
brilliance 1,832581 0,000396
brilliant 0,430783 0,000093
bring 0,000000 0,000000
brisk 0,941609 0,000203
bristle 0,941609 0,000203
broad 0,127833 0,000028
broadway 2,407946 0,000520
brook 0,994252 0,000215
brooklet 2,659260 0,000574
brother 0,127833 0,000028
brothers 0,356675 0,000077
brow 0,446287 0,000096
brown 0,274437 0,000059
brush 0,478036 0,000103
brutal 0,755023 0,000163
brute 0,462035 0,000199
buck 1,386294 0,000299
budge 1,427116 0,000616
build 0,094311 0,000061
building 0,210721 0,000091
bulge 1,347074 0,000291
bulk 0,820981 0,000177
bull 0,430783 0,000186
bundle 0,653926 0,000141
burden 0,198451 0,000086
burn 0,061875 0,000040
burroughs 3,912023 0,000844
burrow 1,609438 0,000347
bury 0,186330 0,000040
bush 0,430783 0,000186
busily 1,021651 0,000221
business 0,040822 0,000009
busy 0,210721 0,000136
butt 1,078810 0,000233
button 0,693147 0,000150
buttonhook 3,912023 0,000844
buttress 2,407946 0,001039
bye 0,776529 0,000335
cab 1,272966 0,000275
cabin 0,843970 0,000182
cadence 1,660731 0,000358
cairn 2,813411 0,000607
calamity 0,755023 0,000163
calculation 0,713350 0,000154
camera 2,207275 0,000476
camp 0,544727 0,000118
campaign 1,021651 0,000221
candid 1,203973 0,000260
candor 1,966113 0,000424
canine 1,966113 0,000424
cannon 0,916291 0,000198
canoe 1,609438 0,000695
canyon 3,218876 0,001390
caper 1,560648 0,000337
capital 0,314711 0,000068
captive 0,755023 0,000326
captivity 1,714798 0,000370
captor 2,302585 0,000994
capture 0,597837 0,000258
caravan 1,897120 0,000819
carboniferous 3,912023 0,000844
carcass 1,171183 0,000506
care 0,000000 0,000000
careen 2,659260 0,000574
careful 0,174353 0,000038
carefully 0,139262 0,000030
carnivorous 2,040221 0,000440
carpet 0,462035 0,000199
carry 0,010050 0,000007
carven 3,912023 0,000844
cast 0,116534 0,000050
cat 0,462035 0,000100
catastrophe 1,021651 0,000221
catch 0,072571 0,000047
cattle 0,544727 0,000118
caution 0,478036 0,000103
cautiously 0,867501 0,000187
cave 0,653926 0,000282
cease 0,061875 0,000040
celerity 1,897120 0,000409
cell 0,776529 0,000168
cellar 0,798508 0,000345
cent 1,049822 0,000227
center 1,309333 0,000565
central 0,733969 0,000158
centrifugal 3,218876 0,000695
century 0,328504 0,000071
cereal 2,525729 0,000545
ceremonial 1,966113 0,000424
ceremony 0,446287 0,000193
certainty 0,342490 0,000074
cetacean 3,218876 0,000695
chain 0,174353 0,000113
challenge 0,755023 0,000163
chamber 0,328504 0,000142
champion 0,916291 0,000396
chance 0,061875 0,000040
change 0,010050 0,000004
channel 0,544727 0,000118
chant 1,272966 0,000275
chaos 1,078810 0,000233
chap 0,891598 0,000192
chapter 0,328504 0,000071
character 0,061875 0,000013
characteristic 0,400478 0,000086
charge 0,040822 0,000018
charging 1,347074 0,000291
charm 0,342490 0,000074
charming 0,527633 0,000114
chasm 1,272966 0,000275
chatter 0,713350 0,000154
check 0,072571 0,000016
cheek 0,261365 0,000056
cheerful 0,385662 0,000083
chemical 1,469676 0,000634
chest 0,342490 0,000074
chide 1,771957 0,000382
chief 0,094311 0,000020
chieftain 2,040221 0,000440
child 0,040822 0,000018
childhood 0,527633 0,000114
childish 0,713350 0,000154
chinese 1,139434 0,000246
chivalrous 1,560648 0,000337
choice 0,150823 0,000033
choke 0,446287 0,000193
choose 0,020203 0,000009
chop 1,021651 0,000221
chorus 0,941609 0,000203
chronometer 2,525729 0,000545
chum 2,040221 0,000440
cimmerian 2,995732 0,000647
circle 0,150823 0,000065
circling 1,203973 0,000260
circular 1,021651 0,000221
circumstance 0,116534 0,000050
city 0,051293 0,000022
civilization 1,347074 0,000291
civilized 1,237874 0,000267
claim 0,083382 0,000072
clamber 1,272966 0,000824
clammy 1,897120 0,000409
clap 0,755023 0,000163
clash 1,078810 0,000233
clasping 1,078810 0,000233
class 0,248461 0,000054
claw 0,798508 0,000689
clean 0,210721 0,000045
clearing 1,386294 0,000299
cleft 1,237874 0,000267
cliff 0,916291 0,000396
climb 0,400478 0,000173
climbing 0,733969 0,000158
cling 0,415515 0,000269
close 0,010050 0,000007
closely 0,223144 0,000048
cloth 0,356675 0,000077
clothe 0,287682 0,000062
clothing 0,776529 0,000168
cloths 1,560648 0,000337
cloud 0,150823 0,000065
cloudless 1,514128 0,000327
cloven 2,040221 0,000440
club 0,544727 0,000118
clump 1,171183 0,000506
clumsy 0,994252 0,000215
cluster 0,693147 0,000150
clutch 0,713350 0,000154
coal 0,527633 0,000114
coast 0,544727 0,000118
coat 0,235722 0,000102
cocked 1,237874 0,000267
coffee 0,562119 0,000121
coffin 1,021651 0,000221
cog 2,995732 0,000647
cognizant 2,813411 0,000607
coil 0,867501 0,000187
coincidently 3,912023 0,000844
cold 0,040822 0,000009
coldly 0,916291 0,000198
collapse 1,108663 0,000239
college 0,693147 0,000150
collision 1,714798 0,000370
color 0,967584 0,000418
colored 1,171183 0,000253
coloring 2,120264 0,000915
colossal 1,560648 0,000337
column 0,562119 0,000243
combat 0,820981 0,000177
combatant 1,660731 0,000358
combined 0,713350 0,000154
comely 1,171183 0,000253
comfort 0,105361 0,000023
comfortable 0,261365 0,000056
command 0,116534 0,000050
commander 0,867501 0,000187
commence 0,579818 0,000250
comment 0,478036 0,000206
commercial 0,274437 0,000059
commoner 2,120264 0,000458
commons 1,714798 0,000370
communicate 0,446287 0,000193
communication 0,510826 0,000110
communicative 1,514128 0,000327
community 0,579818 0,000125
companion 0,150823 0,000065
companionship 0,967584 0,000209
company 0,020203 0,000004
comparative 0,994252 0,000215
comparatively 0,634878 0,000137
compare 0,162519 0,000035
comparison 0,446287 0,000193
compass 0,579818 0,000125
compassion 0,820981 0,000177
compel 0,385662 0,000083
complete 0,105361 0,000068
completely 0,274437 0,000059
complicated 0,798508 0,000172
comprehend 0,478036 0,000103
compute 1,771957 0,000382
comrade 0,693147 0,000150
conceal 0,198451 0,000043
concede 1,272966 0,000275
conceive 0,223144 0,000096
conception 0,562119 0,000121
concern 0,342490 0,000074
concerned 0,287682 0,000062
conclude 0,235722 0,000051
conclusion 0,210721 0,000045
concourse 1,897120 0,000409
concrete 1,897120 0,000409
concur 1,714798 0,000370
condemn 0,446287 0,000096
condition 0,051293 0,000022
conduct 0,094311 0,000020
conference 1,139434 0,000246
confess 0,127833 0,000028
confide 0,755023 0,000163
confidence 0,139262 0,000030
confident 0,510826 0,000110
configuration 2,659260 0,000574
confine 0,223144 0,000096
confines 1,386294 0,000299
conformity 1,514128 0,000327
confront 0,776529 0,000168
confused 0,248461 0,000054
congeal 1,386294 0,000299
congratulate 0,798508 0,000172
conjecture 0,544727 0,000235
connect 0,891598 0,000385
connected 0,415515 0,000090
connecticut 2,525729 0,000545
consciousness 0,371064 0,000080
consent 0,223144 0,000048
consequence 0,186330 0,000080
consequent 1,203973 0,000260
considerable 0,105361 0,000023
considerably 0,776529 0,000168
consist 0,314711 0,000204
consistently 1,832581 0,000396
constant 0,051293 0,000011
constantly 0,371064 0,000080
constitute 0,597837 0,000129
construct 0,713350 0,000308
construction 0,733969 0,000158
consume 0,462035 0,000199
consummation 1,966113 0,000424
contemplate 0,544727 0,000235
contemplation 0,527633 0,000114
contempt 0,446287 0,000096
contented 0,400478 0,000086
contents 0,094311 0,000020
continent 0,820981 0,000177
continually 0,446287 0,000096
continuation 1,347074 0,000291
continue 0,186330 0,000040
continued 0,072571 0,000016
contorted 2,120264 0,000458
contour 2,120264 0,000458
contract 0,139262 0,000030
contraction 1,514128 0,000327
contradiction 0,713350 0,000154
contrary 0,198451 0,000043
control 0,223144 0,000096
conversation 0,186330 0,000040
converse 0,494296 0,000213
convey 0,287682 0,000062
conviction 0,430783 0,000093
convince 0,198451 0,000129
convulsion 0,967584 0,000209
convulsive 1,272966 0,000275
convulsively 1,347074 0,000291
cool 0,248461 0,000107
coolie 2,995732 0,000647
cooling 1,272966 0,000275
cope 1,171183 0,000253
copious 1,386294 0,000299
copper 0,713350 0,000154
coppery 2,995732 0,000647
core 1,347074 0,000291
corker 3,912023 0,000844
corner 0,072571 0,000031
cornered 1,832581 0,000396
corpse 0,616186 0,000266
correct 0,235722 0,000051
corridor 1,108663 0,000479
cough 0,733969 0,000158
council 0,653926 0,000141
counsel 0,462035 0,000100
count 0,116534 0,000075
counterpart 1,560648 0,000337
countless 1,203973 0,000260
country 0,010050 0,000002
couple 0,248461 0,000054
courtesy 0,693147 0,000150
cousin 0,597837 0,000129
cover 0,223144 0,000048
covered 0,139262 0,000030
covering 0,415515 0,000090
covet 0,967584 0,000209
cower 1,427116 0,000308
craft 0,733969 0,000158
crag 1,514128 0,000327
crash 0,733969 0,000158
crave 1,347074 0,000291
craven 2,302585 0,000497
crawl 0,494296 0,000320
crazy 0,916291 0,000198
cream 1,171183 0,000253
create 0,094311 0,000020
creation 0,198451 0,000043
creature 0,116534 0,000050
creep 0,198451 0,000171
creeper 2,040221 0,000881
crime 0,261365 0,000056
crimson 0,891598 0,000192
crooked 0,755023 0,000163
cross 0,083382 0,000054
crossbeam 2,995732 0,000647
crouch 0,941609 0,000406
crouching 1,049822 0,000227
crow 0,867501 0,000187
crowd 0,174353 0,000038
crowded 0,301105 0,000065
crown 0,210721 0,000045
crude 1,347074 0,000291
cruel 0,261365 0,000056
cruelly 0,820981 0,000177
cruelty 0,462035 0,000100
crumble 1,078810 0,000233
crumple 1,237874 0,000534
crush 0,274437 0,000118
crust 1,139434 0,000246
crystal 0,941609 0,000203
cubic 2,120264 0,000458
cul 3,506558 0,000757
cultivate 0,462035 0,000100
culture 1,078810 0,000466
cure 0,314711 0,000068
curiosity 0,210721 0,000045
curl 0,510826 0,000331
cursing 1,203973 0,000260
curve 0,916291 0,000396
custom 0,210721 0,000045
customary 0,653926 0,000141
customs 0,713350 0,000154
cut 0,030459 0,000013
cylinder 1,771957 0,000382
dahomey 3,912023 0,000844
daily 0,248461 0,000054
daintily 2,207275 0,000476
damage 0,223144 0,000048
damp 0,400478 0,000086
dancing 0,371064 0,000080
danger 0,105361 0,000045
dangerous 0,150823 0,000033
dangling 1,139434 0,000246
dark 0,051293 0,000022
darkness 0,186330 0,000040
dart 0,562119 0,000364
dash 0,400478 0,000259
daughter 0,174353 0,000038
david 0,597837 0,000129
dawn 0,314711 0,000068
day 0,000000 0,000000
daylight 0,446287 0,000096
daze 1,309333 0,000283
dead 0,072571 0,000016
deadwood 3,218876 0,000695
deaf 0,634878 0,000137
deafening 1,897120 0,000409
deal 0,061875 0,000040
death 0,020203 0,000004
deathblow 3,506558 0,000757
debate 1,021651 0,000221
debauchee 2,302585 0,000497
deceit 0,967584 0,000209
deceive 0,261365 0,000056
decide 0,040822 0,000018
declaim 1,609438 0,000347
declivity 2,120264 0,000458
decorous 2,302585 0,000497
deep 0,020203 0,000013
deeply 0,261365 0,000056
defense 1,514128 0,000327
defenseless 2,659260 0,000574
deferentially 2,407946 0,000520
define 0,673345 0,000145
deflect 2,525729 0,001090
deftly 1,660731 0,000358
defy 0,693147 0,000150
degree 0,150823 0,000065
delay 0,186330 0,000040
deliberately 0,693147 0,000150
delicacy 0,597837 0,000258
delicate 0,301105 0,000065
delight 0,150823 0,000033
delightful 0,478036 0,000103
deliver 0,223144 0,000048
deliverance 0,941609 0,000203
delivery 0,994252 0,000215
demand 0,051293 0,000011
demise 3,912023 0,000844
demon 0,916291 0,000198
demonstrate 0,967584 0,000418
demoralize 2,659260 0,000574
den 0,693147 0,000150
denizen 1,966113 0,000424
dense 0,693147 0,000150
deny 0,072571 0,000016
depart 0,162519 0,000070
departure 0,430783 0,000093
depend 0,040822 0,000018
dependent 0,820981 0,000177
deposit 0,776529 0,000168
depth 0,494296 0,000107
depths 0,446287 0,000096
derive 0,210721 0,000045
descend 0,174353 0,000075
description 0,248461 0,000054
desert 0,314711 0,000068
design 0,287682 0,000124
desire 0,051293 0,000022
despair 0,174353 0,000075
desperate 0,328504 0,000071
desperately 0,843970 0,000182
desperation 0,867501 0,000187
destination 1,078810 0,000233
destruction 0,342490 0,000074
destructive 1,049822 0,000227
detachment 1,347074 0,000291
detect 0,562119 0,000121
deteriorate 2,207275 0,000476
determine 0,061875 0,000013
deuce 1,560648 0,000337
develop 0,891598 0,000192
developed 0,544727 0,000118
development 0,693147 0,000150
deviation 1,714798 0,000370
device 0,597837 0,000129
devil 0,301105 0,000065
devoted 0,301105 0,000065
devour 0,462035 0,000299
devoutly 1,386294 0,000299
diabolical 1,714798 0,000370
diagnose 2,813411 0,000607
diameter 1,897120 0,000409
dian 2,525729 0,000545
dictate 0,579818 0,000125
die 0,010050 0,000007
difference 0,174353 0,000038
difficult 0,116534 0,000025
difficulty 0,116534 0,000025
diffuse 1,386294 0,000299
diffused 1,469676 0,000317
dignified 0,755023 0,000163
dim 0,356675 0,000077
dimension 0,916291 0,000396
diminutive 1,609438 0,000347
din 1,171183 0,000253
dinky 3,912023 0,000844
dip 0,673345 0,000145
dire 1,171183 0,000253
direct 0,040822 0,000026
direction 0,051293 0,000022
directness 2,040221 0,000440
dirt 0,544727 0,000118
disable 2,407946 0,000520
disappear 0,223144 0,000096
disappointment 0,462035 0,000100
discard 1,108663 0,000239
discern 0,634878 0,000137
discernible 1,897120 0,000409
disconcert 1,171183 0,000253
discover 0,030459 0,000013
discovery 0,287682 0,000124
discussion 0,597837 0,000129
disdainful 1,714798 0,000370
disembowel 3,506558 0,000757
disengage 0,843970 0,000182
disguise 0,494296 0,000320
disinclined 1,771957 0,000382
dislike 0,478036 0,000103
dislodge 1,771957 0,000382
disloyalty 2,659260 0,000574
dismal 0,843970 0,000182
dispatch 0,967584 0,000418
dispel 1,139434 0,000246
display 0,162519 0,000035
disposed 0,385662 0,000083
disposition 0,371064 0,000080
disprove 1,714798 0,000370
dispute 0,446287 0,000096
disreputable 1,714798 0,000370
dissimilar 1,832581 0,000396
dissuade 1,309333 0,000283
distance 0,105361 0,000045
distant 0,162519 0,000035
distended 1,897120 0,000409
distinct 0,301105 0,000065
distinctive 1,832581 0,000396
distinguish 0,314711 0,000068
distinguished 0,301105 0,000065
distort 0,916291 0,000198
distract 0,510826 0,000221
disturb 0,198451 0,000043
disturbance 0,713350 0,000154
divide 0,150823 0,000065
divine 0,356675 0,000077
diving 1,660731 0,000358
dizzy 1,386294 0,000299
dodge 1,049822 0,000227
dog 0,186330 0,000121
dogged 1,514128 0,000327
domestic 0,510826 0,000110
dominant 1,660731 0,000358
doom 0,579818 0,000250
door 0,000000 0,000000
doorway 0,733969 0,000317
dose 1,108663 0,000239
dot 1,469676 0,000317
dotted 1,347074 0,000291
douar 3,912023 0,000844
double 0,139262 0,000060
doubt 0,040822 0,000018
doubtless 0,430783 0,000093
downward 0,798508 0,000172
dozen 0,415515 0,000090
drag 0,248461 0,000161
dragon 1,021651 0,000441
draining 2,407946 0,000520
drama 1,203973 0,000260
draw 0,020203 0,000009
dream 0,083382 0,000072
drift 0,462035 0,000100
drill 1,514128 0,000327
drink 0,072571 0,000031
drinking 0,371064 0,000080
dripping 0,891598 0,000192
drive 0,030459 0,000020
drop 0,061875 0,000027
drove 2,120264 0,000458
drown 0,314711 0,000204
drum 0,843970 0,000182
dry 0,116534 0,000050
dryly 1,832581 0,000396
duck 0,820981 0,000177
duel 1,347074 0,000291
dull 0,174353 0,000038
dumb 0,562119 0,000121
dumbfounded 2,659260 0,000574
dun 1,660731 0,000358
dust 0,162519 0,000070
duty 0,061875 0,000027
dwarf 1,021651 0,000221
dwell 0,342490 0,000148
dwellings 1,514128 0,000327
dwindle 1,427116 0,000308
dynasty 2,207275 0,000476
ear 0,061875 0,000027
earn 0,446287 0,000096
earnestly 0,415515 0,000090
earth 0,051293 0,000011
earthly 0,673345 0,000145
earthquake 1,021651 0,000221
ease 0,150823 0,000033
easily 0,072571 0,000016
east 0,235722 0,000051
easy 0,000000 0,000000
eat 0,040822 0,000035
eating 0,235722 0,000051
ebb 1,078810 0,000233
echo 0,356675 0,000077
eclipse 1,309333 0,000283
eden 1,771957 0,000382
edgar 2,207275 0,000476
edge 0,150823 0,000098
edifice 1,272966 0,000275
education 0,415515 0,000090
effective 0,967584 0,000209
effete 3,506558 0,000757
effort 0,094311 0,000041
effulgence 2,302585 0,000497
eggs 0,776529 0,000168
eider 3,912023 0,000844
eland 3,912023 0,000844
elapse 0,891598 0,000192
elasticity 1,897120 0,000409
elbow 0,494296 0,000107
elect 0,210721 0,000045
electric 1,171183 0,000253
element 0,342490 0,000148
elephant 0,967584 0,000209
elicit 1,272966 0,000275
elude 1,078810 0,000466
emanate 1,771957 0,000765
emancipate 2,659260 0,000574
embark 1,139434 0,000246
embed 2,302585 0,000497
embodiment 1,897120 0,000409
embrace 0,235722 0,000102
emerge 0,653926 0,000282
emit 1,469676 0,000634
emotion 0,356675 0,000077
emperor 0,916291 0,000396
employ 0,235722 0,000102
enable 0,274437 0,000118
enact 1,309333 0,000283
encircle 1,021651 0,000441
enclosure 1,139434 0,000246
encompass 1,203973 0,000260
encounter 0,446287 0,000193
endeavor 1,203973 0,000260
endure 0,210721 0,000136
enemy 0,105361 0,000045
energy 0,371064 0,000160
engage 0,494296 0,000107
engaged 0,198451 0,000043
engine 0,776529 0,000335
engineering 1,966113 0,000424
english 0,094311 0,000020
enhance 1,237874 0,000267
enjoy 0,072571 0,000047
enlarge 0,673345 0,000145
enlighten 0,562119 0,000121
enormous 0,430783 0,000093
ensue 0,579818 0,000125
entail 1,309333 0,000565
enter 0,020203 0,000013
entertain 0,579818 0,000125
enthusiasm 0,653926 0,000141
enthusiastic 1,021651 0,000221
entire 0,274437 0,000059
entomb 2,995732 0,000647
entrails 1,514128 0,000327
entrance 0,210721 0,000091
envelop 1,108663 0,000718
envy 0,446287 0,000096
episode 1,078810 0,000233
epoch 1,309333 0,000283
equal 0,162519 0,000105
equally 0,223144 0,000048
equinox 2,302585 0,000497
equip 0,967584 0,000209
ere 0,634878 0,000137
erebus 2,813411 0,000607
erect 0,446287 0,000096
err 0,733969 0,000158
error 0,072571 0,000016
erudite 2,659260 0,000574
escape 0,061875 0,000040
escarpment 2,813411 0,000607
escort 0,755023 0,000326
essay 0,755023 0,000163
essence 0,693147 0,000150
essential 0,544727 0,000118
estate 0,478036 0,000103
esteem 0,478036 0,000103
estimate 0,653926 0,000141
eternal 0,415515 0,000090
eternity 0,673345 0,000145
ethic 1,427116 0,000308
eugenics 3,218876 0,000695
european 0,867501 0,000187
evade 0,891598 0,000192
eve 0,673345 0,000145
event 0,150823 0,000033
eventual 2,995732 0,000647
eventually 1,171183 0,000253
evidence 0,235722 0,000051
evident 0,356675 0,000077
evidently 0,371064 0,000080
evil 0,150823 0,000033
evince 1,108663 0,000239
evolution 1,171183 0,000253
exact 0,274437 0,000059
exaggerated 0,843970 0,000182
examination 0,385662 0,000083
examine 0,150823 0,000065
exceed 0,462035 0,000100
excellent 0,150823 0,000033
exception 0,446287 0,000096
exchange 0,210721 0,000091
excited 0,248461 0,000054
excitedly 1,609438 0,000347
excitement 0,415515 0,000090
exclaim 0,287682 0,000062
exclusively 1,139434 0,000246
excuse 0,139262 0,000060
executioner 1,427116 0,000308
exercise 0,235722 0,000102
exhausted 0,400478 0,000086
exhaustion 1,021651 0,000221
exhibition 0,994252 0,000215
exist 0,072571 0,000047
existence 0,150823 0,000033
existing 0,891598 0,000192
exit 1,347074 0,000582
exodus 2,040221 0,000440
expand 0,891598 0,000192
expanse 1,108663 0,000239
expect 0,051293 0,000022
expedition 0,733969 0,000158
expend 0,301105 0,000065
experience 0,072571 0,000031
experienced 0,356675 0,000077
experiment 0,494296 0,000213
experimental 1,560648 0,000337
experimentation 3,912023 0,000844
explain 0,116534 0,000050
explanation 0,139262 0,000030
explode 1,309333 0,000283
exploration 2,407946 0,000520
explore 0,713350 0,000462
expose 0,597837 0,000129
exposed 0,301105 0,000065
exposure 1,139434 0,000246
expression 0,116534 0,000050
exquisite 0,673345 0,000145
extend 0,261365 0,000169
extent 0,083382 0,000018
exterminate 1,714798 0,000740
external 0,562119 0,000121
extinct 1,108663 0,000239
extinction 1,660731 0,000358
extract 0,544727 0,000118
extreme 0,186330 0,000040
extremely 0,385662 0,000083
extremity 0,693147 0,000150
extricate 1,272966 0,000275
exuberance 1,832581 0,000396
eye 0,000000 0,000000
eyed 0,597837 0,000129
fabulous 1,237874 0,000267
fabulously 3,912023 0,000844
facility 0,342490 0,000074
factor 1,171183 0,000506
faculty 0,510826 0,000110
fade 0,371064 0,000080
fail 0,072571 0,000016
failure 0,415515 0,000090
faint 0,186330 0,000121
fair 0,051293 0,000011
fairness 1,771957 0,000382
fairy 1,021651 0,000221
fall 0,000000 0,000000
falls 0,328504 0,000071
falsity 2,120264 0,000458
falter 0,867501 0,000374
fame 0,478036 0,000103
familiar 0,150823 0,000033
familiarize 1,966113 0,000424
family 0,061875 0,000013
fancy 0,162519 0,000035
fang 1,560648 0,000337
fanged 2,995732 0,000647
farewell 0,634878 0,000137
farth 1,049822 0,000227
farthermost 3,912023 0,000844
fascination 1,078810 0,000233
fashion 0,105361 0,000023
fashionable 0,916291 0,000198
fashioning 2,659260 0,000574
fast 0,030459 0,000013
fasten 0,478036 0,000206
fastness 2,207275 0,000476
fat 0,314711 0,000068
fatal 0,342490 0,000074
fate 0,174353 0,000038
father 0,061875 0,000013
fathom 1,139434 0,000246
fatten 1,386294 0,000598
fault 0,139262 0,000030
fauna 2,813411 0,000607
fear 0,020203 0,000013
fearful 0,400478 0,000086
fearfully 1,049822 0,000227
fearsome 2,659260 0,000574
feasible 1,832581 0,000396
feature 0,261365 0,000113
federated 3,506558 0,000757
federation 2,995732 0,000647
feed 0,248461 0,000107
feeding 0,616186 0,000133
feel 0,020203 0,000004
feeling 0,072571 0,000031
felicitate 3,218876 0,000695
feline 2,995732 0,000647
fell 1,171183 0,000253
fellow 0,040822 0,000018
fellowman 3,218876 0,000695
fellowship 1,237874 0,000267
female 0,385662 0,000083
females 1,309333 0,000283
feminine 1,049822 0,000227
fern 1,771957 0,000382
ferocious 1,203973 0,000260
ferocity 1,237874 0,000267
fertilize 2,813411 0,000607
fetch 0,510826 0,000221
fever 0,342490 0,000074
feverish 0,843970 0,000182
feverishly 1,832581 0,000396
fiber 2,813411 0,000607
field 0,094311 0,000041
fiendish 1,832581 0,000396
fierce 0,415515 0,000179
fife 2,659260 0,000574
fight 0,083382 0,000054
figure 0,051293 0,000011
file 0,223144 0,000096
filter 1,771957 0,000765
final 0,342490 0,000074
finally 0,150823 0,000033
finding 1,272966 0,000275
fine 0,061875 0,000027
finger 0,150823 0,000033
finished 0,162519 0,000035
finishing 0,843970 0,000182
finite 2,207275 0,000476
firing 1,660731 0,000358
firm 0,248461 0,000054
firmly 0,342490 0,000074
fish 0,287682 0,000124
fisherman 1,049822 0,000227
fishing 0,755023 0,000163
fist 0,597837 0,000129
fit 0,030459 0,000020
fixed 1,272966 0,000275
fixity 2,995732 0,000647
flabbergast 2,995732 0,000647
flame 0,248461 0,000107
flank 0,941609 0,000406
flap 0,891598 0,000192
flash 0,261365 0,000113
flask 1,660731 0,000358
flat 0,139262 0,000030
flee 0,301105 0,000195
fleet 0,713350 0,000308
fleetness 2,813411 0,000607
flesh 0,210721 0,000045
fleshy 1,771957 0,000382
flicker 0,755023 0,000163
flight 0,287682 0,000062
fling 0,462035 0,000199
float 0,328504 0,000142
flood 0,430783 0,000093
floor 0,174353 0,000075
flooring 1,897120 0,000409
flora 2,407946 0,000520
flounder 1,237874 0,000267
flourish 0,562119 0,000121
flow 0,174353 0,000075
flower 0,174353 0,000113
flowering 1,966113 0,000424
fluency 2,207275 0,000476
fluently 1,832581 0,000396
flush 0,562119 0,000121
fluttering 0,994252 0,000215
fly 0,116534 0,000075
flying 0,235722 0,000051
foe 0,616186 0,000133
foeman 3,218876 0,000695
fold 0,287682 0,000124
foliage 0,916291 0,000198
folk 0,527633 0,000114
follow 0,020203 0,000004
fond 0,261365 0,000056
food 0,127833 0,000028
fool 0,235722 0,000051
foolish 0,235722 0,000051
foot 0,051293 0,000022
football 2,040221 0,000440
foothill 3,218876 0,000695
footing 0,820981 0,000177
footprint 1,897120 0,000409
forage 1,560648 0,000337
forbid 0,248461 0,000107
force 0,030459 0,000013
forcefully 2,995732 0,000647
ford 1,560648 0,000337
fore 0,755023 0,000163
forebear 2,995732 0,000647
forecast 2,040221 0,000440
forehead 0,400478 0,000086
foremost 0,673345 0,000145
forepaw 2,659260 0,000574
forest 0,356675 0,000154
foretaste 1,714798 0,000370
forewarn 1,832581 0,000396
forge 0,798508 0,000345
forget 0,010050 0,000007
forgetful 1,347074 0,000291
forgive 0,314711 0,000068
forgiveness 0,916291 0,000198
fork 0,616186 0,000133
forlorn 1,078810 0,000233
form 0,020203 0,000017
formation 1,139434 0,000246
formidable 0,673345 0,000145
formula 1,469676 0,000317
formulate 2,040221 0,000440
forte 1,897120 0,000409
fortuitous 2,995732 0,000647
fortunate 0,415515 0,000090
fortunately 0,579818 0,000125
fossilized 3,912023 0,000844
fours 1,771957 0,000382
fourth 0,174353 0,000075
fox 0,798508 0,000172
fraction 1,660731 0,000358
frail 0,967584 0,000209
frame 0,174353 0,000038
framework 1,560648 0,000337
frank 0,597837 0,000129
frantic 0,820981 0,000177
frantically 1,386294 0,000299
freak 1,514128 0,000327
freedom 0,223144 0,000048
freeze 0,941609 0,000610
frenzied 1,660731 0,000358
frenzy 0,867501 0,000187
frequent 0,287682 0,000186
fresh 0,105361 0,000045
friend 0,000000 0,000000
friendly 0,248461 0,000054
friendship 0,261365 0,000056
frigate 2,207275 0,000476
fright 0,653926 0,000141
frighten 0,733969 0,000158
frightened 0,301105 0,000065
frightful 0,776529 0,000168
frightfully 1,560648 0,000337
fringe 0,798508 0,000172
fro 0,494296 0,000107
frolic 1,660731 0,000358
froth 1,386294 0,000299
frown 0,673345 0,000145
frozen 0,733969 0,000158
fruit 0,162519 0,000070
fuel 1,108663 0,000239
fugitive 0,967584 0,000209
fulfil 0,385662 0,000083
fume 0,941609 0,000203
fund 0,967584 0,000209
furious 0,430783 0,000093
furnish 0,527633 0,000114
furnished 0,328504 0,000071
fuse 1,966113 0,000424
fuss 1,203973 0,000260
futile 1,469676 0,000317
futility 1,966113 0,000424
future 0,105361 0,000023
gad 2,207275 0,000476
gaily 1,078810 0,000233
gain 0,040822 0,000026
gainsaying 3,218876 0,000695
galling 1,832581 0,000396
gallop 0,820981 0,000177
galvanize 3,218876 0,000695
game 0,210721 0,000045
gang 1,203973 0,000260
gape 0,798508 0,000172
garden 0,150823 0,000065
garment 0,400478 0,000086
garmenture 3,912023 0,000844
gas 1,139434 0,000246
gaseous 3,218876 0,000695
gate 0,210721 0,000091
gather 0,061875 0,000027
gathering 0,415515 0,000090
gauge 2,040221 0,000440
gaze 0,314711 0,000204
generate 1,386294 0,000299
generation 0,127833 0,000055
generator 3,218876 0,000695
generosity 0,798508 0,000172
genius 0,400478 0,000086
gentle 0,274437 0,000059
gentleman 0,223144 0,000048
gently 0,235722 0,000051
geological 2,525729 0,000545
geologist 2,813411 0,000607
geology 2,120264 0,000458
giant 0,562119 0,000243
gibber 2,525729 0,000545
gigantic 0,994252 0,000215
girl 0,198451 0,000086
gist 2,813411 0,000607
glad 0,072571 0,000016
gladly 0,544727 0,000118
glance 0,186330 0,000121
glaring 0,967584 0,000209
glassy 1,660731 0,000358
gleam 0,510826 0,000110
glean 1,514128 0,000327
gleefully 2,040221 0,000440
glide 0,673345 0,000145
glimpse 0,462035 0,000199
glisten 0,820981 0,000177
globe 0,755023 0,000163
gloom 0,579818 0,000125
gloomy 0,462035 0,000100
glorify 1,272966 0,000275
glory 0,301105 0,000065
glossy 1,609438 0,000347
glow 0,314711 0,000068
glue 1,609438 0,000347
gnaw 0,967584 0,000209
goat 1,021651 0,000221
goatlike 3,912023 0,000844
god 0,083382 0,000018
gold 0,083382 0,000018
gorgeous 1,171183 0,000253
gorilla 3,912023 0,000844
gory 2,407946 0,000520
government 0,462035 0,000100
grace 0,235722 0,000051
gracefully 1,203973 0,000260
gradually 0,328504 0,000071
grain 0,562119 0,000121
grandfather 0,755023 0,000163
granite 1,347074 0,000291
granitic 3,506558 0,000757
grant 0,061875 0,000013
grasp 0,274437 0,000178
grass 0,301105 0,000130
gratitude 0,478036 0,000103
grave 0,116534 0,000050
gravity 0,693147 0,000150
gray 0,733969 0,000158
graze 1,108663 0,000479
greatly 0,210721 0,000045
greek 0,494296 0,000107
green 0,105361 0,000023
grieving 1,386294 0,000299
grim 0,776529 0,000168
grin 0,733969 0,000317
grip 0,798508 0,000345
groan 0,446287 0,000193
grope 0,733969 0,000158
grotesque 1,021651 0,000221
grotto 2,302585 0,000994
ground 0,030459 0,000007
grounds 0,446287 0,000096
grow 0,010050 0,000009
growl 0,941609 0,000406
growling 1,427116 0,000308
guard 0,083382 0,000054
guardroom 3,506558 0,000757
guardsman 2,813411 0,001215
guess 0,223144 0,000096
guide 0,083382 0,000036
gully 1,966113 0,000849
gulp 1,386294 0,000299
gunpowder 1,560648 0,000337
gut 2,120264 0,000458
habit 0,162519 0,000070
habitat 2,813411 0,000607
habitation 1,021651 0,000221
habitual 0,916291 0,000198
hair 0,072571 0,000016
hairless 2,813411 0,000607
hairy 1,078810 0,000233
halfway 1,386294 0,000299
hall 0,274437 0,000059
hallucination 2,120264 0,000458
halt 0,733969 0,000317
halted 0,843970 0,000182
hamburg 2,040221 0,000440
hand 0,010050 0,000009
handicap 2,302585 0,000497
handkerchief 0,616186 0,000133
handle 0,223144 0,000096
handrail 2,995732 0,000647
handsome 0,328504 0,000071
handy 0,967584 0,000418
hang 0,198451 0,000086
hanging 0,235722 0,000051
happen 0,030459 0,000020
happiness 0,150823 0,000033
happy 0,061875 0,000027
harass 1,078810 0,000233
harbor 1,427116 0,000616
hard 0,040822 0,000009
hardy 0,967584 0,000209
harm 0,210721 0,000091
harmless 0,248461 0,000054
harmony 0,579818 0,000125
harness 0,843970 0,000182
harshly 1,078810 0,000233
haste 0,371064 0,000080
hasten 0,371064 0,000160
hat 0,446287 0,000096
hatch 1,347074 0,000291
hatchet 1,609438 0,000695
hate 0,150823 0,000098
hateful 0,891598 0,000192
hatred 0,494296 0,000107
haughtily 1,771957 0,000382
haughty 0,867501 0,000187
haunt 0,385662 0,000083
head 0,000000 0,000000
headed 0,510826 0,000110
headforemost 2,659260 0,000574
headlong 0,843970 0,000182
headquarters 1,660731 0,000358
headway 1,966113 0,000424
heap 0,248461 0,000107
hear 0,010050 0,000004
hearing 0,139262 0,000030
heart 0,010050 0,000004
heartless 1,347074 0,000291
heat 0,198451 0,000043
heaven 0,174353 0,000075
heavenly 0,843970 0,000182
heavily 0,400478 0,000086
heavy 0,030459 0,000007
heed 0,510826 0,000110
heel 0,356675 0,000077
height 0,210721 0,000091
heinous 1,897120 0,000409
heirloom 3,218876 0,000695
helpless 0,328504 0,000071
hemorrhage 3,912023 0,000844
herb 0,843970 0,000182
herbivorous 3,912023 0,000844
herd 0,597837 0,000387
hereford 3,218876 0,000695
hesitate 0,314711 0,000068
hew 1,427116 0,000308
hide 0,072571 0,000047
hideous 0,527633 0,000114
hiding 0,616186 0,000133
hieroglyphic 1,897120 0,000409
highly 0,261365 0,000056
highway 0,916291 0,000198
hill 0,150823 0,000065
hillside 1,386294 0,000299
hind 1,171183 0,000253
hinder 0,579818 0,000125
hiss 0,653926 0,000282
historic 1,832581 0,000396
history 0,186330 0,000040
hit 0,314711 0,000068
hitherto 0,385662 0,000083
ho 1,203973 0,000260
hoist 1,139434 0,000246
hold 0,010050 0,000007
hole 0,261365 0,000113
holiday 0,713350 0,000154
hollow 0,430783 0,000186
holy 0,371064 0,000080
homeward 0,891598 0,000192
honor 0,891598 0,000192
honorably 2,207275 0,000476
honorary 2,302585 0,000497
honored 1,427116 0,000308
hoof 0,867501 0,000187
hook 0,634878 0,000137
hop 1,108663 0,000239
hope 0,000000 0,000000
hopeful 0,916291 0,000198
hopeless 0,510826 0,000110
hopelessly 1,078810 0,000233
horde 1,771957 0,000382
horizon 0,597837 0,000129
horizonless 3,912023 0,000844
horizontal 1,514128 0,000327
horizontally 1,832581 0,000396
horn 0,478036 0,000206
horrible 0,356675 0,000077
horribly 0,916291 0,000198
horrid 0,713350 0,000154
horrified 1,272966 0,000275
horror 0,198451 0,000086
horse 0,139262 0,000030
hospitable 1,078810 0,000233
hospitality 0,713350 0,000154
hostility 1,171183 0,000253
hot 0,116534 0,000025
hour 0,061875 0,000027
house 0,020203 0,000004
houses 0,139262 0,000030
housing 1,897120 0,000409
hove 2,120264 0,000458
hover 0,653926 0,000141
howl 0,527633 0,000342
hug 0,967584 0,000209
huge 0,400478 0,000086
human 0,072571 0,000031
humanity 0,494296 0,000107
humiliation 0,916291 0,000198
humor 1,203973 0,000260
hung 0,174353 0,000038
hunger 0,478036 0,000103
hungry 0,314711 0,000068
hunt 0,371064 0,000160
hunter 0,579818 0,000250
hunting 0,462035 0,000100
hurl 0,798508 0,000345
hurry 0,162519 0,000105
hurt 0,150823 0,000033
hurtle 2,302585 0,000497
hustle 2,040221 0,000440
hut 0,776529 0,000335
hyaenodon 3,912023 0,000844
hypnotic 2,813411 0,000607
hypnotism 2,659260 0,000574
hypothesis 1,237874 0,000534
ice 0,527633 0,000114
idea 0,083382 0,000018
identity 1,021651 0,000221
ignominy 1,714798 0,000370
ignorance 0,287682 0,000062
ignorant 0,301105 0,000065
ignore 1,309333 0,000283
iii 0,287682 0,000062
illusive 2,813411 0,000607
illustrate 0,616186 0,000133
illustration 0,867501 0,000374
illy 3,912023 0,000844
image 0,301105 0,000065
imaginary 0,755023 0,000163
imagination 0,223144 0,000096
imagine 0,083382 0,000036
imbed 2,207275 0,000476
immense 0,314711 0,000068
immensity 2,040221 0,000440
immerse 1,427116 0,000308
imminent 1,514128 0,000327
impact 2,207275 0,000476
impetuous 1,021651 0,000221
implant 1,714798 0,000370
implicate 1,966113 0,000424
impossibility 0,891598 0,000192
impossible 0,094311 0,000020
imprecation 1,897120 0,000409
impregnable 1,771957 0,000382
impregnate 2,207275 0,000476
impression 0,210721 0,000045
impressive 1,237874 0,000267
improve 0,385662 0,000083
improvisation 2,525729 0,000545
impulse 0,400478 0,000086
inaccessible 1,427116 0,000308
inch 0,430783 0,000186
incident 0,356675 0,000077
incline 0,733969 0,000158
inclined 0,186330 0,000040
include 0,072571 0,000016
incomprehensible 1,108663 0,000239
incorrect 1,832581 0,000396
increase 0,061875 0,000027
incredible 0,653926 0,000141
incredulity 1,386294 0,000299
incur 0,843970 0,000182
independent 0,510826 0,000110
indescribable 1,108663 0,000239
indian 0,544727 0,000118
indication 0,798508 0,000345
indies 1,309333 0,000283
indifference 0,527633 0,000114
indignity 1,560648 0,000337
individual 0,139262 0,000030
indolent 1,427116 0,000308
induce 0,328504 0,000142
indulge 0,527633 0,000114
inevitable 0,544727 0,000118
inexplicable 1,171183 0,000253
infernal 0,843970 0,000182
inflict 0,579818 0,000375
influence 0,198451 0,000043
infuriate 1,609438 0,000347
infuse 1,514128 0,000327
ingenuity 0,891598 0,000192
ingratitude 1,171183 0,000253
ingress 2,302585 0,000497
inhabit 0,597837 0,000129
inhabitants 0,446287 0,000096
inherit 0,579818 0,000250
inheritance 0,798508 0,000172
injury 0,301105 0,000065
inkling 1,427116 0,000308
inky 1,966113 0,000424
inland 1,469676 0,000317
inmost 1,309333 0,000283
innocent 0,186330 0,000040
inquire 0,235722 0,000102
inquisitive 1,078810 0,000233
insensate 2,407946 0,000520
insignificance 2,207275 0,000476
insignificant 0,891598 0,000192
insist 0,223144 0,000144
inspect 0,798508 0,000345
inspiring 1,108663 0,000239
instance 0,116534 0,000050
instant 0,210721 0,000045
instantly 0,356675 0,000077
instinct 0,356675 0,000077
instinctive 1,203973 0,000260
instruct 0,494296 0,000107
instruction 0,328504 0,000071
instructor 1,347074 0,000291
instrument 0,248461 0,000107
instrumental 2,040221 0,000440
insulated 2,525729 0,000545
insult 0,415515 0,000179
insure 1,237874 0,000267
insurmountable 1,714798 0,000370
intake 2,995732 0,000647
intellect 0,634878 0,000137
intelligence 0,301105 0,000065
intelligent 0,342490 0,000074
intend 0,094311 0,000061
intense 0,430783 0,000093
intensify 1,386294 0,000299
intent 0,494296 0,000107
intention 0,127833 0,000055
intently 0,891598 0,000192
interior 0,673345 0,000145
interminable 1,237874 0,000267
intermingle 1,714798 0,000370
internal 0,261365 0,000056
interpreter 1,108663 0,000239
interrupt 0,562119 0,000121
interrupted 0,301105 0,000065
intersperse 1,771957 0,000382
interval 0,301105 0,000065
intervene 0,713350 0,000308
interview 0,634878 0,000137
intimate 0,430783 0,000093
intimation 1,272966 0,000275
intricate 1,078810 0,000233
introduce 0,261365 0,000113
intruder 1,108663 0,000239
investigate 0,820981 0,000177
investigation 0,713350 0,000154
investigator 2,040221 0,000440
invisible 0,562119 0,000121
involuntarily 1,139434 0,000246
ire 1,832581 0,000396
iron 0,162519 0,000035
irresistible 0,653926 0,000141
island 0,400478 0,000086
islands 0,755023 0,000163
isles 1,560648 0,000337
issue 0,198451 0,000129
iv 0,328504 0,000071
ix 0,494296 0,000107
ja 2,995732 0,000647
jabbed 2,995732 0,000647
jabber 2,207275 0,000476
jacket 0,755023 0,000326
jagged 1,560648 0,000337
janitor 3,506558 0,001514
jargon 1,660731 0,000358
jaw 0,544727 0,000235
jealously 1,897120 0,000409
jealousy 0,430783 0,000093
jeopardize 2,813411 0,000607
jerk 0,820981 0,000177
jet 1,347074 0,000291
jewel 0,634878 0,000137
job 0,597837 0,000129
jointed 2,407946 0,000520
joke 0,356675 0,000077
journey 0,150823 0,000033
joy 0,127833 0,000028
judge 0,061875 0,000040
judgment 0,198451 0,000043
juicy 2,040221 0,000440
jump 0,430783 0,000093
jumping 0,798508 0,000172
jungle 1,832581 0,000791
justified 0,693147 0,000150
keener 1,469676 0,000317
key 0,342490 0,000074
kill 0,083382 0,000036
kindly 0,223144 0,000048
kindness 0,274437 0,000059
king 0,210721 0,000091
kingdom 0,462035 0,000100
kingship 2,995732 0,000647
kiss 0,356675 0,000077
kissing 1,021651 0,000221
knee 0,150823 0,000065
kneel 0,478036 0,000103
knife 0,287682 0,000062
knock 0,287682 0,000186
knot 0,510826 0,000110
knowledge 0,061875 0,000013
labor 1,108663 0,000239
labyrinthine 3,218876 0,000695
labyrinthodon 3,912023 0,000844
lack 0,371064 0,000160
ladder 0,616186 0,000266
lady 0,162519 0,000070
lair 1,427116 0,000308
lake 0,162519 0,000070
land 0,051293 0,000033
landscape 0,820981 0,000177
language 0,072571 0,000016
lap 0,527633 0,000114
lapping 2,302585 0,000497
lapse 0,733969 0,000158
lash 0,562119 0,000121
lasting 1,771957 0,000382
late 0,094311 0,000020
latent 1,469676 0,000317
latin 0,653926 0,000141
laugh 0,094311 0,000061
laughter 0,274437 0,000059
launch 0,798508 0,000172
lawful 1,078810 0,000233
lay 0,030459 0,000020
lazily 1,237874 0,000267
lead 0,020203 0,000013
leader 0,356675 0,000077
leading 0,139262 0,000030
leaf 0,446287 0,000096
leafy 2,040221 0,000440
league 0,653926 0,000141
lean 0,127833 0,000055
leap 0,287682 0,000248
learn 0,020203 0,000013
leather 0,527633 0,000114
leathern 2,040221 0,000440
leave -0,009950 -0,000006
ledge 1,049822 0,000227
leer 1,897120 0,000409
left 0,000000 0,000000
leg 0,235722 0,000102
legend 0,820981 0,000177
lend 0,430783 0,000186
lens 2,407946 0,000520
leopard 2,302585 0,000497
lesson 0,287682 0,000062
lethargy 1,714798 0,000370
letter 0,072571 0,000031
level 0,210721 0,000091
levelness 3,912023 0,000844
lever 1,427116 0,000308
liar 1,021651 0,000221
lias 3,912023 0,000844
liberate 1,469676 0,000634
liberty 0,198451 0,000043
library 0,223144 0,000048
lichen 2,120264 0,000458
lid 0,597837 0,000129
lie 0,020203 0,000013
lieu 0,415515 0,000090
life -0,009950 -0,000004
lifelong 2,040221 0,000440
lift 0,116534 0,000075
light 0,000000 0,000000
lighted 0,261365 0,000056
lightness 1,897120 0,000409
lightning 0,430783 0,000093
liking 1,021651 0,000221
limb 0,248461 0,000107
limestone 2,302585 0,000497
limit 0,287682 0,000124
limpid 1,897120 0,000409
lineage 1,771957 0,000382
link 0,174353 0,000113
lion 0,579818 0,000250
lip 0,127833 0,000028
liquid 0,843970 0,000182
listen 0,105361 0,000068
listener 0,843970 0,000182
literary 0,287682 0,000062
literature 0,653926 0,000141
lithe 1,966113 0,000424
live 0,010050 0,000004
living 0,020203 0,000004
lizard 1,560648 0,000337
load 0,430783 0,000093
loath 1,427116 0,000308
local 0,713350 0,000154
locality 1,139434 0,000246
lock 0,162519 0,000070
locomotion 2,813411 0,000607
locomotive 2,120264 0,000458
lodge 0,494296 0,000107
lofty 0,494296 0,000107
log 0,798508 0,000172
logical 1,021651 0,000221
loin 1,427116 0,000308
loiter 1,347074 0,000291
loll 1,771957 0,000382
london 0,415515 0,000090
lonely 0,400478 0,000086
loom 1,078810 0,000233
loop 1,272966 0,000550
loose 0,094311 0,000020
loosen 0,891598 0,000385
lord 0,223144 0,000048
lose 0,000000 0,000000
loss 0,083382 0,000018
lot 0,051293 0,000011
loud 0,105361 0,000023
love 0,030459 0,000020
loveable 3,506558 0,000757
lovely 0,462035 0,000100
lovemaking 3,912023 0,000844
lover 0,356675 0,000077
lowlands 2,659260 0,000574
loyal 1,203973 0,000260
luck 0,446287 0,000096
lug 1,771957 0,000382
luminous 1,078810 0,000233
lung 0,867501 0,000374
lunge 1,966113 0,000424
lural 3,912023 0,000844
lurch 1,660731 0,000358
lure 1,108663 0,000239
lurk 0,616186 0,000133
luxuriant 1,427116 0,000308
machinery 1,049822 0,000227
mad 0,235722 0,000102
madly 1,272966 0,000275
magic 0,673345 0,000145
magnet 2,040221 0,000440
magnificent 0,328504 0,000071
magnify 0,994252 0,000215
mahar 3,912023 0,000844
maiden 0,673345 0,000145
main 0,127833 0,000028
mainland 2,407946 0,000520
maintain 0,094311 0,000041
majestically 1,560648 0,000337
majesty 0,510826 0,000110
major 1,108663 0,000239
majority 0,597837 0,000129
makeshift 2,659260 0,000574
male 0,562119 0,000243
malevolent 1,966113 0,000424
malice 0,776529 0,000168
malignant 1,139434 0,000246
mammal 3,218876 0,000695
mammoth 2,407946 0,000520
manage 0,261365 0,000113
maneuver 2,040221 0,000440
mangled 1,660731 0,000358
mania 1,347074 0,000291
manifest 0,478036 0,000103
manlike 2,407946 0,000520
manly 0,820981 0,000177
manner 0,040822 0,000009
manual 1,469676 0,000317
manufacture 1,078810 0,000466
manuscript 0,967584 0,000209
map 0,916291 0,000198
march 0,223144 0,000144
marching 1,171183 0,000253
mark 0,105361 0,000045
marked 0,061875 0,000013
marking 2,659260 0,000574
married 0,248461 0,000054
marvel 0,693147 0,000150
marvelous 1,609438 0,000347
mask 0,673345 0,000145
masonry 1,832581 0,000396
mass 0,210721 0,000091
massive 1,049822 0,000227
master 0,072571 0,000016
masterful 1,966113 0,000424
masters 0,446287 0,000096
mastery 1,171183 0,000253
mastiff 1,660731 0,000358
mat 0,820981 0,000177
match 0,301105 0,000065
mate 0,713350 0,000308
material 0,261365 0,000113
matter 0,000000 0,000000
maximum 0,478036 0,000103
maze 1,272966 0,000275
meager 2,659260 0,000574
meal 0,261365 0,000113
meaning 0,186330 0,000040
meaningless 1,966113 0,000424
measure 0,127833 0,000083
meat 0,356675 0,000077
mechanical 0,843970 0,000182
mechanically 1,078810 0,000233
mechanism 1,771957 0,000382
medal 1,469676 0,000317
media 2,120264 0,000458
medium 0,223144 0,000048
meet 0,010050 0,000004
megatherium 3,506558 0,000757
melee 2,995732 0,000647
melt 0,385662 0,000166
membranous 3,912023 0,000844
memory 0,162519 0,000035
menace 1,021651 0,000441
menacing 1,272966 0,000275
mental 0,430783 0,000093
merciless 1,427116 0,000308
mercury 1,203973 0,000260
mercy 0,210721 0,000045
mere 0,094311 0,000020
merge 1,469676 0,000317
merit 0,371064 0,000080
mesa 3,912023 0,000844
message 0,356675 0,000077
metal 0,527633 0,000114
mete 2,302585 0,000497
meter 2,813411 0,000607
method 0,094311 0,000041
midair 3,912023 0,000844
middle 0,030459 0,000007
midnight 0,328504 0,000071
midst 0,287682 0,000062
mighty 0,328504 0,000142
mile 0,174353 0,000075
mind 0,020203 0,000009
miniature 1,139434 0,000246
minute 0,150823 0,000065
miracle 0,597837 0,000129
miraculous 1,171183 0,000253
miscarrying 3,506558 0,000757
miserable 0,210721 0,000045
misery 0,248461 0,000054
misfortune 0,400478 0,000086
missile 1,714798 0,000740
mission 0,210721 0,000045
misstep 3,218876 0,000695
mist 0,430783 0,000093
mistake 0,186330 0,000040
mistaken 0,261365 0,000056
mix 0,274437 0,000059
mob 1,139434 0,000246
model 0,510826 0,000110
modern 0,301105 0,000065
moist 0,843970 0,000182
moisture 1,108663 0,000239
mold 1,966113 0,000424
mole 1,203973 0,000260
mollusk 3,218876 0,000695
molten 1,560648 0,000337
moment 0,010050 0,000004
momentous 1,771957 0,000382
monarch 1,108663 0,000239
mongrel 2,302585 0,000497
monkey 0,941609 0,000203
monosyllabic 2,995732 0,000647
monotony 1,609438 0,000347
monster 0,527633 0,000228
monstrous 0,400478 0,000086
month 0,040822 0,000018
moon 0,261365 0,000056
morn 1,609438 0,000347
morning 0,040822 0,000009
morsel 1,021651 0,000221
mortification 1,021651 0,000221
mother 0,072571 0,000016
motherless 2,525729 0,000545
motion 0,223144 0,000144
motionless 0,544727 0,000118
motley 1,660731 0,000358
mount 0,210721 0,000091
mountain 0,400478 0,000086
mountains 0,400478 0,000086
mouth 0,061875 0,000027
mouthed 1,660731 0,000358
movement 0,287682 0,000124
moving 1,832581 0,000396
muck 2,302585 0,000497
mud 0,462035 0,000100
multitude 0,385662 0,000083
murder 0,248461 0,000054
murderer 0,733969 0,000158
murderous 1,078810 0,000233
murmur 0,287682 0,000062
muscle 0,755023 0,000326
muscular 1,203973 0,000260
museum 1,139434 0,000246
mush 2,995732 0,000647
music 0,198451 0,000043
musty 1,832581 0,000396
muttering 1,049822 0,000227
myriad 1,386294 0,000299
mysterious 0,314711 0,000068
mysteriously 1,171183 0,000253
nadir 3,506558 0,000757
naked 0,274437 0,000059
narrate 1,203973 0,000260
narrow 0,094311 0,000020
nasty 1,139434 0,000246
nation 0,579818 0,000125
nations 0,673345 0,000145
native 0,314711 0,000068
nativity 2,040221 0,000440
natural 0,094311 0,000020
naturally 0,210721 0,000045
nature 0,094311 0,000020
naught 1,347074 0,000291
nearby 2,659260 0,000574
nearer 0,400478 0,000086
neat 0,653926 0,000141
nebulous 2,813411 0,000607
necessitate 1,714798 0,000370
necessity 0,210721 0,000045
neck 0,174353 0,000075
neckband 3,506558 0,000757
needle 0,673345 0,000145
needless 1,049822 0,000227
neglect 0,274437 0,000059
negro 0,967584 0,000209
negroid 3,912023 0,000844
nerve 0,371064 0,000080
nest 0,579818 0,000125
network 0,415515 0,000090
nibble 1,609438 0,000347
niche 1,714798 0,000370
night 0,010050 0,000004
nightmare 1,171183 0,000253
nineteen 1,108663 0,000239
nobility 0,755023 0,000163
noble 0,198451 0,000086
nobly 1,309333 0,000283
nod 0,371064 0,000080
noise 0,139262 0,000060
noiseless 1,609438 0,000347
noiselessly 1,237874 0,000267
noisy 0,776529 0,000168
noon 0,430783 0,000093
noonday 1,660731 0,000358
north 0,083382 0,000018
northeast 2,525729 0,000545
northward 1,203973 0,000260
nose 0,261365 0,000056
nosed 1,560648 0,000337
nostril 0,798508 0,000172
note 0,094311 0,000041
notice 0,020203 0,000013
noticeable 1,309333 0,000283
numerous 0,235722 0,000051
nursing 0,867501 0,000187
nutation 3,912023 0,000844
nutriment 2,207275 0,000476
oasis 2,302585 0,000497
oath 0,385662 0,000083
object 0,105361 0,000045
obligation 0,597837 0,000129
oblivious 1,771957 0,000382
observance 1,427116 0,000308
obsession 2,525729 0,000545
occasion 0,105361 0,000045
occasional 0,510826 0,000110
occasionally 0,371064 0,000080
occupant 1,203973 0,000260
occupation 0,371064 0,000160
occupy 0,174353 0,000038
occur 0,083382 0,000036
ocean 0,415515 0,000179
ocular 2,659260 0,000574
odd 0,385662 0,000083
offended 0,616186 0,000133
offense 1,609438 0,000347
offer 0,020203 0,000009
office 0,072571 0,000016
officer 0,314711 0,000068
official 0,223144 0,000048
oftentimes 1,832581 0,000396
ogre 1,966113 0,000424
oil 0,446287 0,000096
ominous 1,171183 0,000253
omnipotent 1,660731 0,000358
oncoming 3,218876 0,000695
operate 0,916291 0,000198
opportunity 0,061875 0,000013
oppose 0,579818 0,000125
optimism 2,302585 0,000497
option 1,966113 0,000424
orb 1,514128 0,000327
ordinary 0,186330 0,000040
ore 1,832581 0,000396
orgy 1,771957 0,000382
origin 0,527633 0,000114
originate 1,139434 0,000246
ornament 0,527633 0,000228
ounce 1,427116 0,000308
outcome 1,714798 0,000370
outdistance 2,659260 0,000574
outer 0,510826 0,000110
outfit 1,171183 0,000253
outline 0,579818 0,000375
outpost 2,120264 0,000458
outraged 1,272966 0,000275
outskirts 1,560648 0,000337
outstretched 1,108663 0,000239
outstrip 1,347074 0,000291
oval 1,560648 0,000337
overanxious 3,912023 0,000844
overburdened 2,407946 0,000520
overcome 0,198451 0,000043
overgrew 3,506558 0,000757
overhang 1,171183 0,000506
overlook 0,527633 0,000228
overlord 3,218876 0,000695
overlordship 3,912023 0,000844
overpower 0,941609 0,000203
overpowering 1,309333 0,000283
overspread 1,272966 0,000275
overtake 0,400478 0,000173
overture 1,347074 0,000291
overturn 0,994252 0,000215
owe 0,105361 0,000023
owner 0,083382 0,000018
pace 0,186330 0,000080
pack 0,579818 0,000125
package 1,560648 0,000337
packed 0,616186 0,000133
padded 2,040221 0,000440
paddle 1,386294 0,001197
paeon 3,218876 0,000695
pain 0,051293 0,000022
painful 0,328504 0,000071
pair 0,210721 0,000045
palace 0,494296 0,000213
paleolithic 3,912023 0,000844
paleontologist 3,912023 0,001689
paleontology 3,912023 0,000844
palm 0,494296 0,000107
palmlike 3,912023 0,000844
palms 0,820981 0,000177
panic 1,049822 0,000227
panting 0,597837 0,000129
paradise 0,776529 0,000168
paradoxical 2,207275 0,000476
parent 0,261365 0,000056
parody 1,832581 0,000396
paroxysm 1,347074 0,000291
parti 2,525729 0,000545
partial 0,733969 0,000158
partially 0,967584 0,000209
particle 0,967584 0,000209
partook 1,560648 0,000337
party 0,030459 0,000013
pass 0,020203 0,000009
passage 0,105361 0,000045
passing 0,094311 0,000020
patch 0,616186 0,000133
path 0,150823 0,000065
pathetic 1,108663 0,000239
pathos 1,309333 0,000283
pathway 1,469676 0,000634
pause 0,314711 0,000204
pavement 0,755023 0,000163
paw 1,021651 0,000441
pay 0,030459 0,000013
peace 0,094311 0,000020
peaceful 0,478036 0,000103
peak 0,916291 0,000396
peal 1,078810 0,000233
peculiarity 0,755023 0,000163
peer 0,616186 0,000266
pelt 1,386294 0,000299
penetrate 0,415515 0,000269
peopled 1,514128 0,000327
peoples 1,514128 0,000327
perceive 0,198451 0,000086
perceptive 3,218876 0,000695
perch 0,891598 0,000385
perfect 0,061875 0,000013
perfection 0,446287 0,000096
perfectly 0,162519 0,000035
perform 0,072571 0,000016
performance 0,127833 0,000028
perilous 0,798508 0,000172
perilously 2,813411 0,000607
period 0,235722 0,000051
permit 0,094311 0,000061
perpendicular 1,386294 0,000299
perpetual 0,478036 0,000103
perry 2,995732 0,000647
persist 0,478036 0,000103
persistence 1,771957 0,000382
persistency 2,659260 0,000574
person -0,009950 -0,000004
persuade 0,223144 0,000048
perturbation 1,771957 0,000382
phenomenon 0,820981 0,000177
physique 2,525729 0,001090
pick 0,223144 0,000096
picket 2,407946 0,000520
picking 0,634878 0,000137
picture 0,139262 0,000060
picturesque 0,755023 0,000163
pidgin 3,506558 0,000757
piece 0,020203 0,000004
pierce 0,356675 0,000231
pig 0,544727 0,000118
pigeon 1,108663 0,000239
pile 0,328504 0,000142
pin 0,478036 0,000103
pinched 1,139434 0,000246
pine 0,462035 0,000100
pinion 2,040221 0,000440
pious 0,733969 0,000158
pipe 0,385662 0,000083
pique 1,560648 0,000337
pirate 1,108663 0,000239
pit 0,597837 0,000387
pitch 0,261365 0,000113
pitiful 0,798508 0,000172
pitifully 2,813411 0,000607
pitiless 1,347074 0,000291
pity 0,139262 0,000030
placid 1,203973 0,000260
plain 0,040822 0,000009
plainly 0,261365 0,000056
plains 0,967584 0,000209
plan 0,198451 0,000086
planet 1,021651 0,000441
planning 1,021651 0,000221
plant 0,186330 0,000040
plateau 2,407946 0,000520
platform 0,843970 0,000182
play 0,040822 0,000026
plaything 1,386294 0,000299
plead 0,400478 0,000086
pleasantly 0,820981 0,000177
pleasing 0,653926 0,000141
pleasurable 1,966113 0,000424
pleasure 0,051293 0,000011
plot 0,693147 0,000150
plough 0,941609 0,000203
pluck 0,371064 0,000080
plump 1,021651 0,000221
plunge 0,314711 0,000136
plush 2,813411 0,000607
poison 0,371064 0,000080
poisonous 1,272966 0,000275
poke 0,941609 0,000203
polished 0,673345 0,000145
ponderous 1,203973 0,000260
poof 3,506558 0,000757
pool 0,693147 0,000299
poor 0,020203 0,000004
popular 0,430783 0,000093
porch 0,891598 0,000192
pore 1,203973 0,000780
portion 0,301105 0,000130
position 0,162519 0,000035
positive 0,597837 0,000129
positively 0,776529 0,000168
possess 0,061875 0,000040
possession 0,083382 0,000018
possibility 0,150823 0,000065
post 0,051293 0,000011
potent 1,309333 0,000283
pouch 1,514128 0,000327
poultice 2,525729 0,000545
pounce 1,469676 0,000317
pound 0,314711 0,000136
pour 0,116534 0,000050
powder 0,597837 0,000129
power 0,030459 0,000013
powerful 0,223144 0,000048
practical 0,494296 0,000107
practicality 3,506558 0,000757
practically 0,235722 0,000051
practice 0,116534 0,000050
praise 0,274437 0,000059
pray 0,261365 0,000169
prayer 0,287682 0,000124
prearrange 2,813411 0,000607
precariously 3,218876 0,000695
precede 0,385662 0,000083
precession 3,912023 0,000844
precious 0,162519 0,000035
precipice 1,021651 0,000221
precipitate 1,078810 0,000466
precipitous 1,897120 0,000409
precisely 0,510826 0,000110
preclude 1,771957 0,000765
predicament 1,469676 0,000317
predominate 1,469676 0,000317
preference 0,843970 0,000182
prehistoric 2,525729 0,000545
prerogative 1,771957 0,000382
presence 0,094311 0,000020
presently 0,385662 0,000083
preservation 1,049822 0,000227
press 0,105361 0,000023
presume 0,462035 0,000199
presumptuous 1,469676 0,000317
pretty 0,150823 0,000033
prevail 0,287682 0,000186
prevent 0,040822 0,000026
previous 0,094311 0,000020
prey 0,478036 0,000103
priceless 1,897120 0,000409
pride 0,150823 0,000033
primal 2,407946 0,000520
prime 0,653926 0,000141
primeval 1,897120 0,000409
primitive 0,916291 0,000198
primordial 2,813411 0,000607
principality 2,207275 0,000476
principle 0,274437 0,000059
prior 1,237874 0,000267
prison 0,248461 0,000107
prisoner 0,356675 0,000154
probability 0,733969 0,000158
probable 0,494296 0,000107
problematic 3,218876 0,000695
proceed 0,116534 0,000050
proceeding 0,510826 0,000110
procession 0,693147 0,000150
proclivity 3,218876 0,000695
prod 2,407946 0,000520
prodigious 1,021651 0,000221
produce 0,061875 0,000027
profanity 2,525729 0,000545
profess 0,616186 0,000133
profit 0,083382 0,000018
profusely 1,832581 0,000396
profusion 1,347074 0,000291
progenitor 2,040221 0,000881
progress 0,162519 0,000105
project -0,009950 -0,000004
projection 1,714798 0,000740
prolog 3,912023 0,000844
prolong 1,237874 0,000267
prominent 0,967584 0,000209
promise 0,051293 0,000011
prompt 0,478036 0,000103
pronounced 0,446287 0,000096
proof 0,274437 0,000059
propel 1,714798 0,000370
property 0,127833 0,000028
propitious 1,469676 0,000317
proportion 0,235722 0,000153
propose 0,186330 0,000040
proposition 0,820981 0,000177
prospect 0,430783 0,000093
prospector 3,912023 0,000844
prostrate 0,673345 0,000145
protect 0,139262 0,000090
protection 0,314711 0,000068
protract 1,427116 0,000308
protrude 1,203973 0,000780
protuberance 2,813411 0,000607
proudly 0,733969 0,000158
prove 0,083382 0,000072
proverbial 1,771957 0,000382
providence 0,693147 0,000150
provocation 1,049822 0,000227
prow 1,714798 0,000370
prowess 1,609438 0,000347
pry 1,139434 0,000246
pterodactyl 3,912023 0,001689
public 0,083382 0,000018
pull 0,127833 0,000055
pulp 2,120264 0,000458
puncture 2,207275 0,000476
punishment 0,287682 0,000062
puny 1,771957 0,000382
purchase 0,400478 0,000173
pure 0,139262 0,000030
purely 0,713350 0,000154
purloin 2,207275 0,000476
purloining 3,912023 0,000844
purple 0,616186 0,000133
purpose 0,040822 0,000009
purposed 1,832581 0,000396
pursue 0,186330 0,000121
pursuer 1,272966 0,000550
pursuit 0,287682 0,000062
push 0,139262 0,000060
puzzled 0,494296 0,000107
pygmy 2,995732 0,000647
quadruped 2,302585 0,000497
quality 0,186330 0,000040
quantity 0,478036 0,000206
quarry 1,171183 0,000253
quarter 0,105361 0,000068
queen 0,415515 0,000090
quest 0,776529 0,000168
question 0,020203 0,000013
quick 0,127833 0,000028
quiet 0,094311 0,000041
quietly 0,261365 0,000056
quiver 0,494296 0,000213
race 0,162519 0,000105
racing 1,427116 0,000308
rack 0,673345 0,000145
rage 0,139262 0,000030
rageful 3,912023 0,000844
ragged 0,776529 0,000168
raid 1,966113 0,000424
railroad 1,609438 0,000347
raise 0,020203 0,000017
rake 1,139434 0,000246
rand 2,995732 0,000647
range 0,328504 0,000142
rank 0,223144 0,000096
rapid 0,371064 0,000080
rapidity 0,820981 0,000177
rapidly 0,371064 0,000080
rapture 0,820981 0,000177
rate 0,261365 0,000056
rattle 0,616186 0,000133
rattling 0,916291 0,000198
raucous 3,506558 0,000757
raven 1,386294 0,000299
raw 0,713350 0,000154
ray 0,462035 0,000199
reach 0,000000 0,000000
reaction 1,237874 0,000267
read 0,020203 0,000009
readiness 0,634878 0,000137
reading 2,407946 0,000520
ready 0,030459 0,000007
real 0,040822 0,000009
reality 0,301105 0,000065
realization 1,560648 0,000337
realize 0,693147 0,000598
reappearance 1,832581 0,000396
rear 0,371064 0,000240
rearrange 2,207275 0,000476
reason 0,010050 0,000007
reasonable 0,116534 0,000025
reasoning 0,713350 0,000154
rebuild 1,427116 0,000308
recall 0,235722 0,000102
recapture 2,120264 0,000915
recede 0,916291 0,000396
receive 0,040822 0,000026
reception 0,693147 0,000150
recess 1,021651 0,000221
recital 1,427116 0,000308
reclaim 1,469676 0,000317
recognize 0,733969 0,000158
recollect 0,562119 0,000121
recommence 1,514128 0,000327
reconcile 0,597837 0,000129
record 0,223144 0,000144
recount 1,021651 0,000221
recover 0,127833 0,000028
rectangular 2,813411 0,000607
rector 1,966113 0,000424
red 0,061875 0,000013
redeeming 1,771957 0,000382
redoubtable 2,813411 0,000607
reduce 0,314711 0,000136
reel 0,820981 0,000354
refine 0,755023 0,000163
refinement 1,049822 0,000227
reflect 0,235722 0,000051
reflection 0,274437 0,000059
reflector 2,659260 0,000574
refractory 1,771957 0,000382
refresh 0,446287 0,000096
refuge 0,446287 0,000096
refuse 0,083382 0,000018
regain 0,634878 0,000274
register 0,287682 0,000062
regret 0,342490 0,000148
regular 0,287682 0,000062
regularity 1,021651 0,000221
regularly 0,616186 0,000133
regulate 0,210721 0,000045
reign 0,430783 0,000093
rejoice 0,400478 0,000086
rejoin 0,776529 0,000168
relation 0,223144 0,000096
relative 0,462035 0,000100
relaxation 1,771957 0,000382
release 0,105361 0,000068
relentless 1,714798 0,000370
relief 0,186330 0,000040
relieve 0,198451 0,000043
religion 0,415515 0,000090
religious 0,446287 0,000096
religiousness 3,912023 0,000844
relish 0,916291 0,000198
reluctant 1,021651 0,000221
remain 0,040822 0,000026
remainder 0,597837 0,000129
remains 0,150823 0,000033
remark 0,223144 0,000048
remarkable 0,235722 0,000051
remarks 0,462035 0,000100
remember 0,030459 0,000007
remembrance 0,733969 0,000158
remind 0,301105 0,000130
remnant 1,049822 0,000227
remote 0,478036 0,000103
remotely 2,120264 0,000458
remove 0,040822 0,000018
rend 0,994252 0,000429
render 0,186330 0,000121
renew 0,314711 0,000068
repair 0,342490 0,000148
reparation 1,832581 0,000396
repast 1,139434 0,000246
repeat 0,051293 0,000022
repertory 2,995732 0,000647
repetition 0,713350 0,000154
replace 0,198451 0,000086
replenish 1,203973 0,000520
reply 0,105361 0,000045
report 0,051293 0,000011
representative 0,820981 0,000177
repress 0,867501 0,000187
reproachful 1,309333 0,000283
reproduce 1,078810 0,000466
reptile 1,609438 0,000695
reptilian 3,506558 0,000757
repulsive 1,049822 0,000227
require 0,051293 0,000011
required 0,083382 0,000018
rescue 0,494296 0,000213
resemble 0,400478 0,000173
reserve 0,400478 0,000086
resistance 0,430783 0,000093
resolve 0,287682 0,000062
resort 0,733969 0,000158
respect 0,040822 0,000009
respectful 0,755023 0,000163
resplendent 1,514128 0,000327
respond 0,693147 0,000150
response 0,843970 0,000182
responsibility 0,733969 0,000158
rest 0,010050 0,000007
restless 0,478036 0,000103
restore 0,223144 0,000096
restrung 3,912023 0,000844
result 0,174353 0,000038
resume 0,301105 0,000130
retain 0,235722 0,000051
retrace 1,237874 0,000267
retreat 0,342490 0,000148
return 0,010050 0,000007
reveal 0,223144 0,000144
revelation 0,693147 0,000150
revenge 0,462035 0,000199
reversal 2,995732 0,000647
revile 1,560648 0,000674
revive 0,510826 0,000110
revolve 0,776529 0,000503
revolver 1,514128 0,000327
revulsion 1,609438 0,000347
reward 0,174353 0,000075
rhamphorhynchus 3,912023 0,000844
rhinoceros 2,995732 0,000647
ribbon 0,843970 0,000182
rice 1,469676 0,000317
riches 0,798508 0,000172
rid 0,223144 0,000048
riddle 0,891598 0,000192
ride 0,261365 0,000056
rider 0,967584 0,000209
ridge 0,891598 0,000385
ridiculous 0,478036 0,000103
rifle 1,078810 0,000233
rift 1,560648 0,000337
rightful 1,560648 0,000337
rim 1,427116 0,000308
rip 1,021651 0,000221
ripple 0,820981 0,000177
rise 0,030459 0,000033
risk 0,301105 0,000130
rite 0,994252 0,000215
river 0,174353 0,000038
rivet 1,309333 0,000283
road 0,116534 0,000025
roam 0,994252 0,000215
roan 2,525729 0,000545
roar 0,356675 0,000231
roaring 0,693147 0,000150
robe 0,673345 0,000145
rock 0,186330 0,000080
rocky 1,049822 0,000227
role 1,609438 0,000347
roll 0,150823 0,000098
roman 0,713350 0,000154
romance 0,673345 0,000145
roof 0,186330 0,000040
root 0,235722 0,000051
rooter 3,912023 0,000844
rot 0,798508 0,000172
rough 0,186330 0,000040
roughly 0,544727 0,000118
rounded 1,021651 0,000221
route 0,713350 0,000154
royal 0,400478 0,000086
rubbish 1,108663 0,000239
rude 0,342490 0,000074
rudely 1,309333 0,000283
rudimentary 2,659260 0,000574
rugged 0,798508 0,000172
ruin 0,116534 0,000025
rule 0,030459 0,000007
rumor 1,609438 0,000347
running 0,967584 0,000209
runway 3,218876 0,000695
ruse 1,771957 0,000382
rush 0,127833 0,000083
sacrifice 0,210721 0,000045
sad 0,223144 0,000048
sadly 0,510826 0,000110
safe 0,116534 0,000075
safely 0,371064 0,000080
safety 0,356675 0,000077
sahara 2,525729 0,000545
sake 0,083382 0,000018
salt 0,105361 0,000023
salute 0,634878 0,000137
salvation 0,798508 0,000172
sample 1,272966 0,000275
sanctuary 1,237874 0,000267
sand 0,494296 0,000213
sandal 2,120264 0,000458
sandwich 1,660731 0,000358
sandy 1,049822 0,000227
sane 1,309333 0,000283
sari 3,912023 0,000844
satisfy 0,061875 0,000013
savage 0,248461 0,000107
savagely 1,427116 0,000308
save 0,010050 0,000007
scaffolding 2,207275 0,000476
scale 0,274437 0,000059
scan 1,237874 0,000267
scar 1,171183 0,000253
scarce 0,653926 0,000141
scarcely 0,301105 0,000065
scarlet 0,798508 0,000172
scattered 0,139262 0,000030
scene 0,127833 0,000055
scent 0,544727 0,000235
scheme 0,462035 0,000100
school 0,150823 0,000033
science 0,415515 0,000179
scientific 0,776529 0,000168
scientist 1,966113 0,000424
scoff 1,514128 0,000327
scope 1,139434 0,000246
scorch 1,469676 0,000317
score 0,446287 0,000096
scorn 0,446287 0,000096
scourge 1,049822 0,000227
scowl 1,049822 0,000227
scramble 0,941609 0,000406
scrap 0,820981 0,000177
scrape 0,634878 0,000137
scratch 0,544727 0,000118
scream 0,462035 0,000299
scrutinize 1,714798 0,000740
scurry 1,966113 0,000424
sea 0,116534 0,000025
seal 0,371064 0,000160
seam 1,386294 0,000299
search 0,040822 0,000026
searchingly 2,302585 0,000497
seas 0,916291 0,000198
seascape 3,218876 0,000695
season 0,235722 0,000051
seat 0,051293 0,000022
seclusion 1,237874 0,000267
secret 0,051293 0,000011
secure 0,061875 0,000027
security 0,478036 0,000103
seek 0,083382 0,000036
seemingly 0,967584 0,000209
seize 0,116534 0,000050
seldom 0,301105 0,000065
select 0,301105 0,000130
semidarkness 3,506558 0,000757
send 0,020203 0,000004
senior 1,309333 0,000283
sensation 0,371064 0,000080
sense 0,051293 0,000011
sensibility 1,237874 0,000267
sentence 0,094311 0,000020
sentiment 0,356675 0,000154
separate 0,094311 0,000041
separator 3,912023 0,000844
series 0,494296 0,000107
serpent 0,693147 0,000150
serrated 3,218876 0,000695
servant 0,105361 0,000023
serve 0,051293 0,000022
set 0,010050 0,000004
settle 0,083382 0,000054
sever 0,941609 0,000203
sew 0,994252 0,000644
sex 0,462035 0,000199
shade 0,223144 0,000048
shadow 0,162519 0,000070
shadowless 2,995732 0,000647
shaft 0,713350 0,000308
shaggy 1,049822 0,000227
shake 0,072571 0,000047
shallow 0,755023 0,000163
shallows 2,207275 0,000476
shame 0,223144 0,000048
shank 2,407946 0,000520
shape 0,150823 0,000065
shaped 0,527633 0,000114
share 0,030459 0,000013
sharp 0,139262 0,000030
sharpened 1,049822 0,000227
sharply 0,510826 0,000110
shattered 0,867501 0,000187
sheer 0,820981 0,000177
sheik 2,995732 0,000647
shelf 0,634878 0,000274
shelter 0,301105 0,000195
sheol 3,506558 0,000757
shield 0,634878 0,000274
shifting 0,891598 0,000192
shimmering 1,966113 0,000424
shine 0,150823 0,000065
shiny 1,714798 0,000370
shirt 0,527633 0,000114
shock 0,235722 0,000102
shoe 0,314711 0,000068
shoot 0,385662 0,000083
shooter 2,120264 0,000458
shore 0,287682 0,000124
short 0,020203 0,000013
shortly 0,462035 0,000100
shot 0,223144 0,000048
shoulder 0,139262 0,000060
shout 0,186330 0,000080
shove 0,967584 0,000209
shovel 1,347074 0,000291
shred 1,108663 0,000239
shrewdness 1,897120 0,000409
shriek 0,634878 0,000137
shrieking 1,347074 0,000291
shrink 0,462035 0,000100
shroud 0,916291 0,000198
shrug 0,994252 0,000215
shudder 0,446287 0,000096
shuffling 1,347074 0,000291
shut 0,051293 0,000011
sickening 1,309333 0,000283
sigh 0,235722 0,000051
sight 0,040822 0,000009
sighted 0,733969 0,000158
sightless 2,407946 0,000520
sign 0,051293 0,000022
signal 0,462035 0,000100
silence 0,051293 0,000011
silent 0,051293 0,000011
silently 0,544727 0,000118
silly 0,400478 0,000086
silver 0,210721 0,000045
simian 3,506558 0,000757
simile 1,386294 0,000299
simple 0,094311 0,000020
simply 0,150823 0,000033
simultaneously 1,203973 0,000260
sincerity 0,653926 0,000141
singing 0,371064 0,000080
single 0,083382 0,000018
singsong 3,218876 0,000695
sink 0,072571 0,000016
sinner 0,867501 0,000187
sinuous 2,525729 0,000545
sister 0,223144 0,000048
sit 0,010050 0,000007
situated 0,733969 0,000158
sixth 0,446287 0,000096
size 0,223144 0,000096
sized 1,237874 0,000267
skeleton 0,867501 0,000187
skiff 1,714798 0,000370
skill 0,287682 0,000062
skin 0,174353 0,000075
skirmish 1,469676 0,000317
skirt 0,527633 0,000228
skull 0,843970 0,000182
sky 0,186330 0,000040
slack 1,171183 0,000253
slap 0,798508 0,000172
slaughter 0,820981 0,000354
slave 0,356675 0,000231
slavery 0,798508 0,000172
slay 0,733969 0,000158
slayer 1,832581 0,000396
sleek 1,386294 0,000299
sleep 0,051293 0,000033
sleepily 2,120264 0,000458
slender 0,693147 0,000150
slenderer 3,506558 0,000757
slew 1,386294 0,000299
sliced 2,525729 0,000545
slide 0,713350 0,000308
slight 0,072571 0,000031
slim 1,139434 0,000246
slimy 1,660731 0,000358
slink 1,386294 0,000598
slip 0,150823 0,000065
slit 1,237874 0,000534
slope 0,527633 0,000114
sloth 1,347074 0,000291
slow 0,139262 0,000030
slowly 0,150823 0,000033
slowness 1,514128 0,000327
sluggish 1,514128 0,000327
slumber 0,510826 0,000110
sly 0,713350 0,000154
smartly 1,514128 0,000327
smattering 2,813411 0,000607
smear 1,171183 0,000253
smile 0,150823 0,000098
smote 1,021651 0,000221
snail 1,660731 0,000358
snake 0,891598 0,000192
snakelike 3,218876 0,000695
snap 0,733969 0,000317
snatch 0,462035 0,000199
sneak 1,237874 0,000534
sniff 1,272966 0,000275
snooze 2,813411 0,000607
snort 1,272966 0,000275
snout 1,897120 0,000409
snow 0,478036 0,000103
snuff 1,171183 0,000253
soar 0,916291 0,000198
sobriquet 3,218876 0,000695
social 0,371064 0,000080
society 0,210721 0,000045
soft 0,210721 0,000045
soften 0,494296 0,000107
sol 2,525729 0,000545
solar 1,660731 0,000358
solely 0,733969 0,000158
solemn 0,301105 0,000065
solid 0,274437 0,000059
solitude 0,510826 0,000110
solution 0,755023 0,000163
solve 0,478036 0,000206
somber 2,120264 0,000458
son 0,083382 0,000018
sorrow 0,248461 0,000054
sorrowfully 1,714798 0,000370
sort 0,072571 0,000016
sortie 2,813411 0,000607
sound 0,010050 0,000004
soundless 2,995732 0,000647
sour 0,891598 0,000192
source 0,274437 0,000059
south 0,235722 0,000051
southwest 2,302585 0,000497
space 0,105361 0,000023
spare 0,116534 0,000025
sparkling 0,776529 0,000168
speak 0,030459 0,000026
speaking 0,072571 0,000016
spear 0,967584 0,000418
spearman 3,506558 0,000757
special 0,083382 0,000018
species 0,634878 0,000137
specific 0,820981 0,000177
specimen 0,579818 0,000125
speck 0,916291 0,000396
spectacle 0,544727 0,000118
spectator 0,544727 0,000118
speculate 1,514128 0,000327
speculation 0,755023 0,000163
speed 0,274437 0,000178
speedometer 3,912023 0,000844
spell 0,653926 0,000141
spend 0,051293 0,000011
sphere 0,693147 0,000150
spherical 2,659260 0,000574
sphinx 1,771957 0,000382
spiral 2,207275 0,000476
spirit 0,051293 0,000022
spite 0,139262 0,000030
splash 0,867501 0,000187
splendid 0,400478 0,000086
splendidly 1,171183 0,000253
splendor 1,514128 0,000327
split 0,798508 0,000172
spoor 3,912023 0,000844
spot 0,150823 0,000033
spotted 0,994252 0,000215
sprawl 1,139434 0,000246
spread 0,051293 0,000022
spring 0,051293 0,000033
spur 0,693147 0,000150
spurn 1,347074 0,000582
spy 0,579818 0,000125
square 0,223144 0,000048
squat 0,941609 0,000203
squeak 1,714798 0,000370
squelch 2,525729 0,000545
squirrel 1,771957 0,000382
stage 0,186330 0,000080
stagger 0,527633 0,000228
staircase 0,820981 0,000177
stairway 1,897120 0,000409
stamp 0,261365 0,000056
stampede 2,525729 0,000545
stand -0,009950 -0,000006
standard 0,544727 0,000118
star 0,261365 0,000113
stare 0,328504 0,000142
start -0,009950 -0,000006
startled 0,415515 0,000090
starvation 1,386294 0,000299
stately 0,733969 0,000158
station 0,235722 0,000051
stationary 1,427116 0,000308
status 0,446287 0,000096
stay 0,061875 0,000027
steadily 0,415515 0,000090
steady 0,301105 0,000065
steal 0,105361 0,000091
stealthily 1,560648 0,000337
steam 0,579818 0,000125
steel 0,494296 0,000107
steep 0,527633 0,000228
steering 1,386294 0,000299
stem 0,776529 0,000335
stench 1,660731 0,000358
step 0,030459 0,000020
stern 0,478036 0,000103
stick 0,174353 0,000038
stiffen 1,078810 0,000233
sting 0,616186 0,000133
stirrup 1,832581 0,000396
stone 0,094311 0,000041
stoop 0,400478 0,000086
store 0,061875 0,000013
story 0,030459 0,000013
stout 0,527633 0,000114
stove 1,108663 0,000239
stow 1,309333 0,000283
straight 0,105361 0,000023
strain 0,248461 0,000107
strange 0,061875 0,000013
strangely 0,579818 0,000125
strangeness 1,386294 0,000299
stranger 0,139262 0,000030
strapped 1,966113 0,000424
strategy 2,525729 0,000545
stratum 1,897120 0,000819
straw 0,342490 0,000074
stream 0,139262 0,000060
streaming 0,798508 0,000172
street 0,116534 0,000050
strength 0,030459 0,000007
stretch 0,116534 0,000075
strew 0,733969 0,000158
stricken 0,653926 0,000141
stride 0,616186 0,000266
strike 0,020203 0,000009
striking 0,274437 0,000059
strikingly 1,714798 0,000370
string 0,371064 0,000080
strip 0,385662 0,000250
stripe 1,171183 0,000253
striped 1,560648 0,000337
stroke 0,301105 0,000130
strong 0,020203 0,000004
structure 0,634878 0,000137
struggle 0,127833 0,000083
stubbing 3,506558 0,000757
stubborn 0,843970 0,000182
stubbornly 1,832581 0,000396
stubby 2,995732 0,000647
study 0,094311 0,000020
stuff 0,223144 0,000096
stumble 0,562119 0,000243
stumbling 1,108663 0,000239
stun 2,302585 0,000497
stunned 1,078810 0,000233
stupefy 2,995732 0,000647
stupendous 1,514128 0,000327
stupid 0,478036 0,000103
styx 1,966113 0,000424
subdued 0,494296 0,000107
subject 0,061875 0,000027
submerge 1,560648 0,000337
subsequent 0,867501 0,000187
substance 0,415515 0,000179
subterranean 1,714798 0,000370
succeed 0,105361 0,000045
success 0,162519 0,000035
successful 0,478036 0,000103
succession 0,510826 0,000110
succor 2,120264 0,000458
succumb 1,427116 0,000308
suckle 1,966113 0,000424
sudden 0,072571 0,000016
suddenly 0,040822 0,000009
suffer 0,061875 0,000027
suffering 0,210721 0,000045
suffice 0,544727 0,000118
sufficient 0,139262 0,000030
suffuse 1,560648 0,000337
suggestion 0,356675 0,000077
summit 0,713350 0,000154
sun 0,072571 0,000016
sunlight 0,843970 0,000182
superficial 1,108663 0,000239
superior 0,261365 0,000113
superman 3,218876 0,000695
superstition 0,798508 0,000345
supinely 3,506558 0,000757
supply 0,210721 0,000091
support 0,094311 0,000061
suppose 0,020203 0,000009
supposition 0,776529 0,000168
supremacy 1,714798 0,000370
supreme 0,616186 0,000133
surely 0,186330 0,000040
surface 0,287682 0,000062
surgical 1,832581 0,000396
surmount 0,843970 0,000182
surprise 0,150823 0,000033
surprised 0,210721 0,000045
surprising 0,544727 0,000118
surreptitious 3,506558 0,000757
surround 0,162519 0,000070
surroundings 0,994252 0,000215
survive 0,186330 0,000080
suspend 0,527633 0,000114
suspense 0,776529 0,000168
suspicion 0,210721 0,000045
sustain 0,314711 0,000204
sustenance 1,469676 0,000317
swallow 0,261365 0,000113
swamp 0,287682 0,000062
swampy 2,302585 0,000497
swarm 0,634878 0,000274
swath 2,813411 0,000607
sway 0,494296 0,000107
swear 0,261365 0,000113
sweat 0,562119 0,000121
sweep 0,274437 0,000059
sweeping 0,820981 0,000177
sweet 0,139262 0,000030
swell 0,186330 0,000040
swiftly 0,713350 0,000154
swiftness 1,309333 0,000283
swim 0,478036 0,000413
swing 0,430783 0,000186
swinging 0,798508 0,000172
swish 1,771957 0,000382
switch 1,514128 0,000327
swoop 1,386294 0,000299
sword 0,430783 0,000186
swordsman 2,302585 0,000497
systematic 1,427116 0,000308
table 0,083382 0,000018
taciturn 1,832581 0,000396
tail 0,356675 0,000154
tale 0,248461 0,000107
talk 0,061875 0,000027
talking 0,150823 0,000033
tall 0,198451 0,000043
talon 1,660731 0,000358
tangle 1,386294 0,000299
tangled 1,108663 0,000239
tank 1,832581 0,000791
tantalizing 2,525729 0,000545
tapir 3,912023 0,000844
target 1,514128 0,000327
task 0,248461 0,000054
teach 0,083382 0,000054
teacher 0,415515 0,000090
team 1,049822 0,000227
tear 0,030459 0,000020
technic 3,912023 0,000844
tedious 0,755023 0,000163
tee 2,995732 0,000647
telegraph 1,203973 0,000260
telepathy 3,218876 0,000695
telephone 2,120264 0,000458
temerity 1,966113 0,000424
temperature 1,469676 0,000634
temple 0,314711 0,000136
temporarily 1,560648 0,000337
temporary 0,713350 0,000154
tenaciously 2,659260 0,000574
tend 0,430783 0,000093
tender 0,301105 0,000065
tense 1,386294 0,000299
tent 0,713350 0,000308
tentatively 2,525729 0,000545
tenth 0,733969 0,000158
term 0,061875 0,000013
terminate 1,108663 0,000479
terminus 2,407946 0,000520
terrible 0,186330 0,000040
terrier 1,832581 0,000396
terrific 1,108663 0,000239
terrify 0,579818 0,000125
terrifying 2,040221 0,000440
terror 0,162519 0,000070
testimony 0,562119 0,000121
thankful 0,843970 0,000182
thanksgiving 1,469676 0,000317
theory 0,400478 0,000086
thermometer 1,660731 0,000358
thew 2,525729 0,000545
thickly 1,108663 0,000239
thickness 1,386294 0,000299
thigh 1,078810 0,000233
thinking 0,274437 0,000059
thinly 2,120264 0,000458
thither 0,579818 0,000125
thong 2,207275 0,000476
thoria 3,912023 0,000844
thoughtless 1,108663 0,000239
thread 0,342490 0,000074
threaten 0,186330 0,000080
threshold 0,562119 0,000121
thrice 0,755023 0,000163
throat 0,223144 0,000096
throne 0,733969 0,000158
throng 0,891598 0,000192
throw 0,010050 0,000009
thrust 0,287682 0,000124
thumb 0,916291 0,000198
thump 1,203973 0,000260
thunderous 2,659260 0,000574
thunderstruck 2,207275 0,000476
thwart 1,108663 0,000479
tidbit 3,912023 0,000844
tier 2,120264 0,000915
tiger 1,078810 0,000466
tight 0,494296 0,000107
tigress 2,207275 0,000476
time -0,009950 -0,000004
tiny 0,820981 0,000177
tiptoe 0,941609 0,000203
tired 0,198451 0,000043
tireless 2,207275 0,000476
tiresome 1,078810 0,000233
tissue 1,427116 0,000308
titan 2,525729 0,000545
titanic 2,525729 0,000545
toad 1,514128 0,000327
toe 0,616186 0,000399
toil 0,430783 0,000093
token 0,693147 0,000150
tola 3,218876 0,000695
tomb 0,755023 0,000163
tome 2,659260 0,000574
tomorrow 0,755023 0,000163
ton 1,021651 0,000221
tone 0,198451 0,000043
tongue 0,139262 0,000030
tonight 1,272966 0,000275
tool 0,478036 0,000103
tooth 0,186330 0,000040
topple 2,040221 0,000440
torch 0,713350 0,000154
tormentor 2,040221 0,000440
torrid 2,207275 0,000476
torso 2,525729 0,000545
tortoise 1,514128 0,000327
tortuous 2,207275 0,000476
torture 0,371064 0,000160
toss 0,494296 0,000107
total 0,579818 0,000125
totally 0,916291 0,000198
touch 0,010050 0,000007
tough 0,891598 0,000192
tower 0,314711 0,000204
trace 0,198451 0,000043
track 0,415515 0,000269
trail 0,653926 0,000423
train 0,162519 0,000070
training 0,776529 0,000168
traitor 1,078810 0,000233
trample 0,597837 0,000129
trance 1,469676 0,000317
transcend 2,040221 0,000440
transfer 0,693147 0,000150
transfix 1,386294 0,000299
transform 0,693147 0,000150
translate 0,634878 0,000274
translation 0,891598 0,000192
transmit 1,049822 0,000453
transpire 1,609438 0,000347
transportation 1,714798 0,000370
transverse 2,407946 0,000520
trappings 1,832581 0,000396
travel 0,198451 0,000129
traverse 0,867501 0,000187
treachery 0,755023 0,000163
treasure 0,261365 0,000056
treat 0,127833 0,000055
treatment 0,127833 0,000028
tree 0,061875 0,000027
tremble 0,174353 0,000075
tremendous 0,693147 0,000150
trial 0,261365 0,000056
triassic 3,506558 0,000757
tribe 0,693147 0,000299
tribesman 3,506558 0,000757
tribunal 1,427116 0,000308
trick 0,274437 0,000059
trickle 0,941609 0,000203
trifle 0,446287 0,000096
trip 0,510826 0,000110
triumph 0,261365 0,000056
triumphant 0,798508 0,000172
troops 0,941609 0,000203
trophy 1,272966 0,000275
tropical 1,560648 0,000337
trot 0,867501 0,000374
trouble 0,010050 0,000004
truce 1,203973 0,000260
true 0,020203 0,000004
trunk 0,579818 0,000250
trustworthy 1,514128 0,000327
truth 0,030459 0,000007
truthfully 2,302585 0,000497
tube 1,309333 0,000565
tuck 1,049822 0,000227
tug 0,916291 0,000198
tumble 0,494296 0,000213
tumult 0,798508 0,000172
tunic 1,771957 0,000765
tunnel 1,427116 0,000308
twentieth 1,108663 0,000239
twig 1,108663 0,000239
twinkle 1,049822 0,000227
twist 0,314711 0,000136
type 0,174353 0,000075
tyro 2,407946 0,000520
udder 2,525729 0,000545
ugly 0,385662 0,000083
unable 0,248461 0,000054
unaccountable 1,108663 0,000239
unarmed 1,514128 0,000327
unavailing 1,469676 0,000317
unaware 1,469676 0,000317
unbearable 1,560648 0,000337
unbearably 2,813411 0,000607
unblinking 2,813411 0,000607
unborn 2,040221 0,000440
unbroken 0,733969 0,000158
uncanny 1,560648 0,000337
uncoiled 2,995732 0,000647
uncomfortable 0,798508 0,000172
uncomfortably 1,771957 0,000382
uncomprehending 3,218876 0,000695
unconscious 0,400478 0,000086
unconsciously 0,634878 0,000137
uncouth 1,347074 0,000291
underground 1,309333 0,000283
understand 0,020203 0,000013
understandable 2,995732 0,000647
understanding 0,223144 0,000048
undiluted 2,659260 0,000574
undiminished 2,207275 0,000476
unequal 0,843970 0,000182
uneventful 2,302585 0,000497
unexpectedly 0,916291 0,000198
unfamiliar 1,386294 0,000299
unfavorable 1,966113 0,000424
unfold 0,755023 0,000163
unfortunate 0,314711 0,000068
ungoverned 2,813411 0,000607
ungrateful 0,798508 0,000172
uniform 0,210721 0,000045
unimportant 1,386294 0,000299
uninjured 2,207275 0,000476
unintentional 2,525729 0,000545
unintentionally 1,966113 0,000424
uninteresting 1,347074 0,000291
unison 1,714798 0,000370
united 0,094311 0,000020
universe 0,733969 0,000158
unkind 1,386294 0,000299
unknown 0,105361 0,000023
unlighted 2,995732 0,000647
unlovely 3,506558 0,000757
unmolested 1,714798 0,000370
unnatural 0,713350 0,000154
unnerve 2,659260 0,000574
unnoticed 1,514128 0,000327
unobstructed 2,659260 0,000574
unpleasant 0,562119 0,000121
unprotected 0,673345 0,000145
unquestionably 1,427116 0,000308
unrestrained 1,714798 0,000370
unscalable 3,506558 0,000757
unscathed 2,813411 0,000607
unseat 2,659260 0,000574
unseen 0,616186 0,000133
unsling 3,506558 0,000757
unspoken 1,771957 0,000382
unsuccessful 0,994252 0,000215
untenable 2,207275 0,000476
untimely 1,347074 0,000291
untouched 1,171183 0,000253
untracked 3,506558 0,000757
unusual 0,415515 0,000090
unwittingly 1,660731 0,000358
unwonted 1,309333 0,000283
unyielding 2,525729 0,000545
upcurled 3,912023 0,000844
upholstery 2,813411 0,000607
upper 0,314711 0,000068
upright 0,301105 0,000065
uproariously 2,813411 0,000607
upsetting 1,771957 0,000382
upward 0,579818 0,000125
urge 0,274437 0,000118
urgent 0,798508 0,000172
useless 0,235722 0,000051
usher 0,867501 0,000187
usual 0,139262 0,000030
utmost 0,356675 0,000077
utter 0,162519 0,000070
utterly 0,371064 0,000080
vacant 0,693147 0,000150
vacate 1,897120 0,000409
vain 0,116534 0,000025
valley 0,544727 0,000118
valve 2,207275 0,000953
vanish 0,314711 0,000068
vanity 0,400478 0,000086
vary 0,342490 0,000148
vast 0,223144 0,000048
vault 0,798508 0,000172
veer 1,966113 0,000424
vegetable 0,693147 0,000299
vegetation 1,560648 0,000337
vehemence 1,108663 0,000239
vehicle 0,843970 0,000182
veiled 1,272966 0,000275
velocity 1,966113 0,000424
veneer 3,912023 0,000844
vengeance 0,579818 0,000125
ventilating 2,813411 0,000607
ventilation 2,207275 0,000476
venture 0,223144 0,000096
veracity 2,120264 0,000458
verdure 1,469676 0,000317
verge 0,867501 0,000187
veritable 1,560648 0,000337
vertical 1,966113 0,000424
vertically 2,813411 0,000607
vessel 0,446287 0,000096
vibrate 1,021651 0,000221
vicinity 1,078810 0,000233
vicious 0,653926 0,000141
viciously 2,120264 0,000458
vicissitude 1,560648 0,000337
victim 0,385662 0,000166
victor 0,967584 0,000209
vienna 2,040221 0,000440
view 0,040822 0,000018
vigorous 0,544727 0,000118
vii 0,430783 0,000093
viii 0,446287 0,000096
village 0,356675 0,000077
villages 0,820981 0,000177
violently 0,462035 0,000100
viper 1,832581 0,000396
virgin 0,755023 0,000163
virtually 1,897120 0,000409
virtuous 0,653926 0,000141
virulent 2,302585 0,000497
virus 0,527633 0,000114
viselike 3,912023 0,000844
visible 0,235722 0,000051
vision 0,301105 0,000065
visit 0,030459 0,000007
vital 0,693147 0,000150
vitals 1,966113 0,000424
vivid 0,776529 0,000168
vivisection 2,659260 0,000574
voice 0,020203 0,000009
volition 1,714798 0,000370
volley 1,469676 0,000317
volume 0,356675 0,000077
voluntarily 0,891598 0,000192
waddle 2,659260 0,000574
wage 1,203973 0,000260
wager 1,347074 0,000291
wagon 1,078810 0,000233
waist 0,693147 0,000150
wait 0,061875 0,000040
waiting 0,083382 0,000018
waive 1,897120 0,000409
wake 0,223144 0,000096
walk 0,000000 0,000000
wall 0,094311 0,000041
wander 0,116534 0,000050
wanderings 1,237874 0,000267
wane 0,967584 0,000209
war 0,139262 0,000060
warfare 1,272966 0,000275
warily 1,966113 0,000424
wariness 3,218876 0,000695
warm 0,116534 0,000050
warn 0,287682 0,000124
warning 0,235722 0,000051
warrant 0,562119 0,000121
warrior 1,108663 0,000479
wash 0,210721 0,000045
waste 0,127833 0,000055
watch 0,020203 0,000017
watchfulness 1,966113 0,000424
water 0,040822 0,000018
waterfall 2,302585 0,000497
wave 0,210721 0,000136
wax 0,446287 0,000096
weak 0,105361 0,000068
weaken 0,562119 0,000121
wealthy 0,579818 0,000125
weapon 0,400478 0,000173
wear 0,083382 0,000018
weary 0,186330 0,000040
weave 0,693147 0,000150
week 0,127833 0,000055
weep 0,356675 0,000077
weigh 0,162519 0,000070
weight 0,116534 0,000025
weird 1,309333 0,000283
weirdness 3,218876 0,000695
wend 2,120264 0,000915
west 0,083382 0,000018
wet 0,261365 0,000056
whale 1,469676 0,000634
wheel 0,274437 0,000118
whereabouts 1,714798 0,000370
wherefrom 2,995732 0,000647
whereon 1,309333 0,000283
whirl 0,527633 0,000228
whisper 0,248461 0,000054
whistle 0,462035 0,000100
whit 1,171183 0,000253
white 0,051293 0,000011
whites 1,469676 0,000317
wholly 0,400478 0,000086
wicked 0,328504 0,000071
wide 0,030459 0,000007
widen 0,916291 0,000396
widespread 0,916291 0,000198
wife 0,083382 0,000018
wild 0,051293 0,000011
wildest 1,272966 0,000275
wildly 0,776529 0,000168
win 0,356675 0,000077
wind 0,094311 0,000020
winding 1,560648 0,000337
window 0,162519 0,000035
wing 0,314711 0,000136
winged 1,272966 0,000275
wipe 0,415515 0,000090
wire 0,867501 0,000374
wise 0,094311 0,000020
wit 0,198451 0,000086
withal 1,347074 0,000291
withdraw 0,210721 0,000045
witness 0,116534 0,000075
witted 1,609438 0,000347
wobble 2,659260 0,000574
wobbly 3,506558 0,000757
wolf 0,597837 0,000258
woman 0,030459 0,000013
wonderful 0,162519 0,000035
wonderment 2,302585 0,000497
wondrous 1,203973 0,000260
wood 0,083382 0,000018
wooden 0,415515 0,000090
word 0,020203 0,000004
worldly 0,820981 0,000177
worm 0,733969 0,000317
worry 0,544727 0,000235
worship 0,415515 0,000090
worth 0,061875 0,000013
wound 0,198451 0,000043
wounded 0,274437 0,000059
wrap 0,400478 0,000086
wreck 0,693147 0,000150
wrench 0,967584 0,000418
wrest 1,203973 0,000260
wrestle 1,049822 0,000227
wretch 0,653926 0,000141
wretched 0,328504 0,000071
wriggle 1,171183 0,000253
wrinkle 0,755023 0,000163
wrist 0,776529 0,000335
write 0,020203 0,000009
writer 0,328504 0,000071
writing 0,061875 0,000013
wrong 0,072571 0,000016
xi 0,597837 0,000129
xii 0,579818 0,000125
xiii 0,673345 0,000145
xiv 0,693147 0,000150
yale 2,995732 0,000647
yard 0,223144 0,000048
yell 0,798508 0,000345
yellow 0,314711 0,000136
yesterday 0,301105 0,000065
yield 0,174353 0,000038
york 0,916291 0,000198
zealand 2,120264 0,000458
zebra 2,995732 0,000647
zenith 1,469676 0,000317
zigzag 1,771957 0,000382
