abide 0,248461 0,000126
absence 0,274437 0,000139
absurd 0,430783 0,000218
acceptance 0,967584 0,000489
accident 0,274437 0,000139
accidentally 0,820981 0,000415
account 0,010050 0,000015
accusation 0,891598 0,000451
accustomed 0,287682 0,000146
ache 0,733969 0,000371
ada 3,912023 0,001979
add 0,094311 0,000048
address 0,072571 0,000073
adjourn 1,514128 0,000766
adoption 1,771957 0,000896
advance 0,061875 0,000031
advantage 0,127833 0,000065
adventure 0,301105 0,000152
advice 0,186330 0,000094
advisable 1,309333 0,000662
advise 0,301105 0,000152
affair 0,094311 0,000048
affectionately 1,237874 0,000626
afford 0,186330 0,000094
afore 1,609438 0,000814
afraid 0,105361 0,000053
age 0,040822 0,000021
agony 0,462035 0,000234
agree 0,051293 0,000026
ahem 2,525729 0,001278
air 0,061875 0,000063
alarm 0,314711 0,000159
alarmed 0,478036 0,000242
alas 0,462035 0,000234
alice 2,207275 0,001116
alive 0,051293 0,000026
aloud 0,301105 0,000152
alter 0,235722 0,000119
alternately 1,021651 0,000517
altogether 0,198451 0,000100
ambition 0,510826 0,000258
ancient 0,198451 0,000100
anger 0,287682 0,000146
angrily 0,867501 0,000439
angry 0,174353 0,000088
animal 0,223144 0,000226
ann 2,302585 0,001165
annoy 1,237874 0,000626
annoyed 0,733969 0,000371
answer 0,020203 0,000031
antipathy 1,714798 0,000867
anxious 0,261365 0,000132
anxiously 0,693147 0,000351
appeal 0,261365 0,000132
appearance 0,072571 0,000037
applause 0,916291 0,000463
apple 0,494296 0,000500
arch 0,713350 0,000722
archbishop 1,560648 0,000789
argue 0,371064 0,000375
argument 0,287682 0,000291
arithmetic 1,203973 0,000609
arm 0,030459 0,000031
arrange 0,198451 0,000100
arrive 0,083382 0,000042
arrow 0,510826 0,000258
ashamed 0,248461 0,000126
askance 1,660731 0,000840
asleep 0,162519 0,000082
assemble 0,462035 0,000234
atheling 3,912023 0,001979
atom 1,272966 0,000644
attempt 0,051293 0,000078
attend 0,127833 0,000194
audibly 1,560648 0,000789
australia 2,040221 0,001032
authority 0,223144 0,000113
avoid 0,105361 0,000053
axis 1,237874 0,001252
baby 0,653926 0,000331
bad 0,020203 0,000020
bag 0,446287 0,000226
baked 1,237874 0,000626
balance 0,342490 0,000173
ball 0,287682 0,000146
bank 0,210721 0,000213
banquet 1,108663 0,000561
bark 0,478036 0,000484
barley 1,609438 0,000814
barrowful 3,912023 0,001979
bat 1,272966 0,001288
bathing 1,272966 0,000644
bawl 1,714798 0,000867
beak 1,347074 0,000681
bear 0,000000 0,000000
beast 0,235722 0,000238
beat 0,083382 0,000084
beau 1,771957 0,000896
beauti 3,912023 0,001979
beautiful 0,083382 0,000042
beautifully 0,867501 0,000439
beautify 1,771957 0,000896
bed 0,051293 0,000052
bee 0,673345 0,000341
beg 0,116534 0,000118
behead 1,897120 0,001919
beheading 2,995732 0,001515
bell 0,301105 0,000152
belong 0,072571 0,000073
beloved 0,415515 0,000210
belt 0,653926 0,000331
bend 0,314711 0,000159
bent 0,174353 0,000088
bind 0,030459 0,000015
bird 0,150823 0,000153
birthday 1,108663 0,000561
bit 0,139262 0,000070
bite 0,371064 0,000188
bitter 0,210721 0,000107
black 0,061875 0,000031
blade 0,616186 0,000312
blame 0,162519 0,000082
blast 0,462035 0,000234
bleed 0,967584 0,000489
blow 0,061875 0,000125
blue 0,174353 0,000088
body 0,010050 0,000005
boldly 0,462035 0,000234
bone 0,198451 0,000201
book 0,040822 0,000041
boon 1,560648 0,000789
boot 0,430783 0,000218
bother 0,843970 0,000427
bottle 0,430783 0,000218
bough 0,916291 0,000463
bow 0,127833 0,000129
box 0,248461 0,000251
boy 0,105361 0,000053
brain 0,314711 0,000159
branch 0,186330 0,000188
brandy 0,941609 0,000476
brass 0,462035 0,000234
brave 0,342490 0,000173
bread 0,248461 0,000126
break 0,010050 0,000015
breath 0,174353 0,000088
breathe 0,261365 0,000132
breeze 0,713350 0,000361
bright 0,094311 0,000048
brighten 0,673345 0,000341
bring 0,000000 0,000000
bristle 0,941609 0,000476
brother 0,127833 0,000065
brown 0,274437 0,000139
brush 0,478036 0,000484
burn 0,061875 0,000094
burst 0,248461 0,000126
bursting 0,713350 0,000361
busily 1,021651 0,000517
business 0,040822 0,000021
busy 0,210721 0,000107
butter 0,798508 0,000808
buttercup 2,525729 0,001278
butterfly 1,171183 0,000592
button 0,693147 0,000351
bye 0,776529 0,000393
cackle 2,207275 0,001116
cake 0,733969 0,000743
calmly 0,510826 0,000258
camomile 3,218876 0,001628
canary 1,514128 0,000766
candle 0,415515 0,000210
canterbury 2,659260 0,001345
canvas 0,916291 0,000463
caper 1,560648 0,000789
capital 0,314711 0,000159
card 0,139262 0,000070
cardboard 2,120264 0,001072
care 0,000000 0,000000
carefully 0,139262 0,000070
carrier 1,347074 0,000681
carroll 3,218876 0,001628
carry 0,010050 0,000015
cart 0,597837 0,000302
cartwheel 3,218876 0,001628
cat 0,462035 0,000467
catch 0,072571 0,000110
caterpillar 2,407946 0,001218
cattle 0,544727 0,000276
caucus 3,506558 0,001774
cauldron 2,120264 0,001072
cautiously 0,867501 0,000439
ceiling 0,510826 0,000258
centre 0,385662 0,000195
chain 0,174353 0,000176
chair 0,261365 0,000132
chance 0,061875 0,000063
change 0,010050 0,000015
chapter 0,328504 0,000166
character 0,061875 0,000031
charge 0,040822 0,000021
cheap 0,579818 0,000293
cheat 0,776529 0,000393
check 0,072571 0,000037
cheek 0,261365 0,000132
cheer 0,356675 0,000180
cheerfully 0,820981 0,000415
cherry 1,469676 0,000743
cheshire 3,218876 0,001628
chief 0,094311 0,000048
child 0,040822 0,000041
childhood 0,527633 0,000267
chimney 0,634878 0,000642
chin 0,478036 0,000242
choice 0,150823 0,000076
choke 0,446287 0,000677
choose 0,020203 0,000010
choosing 0,867501 0,000439
chop 1,021651 0,000517
chorus 0,941609 0,000476
christmas 0,891598 0,000451
chrysalis 2,995732 0,001515
chuckle 0,941609 0,000476
circle 0,150823 0,000076
circumstance 0,116534 0,000059
civil 0,544727 0,000276
clamour 1,714798 0,000867
clapping 1,108663 0,000561
clasped 0,843970 0,000427
classic 1,108663 0,000561
claw 0,798508 0,000404
clean 0,210721 0,000107
clever 0,371064 0,000188
climb 0,400478 0,000203
cling 0,415515 0,000210
clock 0,510826 0,000258
close 0,010050 0,000015
closely 0,223144 0,000113
club 0,544727 0,000276
coast 0,544727 0,000276
coax 1,203973 0,000609
coil 0,867501 0,000439
cold 0,040822 0,000021
collar 0,634878 0,000321
collect 0,248461 0,000126
comfit 3,506558 0,001774
comfort 0,105361 0,000053
comfortable 0,261365 0,000132
comfortably 0,693147 0,000351
common 0,072571 0,000037
commotion 1,049822 0,000531
company 0,020203 0,000010
complain 0,198451 0,000201
completely 0,274437 0,000139
concert 0,916291 0,000463
conclude 0,235722 0,000119
conclusion 0,210721 0,000107
condemn 0,446287 0,000226
conduct 0,094311 0,000048
confused 0,248461 0,000126
confusing 1,966113 0,000994
confusion 0,287682 0,000146
conger 3,506558 0,001774
conqueror 1,021651 0,000517
conquest 0,967584 0,000489
consent 0,223144 0,000113
constant 0,051293 0,000026
consultation 0,916291 0,000463
contempt 0,446287 0,000226
contemptuous 1,049822 0,000531
contemptuously 1,237874 0,000626
content 0,174353 0,000088
contents 0,094311 0,000048
continued 0,072571 0,000037
contradict 0,798508 0,000404
conversation 0,186330 0,000188
cook 0,223144 0,000113
cool 0,248461 0,000126
corner 0,072571 0,000073
cost 0,105361 0,000053
count 0,116534 0,000059
country 0,010050 0,000005
couple 0,248461 0,000251
courage 0,150823 0,000076
court 0,094311 0,000048
courtier 1,560648 0,000789
coward 0,776529 0,000393
crab 1,609438 0,000814
crash 0,733969 0,000743
crawl 0,494296 0,000500
crazy 0,916291 0,000463
creature 0,116534 0,000118
creep 0,198451 0,000201
crimson 0,891598 0,000451
crocodile 1,897120 0,000960
croquet 2,813411 0,004269
cross 0,083382 0,000084
crossly 2,302585 0,001165
crouch 0,941609 0,000476
crowd 0,174353 0,000088
crowded 0,301105 0,000152
crown 0,210721 0,000107
crumb 1,427116 0,000722
crust 1,139434 0,000576
cucumber 1,897120 0,000960
cunning 0,462035 0,000234
cup 0,342490 0,000173
cupboard 1,078810 0,000546
cur 1,347074 0,000681
curiosity 0,210721 0,000107
curious 0,261365 0,000132
curiouser 3,912023 0,001979
curl 0,510826 0,000517
curly 1,171183 0,000592
currant 1,897120 0,000960
curtain 0,328504 0,000166
curtsey 2,407946 0,001218
curtseying 2,813411 0,001423
curve 0,916291 0,000463
cushion 0,820981 0,000415
custard 2,995732 0,001515
custody 1,560648 0,000789
cut 0,030459 0,000031
dainty 0,634878 0,000321
daisy 1,832581 0,001854
dance 0,235722 0,000119
dancing 0,371064 0,000188
daresay 1,714798 0,000867
dark 0,051293 0,000026
darkness 0,186330 0,000094
daughter 0,174353 0,000088
day 0,000000 0,000000
dead 0,072571 0,000037
deal 0,061875 0,000031
death 0,020203 0,000010
decide 0,040822 0,000021
decidedly 0,867501 0,000439
declare 0,139262 0,000141
deep 0,020203 0,000020
deeply 0,261365 0,000132
delay 0,186330 0,000094
delight 0,150823 0,000076
delighted 0,287682 0,000146
delightful 0,478036 0,000242
denial 0,776529 0,000393
deny 0,072571 0,000147
depend 0,040822 0,000021
derision 1,108663 0,000561
deserved 0,634878 0,000321
desk 0,867501 0,000878
despair 0,174353 0,000088
desperate 0,328504 0,000166
desperately 0,843970 0,000427
diamond 0,673345 0,000341
die 0,010050 0,000010
difficult 0,116534 0,000059
difficulty 0,116534 0,000118
dig 0,356675 0,000361
diligently 1,203973 0,000609
dinah 3,218876 0,001628
dinner 0,186330 0,000094
dip 0,673345 0,000341
direct 0,040822 0,000021
direction 0,051293 0,000052
disagree 1,469676 0,000743
disappear 0,223144 0,000113
disappointment 0,462035 0,000234
disgust 0,430783 0,000218
dish 0,478036 0,000484
dismay 0,597837 0,000302
disobey 1,108663 0,000561
dispute 0,446287 0,000226
distance 0,105361 0,000053
distant 0,162519 0,000082
distraction 0,994252 0,000503
dive 0,967584 0,000489
dodge 1,049822 0,000531
dodo 2,813411 0,001423
dog 0,186330 0,000188
door 0,000000 0,000000
doorway 0,733969 0,000371
dormouse 2,995732 0,001515
doth 1,049822 0,000531
double 0,139262 0,000211
doubt 0,040822 0,000021
doubtfully 1,660731 0,000840
downward 0,798508 0,000404
doze 0,891598 0,000902
draggle 2,207275 0,001116
draw 0,020203 0,000031
drawl 1,514128 0,000766
dreadful 0,342490 0,000173
dreadfully 1,021651 0,000517
dream 0,083382 0,000127
dreamy 1,347074 0,000681
dressed 0,261365 0,000132
drink 0,072571 0,000037
drinking 0,371064 0,000188
dripping 0,891598 0,000451
drive 0,030459 0,000015
drop 0,061875 0,000094
drown 0,314711 0,000159
drunk 0,415515 0,000210
dry 0,116534 0,000177
duchess 1,660731 0,000840
duck 0,820981 0,000415
dull 0,174353 0,000088
dunce 1,966113 0,000994
eager 0,210721 0,000107
eagerly 0,385662 0,000195
eaglet 3,912023 0,001979
ear 0,061875 0,000063
earls 2,302585 0,001165
earnestly 0,415515 0,000210
earth 0,051293 0,000026
easily 0,072571 0,000037
easy 0,000000 0,000000
eat 0,040822 0,000083
eating 0,235722 0,000119
edgar 2,207275 0,001116
edge 0,150823 0,000076
edition 0,287682 0,000291
education 0,415515 0,000210
edwin 2,813411 0,001423
eel 1,609438 0,001628
egg 1,021651 0,000517
eggs 0,776529 0,000393
elbow 0,494296 0,000500
elegant 0,634878 0,000321
eleventh 1,347074 0,000681
emphasis 0,891598 0,000451
encourage 0,301105 0,000305
encouraging 0,798508 0,000404
energetic 1,078810 0,000546
engaged 0,198451 0,000100
engine 0,776529 0,000393
england 0,385662 0,000195
english 0,094311 0,000048
engrave 1,237874 0,000626
enjoy 0,072571 0,000037
enormous 0,430783 0,000218
entangle 1,078810 0,000546
entrance 0,210721 0,000107
escape 0,061875 0,000031
est 1,309333 0,000662
evening 0,072571 0,000037
evidence 0,235722 0,000119
evidently 0,371064 0,000188
exact 0,274437 0,000139
examine 0,150823 0,000076
excellent 0,150823 0,000076
exclaim 0,287682 0,000146
exclamation 0,755023 0,000382
execute 0,527633 0,000801
execution 0,597837 0,000605
executioner 1,427116 0,000722
existence 0,150823 0,000076
expect 0,051293 0,000052
experiment 0,494296 0,000250
explain 0,116534 0,000118
explanation 0,139262 0,000141
express 0,072571 0,000037
expression 0,116534 0,000059
extra 0,820981 0,000831
extraordinary 0,371064 0,000188
extremely 0,385662 0,000195
eye 0,000000 0,000000
eyed 0,597837 0,000302
eyelid 0,891598 0,000451
fade 0,371064 0,000188
failure 0,415515 0,000210
faint 0,186330 0,000188
faintly 0,713350 0,000361
fair 0,051293 0,000026
fairy 1,021651 0,000517
fall 0,000000 0,000000
familiarly 1,272966 0,000644
family 0,061875 0,000031
fan 0,579818 0,000880
fancy 0,162519 0,000247
farm 0,713350 0,000361
farmer 0,653926 0,000331
fashion 0,105361 0,000053
fast 0,030459 0,000031
fat 0,314711 0,000159
father 0,061875 0,000031
favoured 1,021651 0,000517
favourite 0,653926 0,000331
fear 0,020203 0,000020
feather 0,462035 0,000467
feeble 0,356675 0,000180
feebly 0,843970 0,000427
feel 0,020203 0,000010
feeling 0,072571 0,000073
fellow 0,040822 0,000041
fender 1,714798 0,000867
ferret 1,660731 0,000840
fetch 0,510826 0,000258
fidget 1,609438 0,000814
field 0,094311 0,000048
fifteenth 1,237874 0,000626
fig 1,203973 0,000609
fight 0,083382 0,000084
figure 0,051293 0,000052
fine 0,061875 0,000031
finger 0,150823 0,000076
finish 0,287682 0,000146
finished 0,162519 0,000082
finishing 0,843970 0,000427
fireplace 1,108663 0,000561
fish 0,287682 0,000291
fit 0,030459 0,000046
flame 0,248461 0,000126
flamingo 2,659260 0,002690
flapper 3,218876 0,003256
flash 0,261365 0,000132
flat 0,139262 0,000070
flavour 1,386294 0,000701
fling 0,462035 0,000467
flock 0,385662 0,000195
floor 0,174353 0,000088
flower 0,174353 0,000176
flurry 1,897120 0,000960
flustered 2,302585 0,001165
flutter 0,673345 0,000341
fly 0,116534 0,000177
flying 0,235722 0,000119
fold 0,287682 0,000146
folding 1,049822 0,000531
follow 0,020203 0,000010
fond 0,261365 0,000132
foolish 0,235722 0,000119
foot 0,051293 0,000052
footman 1,108663 0,001122
footstep 0,430783 0,000218
forehead 0,400478 0,000203
forepaw 2,659260 0,001345
forget 0,010050 0,000020
fork 0,616186 0,000312
form 0,020203 0,000010
fortunately 0,579818 0,000293
forwards 1,237874 0,000626
fountain 0,653926 0,000331
fourteenth 1,347074 0,000681
fourth 0,174353 0,000088
frame 0,174353 0,000176
france 0,544727 0,000276
french 0,342490 0,000173
friend 0,000000 0,000000
fright 0,653926 0,000331
frighten 0,733969 0,000371
frightened 0,301105 0,000152
frog 1,139434 0,000576
frontispiece 1,714798 0,000867
frown 0,673345 0,000341
fry 1,171183 0,000592
fulcrum 2,995732 0,001515
fumble 1,660731 0,000840
fun 0,798508 0,000404
funny 1,021651 0,000517
fur 0,994252 0,000503
furious 0,430783 0,000218
furiously 0,755023 0,000382
furrow 1,139434 0,001153
fury 0,328504 0,000166
gain 0,040822 0,000021
gallon 2,040221 0,001032
game 0,210721 0,000213
garden 0,150823 0,000076
gardener 0,994252 0,000503
gather 0,061875 0,000031
gay 0,494296 0,000250
gaze 0,314711 0,000159
gently 0,235722 0,000119
geography 1,514128 0,000766
giddy 1,108663 0,000561
girl 0,198451 0,000201
glad 0,072571 0,000037
glance 0,186330 0,000094
glaring 0,967584 0,000489
glass 0,174353 0,000088
globe 0,755023 0,000382
gloomily 1,386294 0,000701
glove 0,597837 0,000302
golden 0,342490 0,000173
goldfish 3,506558 0,001774
goose 0,755023 0,000382
graceful 0,494296 0,000250
grammar 1,171183 0,000592
grand 0,342490 0,000173
grant 0,061875 0,000031
grass 0,301105 0,000152
grave 0,116534 0,000059
gravely 0,693147 0,000351
gravy 2,525729 0,001278
graze 1,108663 0,000561
green 0,105361 0,000053
grey 0,562119 0,000284
grief 0,356675 0,000180
grin 0,733969 0,001485
ground 0,030459 0,000015
grow 0,010050 0,000020
growl 0,941609 0,001429
growling 1,427116 0,000722
grumble 0,867501 0,000439
grunt 1,021651 0,001034
gryphon 3,506558 0,001774
guard 0,083382 0,000042
guess 0,223144 0,000226
guest 0,235722 0,000119
guilt 0,544727 0,000276
guinea 1,237874 0,000626
hair 0,072571 0,000037
hall 0,274437 0,000139
hand 0,010050 0,000015
handsome 0,328504 0,000166
handwriting 1,237874 0,000626
hanging 0,235722 0,000119
happen 0,030459 0,000046
happy 0,061875 0,000031
hard 0,040822 0,000021
hare 1,203973 0,000609
harm 0,210721 0,000107
haste 0,371064 0,000188
hastily 0,462035 0,000234
hat 0,446287 0,000226
hatching 2,120264 0,001072
hate 0,150823 0,000153
hatter 2,813411 0,002846
head 0,000000 0,000000
heap 0,248461 0,000126
hear 0,010050 0,000010
hearing 0,139262 0,000070
heart 0,010050 0,000010
hearth 0,843970 0,000427
hearthrug 2,525729 0,001278
heavy 0,030459 0,000015
hedge 0,597837 0,000605
hedgehog 2,813411 0,002846
heel 0,356675 0,000180
height 0,210721 0,000107
helpless 0,328504 0,000166
herald 1,139434 0,000576
hide 0,072571 0,000037
hint 0,301105 0,000152
hippopotamus 2,995732 0,001515
hiss 0,653926 0,000331
history 0,186330 0,000188
hit 0,314711 0,000159
hoarse 0,867501 0,000439
hoarsely 1,560648 0,000789
hold 0,010050 0,000015
hole 0,261365 0,000132
holiday 0,713350 0,000361
hollow 0,430783 0,000218
honest 0,235722 0,000119
honour 0,494296 0,000250
hookah 3,912023 0,001979
hope 0,000000 0,000000
hopeful 0,916291 0,000463
hopeless 0,510826 0,000258
horse 0,139262 0,000070
hot 0,116534 0,000059
hour 0,061875 0,000063
house 0,020203 0,000010
housemaid 1,514128 0,000766
houses 0,139262 0,000070
howl 0,527633 0,000534
humble 0,261365 0,000132
humbly 0,867501 0,000439
hung 0,174353 0,000088
hungry 0,314711 0,000159
hunting 0,462035 0,000234
hurriedly 0,891598 0,000451
hurry 0,162519 0,000247
hurt 0,150823 0,000076
hush 0,527633 0,000267
idea 0,083382 0,000042
idiot 0,776529 0,000393
idiotic 1,347074 0,000681
ignorant 0,301105 0,000152
iii 0,287682 0,000146
imagine 0,083382 0,000042
imitate 0,579818 0,000293
immense 0,314711 0,000159
impatient 0,371064 0,000188
impatiently 0,634878 0,000321
impertinent 1,171183 0,000592
impossible 0,094311 0,000048
improve 0,385662 0,000195
incessantly 0,916291 0,000463
inch 0,430783 0,000218
inclined 0,186330 0,000094
indignant 0,820981 0,000415
indignantly 1,203973 0,000609
injure 0,356675 0,000180
ink 0,916291 0,000463
inkstand 2,407946 0,001218
inquire 0,235722 0,000119
inquisitively 2,040221 0,001032
insolence 0,994252 0,000503
instance 0,116534 0,000059
instantly 0,356675 0,000180
insult 0,415515 0,000210
interrupt 0,562119 0,000569
interrupted 0,301105 0,000152
introduce 0,261365 0,000264
invent 0,400478 0,000405
invitation 0,494296 0,000250
invite 0,261365 0,000132
involved 0,579818 0,000293
inwards 1,966113 0,000994
iron 0,162519 0,000082
irritated 1,078810 0,000546
iv 0,328504 0,000166
ix 0,494296 0,000250
jack 0,755023 0,000382
jar 1,021651 0,000517
jaw 0,544727 0,000551
jelly 1,514128 0,000766
jog 1,897120 0,000960
journey 0,150823 0,000076
joy 0,127833 0,000065
judge 0,061875 0,000031
judging 0,713350 0,000361
jug 1,272966 0,000644
jump 0,430783 0,000218
jumping 0,798508 0,000404
juror 2,813411 0,002846
jury 1,108663 0,000561
juryman 2,302585 0,001165
justice 0,162519 0,000082
kettle 1,108663 0,000561
key 0,342490 0,000173
kick 0,314711 0,000159
kid 1,203973 0,000609
kill 0,083382 0,000127
kindly 0,223144 0,000113
king 0,210721 0,000213
kiss 0,356675 0,000361
kitchen 0,562119 0,000284
knave 1,427116 0,000722
knee 0,150823 0,000076
kneel 0,478036 0,000484
knife 0,287682 0,000146
knock 0,287682 0,000437
knot 0,510826 0,000258
knowledge 0,061875 0,000031
knuckle 1,427116 0,000722
label 1,427116 0,001444
lad 0,653926 0,000331
ladder 0,616186 0,000312
lady 0,162519 0,000082
lamp 0,400478 0,000203
land 0,051293 0,000026
languid 1,049822 0,000531
lap 0,527633 0,000267
lark 1,386294 0,000701
lastly 0,867501 0,000439
late 0,094311 0,000048
latin 0,653926 0,000331
latitude 1,309333 0,000662
laugh 0,094311 0,000143
laughter 0,274437 0,000139
law 0,020203 0,000010
lay 0,030459 0,000031
lazily 1,237874 0,000626
lazy 0,616186 0,000312
lead 0,020203 0,000010
leader 0,356675 0,000180
leading 0,139262 0,000070
lean 0,127833 0,000129
leap 0,287682 0,000146
learn 0,020203 0,000041
leave -0,009950 -0,000015
ledge 1,049822 0,000531
left 0,000000 0,000000
leg 0,235722 0,000119
legged 1,108663 0,000561
lessen 0,713350 0,000361
lesson 0,287682 0,000291
letter 0,072571 0,000073
lewis 1,897120 0,000960
lick 0,673345 0,000341
lie 0,020203 0,000020
life -0,009950 -0,000010
lift 0,116534 0,000059
light 0,000000 0,000000
limb 0,248461 0,000126
link 0,174353 0,000088
lip 0,127833 0,000065
list 0,301105 0,000152
listen 0,105361 0,000160
listener 0,843970 0,000427
live 0,010050 0,000010
livery 1,609438 0,000814
living 0,020203 0,000010
lizard 1,560648 0,000789
lobster 2,040221 0,002064
lock 0,162519 0,000247
lodging 0,776529 0,000393
london 0,415515 0,000210
lonely 0,400478 0,000203
longitude 2,302585 0,001165
loose 0,094311 0,000048
lory 3,506558 0,001774
lose 0,000000 0,000000
loud 0,105361 0,000107
loudly 0,400478 0,000203
love 0,030459 0,000015
lovely 0,462035 0,000467
loving 0,478036 0,000242
lowing 2,407946 0,001218
luckily 1,203973 0,000609
lullaby 2,040221 0,001032
mabel 2,995732 0,001515
machine 0,210721 0,000107
mad 0,235722 0,000119
magic 0,673345 0,000341
magpie 2,659260 0,001345
majesty 0,510826 0,000258
mallet 2,302585 0,001165
manage 0,261365 0,000397
manner 0,040822 0,000021
manners 0,274437 0,000139
map 0,916291 0,000463
march 0,223144 0,000226
mark 0,105361 0,000053
marked 0,061875 0,000031
marmalade 2,995732 0,001515
mary 0,693147 0,000351
master 0,072571 0,000037
matter 0,000000 0,000000
meal 0,261365 0,000132
meaning 0,186330 0,000094
measure 0,127833 0,000065
meat 0,356675 0,000180
meekly 1,469676 0,000743
meet 0,010050 0,000010
meeting 0,162519 0,000082
melancholy 0,342490 0,000173
memorandum 1,560648 0,000789
memory 0,162519 0,000082
mention 0,105361 0,000053
merrily 1,272966 0,000644
message 0,356675 0,000180
middle 0,030459 0,000015
mile 0,174353 0,000176
milk 0,400478 0,000203
millennium 2,207275 0,001116
mind 0,020203 0,000020
minded 0,400478 0,000203
mineral 1,609438 0,000814
minute 0,150823 0,000153
mischief 0,494296 0,000250
miserable 0,210721 0,000107
mistake 0,186330 0,000094
mix 0,274437 0,000139
mock 0,478036 0,000242
moderate 0,579818 0,000293
modern 0,301105 0,000152
moment 0,010050 0,000005
month 0,040822 0,000021
moon 0,261365 0,000132
moral 0,301105 0,000305
morning 0,040822 0,000021
morsel 1,021651 0,000517
mournful 0,941609 0,000476
mournfully 1,514128 0,000766
mouse 0,776529 0,000786
mouth 0,061875 0,000063
muchness 3,912023 0,001979
muddle 1,966113 0,000994
multiplication 1,897120 0,000960
murder 0,248461 0,000251
muscular 1,203973 0,000609
mushroom 1,660731 0,000840
music 0,198451 0,000100
mustard 1,714798 0,000867
mutter 0,653926 0,000331
muttering 1,049822 0,000531
mystery 0,235722 0,000119
narrow 0,094311 0,000048
nasty 1,139434 0,000576
natural 0,094311 0,000048
natured 0,733969 0,000371
naturedly 1,897120 0,000960
neat 0,653926 0,000331
neatly 1,049822 0,000531
neck 0,174353 0,000088
neighbour 0,510826 0,000517
nervous 0,494296 0,000250
nest 0,579818 0,000293
newspaper 0,693147 0,000351
nibble 1,609438 0,001628
nice 0,371064 0,000188
nicely 1,021651 0,000517
night 0,010050 0,000005
nile 1,469676 0,000743
nod 0,371064 0,000188
noise 0,139262 0,000141
nonsense 0,478036 0,000242
norman 1,832581 0,000927
nose 0,261365 0,000132
note 0,094311 0,000048
notice 0,020203 0,000031
notion 0,314711 0,000159
nurse 0,301105 0,000152
nursing 0,867501 0,000439
oblige 0,210721 0,000107
oblong 1,469676 0,000743
obstacle 0,510826 0,000258
occasional 0,510826 0,000258
occasionally 0,371064 0,000188
occur 0,083382 0,000042
odd 0,385662 0,000195
offend 0,798508 0,000404
offended 0,616186 0,000312
offer 0,020203 0,000010
officer 0,314711 0,000318
ointment 1,966113 0,000994
oneself 1,386294 0,000701
onion 1,203973 0,000609
opinion 0,105361 0,000053
opportunity 0,061875 0,000031
orange 0,776529 0,000393
ornamented 1,171183 0,000592
overcome 0,198451 0,000100
overhead 0,843970 0,000427
owl 1,078810 0,000546
oyster 1,203973 0,000609
pace 0,186330 0,000094
pack 0,579818 0,000293
paint 0,274437 0,000139
painting 0,713350 0,000361
pair 0,210721 0,000213
pale 0,186330 0,000094
pan 0,755023 0,000382
pant 1,272966 0,000644
panther 1,660731 0,000840
panting 0,597837 0,000302
paper 0,083382 0,000042
parchment 1,714798 0,000867
pardon 0,287682 0,000291
paris 0,562119 0,000284
partner 0,510826 0,000517
party 0,030459 0,000015
pass 0,020203 0,000020
passage 0,105361 0,000053
passing 0,094311 0,000048
passion 0,174353 0,000088
passionate 0,634878 0,000321
pat 0,776529 0,000786
patience 0,139262 0,000070
patiently 0,733969 0,000371
patriotic 1,469676 0,000743
patter 1,203973 0,000609
pattern 0,597837 0,000302
pause 0,314711 0,000318
paw 1,021651 0,001034
pebble 1,108663 0,000561
peep 0,634878 0,000642
peer 0,616186 0,000312
peg 1,139434 0,000576
pencil 0,616186 0,000623
penny 0,634878 0,000321
pennyworth 2,525729 0,001278
pepper 1,171183 0,000592
perfectly 0,162519 0,000082
permit 0,094311 0,000048
persist 0,478036 0,000242
person -0,009950 -0,000015
personal 0,223144 0,000113
pet 0,891598 0,000451
pick 0,223144 0,000113
picking 0,634878 0,000321
picture 0,139262 0,000211
pie 1,272966 0,000644
piece 0,020203 0,000020
pig 0,544727 0,000551
pigeon 1,108663 0,000561
pinch 0,843970 0,000427
pinched 1,139434 0,000576
pine 0,462035 0,000234
pink 0,820981 0,000415
piteous 1,272966 0,000644
pity 0,139262 0,000141
plainly 0,261365 0,000132
plan 0,198451 0,000100
planning 1,021651 0,000517
plate 0,314711 0,000318
play 0,040822 0,000062
player 0,713350 0,000361
plead 0,400478 0,000203
pleasant 0,162519 0,000164
pleased 0,150823 0,000076
pleasing 0,653926 0,000331
pleasure 0,051293 0,000026
plenty 0,235722 0,000119
pocket 0,371064 0,000188
poison 0,371064 0,000188
poker 1,660731 0,000840
poky 2,813411 0,001423
politely 1,078810 0,000546
pool 0,693147 0,000351
poor 0,020203 0,000010
pop 1,203973 0,000609
pope 0,941609 0,000476
porpoise 2,659260 0,001345
position 0,162519 0,000082
positively 0,776529 0,000393
pot 0,478036 0,000242
pound 0,314711 0,000159
pour 0,116534 0,000118
powder 0,597837 0,000302
practice 0,116534 0,000059
pray 0,261365 0,000132
precious 0,162519 0,000082
presently 0,385662 0,000195
press 0,105361 0,000053
pressed 0,274437 0,000139
pretend 0,186330 0,000188
pretext 0,891598 0,000451
pretty 0,150823 0,000153
prevent 0,040822 0,000021
print 0,116534 0,000059
prison 0,248461 0,000126
prisoner 0,356675 0,000180
prize 0,494296 0,000250
prizes 1,139434 0,000576
proceed 0,116534 0,000059
procession 0,693147 0,000701
produce 0,061875 0,000063
project -0,009950 -0,000005
promise 0,051293 0,000052
promising 0,430783 0,000218
pronounced 0,446287 0,000226
proper 0,061875 0,000031
proposal 0,733969 0,000371
prosecute 1,078810 0,000546
protection 0,314711 0,000159
prove 0,083382 0,000127
provoking 1,078810 0,000546
puff 0,733969 0,000371
pull 0,127833 0,000129
pun 2,207275 0,001116
punch 1,203973 0,000609
punish 0,314711 0,000159
puppy 1,386294 0,000701
purple 0,616186 0,000312
purpose 0,040822 0,000021
purr 2,207275 0,001116
push 0,139262 0,000070
puss 2,407946 0,001218
puzzle 0,941609 0,000476
puzzled 0,494296 0,000250
puzzling 1,560648 0,000789
quadrille 2,813411 0,001423
quarrel 0,287682 0,000291
quarrelling 1,386294 0,000701
queen 0,415515 0,000210
queens 1,660731 0,000840
queer 0,776529 0,000786
question 0,020203 0,000020
quick 0,127833 0,000129
quiet 0,094311 0,000048
quietly 0,261365 0,000132
quiver 0,494296 0,000250
rabbit 0,994252 0,001006
race 0,162519 0,000082
railway 1,171183 0,000592
raise 0,020203 0,000020
rap 1,021651 0,000517
rapidly 0,371064 0,000188
rat 0,867501 0,000878
rate 0,261365 0,000132
rattle 0,616186 0,000312
rattling 0,916291 0,000463
raven 1,386294 0,000701
ravens 1,897120 0,000960
raving 1,309333 0,000662
raw 0,713350 0,000361
reach 0,000000 0,000000
read 0,020203 0,000020
ready 0,030459 0,000015
real 0,040822 0,000021
reality 0,301105 0,000152
rear 0,371064 0,000188
reason 0,010050 0,000010
reasonable 0,116534 0,000059
receive 0,040822 0,000021
recognise 0,843970 0,000427
recover 0,127833 0,000065
red 0,061875 0,000031
reduce 0,314711 0,000159
reed 0,941609 0,000476
reel 0,820981 0,000415
refreshment 0,843970 0,000427
refuse 0,083382 0,000042
regular 0,287682 0,000146
relief 0,186330 0,000094
relieve 0,198451 0,000100
remain 0,040822 0,000062
remark 0,223144 0,000339
remarkable 0,235722 0,000119
remarks 0,462035 0,000234
remedy 0,150823 0,000076
remember 0,030459 0,000046
remind 0,301105 0,000152
remove 0,040822 0,000021
repeat 0,051293 0,000078
reply 0,105361 0,000107
resource 0,544727 0,000276
respect 0,040822 0,000021
respectable 0,430783 0,000218
respectful 0,755023 0,000382
rest 0,010050 0,000010
result 0,174353 0,000088
retire 0,415515 0,000210
return 0,010050 0,000010
rich 0,116534 0,000059
riddle 0,891598 0,000902
ridge 0,891598 0,000902
ridiculous 0,478036 0,000242
righthand 3,912023 0,001979
rightly 0,430783 0,000218
ringlet 1,897120 0,000960
riper 2,302585 0,001165
ripple 0,820981 0,000415
rise 0,030459 0,000062
roar 0,356675 0,000180
roast 0,798508 0,000404
rock 0,186330 0,000094
rocket 2,120264 0,001072
rome 0,713350 0,000361
roof 0,186330 0,000094
root 0,235722 0,000119
rope 0,430783 0,000218
rose 0,941609 0,000476
roughly 0,544727 0,000276
row 0,385662 0,000195
royal 0,400478 0,000203
rub 0,342490 0,000346
rude 0,342490 0,000173
rudeness 1,203973 0,000609
rule 0,030459 0,000031
rumble 1,171183 0,000592
rush 0,127833 0,000129
rustle 0,967584 0,000489
rustling 1,203973 0,000609
sad 0,223144 0,000113
sadly 0,510826 0,000258
safe 0,116534 0,000059
sage 0,820981 0,000415
salmon 1,660731 0,000840
salt 0,105361 0,000053
sand 0,494296 0,000500
saucepan 2,040221 0,002064
saucer 1,309333 0,000662
savage 0,248461 0,000126
save 0,010050 0,000010
scale 0,274437 0,000139
scaly 2,207275 0,001116
school 0,150823 0,000076
schoolroom 1,966113 0,000994
scold 1,078810 0,000546
scramble 0,941609 0,000476
scratching 1,108663 0,000561
scream 0,462035 0,000701
scroll 1,660731 0,000840
sea 0,116534 0,000059
seal 0,371064 0,000188
search 0,040822 0,000021
seaside 2,407946 0,001218
seat 0,051293 0,000026
secret 0,051293 0,000026
seldom 0,301105 0,000152
sell 0,210721 0,000107
send 0,020203 0,000031
sensation 0,371064 0,000188
sense 0,051293 0,000026
sentence 0,094311 0,000095
series 0,494296 0,000250
serpent 0,693147 0,000701
set 0,010050 0,000010
settle 0,083382 0,000127
severely 0,634878 0,000321
severity 0,798508 0,000404
sha 1,309333 0,000662
shade 0,223144 0,000113
shake 0,072571 0,000110
shakespeare 1,171183 0,000592
shape 0,150823 0,000076
shaped 0,527633 0,000267
share 0,030459 0,000046
shark 2,407946 0,002436
sharp 0,139262 0,000070
sharply 0,510826 0,000258
sheep 0,371064 0,000188
shelf 0,634878 0,000321
shepherd 0,843970 0,000427
shifting 0,891598 0,000451
shilling 0,967584 0,000979
shine 0,150823 0,000076
shingle 1,771957 0,000896
shiny 1,714798 0,000867
shiver 0,478036 0,000242
shock 0,235722 0,000119
shoe 0,314711 0,000159
shore 0,287682 0,000146
short 0,020203 0,000020
shoulder 0,139262 0,000141
shout 0,186330 0,000188
shower 0,544727 0,000276
shriek 0,634878 0,000963
shrill 0,798508 0,000404
shrimp 2,813411 0,001423
shrink 0,462035 0,000467
shut 0,051293 0,000052
shy 0,673345 0,000341
shyly 2,040221 0,001032
sigh 0,235722 0,000358
sight 0,040822 0,000021
sign 0,051293 0,000052
signify 0,634878 0,000642
silence 0,051293 0,000026
silent 0,051293 0,000026
simple 0,094311 0,000048
simpleton 1,660731 0,000840
simply 0,150823 0,000076
sing 0,261365 0,000264
singer 1,049822 0,000531
singing 0,371064 0,000188
sink 0,072571 0,000037
sir 0,150823 0,000076
sister 0,223144 0,000226
sit 0,010050 0,000020
sixpence 1,469676 0,000743
sixteenth 1,171183 0,000592
size 0,223144 0,000226
skim 1,347074 0,000681
skirt 0,527633 0,000267
sky 0,186330 0,000094
slate 1,309333 0,001325
sleep 0,051293 0,000026
sleepy 0,713350 0,000361
slight 0,072571 0,000037
slip 0,150823 0,000076
slippery 1,139434 0,000576
slowly 0,150823 0,000076
sluggard 2,813411 0,001423
smile 0,150823 0,000229
smoke 0,186330 0,000188
snail 1,660731 0,000840
snappishly 2,659260 0,001345
snatch 0,462035 0,000234
sneeze 1,203973 0,002436
snort 1,272966 0,000644
snout 1,897120 0,000960
sob 0,562119 0,001137
soft 0,210721 0,000107
softly 0,400478 0,000203
soldier 0,415515 0,000420
sole 0,301105 0,000152
solemn 0,301105 0,000152
solemnly 0,579818 0,000293
solid 0,274437 0,000139
somersault 2,407946 0,001218
son 0,083382 0,000042
song 0,261365 0,000132
soothing 0,798508 0,000404
sorrow 0,248461 0,000251
sorrowful 1,021651 0,000517
sort 0,072571 0,000073
sound 0,010050 0,000015
soup 1,078810 0,000546
sour 0,891598 0,000451
spade 1,139434 0,000576
speak 0,030459 0,000046
speaker 0,634878 0,000321
speaking 0,072571 0,000037
spectacles 0,843970 0,000427
speech 0,139262 0,000070
speed 0,274437 0,000139
spell 0,653926 0,000331
spirited 0,713350 0,000361
spite 0,139262 0,000070
splash 0,867501 0,001316
splendidly 1,171183 0,000592
spoon 1,021651 0,000517
spot 0,150823 0,000076
sprawl 1,139434 0,000576
spread 0,051293 0,000052
squeak 1,714798 0,001735
squeeze 0,798508 0,000808
stair 0,415515 0,000210
stalk 0,755023 0,000382
stamp 0,261365 0,000132
stand -0,009950 -0,000015
star 0,261365 0,000132
stare 0,328504 0,000166
start -0,009950 -0,000010
startled 0,415515 0,000210
station 0,235722 0,000119
stay 0,061875 0,000063
steady 0,301105 0,000152
steal 0,105361 0,000107
steam 0,579818 0,000293
sternly 0,820981 0,000415
stick 0,174353 0,000088
sticks 0,733969 0,000371
stiff 0,430783 0,000218
stingy 2,120264 0,001072
stirring 0,494296 0,000250
stocking 0,843970 0,000427
stool 0,653926 0,000331
stoop 0,400478 0,000203
story 0,030459 0,000015
straight 0,105361 0,000053
straighten 0,967584 0,000979
strange 0,061875 0,000031
strength 0,030459 0,000015
stretch 0,116534 0,000118
strike 0,020203 0,000010
string 0,371064 0,000188
stuff 0,223144 0,000113
stupid 0,478036 0,000484
stupidly 1,660731 0,000840
subdued 0,494296 0,000250
subject 0,061875 0,000063
submit 0,430783 0,000218
succeed 0,105361 0,000053
sudden 0,072571 0,000037
suddenly 0,040822 0,000021
suet 3,218876 0,001628
sugar 0,776529 0,000393
suit 0,198451 0,000100
sulkily 2,302585 0,001165
sulky 1,514128 0,000766
summer 0,186330 0,000094
sun 0,072571 0,000037
supple 1,171183 0,000592
suppose 0,020203 0,000010
suppress 0,446287 0,000451
surprise 0,150823 0,000076
surprised 0,210721 0,000107
swallow 0,261365 0,000397
sweet 0,139262 0,000070
swim 0,478036 0,000725
table 0,083382 0,000042
tail 0,356675 0,000361
tale 0,248461 0,000251
talk 0,061875 0,000031
talking 0,150823 0,000076
tall 0,198451 0,000100
tart 1,897120 0,001919
taste 0,105361 0,000160
tea 0,579818 0,000293
teach 0,083382 0,000084
teacup 2,995732 0,003031
teapot 2,040221 0,001032
tear 0,030459 0,000015
tease 1,386294 0,000701
telescope 1,386294 0,001402
temper 0,261365 0,000132
tempered 0,653926 0,000331
term 0,061875 0,000031
terribly 0,733969 0,000371
terrier 1,832581 0,000927
terror 0,162519 0,000082
thatch 1,714798 0,000867
thimble 1,966113 0,000994
thinking 0,274437 0,000139
thirteen 0,579818 0,000293
thistle 2,040221 0,001032
thoughtfully 0,994252 0,000503
throat 0,223144 0,000113
throne 0,733969 0,000371
throw 0,010050 0,000020
thump 1,203973 0,000609
thunder 0,430783 0,000218
thunderstorm 1,771957 0,000896
tide 0,616186 0,000312
tidy 1,171183 0,000592
tie 0,105361 0,000107
tight 0,494296 0,000250
time -0,009950 -0,000010
timid 0,544727 0,000276
timidly 1,171183 0,000592
tinkle 1,078810 0,000546
tiny 0,820981 0,000415
tiptoe 0,941609 0,000476
tired 0,198451 0,000100
titter 2,120264 0,001072
toast 1,139434 0,000576
toe 0,616186 0,000312
toffee 3,506558 0,001774
tomorrow 0,755023 0,000382
tone 0,198451 0,000201
tongue 0,139262 0,000070
tooth 0,186330 0,000094
tortoise 1,514128 0,000766
toss 0,494296 0,000250
tossing 0,916291 0,000463
touch 0,010050 0,000005
tough 0,891598 0,000451
toy 0,733969 0,000371
trample 0,597837 0,000302
trap 0,527633 0,000267
tray 1,237874 0,000626
treacle 2,995732 0,001515
tread 0,328504 0,000166
treat 0,127833 0,000129
tree 0,061875 0,000063
tremble 0,174353 0,000265
tremulous 1,347074 0,000681
trial 0,261365 0,000264
trick 0,274437 0,000139
trickle 0,941609 0,000476
trim 1,203973 0,000609
triumphantly 0,941609 0,000476
trot 0,867501 0,000878
trouble 0,010050 0,000005
true 0,020203 0,000010
trumpet 0,843970 0,000427
trust 0,061875 0,000031
truth 0,030459 0,000015
truthful 1,427116 0,000722
tuck 1,049822 0,000531
tulip 2,207275 0,001116
tumble 0,494296 0,000500
tunnel 1,427116 0,000722
tureen 2,995732 0,001515
turkey 1,049822 0,000531
turtle 1,609438 0,001628
tut 1,897120 0,000960
twelfth 1,237874 0,000626
twentieth 1,108663 0,000561
twinkle 1,049822 0,001062
twinkling 1,021651 0,000517
twist 0,314711 0,000159
ugh 1,771957 0,000896
uglification 3,912023 0,001979
uglify 3,912023 0,001979
uglifying 3,506558 0,001774
ugly 0,385662 0,000195
unable 0,248461 0,000126
uncivil 1,897120 0,000960
uncomfortable 0,798508 0,000404
uncomfortably 1,771957 0,000896
uncommon 0,798508 0,000404
uncommonly 1,386294 0,000701
uncork 2,659260 0,001345
understand 0,020203 0,000020
undertone 1,771957 0,000896
undo 0,693147 0,000351
uneasily 1,347074 0,000681
uneasy 0,544727 0,000276
unfold 0,755023 0,000382
unfortunate 0,314711 0,000159
unhappy 0,400478 0,000203
unimportant 1,386294 0,000701
unjust 0,693147 0,000351
unlock 0,755023 0,000382
unpleasant 0,562119 0,000284
unroll 1,771957 0,000896
untwist 3,506558 0,001774
unusually 0,891598 0,000451
unwillingly 1,171183 0,000592
upright 0,301105 0,000152
upset 0,755023 0,000382
upsetting 1,771957 0,000896
upstairs 0,891598 0,000451
usual 0,139262 0,000070
usurpation 2,207275 0,001116
vague 0,579818 0,000293
vanish 0,314711 0,000318
variation 0,994252 0,000503
vegetable 0,693147 0,000351
velvet 0,891598 0,000451
venture 0,223144 0,000226
verdict 1,237874 0,000626
verse 0,478036 0,000484
vii 0,430783 0,000218
viii 0,446287 0,000226
vinegar 1,078810 0,000546
violence 0,248461 0,000126
violent 0,223144 0,000113
violently 0,462035 0,000234
visit 0,030459 0,000015
voice 0,020203 0,000020
vote 0,843970 0,000427
vulgar 0,634878 0,000321
wag 1,108663 0,001122
waist 0,693147 0,000351
waistcoat 0,941609 0,000476
wait 0,061875 0,000063
waiting 0,083382 0,000042
wake 0,223144 0,000226
walk 0,000000 0,000000
walrus 2,813411 0,001423
wander 0,116534 0,000177
warning 0,235722 0,000119
wash 0,210721 0,000213
waste 0,127833 0,000129
watch 0,020203 0,000031
water 0,040822 0,000041
wave 0,210721 0,000107
weak 0,105361 0,000053
wear 0,083382 0,000042
wearily 1,272966 0,000644
week 0,127833 0,000129
weep 0,356675 0,000180
wet 0,261365 0,000132
whisker 1,171183 0,000592
whisper 0,248461 0,000377
whistle 0,462035 0,000467
white 0,051293 0,000026
whiting 2,813411 0,001423
wide 0,030459 0,000031
wife 0,083382 0,000042
wig 1,272966 0,000644
wild 0,051293 0,000026
wildly 0,776529 0,000393
william 0,798508 0,000404
win 0,356675 0,000180
wind 0,094311 0,000048
window 0,162519 0,000082
wine 0,235722 0,000119
wing 0,314711 0,000159
wink 0,597837 0,000302
winter 0,198451 0,000100
wise 0,094311 0,000048
wit 0,198451 0,000100
witness 0,116534 0,000059
woman 0,030459 0,000015
wonderful 0,162519 0,000082
wonderland 3,506558 0,001774
wood 0,083382 0,000042
wooden 0,415515 0,000210
word 0,020203 0,000010
worm 0,733969 0,000371
worry 0,544727 0,000551
worth 0,061875 0,000031
wow 2,407946 0,001218
wrap 0,400478 0,000203
wretched 0,328504 0,000166
wriggle 1,171183 0,000592
write 0,020203 0,000031
writhe 0,867501 0,000439
writing 0,061875 0,000031
wrong 0,072571 0,000037
xi 0,597837 0,000302
xii 0,579818 0,000293
yard 0,223144 0,000226
yawn 0,820981 0,000415
yawning 1,237874 0,000626
yell 0,798508 0,000404
yelp 1,660731 0,000840
yer 2,040221 0,001032
yesterday 0,301105 0,000152
youth 0,139262 0,000070
zealand 2,120264 0,001072
zigzag 1,771957 0,000896
