ab 2,302585 0,000633
abandon 0,223144 0,000184
abate 1,108663 0,000305
abel 2,120264 0,000583
abet 1,966113 0,000541
abettor 2,995732 0,000824
abhor 1,203973 0,000331
abide 0,248461 0,000068
ability 0,478036 0,000131
abler 3,506558 0,000964
abolish 1,272966 0,000350
abraham 1,386294 0,000381
abridge 1,714798 0,000472
absence 0,274437 0,000075
absolute 0,400478 0,000110
absolutely 0,287682 0,000079
absolve 1,514128 0,000833
absurdity 1,049822 0,000577
abundance 0,843970 0,000232
abuse 0,562119 0,000155
ac 2,995732 0,000824
accept 0,061875 0,000051
access 0,314711 0,000173
accessible 0,446287 0,000123
accident 0,274437 0,000075
accidental 0,755023 0,000208
accompany 0,094311 0,000026
account 0,010050 0,000006
accountable 2,302585 0,000633
accustomed 0,287682 0,000079
acknowledge 0,274437 0,000151
acorn 1,771957 0,000487
acquaint 0,342490 0,000094
acquaintance 0,248461 0,000068
acquiesce 1,021651 0,000843
acquire 0,371064 0,000204
acre 0,776529 0,000427
acting 1,560648 0,000429
action 0,094311 0,000052
active 0,127833 0,000035
actual 0,174353 0,000048
adam 0,941609 0,000259
add 0,094311 0,000052
addition 0,116534 0,000064
additional 0,198451 0,000055
address 0,072571 0,000040
adjourn 1,514128 0,000416
adjournment 3,218876 0,000885
administer 0,867501 0,000239
administration 1,427116 0,000392
admirable 0,527633 0,000145
admire 0,356675 0,000098
admit 0,116534 0,000064
ado 1,514128 0,000416
advance 0,061875 0,000034
advantage 0,127833 0,000070
adventitious 2,813411 0,000774
adventure 0,301105 0,000083
adversary 0,867501 0,000477
adversus 3,506558 0,000964
advertise 1,108663 0,000305
advice 0,186330 0,000051
advise 0,301105 0,000083
advocate 0,867501 0,000239
affair 0,094311 0,000026
affection 0,235722 0,000065
affirm 0,843970 0,000464
afford 0,186330 0,000154
affront 1,171183 0,000322
age 0,040822 0,000022
aged 0,198451 0,000055
agent 0,223144 0,000061
aggravate 1,171183 0,000322
aggravation 1,832581 0,000504
aggressor 2,207275 0,000607
aggrieved 1,832581 0,000504
agit 3,218876 0,000885
agree 0,051293 0,000056
agreeable 0,462035 0,000127
agreement 0,210721 0,000116
aid 0,210721 0,000058
alexandria 1,714798 0,000472
algiers 2,207275 0,000607
alias 2,207275 0,000607
alien 1,272966 0,000700
alienable 3,912023 0,001076
alienation 2,659260 0,000731
alight 0,755023 0,000208
alike 0,287682 0,000079
aliquot 3,912023 0,001076
alive 0,051293 0,000014
allegiance 1,897120 0,000522
alliance 1,108663 0,000610
allowance 0,713350 0,000196
almighty 1,108663 0,000305
alter 0,235722 0,000194
alteration 0,261365 0,000144
alterius 3,506558 0,000964
alternate 0,261365 0,000072
alterum 3,506558 0,000964
altogether 0,198451 0,000055
amazed 0,634878 0,000175
ambiguity 1,897120 0,000522
ambition 0,510826 0,000140
ambitious 0,891598 0,000245
amend 0,820981 0,000452
amendment 1,714798 0,000472
america 0,579818 0,000159
american 0,634878 0,000349
amiss 0,798508 0,000220
ammonites 3,218876 0,000885
amor 2,659260 0,000731
amuse 0,371064 0,000102
anarchy 1,832581 0,000504
ancestor 0,462035 0,000127
ancient 0,198451 0,000055
anew 0,867501 0,000239
animal 0,223144 0,000061
animated 0,755023 0,000208
animo 3,506558 0,000964
ann 2,302585 0,000633
annals 1,660731 0,000457
annex 1,272966 0,000700
anniversary 1,771957 0,000487
anoint 1,309333 0,000720
answer 0,020203 0,000017
answerable 1,660731 0,000457
answering 0,510826 0,000140
ante 2,525729 0,000695
antecedent 1,660731 0,000457
apparent 0,314711 0,000087
appeal 0,261365 0,000072
appealing 1,171183 0,000322
appeals 0,916291 0,000252
appearance 0,072571 0,000020
appetite 0,314711 0,000173
apple 0,494296 0,000136
applicable 0,400478 0,000110
application 0,653926 0,000180
apply 0,116534 0,000064
appoint 0,328504 0,000361
appointment 0,579818 0,000159
apprehend 0,798508 0,000220
apprehension 0,494296 0,000136
apprentice 1,427116 0,000392
approach 0,040822 0,000011
approbation 1,203973 0,000331
appropriation 2,040221 0,000561
approve 0,342490 0,000188
april 0,798508 0,000220
apt 0,579818 0,000159
arbitrarily 2,302585 0,000633
arbitrary 1,309333 0,000360
arbitration 2,407946 0,000662
arbitrator 2,813411 0,000774
archive 0,544727 0,000150
archphilosopher 3,912023 0,001076
argue 0,371064 0,000102
argument 0,287682 0,000158
aright 1,078810 0,000297
arm 0,030459 0,000008
armed 0,385662 0,000106
army 0,356675 0,000196
arrant 2,407946 0,000662
array 0,248461 0,000068
arrest 0,544727 0,000150
arrive 0,083382 0,000023
art 0,127833 0,000070
article 0,400478 0,000110
artifice 1,427116 0,000785
ascii 0,562119 0,000155
ash 0,400478 0,000110
asia 1,108663 0,000305
assailant 1,139434 0,000313
assault 0,798508 0,000220
assemble 0,462035 0,000254
assembling 1,714798 0,000472
assembly 0,798508 0,000439
assertor 3,218876 0,000885
assign 0,597837 0,000329
assignation 2,813411 0,000774
assist 0,328504 0,000181
assistance 0,105361 0,000029
association 0,713350 0,000196
assume 0,162519 0,000045
assurance 0,430783 0,000118
assyria 2,407946 0,000662
assyrians 2,302585 0,000633
athens 1,386294 0,000381
attach 0,116534 0,000032
attack 0,198451 0,000055
attain 0,328504 0,000271
attempt 0,051293 0,000056
attend 0,127833 0,000105
attendance 0,776529 0,000214
attentively 0,755023 0,000208
aught 0,891598 0,000245
author 0,116534 0,000032
authority 0,223144 0,000061
authorize 1,514128 0,001249
averse 1,049822 0,000289
aversion 0,941609 0,000259
avocation 1,897120 0,000522
avoid 0,105361 0,000058
avoidable 2,995732 0,000824
bad 0,020203 0,000006
baker 1,203973 0,000331
balance 0,342490 0,000188
baldwin 2,525729 0,000695
bar 0,235722 0,000065
bare 0,150823 0,000041
barefaced 2,659260 0,000731
barely 0,798508 0,000220
bargain 0,527633 0,000290
bark 0,478036 0,000131
barley 1,609438 0,000443
barter 1,897120 0,001044
base 0,094311 0,000026
baseness 1,469676 0,000404
basis 0,673345 0,000185
bastard 1,560648 0,000429
bate 2,813411 0,000774
battle 0,235722 0,000130
bear 0,000000 0,000000
beast 0,235722 0,000130
beget 1,171183 0,000966
beginner 1,966113 0,000541
begot 2,207275 0,000607
behaviour 0,941609 0,000259
beholden 2,995732 0,000824
belong 0,072571 0,000080
beneath 0,198451 0,000055
benefactor 0,967584 0,000266
beneficial 1,272966 0,000350
benefit 0,356675 0,000196
bestow 0,430783 0,000237
betray 0,301105 0,000166
betwixt 1,514128 0,000416
beware 0,820981 0,000226
bid 0,186330 0,000102
binary 0,562119 0,000155
bind 0,030459 0,000025
binding 0,867501 0,000239
bird 0,150823 0,000041
birth 0,301105 0,000166
bishop 1,049822 0,000289
bit 0,139262 0,000038
blame 0,162519 0,000045
blind 0,174353 0,000096
blindly 0,941609 0,000259
blood 0,116534 0,000032
bloodshed 1,386294 0,000381
blow 0,061875 0,000034
boast 0,328504 0,000090
body 0,010050 0,000006
bog 1,469676 0,000404
boil 0,385662 0,000106
boldly 0,462035 0,000127
bona 2,659260 0,000731
bond 0,478036 0,000263
book 0,040822 0,000022
bound 0,301105 0,000166
boundless 0,891598 0,000245
bounty 1,309333 0,000360
boy 0,105361 0,000029
bran 2,120264 0,000583
branch 0,186330 0,000051
brave 0,342490 0,000094
brazil 2,525729 0,000695
breach 0,274437 0,000151
bread 0,248461 0,000068
break 0,010050 0,000014
breast 0,198451 0,000109
breed 0,342490 0,000188
brethren 0,916291 0,000252
brick 0,653926 0,000180
bring 0,000000 0,000000
brink 1,139434 0,000313
britons 2,302585 0,000633
broach 2,120264 0,000583
broil 1,771957 0,000487
brood 0,597837 0,000164
brother 0,127833 0,000035
brothers 0,356675 0,000098
brutal 0,755023 0,000208
brute 0,462035 0,000254
brutish 2,040221 0,000561
brutishness 2,813411 0,000774
buchanan 2,659260 0,000731
bucket 1,049822 0,000289
build 0,094311 0,000078
building 0,210721 0,000058
burden 0,198451 0,000055
burdensome 1,832581 0,000504
burn 0,061875 0,000017
bushel 1,660731 0,000457
business 0,040822 0,000011
busy 0,210721 0,000058
cain 1,660731 0,000457
calamity 0,755023 0,000208
calculate 0,116534 0,000064
calm 0,274437 0,000075
cambridge 1,469676 0,000404
cancel 1,897120 0,001565
candidate 1,469676 0,000404
cannon 0,916291 0,000252
canon 1,660731 0,000457
capable 0,261365 0,000072
capacity 0,510826 0,000140
capital 0,314711 0,000087
captain 0,328504 0,000181
captive 0,755023 0,000415
caput 2,995732 0,000824
carcass 1,171183 0,000322
card 0,139262 0,000038
care 0,000000 0,000000
careful 0,174353 0,000048
carefully 0,139262 0,000038
carriage 0,356675 0,000098
carry 0,010050 0,000011
carve 1,272966 0,000350
carved 0,843970 0,000232
cast 0,116534 0,000032
casting 0,544727 0,000150
casus 2,995732 0,000824
cat 0,462035 0,000127
catalogue 1,272966 0,000350
catch 0,072571 0,000040
cattle 0,544727 0,000150
caution 0,478036 0,000131
cavilling 3,912023 0,001076
cease 0,061875 0,000051
censure 1,078810 0,000593
ceylon 2,302585 0,000633
chain 0,174353 0,000048
champion 0,916291 0,000252
chance 0,061875 0,000034
change 0,010050 0,000008
chap 0,891598 0,000245
chapter 0,328504 0,000090
character 0,061875 0,000017
charge 0,040822 0,000034
charitable 0,287682 0,000079
charity 0,186330 0,000102
chase 0,430783 0,000118
chasten 1,771957 0,000975
chastise 1,560648 0,000429
check 0,072571 0,000040
chief 0,094311 0,000026
chiefly 0,527633 0,000145
child 0,040822 0,000022
childhood 0,527633 0,000145
choice 0,150823 0,000041
choose 0,020203 0,000011
christ 0,867501 0,000239
christendom 1,660731 0,000457
christian 0,385662 0,000212
chuck 1,832581 0,000504
church 0,261365 0,000072
chuse 2,813411 0,000774
circumstance 0,116534 0,000032
city 0,051293 0,000028
civil 0,544727 0,000150
civilized 1,237874 0,000340
claim 0,083382 0,000046
clarke 2,407946 0,000662
clearness 1,049822 0,000289
cleave 1,309333 0,000360
close 0,010050 0,000003
closely 0,223144 0,000061
cloth 0,356675 0,000098
clothe 0,287682 0,000079
clothes 0,127833 0,000035
coal 0,527633 0,000145
coat 0,235722 0,000065
cock 0,713350 0,000196
code 0,287682 0,000079
coherent 1,897120 0,000522
coherently 2,659260 0,000731
cold 0,040822 0,000011
collate 2,525729 0,000695
collection 0,162519 0,000089
collective 1,966113 0,000541
college 0,693147 0,000191
collins 2,040221 0,000561
collusion 3,506558 0,000964
colour 0,510826 0,000140
coloured 0,693147 0,000191
combat 0,820981 0,000226
combination 0,634878 0,000175
combine 0,843970 0,000232
combined 0,713350 0,000196
comfort 0,105361 0,000058
comfortable 0,261365 0,000072
command 0,116534 0,000128
commander 0,867501 0,000239
commandment 1,514128 0,000416
commentary 1,427116 0,000392
commerce 1,078810 0,000297
commercial 0,274437 0,000075
commission 0,579818 0,000319
commit 0,116534 0,000064
commodity 1,771957 0,000975
common 0,072571 0,000020
commoner 2,120264 0,001166
commonly 0,755023 0,000208
commonness 2,995732 0,000824
commons 1,714798 0,000472
commonwealth 1,832581 0,001008
communicate 0,446287 0,000123
communion 1,427116 0,000392
community 0,579818 0,000319
compact 0,867501 0,000477
companion 0,150823 0,000041
company 0,020203 0,000006
compare 0,162519 0,000045
comparison 0,446287 0,000123
compass 0,579818 0,000159
compel 0,385662 0,000212
compensate 1,347074 0,000370
competent 1,139434 0,000313
competition 1,560648 0,000429
compilation 0,478036 0,000131
complain 0,198451 0,000055
complaint 0,478036 0,000131
complete 0,105361 0,000029
compliance 0,342490 0,000094
complication 1,771957 0,000487
comply 0,287682 0,000158
comport 2,813411 0,000774
composition 0,798508 0,000220
compound 1,021651 0,000281
comprehend 0,478036 0,000263
compressed 0,342490 0,000094
computation 1,609438 0,000443
compute 1,771957 0,000487
conceit 0,994252 0,000273
conceive 0,223144 0,000184
concept 0,527633 0,000145
concern 0,342490 0,000188
concerned 0,287682 0,000079
concernment 2,813411 0,000774
conclude 0,235722 0,000130
concupiscence 2,659260 0,000731
concur 1,714798 0,000472
concurrence 1,714798 0,000472
concurrent 2,813411 0,000774
condemn 0,446287 0,000123
condemnation 1,309333 0,000360
condition 0,051293 0,000028
conduce 1,469676 0,000404
conduct 0,094311 0,000026
confer 0,820981 0,000226
confess 0,127833 0,000035
confidence 0,139262 0,000038
confine 0,223144 0,000184
confinement 1,108663 0,000305
confirm 0,139262 0,000077
confirmation 0,356675 0,000098
conformable 2,525729 0,000695
confound 0,430783 0,000237
confused 0,248461 0,000068
confusion 0,287682 0,000079
confutation 3,218876 0,000885
confute 2,120264 0,000583
conjecture 0,544727 0,000150
conjugal 1,897120 0,000522
conjunction 1,272966 0,000350
connexion 2,207275 0,000607
conquer 0,527633 0,000580
conqueror 1,021651 0,000562
conquest 0,967584 0,000266
conscience 0,301105 0,000166
conscientiously 1,609438 0,000443
consent 0,223144 0,000245
consequence 0,186330 0,000102
consequential 0,478036 0,000131
considerable 0,105361 0,000029
consideration 0,223144 0,000061
consist 0,314711 0,000346
consistency 1,427116 0,000392
consistent 0,798508 0,000220
constable 1,272966 0,000350
constant 0,051293 0,000014
constantly 0,371064 0,000102
constitute 0,597837 0,000658
constitution 0,776529 0,000427
constrain 0,733969 0,000404
constraint 1,272966 0,000350
consult 0,400478 0,000110
consultation 0,916291 0,000252
consume 0,462035 0,000254
consumption 1,139434 0,000313
contact 0,210721 0,000058
contend 0,597837 0,000164
contender 3,912023 0,001076
content 0,174353 0,000048
contented 0,400478 0,000110
contention 1,203973 0,000331
contentious 2,302585 0,000633
contents 0,094311 0,000026
contest 0,798508 0,000439
continual 0,693147 0,000191
continuance 1,237874 0,000340
continuation 1,347074 0,000741
continue 0,186330 0,000154
continued 0,072571 0,000020
contra 2,207275 0,000607
contract 0,139262 0,000077
contradiction 0,713350 0,000392
contrariety 2,525729 0,000695
contrary 0,198451 0,000055
contribute 0,510826 0,000140
contribution 0,371064 0,000102
contrivance 1,309333 0,000720
controversy 1,386294 0,000763
convenience 0,673345 0,000185
conveniency 2,995732 0,001648
convenient 0,462035 0,000127
conveniently 1,203973 0,000331
convening 3,218876 0,000885
convention 1,469676 0,000404
convert 0,186330 0,000051
convey 0,287682 0,000237
conveyance 1,427116 0,000392
conviction 0,430783 0,000118
convince 0,198451 0,000055
convoke 2,813411 0,001548
copulation 2,995732 0,000824
copying 0,494296 0,000136
copyright 0,415515 0,000114
corn 0,527633 0,000145
corner 0,072571 0,000020
coronation 2,302585 0,000633
corporation 0,400478 0,000220
corpus 2,207275 0,000607
correct 0,235722 0,000130
correction 1,203973 0,000331
corrections 1,897120 0,000522
corrupt 0,235722 0,000130
corruption 0,820981 0,000226
cost 0,105361 0,000058
cottage 0,653926 0,000180
council 0,653926 0,000360
counsellor 0,994252 0,000273
count 0,116534 0,000032
countenance 0,371064 0,000102
country 0,010050 0,000006
county 0,941609 0,000259
courage 0,150823 0,000041
court 0,094311 0,000026
courtier 1,560648 0,000429
covenant 1,469676 0,000404
covetousness 1,771957 0,000487
cows 0,867501 0,000239
crave 1,347074 0,000370
create 0,094311 0,000052
creation 0,198451 0,000055
creator 1,139434 0,000313
creature 0,116534 0,000064
credit 0,094311 0,000026
crime 0,261365 0,000144
criminal 0,673345 0,000185
crippled 1,469676 0,000404
critical 0,235722 0,000065
criticism 0,820981 0,000226
cross 0,083382 0,000023
crowder 3,506558 0,000964
crown 0,210721 0,000116
cruelly 0,820981 0,000226
cruelty 0,462035 0,000127
cudgeling 3,912023 0,001076
cultivate 0,462035 0,000381
cum 1,966113 0,000541
cunninger 3,912023 0,001076
cure 0,314711 0,000173
current 0,116534 0,000032
custom 0,210721 0,000058
customs 0,713350 0,000196
cut 0,030459 0,000025
czar 2,659260 0,000731
dagger 1,139434 0,000313
daily 0,248461 0,000068
dam 1,203973 0,000331
damage 0,223144 0,000123
damages 0,400478 0,000110
damnified 3,912023 0,001076
danes 2,525729 0,000695
danger 0,105361 0,000058
dangerous 0,150823 0,000041
dangerously 1,560648 0,000429
datum 0,494296 0,000136
dave 3,218876 0,000885
david 0,597837 0,000164
davis 2,207275 0,000607
day 0,000000 0,000000
dead 0,072571 0,000020
deal 0,061875 0,000034
death 0,020203 0,000006
debar 2,040221 0,000561
debate 1,021651 0,000562
decay 0,544727 0,000300
deceased 1,078810 0,000297
deceive 0,261365 0,000072
december 0,562119 0,000155
decemviri 3,912023 0,001076
decide 0,040822 0,000034
decision 0,544727 0,000300
decisive 0,867501 0,000239
declaration 0,967584 0,000266
declare 0,139262 0,000115
declination 3,218876 0,000885
decline 0,356675 0,000098
decree 0,673345 0,000185
deductible 0,562119 0,000155
deed 0,287682 0,000079
deep 0,020203 0,000006
deer 0,867501 0,000239
defect 0,261365 0,000144
defective 0,356675 0,000098
defence 0,527633 0,000145
defend 0,301105 0,000248
defender 1,427116 0,000392
deference 0,967584 0,000266
define 0,673345 0,000185
degenerate 1,078810 0,000593
degrade 0,994252 0,000547
degree 0,150823 0,000083
dei 1,966113 0,000541
delay 0,186330 0,000102
delegate 1,469676 0,000404
delegation 2,995732 0,000824
deletion 0,562119 0,000155
deliberate 0,673345 0,000185
deliberation 1,078810 0,000297
delight 0,150823 0,000083
delinquent 1,966113 0,000541
deliver 0,223144 0,000123
delivery 0,994252 0,000273
deluge 1,427116 0,000392
demand 0,051293 0,000042
democracy 1,832581 0,000504
demolish 1,560648 0,000429
demonstration 0,994252 0,000273
demonstratively 3,506558 0,000964
den 0,693147 0,000191
deny 0,072571 0,000060
depend 0,040822 0,000034
dependence 1,309333 0,000360
dependency 2,407946 0,000662
dependent 0,820981 0,000452
depose 1,714798 0,000472
depraved 1,560648 0,000429
deprive 0,415515 0,000229
depute 2,525729 0,001389
deputy 1,272966 0,000700
derivative 0,510826 0,000140
derive 0,210721 0,000232
descend 0,174353 0,000096
descendant 0,867501 0,000239
desert 0,314711 0,000173
deserter 1,832581 0,000504
deserve 0,314711 0,000173
design 0,287682 0,000237
designation 1,714798 0,000472
designedly 2,207275 0,000607
designing 1,771957 0,000487
desire 0,051293 0,000042
desolate 0,733969 0,000202
desolation 0,916291 0,000252
desperate 0,328504 0,000090
despotical 3,506558 0,000964
destroy 0,061875 0,000068
destruction 0,342490 0,000094
destructive 1,049822 0,000289
detach 0,287682 0,000079
detect 0,562119 0,000155
deter 1,272966 0,000350
determinable 3,506558 0,000964
determination 0,616186 0,000169
determine 0,061875 0,000051
dethrone 2,659260 0,000731
devise 0,733969 0,000202
devolve 1,609438 0,001771
devonshire 2,407946 0,000662
devour 0,462035 0,000127
diamond 0,673345 0,000370
dictate 0,579818 0,000319
die 0,010050 0,000011
difference 0,174353 0,000096
difficult 0,116534 0,000032
difficulty 0,116534 0,000064
dig 0,356675 0,000098
digest 1,171183 0,000322
digitize 3,912023 0,001076
dignity 0,314711 0,000087
dilly 2,995732 0,000824
direct 0,040822 0,000022
direction 0,051293 0,000028
disadvantage 0,843970 0,000232
disarm 1,237874 0,000340
discard 1,108663 0,000305
discern 0,634878 0,000175
discharge 0,478036 0,000263
discipline 0,634878 0,000175
disclaim 0,462035 0,000127
disclaimer 0,562119 0,000309
discontent 0,616186 0,000169
discontinue 0,510826 0,000140
discourse 0,579818 0,000319
discover 0,030459 0,000017
discretion 0,733969 0,000202
dishonest 1,560648 0,000429
disk 0,415515 0,000114
dislike 0,478036 0,000131
dismember 2,120264 0,000583
dismiss 0,430783 0,000118
disobedience 1,560648 0,000429
disobey 1,108663 0,000305
disorder 0,544727 0,000300
disown 1,771957 0,000975
dispatch 0,967584 0,000266
dispense 0,820981 0,000452
displace 1,309333 0,000360
display 0,162519 0,000134
disposal 0,916291 0,000252
dispose 0,755023 0,000415
disposed 0,385662 0,000106
disposer 2,995732 0,000824
dispossess 2,120264 0,000583
disposure 3,912023 0,001076
disproportion 2,525729 0,000695
disproportionate 1,832581 0,000504
dispute 0,446287 0,000123
disseize 3,912023 0,001076
dissipate 0,916291 0,000252
dissolution 1,427116 0,000392
dissolve 0,733969 0,000807
distant 0,162519 0,000045
distinct 0,301105 0,000083
distinction 0,356675 0,000098
distinctly 0,478036 0,000131
distinguish 0,314711 0,000087
distinguishable 1,771957 0,000487
distinguished 0,301105 0,000083
distinguishing 1,078810 0,000297
distressed 0,673345 0,000185
distribute 0,210721 0,000174
distribution 0,430783 0,000118
distributor 0,544727 0,000150
disturb 0,198451 0,000109
diver 1,021651 0,000281
divest 1,469676 0,000404
divide 0,150823 0,000041
divine 0,356675 0,000098
divinity 0,867501 0,000239
doctrine 0,616186 0,000169
domain 0,328504 0,000090
domestic 0,510826 0,000140
domination 2,040221 0,000561
domineer 2,813411 0,000774
domineering 2,659260 0,000731
dominion 0,941609 0,000518
dominium 3,912023 0,001076
dominus 2,813411 0,000774
donate 0,544727 0,000150
donation 0,446287 0,000245
donor 0,478036 0,000131
door 0,000000 0,000000
doth 1,049822 0,000289
double 0,139262 0,000038
doubt 0,040822 0,000034
download 0,562119 0,000155
draught 0,527633 0,000145
draw 0,020203 0,000028
dream 0,083382 0,000023
dressed 0,261365 0,000072
drink 0,072571 0,000020
drinking 0,371064 0,000102
drive 0,030459 0,000017
drop 0,061875 0,000017
drudge 1,832581 0,000504
drudgery 2,302585 0,000633
drug 0,967584 0,000266
drum 0,843970 0,000232
duly 0,843970 0,000232
duo 2,995732 0,001648
durable 1,714798 0,000472
duration 1,078810 0,000297
dust 0,162519 0,000045
duty 0,061875 0,000034
dwell 0,342490 0,000188
ea 3,218876 0,000885
earth 0,051293 0,000014
earthly 0,673345 0,000185
earthquake 1,021651 0,000281
ease 0,150823 0,000041
easily 0,072571 0,000020
easiness 2,525729 0,000695
easy 0,000000 0,000000
eat 0,040822 0,000011
eating 0,235722 0,000065
eccl 3,506558 0,000964
ecclesiastic 2,207275 0,000607
ecclesiastical 1,560648 0,000429
edict 1,714798 0,000472
edit 1,771957 0,000487
edition 0,287682 0,000158
editor 1,078810 0,000297
educate 0,544727 0,000150
education 0,415515 0,000114
educational 0,446287 0,000123
effective 0,967584 0,000266
effectual 1,203973 0,000331
effectually 1,203973 0,000331
effort 0,094311 0,000052
ego 1,771957 0,000487
egyptian 1,108663 0,000305
eld 0,385662 0,000212
elect 0,210721 0,000116
election 1,237874 0,000681
elective 3,506558 0,000964
elector 2,207275 0,000607
electronic 0,544727 0,000150
electronically 0,544727 0,000150
elude 1,078810 0,000297
email 0,562119 0,000155
eminent 0,967584 0,000266
empire 0,634878 0,000349
employ 0,235722 0,000259
employee 0,510826 0,000281
employment 0,527633 0,000145
empower 1,714798 0,000472
enact 1,309333 0,001440
enclose 0,713350 0,000392
enclosure 1,139434 0,000313
encode 0,653926 0,000180
encourage 0,301105 0,000083
encouragement 0,755023 0,000208
encroach 1,714798 0,000472
encroachment 2,207275 0,001214
endamage 3,506558 0,000964
endanger 1,386294 0,000381
endeavour 0,713350 0,000196
endless 0,478036 0,000131
endure 0,210721 0,000174
enemy 0,105361 0,000058
enforce 0,941609 0,000259
engage 0,494296 0,000272
engaged 0,198451 0,000055
engagement 0,634878 0,000349
england 0,385662 0,000106
english 0,094311 0,000026
englishman 0,820981 0,000226
enjoin 1,171183 0,000322
enjoy 0,072571 0,000080
enjoyment 0,562119 0,000309
enlarge 0,673345 0,000185
enmity 1,171183 0,000322
enquire 1,771957 0,000487
enquiry 2,207275 0,000607
enslave 1,272966 0,000350
ensure 0,342490 0,000094
enter 0,020203 0,000022
entire 0,274437 0,000075
entity 0,544727 0,000150
entrance 0,210721 0,000058
eo 2,813411 0,000774
equal 0,162519 0,000089
equality 0,967584 0,000266
equally 0,223144 0,000061
equipment 0,415515 0,000114
equitable 1,966113 0,000541
equity 1,832581 0,000504
erect 0,446287 0,000368
ergo 2,525729 0,000695
err 0,733969 0,000202
error 0,072571 0,000020
esau 2,207275 0,000607
escape 0,061875 0,000017
espouse 1,469676 0,000808
essay 0,755023 0,000208
esse 2,813411 0,000774
essence 0,693147 0,000191
est 1,309333 0,000360
establish 0,579818 0,000319
established 0,301105 0,000083
establisher 3,506558 0,000964
establishment 0,673345 0,000185
estate 0,478036 0,000263
esteem 0,478036 0,000131
esteemed 0,916291 0,000252
estimate 0,653926 0,000180
eternal 0,415515 0,000114
etiam 2,995732 0,000824
europe 0,510826 0,000140
european 0,867501 0,000239
eve 0,673345 0,000185
event 0,150823 0,000083
evidence 0,235722 0,000065
evident 0,356675 0,000098
evidently 0,371064 0,000102
evil 0,150823 0,000083
examination 0,385662 0,000106
examine 0,150823 0,000083
exceed 0,462035 0,000381
exceedingly 0,462035 0,000127
excellency 1,347074 0,000370
excellent 0,150823 0,000041
exception 0,446287 0,000123
excess 0,579818 0,000159
exchange 0,210721 0,000058
exclude 0,755023 0,000623
exclusion 0,371064 0,000102
exclusive 1,203973 0,000331
excuse 0,139262 0,000077
execute 0,527633 0,000435
execution 0,597837 0,000164
executioner 1,427116 0,000392
executive 1,171183 0,000322
executor 1,832581 0,000504
exemplum 3,912023 0,001076
exempt 0,314711 0,000260
exemption 2,302585 0,000633
exercise 0,235722 0,000259
exhort 1,171183 0,000322
exigency 1,771957 0,000487
exist 0,072571 0,000020
exorbitant 1,771957 0,000487
expect 0,051293 0,000028
expectation 0,356675 0,000098
expend 0,301105 0,000083
expense 0,127833 0,000070
experience 0,072571 0,000020
experiment 0,494296 0,000272
explanation 0,139262 0,000038
explicit 1,347074 0,000370
export 0,446287 0,000123
expose 0,597837 0,000164
exposed 0,301105 0,000083
express 0,072571 0,000040
expression 0,116534 0,000064
expressly 0,820981 0,000226
extemporary 3,912023 0,001076
extend 0,261365 0,000288
extent 0,083382 0,000023
external 0,562119 0,000155
extort 1,347074 0,001111
extravagancy 2,813411 0,000774
eye 0,000000 0,000000
fabric 1,237874 0,000340
facility 0,342490 0,000094
facit 3,912023 0,001076
faction 1,897120 0,000522
factions 1,832581 0,000504
factious 2,207275 0,000607
facto 2,659260 0,000731
factum 3,506558 0,000964
faculty 0,510826 0,000140
fail 0,072571 0,000040
fain 0,967584 0,000266
fair 0,051293 0,000014
faith 0,210721 0,000058
fall 0,000000 0,000000
falls 0,328504 0,000090
false 0,210721 0,000058
fame 0,478036 0,000131
familiar 0,150823 0,000041
family 0,061875 0,000034
fancy 0,162519 0,000089
fantastical 2,995732 0,000824
farthing 1,347074 0,000370
fashion 0,105361 0,000029
fatal 0,342490 0,000094
fate 0,174353 0,000048
father 0,061875 0,000034
fatherhood 3,912023 0,001076
fatherly 1,966113 0,000541
fault 0,139262 0,000077
favour 0,544727 0,000150
favourable 0,776529 0,000214
favoured 1,021651 0,000281
favourite 0,653926 0,000180
fealty 3,506558 0,000964
fear 0,020203 0,000017
federal 0,527633 0,000145
federative 3,912023 0,001076
fee 0,301105 0,000166
feeble 0,356675 0,000098
feed 0,248461 0,000137
feeding 0,616186 0,000169
feel 0,020203 0,000006
feeling 0,072571 0,000020
felicity 1,272966 0,000350
fell 1,171183 0,000322
fellow 0,040822 0,000011
fellowship 1,237874 0,000340
female 0,385662 0,000106
fence 0,693147 0,000381
ferment 1,832581 0,000504
fertile 1,021651 0,000281
fiat 2,995732 0,000824
fide 2,813411 0,000774
fiduciary 3,912023 0,001076
fight 0,083382 0,000069
file 0,223144 0,000123
filial 1,309333 0,000360
filmer 3,912023 0,001076
finally 0,150823 0,000041
financial 0,415515 0,000114
finis 2,813411 0,000774
firm 0,248461 0,000068
fish 0,287682 0,000079
fit 0,030459 0,000034
fitness 0,446287 0,000123
fixed 1,272966 0,000350
flat 0,139262 0,000038
flatter 0,755023 0,000208
flatterer 1,771957 0,000487
flattery 0,867501 0,000239
flesh 0,210721 0,000058
flock 0,385662 0,000106
florida 2,407946 0,000662
flourish 0,562119 0,000155
flourishing 1,021651 0,000281
flow 0,174353 0,000048
flux 2,302585 0,000633
follow 0,020203 0,000006
follower 0,713350 0,000196
folly 0,274437 0,000075
food 0,127833 0,000035
foolish 0,235722 0,000065
footstep 0,430783 0,000118
forasmuch 2,302585 0,000633
force 0,030459 0,000025
fore 0,755023 0,000208
forego 1,203973 0,000331
foreign 0,301105 0,000083
foreigner 0,891598 0,000245
foresee 0,494296 0,000136
foresight 1,139434 0,000313
forfeit 1,237874 0,001021
forfeiture 2,302585 0,000633
forget 0,010050 0,000003
form 0,020203 0,000011
format 0,562119 0,000309
forte 1,897120 0,000522
fortescue 3,218876 0,000885
fortunate 0,415515 0,000114
fortune 0,162519 0,000045
forwards 1,237874 0,000340
foster 0,891598 0,000245
foundation 0,127833 0,000070
founder 0,891598 0,000245
fountain 0,653926 0,000180
fourthly 1,832581 0,000504
fox 0,798508 0,000220
frailty 2,040221 0,000561
frame 0,174353 0,000144
framer 3,218876 0,000885
france 0,544727 0,000150
fraud 1,078810 0,000297
freedom 0,223144 0,000061
freely 0,105361 0,000029
freeman 1,897120 0,000522
freemen 2,659260 0,000731
french 0,342490 0,000094
frequent 0,287682 0,000079
frequently 0,287682 0,000079
friend 0,000000 0,000000
friendship 0,261365 0,000072
fruit 0,162519 0,000089
fruitful 1,171183 0,000322
fruitless 1,049822 0,000289
function 0,820981 0,000226
fundamental 1,203973 0,000331
furnish 0,527633 0,000290
furnished 0,328504 0,000090
fury 0,328504 0,000090
future 0,105361 0,000029
gain 0,040822 0,000011
galley 1,514128 0,000416
garden 0,150823 0,000041
gather 0,061875 0,000017
gathering 0,415515 0,000114
generation 0,127833 0,000070
gentle 0,274437 0,000075
gentleman 0,223144 0,000061
genuine 0,597837 0,000164
gideon 2,302585 0,000633
glad 0,072571 0,000020
gladly 0,544727 0,000150
glib 2,659260 0,000731
goal 0,274437 0,000075
god 0,083382 0,000023
godlike 1,771957 0,000487
gold 0,083382 0,000023
golden 0,342490 0,000094
goodness 0,328504 0,000090
gospel 1,021651 0,000281
govern 0,186330 0,000154
governing 1,714798 0,000472
government 0,462035 0,000254
governor 0,733969 0,000404
gowan 3,912023 0,001076
grand 0,342490 0,000094
grant 0,061875 0,000068
grasp 0,274437 0,000075
grass 0,301105 0,000083
gratefully 0,415515 0,000114
gratitude 0,478036 0,000131
greatly 0,210721 0,000058
greatness 0,693147 0,000191
grecian 1,347074 0,000370
grievance 1,108663 0,000305
grieve 0,673345 0,000185
groan 0,446287 0,000123
gross 0,235722 0,000065
ground 0,030459 0,000017
grounds 0,446287 0,000123
grow 0,010050 0,000011
growth 0,430783 0,000118
guard 0,083382 0,000069
guardian 0,597837 0,000329
guide 0,083382 0,000046
guilt 0,544727 0,000150
guilty 0,356675 0,000098
habet 2,995732 0,000824
habitation 1,021651 0,000281
haec 3,912023 0,001076
hand 0,010050 0,000006
hang 0,198451 0,000055
happen 0,030459 0,000025
happiness 0,150823 0,000041
happy 0,061875 0,000034
harass 1,078810 0,000297
harbour 0,916291 0,000252
hard 0,040822 0,000011
hardship 0,713350 0,000196
hare 1,203973 0,000331
harm 0,210721 0,000058
harmless 0,248461 0,000068
harshness 1,560648 0,000429
hart 0,462035 0,000127
harvest 0,713350 0,000196
hast 0,891598 0,000245
hasty 0,510826 0,000140
hath 2,040221 0,000561
hatred 0,494296 0,000136
hazard 0,776529 0,000214
head 0,000000 0,000000
heady 3,218876 0,000885
health 0,198451 0,000055
healthy 0,356675 0,000098
heap 0,248461 0,000068
hear 0,010050 0,000006
hearken 1,714798 0,000472
heart 0,010050 0,000006
heat 0,198451 0,000109
heaven 0,174353 0,000048
heavy 0,030459 0,000008
hedge 0,597837 0,000164
heinousness 3,506558 0,000964
heir 0,527633 0,000290
helpless 0,328504 0,000090
hen 1,347074 0,000370
herd 0,597837 0,000329
hereditary 1,108663 0,000305
hereunto 3,218876 0,000885
hero 0,430783 0,000118
hezekiah 2,995732 0,000824
hide 0,072571 0,000020
highly 0,261365 0,000072
highway 0,916291 0,000252
hinder 0,579818 0,000478
hindrance 1,049822 0,000289
history 0,186330 0,000051
hitherto 0,385662 0,000106
hoard 1,514128 0,000833
hoc 2,302585 0,000633
hold 0,010050 0,000008
holder 0,430783 0,000118
holland 1,514128 0,000416
homage 1,078810 0,000297
honest 0,235722 0,000065
honesty 0,733969 0,000202
honour 0,494296 0,000272
hook 0,634878 0,000175
hooker 2,813411 0,000774
hope 0,000000 0,000000
horse 0,139262 0,000077
hostile 0,776529 0,000214
house 0,020203 0,000006
housing 1,897120 0,000522
hubba 3,912023 0,001076
huic 3,506558 0,000964
human 0,072571 0,000020
humour 0,713350 0,000196
hundredth 1,309333 0,000720
hunting 0,462035 0,000127
hurt 0,150823 0,000083
hurtful 1,714798 0,000472
husband 0,198451 0,000055
husbandry 1,966113 0,000541
hymen 2,659260 0,000731
hypothesis 1,237874 0,000340
ibid 2,813411 0,000774
identification 0,527633 0,000145
identify 0,342490 0,000094
igitur 3,218876 0,000885
ignorance 0,287682 0,000079
ignorant 0,301105 0,000083
iii 0,287682 0,000079
illegal 1,660731 0,000457
image 0,301105 0,000083
imaginary 0,755023 0,000208
imagine 0,083382 0,000046
imbody 3,506558 0,000964
impair 2,120264 0,000583
impartial 1,237874 0,000340
imperfect 0,673345 0,000185
imperfection 1,272966 0,000700
imperious 1,237874 0,000340
imperiously 1,966113 0,000541
imperium 3,218876 0,000885
impertinent 1,171183 0,000322
implant 1,714798 0,000472
imply 0,235722 0,000065
impose 0,162519 0,000089
imposition 2,120264 0,000583
impossibility 0,891598 0,000245
impossible 0,094311 0,000026
impoverish 2,813411 0,000774
impower 3,506558 0,002893
impracticable 1,237874 0,000340
improbable 1,021651 0,000281
improve 0,385662 0,000424
improvement 0,616186 0,000339
impunity 1,347074 0,000370
imputed 1,609438 0,000443
inaccurate 0,510826 0,000140
inauguration 2,813411 0,000774
incapable 0,562119 0,000155
incident 0,356675 0,000098
incidental 0,446287 0,000123
inclination 0,544727 0,000300
inclose 1,897120 0,001565
include 0,072571 0,000080
incomplete 0,301105 0,000083
inconsiderable 1,560648 0,000429
inconsistency 1,171183 0,000322
inconsistent 1,272966 0,000350
inconstant 2,120264 0,000583
inconvenience 1,078810 0,000593
inconveniency 2,659260 0,001463
inconvenient 1,237874 0,000340
incorporate 1,560648 0,001288
increase 0,061875 0,000051
incumbent 1,714798 0,000472
inde 2,813411 0,000774
indefinitely 1,469676 0,000404
indemnify 0,446287 0,000123
indemnity 0,527633 0,000145
independent 0,510826 0,000140
indian 0,544727 0,000300
indianapolis 3,506558 0,000964
indifferent 0,400478 0,000110
indifferently 1,049822 0,000289
indirect 0,446287 0,000123
indirectly 0,371064 0,000102
indiscretion 1,427116 0,000392
indispensable 0,843970 0,000232
indispensably 2,302585 0,000633
individual 0,139262 0,000077
induce 0,328504 0,000090
inducement 1,237874 0,000340
industrious 1,078810 0,000297
industry 0,843970 0,000232
inequality 1,386294 0,000381
inevitably 0,843970 0,000232
infancy 0,916291 0,000504
infants 1,171183 0,000322
inferior 0,579818 0,000159
infinite 0,430783 0,000118
infinitely 0,673345 0,000185
infirmity 1,049822 0,000289
inflexible 1,771957 0,000487
influence 0,198451 0,000055
inform 0,198451 0,000109
infringement 0,544727 0,000150
ingross 3,912023 0,001076
inhabit 0,597837 0,000329
inhabitants 0,446287 0,000123
inherit 0,579818 0,000159
inheritance 0,798508 0,000220
injure 0,356675 0,000294
injuria 3,506558 0,000964
injurious 1,427116 0,000392
injury 0,301105 0,000166
injustice 0,653926 0,000180
inland 1,469676 0,000404
innocence 0,634878 0,000175
innocent 0,186330 0,000102
inquire 0,235722 0,000065
inroad 1,897120 0,001044
insensible 0,843970 0,000232
insensibly 1,386294 0,000381
inseparable 1,203973 0,000331
inseparably 1,966113 0,000541
insignificant 0,891598 0,000245
insolence 0,994252 0,000273
insolent 0,941609 0,000259
inspiration 0,755023 0,000208
instance 0,116534 0,000064
instant 0,210721 0,000058
institute 1,203973 0,000331
institution 0,713350 0,000196
instruct 0,494296 0,000272
instruction 0,328504 0,000090
instrument 0,248461 0,000137
intellectual 0,235722 0,000065
intelligent 0,342490 0,000094
intelligible 1,021651 0,000281
intend 0,094311 0,000104
intent 0,494296 0,000136
intention 0,127833 0,000035
intercept 1,171183 0,000322
internal 0,261365 0,000072
international 0,494296 0,000136
interpose 0,916291 0,000504
interpret 0,235722 0,000065
interpreter 1,108663 0,000305
interregnum 2,995732 0,000824
interval 0,301105 0,000166
intervene 0,713350 0,000196
intestine 2,207275 0,000607
intire 3,506558 0,000964
intitle 3,912023 0,001076
intolerable 0,673345 0,000185
intrench 3,218876 0,000885
intricate 1,078810 0,000297
intrinsic 2,407946 0,000662
introduce 0,261365 0,000288
introduction 0,385662 0,000106
intrust 1,966113 0,001081
invade 0,755023 0,000831
invalidate 2,813411 0,000774
invalidity 0,527633 0,000145
invasion 1,427116 0,000785
invest 1,021651 0,000281
involve 0,820981 0,000226
inwardly 0,798508 0,000220
ipse 3,506558 0,000964
ipso 2,995732 0,000824
iron 0,162519 0,000045
irregular 0,733969 0,000202
irreparable 1,832581 0,000504
irs 0,562119 0,000155
island 0,400478 0,000110
israel 1,386294 0,000381
israelites 2,207275 0,000607
issue 0,198451 0,000055
ita 3,218876 0,000885
italy 0,820981 0,000226
iv 0,328504 0,000090
ix 0,494296 0,000136
jam 1,237874 0,000340
james 0,673345 0,000185
jews 1,078810 0,000297
john 0,328504 0,000090
joint 0,446287 0,000123
jointly 2,407946 0,000662
jot 1,897120 0,000522
judah 2,302585 0,000633
judge 0,061875 0,000051
judging 0,713350 0,000196
judgment 0,198451 0,000109
judicature 2,302585 0,000633
judicial 1,309333 0,000360
judicious 1,139434 0,000313
jugulum 3,912023 0,001076
jumble 1,897120 0,000522
jupiter 1,560648 0,000429
jure 3,218876 0,000885
juris 3,218876 0,000885
jurisdiction 1,560648 0,000858
jus 3,218876 0,000885
justice 0,162519 0,000045
justifiable 2,040221 0,000561
justify 0,562119 0,000155
justin 3,218876 0,000885
justly 0,653926 0,000180
juvenal 2,659260 0,000731
keeping 1,078810 0,000297
kill 0,083382 0,000046
kindness 0,274437 0,000075
king 0,210721 0,000116
kingdom 0,462035 0,000254
kingly 1,966113 0,000541
knock 0,287682 0,000079
knot 0,510826 0,000140
knowledge 0,061875 0,000017
laborious 1,171183 0,000322
labour 0,562119 0,000155
labourer 1,309333 0,000360
lake 0,162519 0,000045
lamb 0,693147 0,000191
land 0,051293 0,000028
language 0,072571 0,000020
largeness 1,897120 0,000522
lasting 1,771957 0,000487
late 0,094311 0,000026
latins 2,407946 0,000662
latitude 1,309333 0,000360
laurel 1,347074 0,000370
law 0,020203 0,000011
lawful 1,078810 0,000297
lawfully 2,040221 0,000561
lawfulness 3,506558 0,000964
lawmaking 3,912023 0,001076
lay 0,030459 0,000034
lead 0,020203 0,000017
leader 0,356675 0,000196
league 0,653926 0,000360
leak 1,469676 0,000404
learn 0,020203 0,000017
leather 0,527633 0,000145
leave -0,009950 -0,000005
left 0,000000 0,000000
legal 0,261365 0,000072
legally 0,342490 0,000094
legislative 1,771957 0,000487
legislator 1,714798 0,000943
legislature 2,120264 0,000583
leisure 0,579818 0,000159
lessen 0,713350 0,000392
letter 0,072571 0,000040
lev 3,506558 0,000964
level 0,210721 0,000116
leviathan 2,659260 0,000731
levy 1,469676 0,000404
lex 2,995732 0,000824
liability 0,462035 0,000127
liable 0,235722 0,000065
lib 2,659260 0,000731
liber 3,506558 0,000964
liberal 0,597837 0,000164
liberally 1,347074 0,000370
libertas 3,912023 0,001076
liberty 0,198451 0,000109
liberum 3,506558 0,000964
library 0,223144 0,000061
licence 1,560648 0,000429
license 0,301105 0,000083
licensed 0,430783 0,000118
licentious 2,120264 0,000583
lie 0,020203 0,000017
lieu 0,415515 0,000114
life -0,009950 -0,000005
lifetime 0,843970 0,000232
light 0,000000 0,000000
lighted 0,261365 0,000072
limb 0,248461 0,000137
lime 1,309333 0,000360
limit 0,287682 0,000237
limitation 0,371064 0,000204
limited 0,261365 0,000072
link 0,174353 0,000096
lion 0,579818 0,000319
list 0,301105 0,000083
literary 0,287682 0,000079
live 0,010050 0,000006
living 0,020203 0,000006
loaf 0,867501 0,000239
local 0,713350 0,000196
locate 0,371064 0,000102
location 0,494296 0,000136
lodge 0,494296 0,000272
lodging 0,776529 0,000214
london 0,415515 0,000114
loose 0,094311 0,000026
loosen 0,891598 0,000245
lord 0,223144 0,000061
lords 0,843970 0,000232
lose 0,000000 0,000000
loss 0,083382 0,000046
lot 0,051293 0,000014
loudly 0,400478 0,000110
love 0,030459 0,000025
lunatic 1,203973 0,000331
lure 1,108663 0,000305
lust 0,820981 0,000226
luxury 0,462035 0,000127
machine 0,210721 0,000058
mad 0,235722 0,000065
madman 0,941609 0,000259
magistrate 0,820981 0,000452
maim 1,272966 0,000350
main 0,127833 0,000035
maintain 0,094311 0,000104
maintenance 1,171183 0,000322
majority 0,597837 0,000164
maker 0,653926 0,000360
maladministration 3,506558 0,000964
malcontent 2,813411 0,000774
male 0,562119 0,000155
malice 0,776529 0,000214
malum 3,506558 0,000964
manage 0,261365 0,000216
management 0,843970 0,000232
manager 0,597837 0,000164
manet 3,506558 0,000964
mangle 1,897120 0,000522
manifest 0,478036 0,000131
manifestly 1,469676 0,000404
mankind 0,478036 0,000131
manner 0,040822 0,000011
manners 0,274437 0,000075
march 0,223144 0,000061
marked 0,061875 0,000017
marriage 0,314711 0,000087
martial 1,469676 0,000404
mast 0,941609 0,000259
master 0,072571 0,000040
masters 0,446287 0,000123
mate 0,713350 0,000196
material 0,261365 0,000072
matrimony 1,771957 0,000487
matter 0,000000 0,000000
mature 0,941609 0,000259
maturity 1,427116 0,000392
maxim 1,078810 0,000297
maximum 0,478036 0,000131
measure 0,127833 0,000105
meat 0,356675 0,000098
meddle 0,994252 0,000273
meditator 3,912023 0,001076
medium 0,223144 0,000061
meet 0,010050 0,000006
meeting 0,162519 0,000089
memory 0,162519 0,000045
mention 0,105361 0,000029
merchantability 0,994252 0,000273
mercy 0,210721 0,000058
mere 0,094311 0,000026
merit 0,371064 0,000102
metal 0,527633 0,000290
method 0,094311 0,000052
mexico 1,660731 0,000457
michael 0,400478 0,000110
middle 0,030459 0,000008
mightily 1,469676 0,000404
mighty 0,328504 0,000090
milton 1,609438 0,000443
mind 0,020203 0,000011
mindful 1,514128 0,000416
ministerial 2,659260 0,000731
ministerially 3,912023 0,001076
ministers 0,776529 0,000214
minor 0,713350 0,000196
minority 1,386294 0,000381
misapply 2,659260 0,000731
miscarriage 2,407946 0,000662
mischief 0,494296 0,000272
miscite 3,912023 0,001076
miserable 0,210721 0,000058
misery 0,248461 0,000137
mislead 0,994252 0,000273
mismanagement 2,407946 0,000662
mission 0,210721 0,000058
mississippi 0,415515 0,000114
mistake 0,186330 0,000102
mistaken 0,261365 0,000072
mistress 0,478036 0,000131
misuse 1,714798 0,000472
mitigate 1,771957 0,000487
mix 0,274437 0,000075
mixing 1,272966 0,000350
mixture 0,597837 0,000164
mockery 0,916291 0,000252
model 0,510826 0,000140
moderate 0,579818 0,000319
modest 0,371064 0,000102
modicum 2,302585 0,000633
modification 0,478036 0,000131
modify 0,356675 0,000098
modo 2,995732 0,000824
moment 0,010050 0,000003
monarch 1,108663 0,000610
monarchical 2,407946 0,000662
monarchy 1,660731 0,000913
money 0,051293 0,000014
morrow 0,328504 0,000090
moss 1,049822 0,000289
mother 0,072571 0,000020
mould 0,755023 0,000208
mount 0,210721 0,000058
mouth 0,061875 0,000017
multiplicity 1,714798 0,000472
multiply 0,776529 0,000427
multitude 0,385662 0,000212
municipal 2,040221 0,000561
murder 0,248461 0,000068
murderer 0,733969 0,000202
murmur 0,287682 0,000079
mutiny 1,469676 0,000404
mutual 0,510826 0,000140
mutually 1,386294 0,000381
mystery 0,235722 0,000065
nam 2,525729 0,000695
narrow 0,094311 0,000026
narrowness 1,560648 0,000429
nation 0,579818 0,000159
nations 0,673345 0,000185
native 0,314711 0,000087
natura 2,813411 0,000774
natural 0,094311 0,000026
naturally 0,210721 0,000058
nature 0,094311 0,000026
nearer 0,400478 0,000110
necessity 0,210721 0,000116
neck 0,174353 0,000048
needful 1,108663 0,000305
needy 1,660731 0,000457
neglect 0,274437 0,000226
negligence 0,415515 0,000114
negligent 1,609438 0,000443
neighbour 0,510826 0,000281
neighbourhood 0,776529 0,000214
nest 0,579818 0,000159
network 0,415515 0,000114
newsletter 0,562119 0,000155
nice 0,371064 0,000102
night 0,010050 0,000003
nisi 3,218876 0,000885
noah 1,514128 0,000416
nobility 0,755023 0,000208
noble 0,198451 0,000055
noise 0,139262 0,000038
nominate 2,207275 0,000607
nonage 3,506558 0,000964
nonproprietary 0,562119 0,000155
nonsense 0,478036 0,000131
norman 1,832581 0,001008
north 0,083382 0,000023
note 0,094311 0,000026
notice 0,020203 0,000006
notify 0,371064 0,000102
notion 0,314711 0,000173
nourish 0,916291 0,000756
nourishment 0,994252 0,000273
novas 3,912023 0,001076
noxious 1,897120 0,000522
nullum 3,912023 0,001076
num 3,218876 0,000885
numerous 0,235722 0,000065
nurse 0,301105 0,000083
nursing 0,867501 0,000239
nut 0,820981 0,000226
oak 0,673345 0,000185
oath 0,385662 0,000212
obedience 0,494296 0,000136
obey 0,223144 0,000184
object 0,105361 0,000029
objection 0,400478 0,000220
obligation 0,597837 0,000329
oblige 0,210721 0,000174
obscure 0,478036 0,000131
obscurity 0,967584 0,000266
observance 1,427116 0,000392
observation 0,446287 0,000123
observations 0,867501 0,000239
observe 0,094311 0,000078
observer 0,820981 0,000226
obsolete 0,446287 0,000123
obstinate 0,713350 0,000196
obstruct 1,309333 0,000360
obvious 0,415515 0,000114
occasion 0,105361 0,000087
occasional 0,510826 0,000140
occur 0,083382 0,000023
occurrence 0,693147 0,000191
ocean 0,415515 0,000114
odd 0,385662 0,000106
oddly 1,469676 0,000404
odds 1,108663 0,000305
odium 2,525729 0,000695
offence 0,527633 0,000290
offend 0,798508 0,000220
offended 0,616186 0,000169
offender 1,386294 0,000763
offer 0,020203 0,000017
office 0,072571 0,000040
officer 0,314711 0,000173
official 0,223144 0,000061
offspring 0,994252 0,000273
oftener 1,049822 0,000289
oil 0,446287 0,000123
oligarchy 2,659260 0,000731
omit 0,843970 0,000232
omni 2,813411 0,000774
omnipotency 3,506558 0,000964
omnipotent 1,660731 0,000457
online 0,510826 0,000140
openly 0,494296 0,000136
operate 0,916291 0,000252
operator 2,040221 0,000561
opinion 0,105361 0,000058
opportunity 0,061875 0,000034
oppose 0,579818 0,000478
opposed 0,653926 0,000180
opposer 3,218876 0,000885
opposition 0,494296 0,000136
oppress 1,309333 0,000360
oppressed 0,693147 0,000191
oppression 0,916291 0,000252
oppressor 1,771957 0,000487
oracle 1,237874 0,000340
ordain 0,891598 0,000736
ordinance 1,514128 0,000416
ordinarily 1,469676 0,000404
ordinary 0,186330 0,000051
ore 1,832581 0,000504
organized 0,356675 0,000098
original 0,105361 0,000058
originally 0,673345 0,000185
originator 0,478036 0,000131
outdated 0,562119 0,000155
outlast 2,813411 0,000774
outlive 1,560648 0,000429
outward 0,579818 0,000159
outweigh 1,469676 0,000404
oven 1,386294 0,000381
overcome 0,198451 0,000055
overplus 2,659260 0,000731
overrun 1,469676 0,000404
overthrow 0,967584 0,000266
overturn 0,994252 0,000820
owe 0,105361 0,000087
owen 2,995732 0,000824
owner 0,083382 0,000023
oxen 1,427116 0,000392
paction 3,912023 0,001076
pain 0,051293 0,000014
paper 0,083382 0,000046
paperback 3,912023 0,001076
paperwork 0,562119 0,000155
paragraph 0,328504 0,000181
paramount 1,714798 0,000472
parcel 0,867501 0,000477
pardon 0,287682 0,000079
parent 0,261365 0,000072
parental 1,514128 0,000416
parish 0,916291 0,000252
parliament 1,021651 0,000562
partage 3,912023 0,001076
partake 1,021651 0,000281
partial 0,733969 0,000202
partiality 1,427116 0,000392
particulars 0,776529 0,000214
party 0,030459 0,000017
pass 0,020203 0,000017
passion 0,174353 0,000048
passionate 0,634878 0,000175
passive 0,941609 0,000259
pasturage 3,218876 0,000885
pasture 1,108663 0,000305
paterfamilias 3,912023 0,001076
paternal 1,171183 0,000322
patience 0,139262 0,000038
patriarch 1,897120 0,000522
patron 0,776529 0,000214
pattern 0,597837 0,000164
pauperis 3,912023 0,001076
pay 0,030459 0,000025
payment 0,274437 0,000075
peace 0,094311 0,000026
peaceable 1,347074 0,000370
peaceably 1,714798 0,000472
peaceful 0,478036 0,000131
pebble 1,108663 0,000305
peculiar 0,223144 0,000061
penalty 0,820981 0,000226
penny 0,634878 0,000349
penury 2,120264 0,000583
peopled 1,514128 0,000416
peoples 1,514128 0,000416
peopling 2,995732 0,000824
perceive 0,198451 0,000055
perdition 1,832581 0,000504
perfect 0,061875 0,000034
perfection 0,446287 0,000123
perfectly 0,162519 0,000045
perform 0,072571 0,000060
performance 0,127833 0,000035
perilous 0,798508 0,000220
period 0,235722 0,000065
periodic 0,544727 0,000150
perish 0,462035 0,000381
perishable 2,120264 0,000583
perishableness 3,506558 0,000964
perjure 2,407946 0,000662
permanent 0,223144 0,000061
permission 0,150823 0,000041
permit 0,094311 0,000104
perpetual 0,478036 0,000131
perpetually 1,078810 0,000297
person -0,009950 -0,000008
persona 3,506558 0,000964
personally 0,798508 0,000220
persuade 0,223144 0,000184
peru 2,207275 0,000607
perverted 1,347074 0,000370
perverting 2,813411 0,000774
pest 1,560648 0,000858
peter 0,798508 0,000220
petty 0,776529 0,000214
phantom 0,967584 0,000266
philistines 2,407946 0,000662
phrase 0,139262 0,000038
physical 0,198451 0,000055
pick 0,223144 0,000061
piece 0,020203 0,000011
piety 1,078810 0,000297
pillage 1,514128 0,000416
pirate 1,108663 0,000305
pistol 0,820981 0,000226
pitch 0,261365 0,000144
pitcher 1,560648 0,000429
pity 0,139262 0,000038
plain 0,040822 0,000022
plainly 0,261365 0,000072
plane 1,171183 0,000322
plant 0,186330 0,000154
planting 1,560648 0,000429
plead 0,400478 0,000110
pleased 0,150823 0,000041
pleasure 0,051293 0,000014
plentiful 1,049822 0,000289
plenty 0,235722 0,000065
plough 0,941609 0,000259
plum 1,347074 0,000370
plurality 2,120264 0,000583
pocket 0,371064 0,000102
poison 0,371064 0,000102
pol 3,218876 0,000885
pole 0,494296 0,000136
policy 0,820981 0,000226
politic 2,207275 0,000607
political 0,562119 0,000155
politician 1,171183 0,000322
politics 0,713350 0,000196
polity 2,813411 0,001548
polyphemus 2,995732 0,000824
poor 0,020203 0,000006
popular 0,430783 0,000118
populi 3,506558 0,000964
populous 1,386294 0,000381
populum 3,506558 0,000964
populus 3,506558 0,000964
portion 0,301105 0,000166
positive 0,597837 0,000164
possess 0,061875 0,000051
possession 0,083382 0,000046
possessor 0,994252 0,000547
possibility 0,150823 0,000041
post 0,051293 0,000028
posterity 1,139434 0,000313
posture 0,967584 0,000266
potentate 2,302585 0,000633
potestas 3,912023 0,001076
potestate 3,912023 0,001076
pound 0,314711 0,000087
pour 0,116534 0,000032
power 0,030459 0,000017
powerful 0,223144 0,000061
practicable 1,309333 0,000360
practically 0,235722 0,000065
practice 0,116534 0,000032
praecipuum 3,912023 0,001076
preach 0,755023 0,000208
precede 0,385662 0,000106
precedency 3,218876 0,000885
precedent 1,469676 0,000404
precept 1,049822 0,000289
precipice 1,021651 0,000281
precise 0,776529 0,000214
predecessor 1,049822 0,000289
preengage 3,912023 0,001076
preface 0,713350 0,000196
prefer 0,174353 0,000096
preferable 1,386294 0,000381
prefix 2,040221 0,000561
prejudice 0,579818 0,000159
premise 0,891598 0,000245
prepare 0,116534 0,000032
prepared 0,105361 0,000029
prerogative 1,771957 0,000487
prescribe 0,776529 0,000854
prescription 1,469676 0,000404
presently 0,385662 0,000106
preservation 1,049822 0,000289
preserve 0,083382 0,000069
press 0,105361 0,000029
presume 0,462035 0,000254
pretence 0,891598 0,000490
pretend 0,186330 0,000154
prevail 0,287682 0,000158
prevarication 3,218876 0,000885
prevent 0,040822 0,000034
prevention 2,040221 0,000561
previous 0,094311 0,000026
prey 0,478036 0,000131
pride 0,150823 0,000041
priest 0,616186 0,000339
prince 0,462035 0,000254
principal 0,287682 0,000079
principality 2,207275 0,000607
principle 0,274437 0,000151
print 0,116534 0,000064
private 0,198451 0,000055
privatum 3,912023 0,001076
privilege 0,527633 0,000145
privileges 1,021651 0,000281
pro 2,040221 0,000561
probable 0,494296 0,000136
proceed 0,116534 0,000032
process 0,400478 0,000110
processing 0,562119 0,000155
proclaim 0,527633 0,000145
procreation 2,525729 0,000695
procure 0,415515 0,000343
produce 0,061875 0,000051
product 1,108663 0,000610
production 0,274437 0,000075
profane 1,021651 0,000281
professor 0,261365 0,000072
profit 0,083382 0,000046
progenitor 2,040221 0,000561
progress 0,162519 0,000045
prohibition 0,415515 0,000114
project -0,009950 -0,000003
prominently 0,494296 0,000136
promiscuously 2,525729 0,000695
promise 0,051293 0,000042
promote 0,274437 0,000226
promotion 0,342490 0,000094
promulgate 2,302585 0,000633
proof 0,274437 0,000151
proofread 0,562119 0,000155
propagate 1,771957 0,000487
proper 0,061875 0,000017
properest 2,659260 0,000731
properly 0,385662 0,000106
property 0,127833 0,000070
proportion 0,235722 0,000130
proportionably 2,813411 0,000774
proportionate 1,771957 0,000487
proposition 0,820981 0,000226
proprietary 0,562119 0,000155
proprietor 0,967584 0,000532
propriety 0,843970 0,000232
propter 3,218876 0,000885
prosecute 1,078810 0,000297
prosecution 1,203973 0,000331
prosper 1,171183 0,000322
prosperity 0,820981 0,000226
protect 0,139262 0,000077
protection 0,314711 0,000087
protector 1,139434 0,000313
prove 0,083382 0,000046
provide 0,127833 0,000070
provision 0,094311 0,000052
provocation 1,049822 0,000577
prudence 0,713350 0,000196
prudent 0,616186 0,000169
public 0,083382 0,000023
publicly 0,994252 0,000273
publish 0,478036 0,000131
publishing 1,771957 0,000487
pull 0,127833 0,000070
pulpit 1,171183 0,000322
punish 0,314711 0,000346
punishment 0,287682 0,000158
punitive 0,562119 0,000155
pupil 0,579818 0,000159
pupilage 3,506558 0,000964
purchase 0,400478 0,000110
pure 0,139262 0,000038
purely 0,713350 0,000196
purify 0,916291 0,000252
purpose 0,040822 0,000022
purse 0,562119 0,000155
pursuant 2,407946 0,000662
pursue 0,186330 0,000102
quae 2,995732 0,000824
quality 0,186330 0,000051
quam 2,995732 0,000824
quarrel 0,287682 0,000158
quarrelling 1,386294 0,000381
quarrelsome 1,771957 0,000487
quarter 0,105361 0,000029
quench 0,941609 0,000259
question 0,020203 0,000011
qui 1,469676 0,000404
quia 2,407946 0,000662
quibus 2,995732 0,000824
quick 0,127833 0,000035
quid 1,966113 0,000541
quiet 0,094311 0,000026
quietly 0,261365 0,000072
quit 0,462035 0,000508
quod 2,207275 0,000607
quorum 2,813411 0,000774
quotation 1,469676 0,000404
race 0,162519 0,000089
rage 0,139262 0,000038
railing 1,237874 0,000340
raiment 1,660731 0,000457
raise 0,020203 0,000006
rank 0,223144 0,000123
rapine 1,832581 0,000504
rare 0,261365 0,000072
rate 0,261365 0,000072
rational 0,867501 0,000239
ravenous 1,514128 0,000416
raving 1,309333 0,000360
reach 0,000000 0,000000
read 0,020203 0,000017
readable 0,510826 0,000140
reader 0,301105 0,000083
ready 0,030459 0,000017
real 0,040822 0,000011
reap 0,673345 0,000370
reaper 1,966113 0,000541
reason 0,010050 0,000006
reasonable 0,116534 0,000032
rebel 0,733969 0,000404
rebellion 0,941609 0,000259
rebellious 1,049822 0,000289
recant 3,506558 0,000964
receipt 0,261365 0,000072
receive 0,040822 0,000045
reciprocal 1,897120 0,000522
reckon 0,385662 0,000212
recompence 2,813411 0,000774
recompense 1,139434 0,000313
reconcile 0,597837 0,000164
reconciliation 1,021651 0,000281
record 0,223144 0,000123
recover 0,127833 0,000105
rectify 1,771957 0,000487
rectitude 1,897120 0,000522
red 0,061875 0,000017
redeem 0,776529 0,000214
redistribute 0,544727 0,000150
redistributing 0,562119 0,000155
redistribution 0,562119 0,000155
redress 1,560648 0,000429
reduce 0,314711 0,000173
refer 0,223144 0,000061
reference 0,198451 0,000109
reflection 0,274437 0,000075
refuge 0,446287 0,000123
refund 0,562119 0,000155
refuse 0,083382 0,000046
regal 1,897120 0,000522
regard 0,083382 0,000023
regiment 0,967584 0,000266
register 0,287682 0,000079
regnum 3,218876 0,000885
regulate 0,210721 0,000232
regulation 1,469676 0,000404
rei 2,813411 0,000774
reign 0,430783 0,000237
reinstate 2,120264 0,000583
relation 0,223144 0,000123
release 0,105361 0,000029
relief 0,186330 0,000051
relieve 0,198451 0,000055
religion 0,415515 0,000114
rely 0,579818 0,000159
remain 0,040822 0,000034
remainder 0,597837 0,000164
remains 0,150823 0,000041
remedium 3,912023 0,001076
remedy 0,150823 0,000083
remember 0,030459 0,000008
remiss 2,040221 0,000561
remit 1,897120 0,000522
remove 0,040822 0,000045
rename 0,544727 0,000150
render 0,186330 0,000102
renew 0,314711 0,000087
renounce 0,941609 0,000259
rent 0,510826 0,000140
repair 0,342490 0,000188
reparation 1,832581 0,000504
repeat 0,051293 0,000014
repellant 3,218876 0,000885
repent 0,634878 0,000175
replace 0,198451 0,000055
replacement 0,544727 0,000150
reply 0,105361 0,000029
report 0,051293 0,000028
repose 0,494296 0,000136
represent 0,210721 0,000116
representation 0,261365 0,000144
representative 0,820981 0,000452
reprint 1,660731 0,000457
reproach 0,301105 0,000083
republic 1,386294 0,000381
republish 2,302585 0,000633
repugnant 1,771957 0,000487
repulse 0,994252 0,000273
request 0,105361 0,000029
require 0,051293 0,000042
required 0,083382 0,000023
requirement 0,400478 0,000110
requisite 1,078810 0,000297
resemblance 0,713350 0,000196
reservation 1,609438 0,000443
resign 0,693147 0,000572
resist 0,274437 0,000302
resistance 0,430783 0,000118
resolution 0,385662 0,000212
resolve 0,287682 0,000158
respect 0,040822 0,000011
respectful 0,755023 0,000208
respects 0,527633 0,000145
responsum 3,912023 0,001076
rest 0,010050 0,000003
restore 0,223144 0,000123
restorer 2,525729 0,000695
restrain 0,579818 0,000319
restrained 0,776529 0,000214
restraint 0,713350 0,000196
restriction 0,371064 0,000102
resume 0,301105 0,000083
retain 0,235722 0,000130
retake 2,040221 0,000561
retire 0,415515 0,000114
retract 1,660731 0,000457
retribute 3,912023 0,001076
retribution 1,714798 0,000472
return 0,010050 0,000008
reveal 0,223144 0,000061
revelation 0,693147 0,000191
revenge 0,462035 0,000127
revenue 0,342490 0,000094
reverence 0,579818 0,000159
reverso 3,912023 0,001076
revert 1,049822 0,000866
revoke 2,302585 0,000633
revolting 1,560648 0,000429
revolution 0,634878 0,000175
reward 0,174353 0,000144
rex 2,995732 0,000824
rich 0,116534 0,000032
richardson 2,207275 0,000607
riches 0,798508 0,000220
richly 0,891598 0,000245
richness 1,469676 0,000404
rid 0,223144 0,000061
ridiculous 0,478036 0,000131
righteous 1,203973 0,000331
rightful 1,560648 0,000429
rightfully 2,659260 0,000731
rightly 0,430783 0,000118
rigid 0,820981 0,000226
rigour 1,832581 0,000504
rise 0,030459 0,000017
river 0,174353 0,000048
rob 0,356675 0,000196
robber 0,653926 0,000360
robbery 1,021651 0,000281
robert 1,078810 0,000297
rome 0,713350 0,000196
root 0,235722 0,000130
rope 0,430783 0,000118
rot 0,798508 0,000220
royalty 0,371064 0,000204
ruin 0,116534 0,000064
rule 0,030459 0,000017
ruler 0,891598 0,000490
ruling 1,171183 0,000322
sacred 0,415515 0,000114
sacredness 2,407946 0,000662
sacrifice 0,210721 0,000058
safe 0,116534 0,000064
safely 0,371064 0,000102
safety 0,356675 0,000098
sake 0,083382 0,000023
sale 0,776529 0,000214
salt 0,105361 0,000029
salus 3,506558 0,000964
salute 0,634878 0,000175
sam 1,771957 0,000487
samuel 1,237874 0,000340
sanction 1,237874 0,000340
sanctuary 1,237874 0,000340
satisfaction 0,186330 0,000051
satisfy 0,061875 0,000051
saul 1,966113 0,000541
savage 0,248461 0,000068
save 0,010050 0,000008
saxon 1,514128 0,000416
scarce 0,653926 0,000180
scarcely 0,301105 0,000083
scattered 0,139262 0,000038
scepter 2,813411 0,000774
scilicet 3,506558 0,000964
score 0,446287 0,000123
scotch 1,309333 0,000360
scripture 1,386294 0,000381
scruple 0,941609 0,000259
scrupulous 1,139434 0,000313
seal 0,371064 0,000102
search 0,040822 0,000011
season 0,235722 0,000130
secretly 0,597837 0,000164
sect 1,021651 0,000281
secundum 2,813411 0,000774
secure 0,061875 0,000051
security 0,478036 0,000131
sed 2,525729 0,000695
sedate 2,120264 0,000583
sedition 2,120264 0,000583
seditious 2,120264 0,000583
seed 0,510826 0,000140
seek 0,083382 0,000092
seignior 3,506558 0,000964
seize 0,116534 0,000032
seldom 0,301105 0,000083
select 0,301105 0,000083
sell 0,210721 0,000174
semper 2,525729 0,000695
senate 1,660731 0,000457
send 0,020203 0,000017
sense 0,051293 0,000014
sentence 0,094311 0,000026
separate 0,094311 0,000078
separately 1,108663 0,000305
separation 0,755023 0,000208
sequel 1,078810 0,000297
serio 3,506558 0,000964
serjeant 2,995732 0,000824
servant 0,105361 0,000058
serve 0,051293 0,000056
service 0,072571 0,000020
servile 1,309333 0,000360
set 0,010050 0,000008
settle 0,083382 0,000046
severe 0,301105 0,000166
severity 0,798508 0,000220
shadow 0,162519 0,000045
shake 0,072571 0,000040
shalt 1,171183 0,000322
share 0,030459 0,000034
shattered 0,867501 0,000239
shechemites 3,218876 0,000885
sheep 0,371064 0,000102
sheepcote 3,218876 0,000885
shepherd 0,843970 0,000232
shew 2,120264 0,002333
shewing 2,995732 0,000824
shield 0,634878 0,000175
shift 0,510826 0,000140
ship 0,198451 0,000055
short 0,020203 0,000011
shut 0,051293 0,000014
sight 0,040822 0,000011
signification 1,660731 0,000457
signify 0,634878 0,000524
silence 0,051293 0,000014
silent 0,051293 0,000014
silk 0,478036 0,000131
silver 0,210721 0,000058
simple 0,094311 0,000026
sincerely 0,867501 0,000239
sincerity 0,653926 0,000180
single 0,083382 0,000023
sink 0,072571 0,000020
sir 0,150823 0,000083
sit 0,010050 0,000008
sixth 0,446287 0,000123
skill 0,287682 0,000079
skin 0,174353 0,000048
slackened 1,203973 0,000331
slaughter 0,820981 0,000226
slave 0,356675 0,000196
slavery 0,798508 0,000220
slavish 1,771957 0,000487
slay 0,733969 0,000202
slight 0,072571 0,000040
slip 0,150823 0,000041
slow 0,139262 0,000038
slowness 1,514128 0,000416
soberly 1,469676 0,000404
sociable 1,272966 0,000350
society 0,210721 0,000116
soever 1,966113 0,000541
soil 0,478036 0,000131
soldier 0,415515 0,000229
sole 0,301105 0,000083
solely 0,733969 0,000202
solemn 0,301105 0,000083
solemnly 0,579818 0,000159
solicit 0,314711 0,000087
solicitation 0,430783 0,000118
solo 2,207275 0,000607
solution 0,755023 0,000208
son 0,083382 0,000046
sore 0,527633 0,000145
sort 0,072571 0,000040
soul 0,083382 0,000046
sound 0,010050 0,000006
source 0,274437 0,000075
sovereign 0,733969 0,000202
sovereignty 1,771957 0,000487
sow 0,579818 0,000478
spain 0,994252 0,000273
spare 0,116534 0,000096
sparkling 0,776529 0,000214
sparta 2,120264 0,000583
speak 0,030459 0,000017
speaking 0,072571 0,000020
special 0,083382 0,000023
species 0,634878 0,000175
specious 1,966113 0,000541
speech 0,139262 0,000038
spend 0,051293 0,000028
spender 3,912023 0,001076
spirit 0,051293 0,000014
spoil 0,274437 0,000302
spontaneous 1,139434 0,000313
spread 0,051293 0,000028
spring 0,051293 0,000042
staff 0,261365 0,000072
stamp 0,261365 0,000072
stand -0,009950 -0,000011
standard 0,544727 0,000150
start -0,009950 -0,000003
starve 0,562119 0,000309
statement 0,186330 0,000051
station 0,235722 0,000130
status 0,446287 0,000123
steadily 0,415515 0,000114
steady 0,301105 0,000083
steal 0,105361 0,000029
steering 1,386294 0,000381
stick 0,174353 0,000048
stickler 3,506558 0,000964
stile 1,832581 0,000504
stir 0,210721 0,000058
stock 0,235722 0,000194
stone 0,094311 0,000052
stoop 0,400478 0,000110
store 0,061875 0,000034
story 0,030459 0,000008
stout 0,527633 0,000145
straiten 2,120264 0,001166
strange 0,061875 0,000017
stranger 0,139262 0,000038
strangers 0,356675 0,000098
straw 0,342490 0,000094
street 0,116534 0,000032
strength 0,030459 0,000008
stress 0,891598 0,000245
stretch 0,116534 0,000032
strict 0,186330 0,000051
strife 0,994252 0,000273
strike 0,020203 0,000006
striking 0,274437 0,000075
strip 0,385662 0,000212
strong 0,020203 0,000017
studier 3,506558 0,000964
study 0,094311 0,000026
subdue 0,941609 0,000518
subdued 0,494296 0,000136
subject 0,061875 0,000051
subjection 1,272966 0,000350
submission 0,776529 0,000214
submit 0,430783 0,000474
subordinate 0,967584 0,000266
subordination 2,525729 0,000695
subscribe 0,342490 0,000094
subservient 1,897120 0,000522
subsist 1,347074 0,001482
subsistence 1,609438 0,000443
substance 0,415515 0,000114
substitute 0,713350 0,000196
subvert 2,302585 0,001267
success 0,162519 0,000045
succession 0,510826 0,000281
successor 0,916291 0,000504
sudden 0,072571 0,000020
suddenly 0,040822 0,000011
suffer 0,061875 0,000034
sufferer 0,891598 0,000245
suffice 0,544727 0,000150
sufficient 0,139262 0,000038
sugar 0,776529 0,000214
suit 0,198451 0,000055
suitable 0,462035 0,000127
suitably 2,040221 0,000561
suited 0,597837 0,000164
summer 0,186330 0,000051
summon 0,544727 0,000150
summons 0,867501 0,000239
sundry 1,386294 0,000381
sunt 2,302585 0,000633
superintend 1,347074 0,000370
superior 0,261365 0,000072
superiority 0,673345 0,000185
supply 0,210721 0,000174
support 0,094311 0,000078
suppose 0,020203 0,000022
supposition 0,776529 0,000214
suppress 0,446287 0,000123
supreme 0,616186 0,000169
survive 0,186330 0,000051
suspect 0,162519 0,000045
suspicion 0,210721 0,000116
sustain 0,314711 0,000087
sustenance 1,469676 0,000404
swaddle 1,897120 0,000522
swallow 0,261365 0,000072
swamp 0,287682 0,000079
sweat 0,562119 0,000155
sweep 0,274437 0,000075
swiss 1,897120 0,000522
sword 0,430783 0,000237
sympathy 0,314711 0,000087
synonymous 0,446287 0,000123
syracuse 2,207275 0,000607
tacit 1,560648 0,000429
tacitly 2,302585 0,000633
talk 0,061875 0,000034
tame 0,820981 0,000226
tantum 3,506558 0,000964
tar 1,469676 0,000404
task 0,248461 0,000068
tax 0,248461 0,000137
teach 0,083382 0,000046
teacher 0,415515 0,000114
tear 0,030459 0,000008
teat 2,995732 0,000824
temper 0,261365 0,000072
temporary 0,713350 0,000196
tempore 3,218876 0,000885
tempt 0,415515 0,000114
temptation 0,430783 0,000118
tenant 1,108663 0,000305
tend 0,430783 0,000355
tendency 0,527633 0,000145
tender 0,301105 0,000083
tenderness 0,616186 0,000169
tenth 0,733969 0,000202
term 0,061875 0,000034
terminate 1,108663 0,000305
terrify 0,579818 0,000159
territory 1,203973 0,000662
testament 1,049822 0,000289
testimony 0,562119 0,000155
theatre 0,820981 0,000226
thee 0,597837 0,000164
thenceforth 1,560648 0,000429
thereunto 2,813411 0,000774
therewith 1,560648 0,000429
thief 0,462035 0,000127
thinness 2,207275 0,000607
thirdly 1,347074 0,000370
thirst 0,494296 0,000136
tho 2,207275 0,000607
thousandth 1,897120 0,000522
threat 0,634878 0,000175
threaten 0,186330 0,000154
thresher 3,218876 0,000885
thro 2,407946 0,000662
throat 0,223144 0,000061
throne 0,733969 0,000202
throw 0,010050 0,000003
thrust 0,287682 0,000079
thy 0,634878 0,000175
tie 0,105361 0,000087
tillage 1,966113 0,000541
tim 2,407946 0,000662
timber 0,798508 0,000220
time -0,009950 -0,000005
title 0,116534 0,000064
tobacco 0,713350 0,000196
toil 0,430783 0,000118
tolerable 0,994252 0,000273
tool 0,478036 0,000131
tooth 0,186330 0,000051
totally 0,916291 0,000252
totum 2,995732 0,000824
touch 0,010050 0,000003
town 0,094311 0,000026
trace 0,198451 0,000109
tract 1,049822 0,000577
trade 0,287682 0,000079
trademark 0,562119 0,000155
train 0,162519 0,000045
tranquillity 1,049822 0,000289
transaction 0,967584 0,000266
transcribe 0,462035 0,000127
transcription 0,527633 0,000145
transfer 0,693147 0,000381
transgress 1,386294 0,001144
transgression 1,560648 0,000858
transgressor 2,302585 0,000633
travelling 0,693147 0,000191
treasure 0,261365 0,000072
treat 0,127833 0,000105
treatise 1,272966 0,000700
treatment 0,127833 0,000035
tree 0,061875 0,000017
trespass 1,609438 0,000885
tribe 0,693147 0,000191
tribunal 1,427116 0,000392
tribute 1,021651 0,000281
triumph 0,261365 0,000144
troops 0,941609 0,000259
trouble 0,010050 0,000006
truck 1,560648 0,000429
true 0,020203 0,000006
trust 0,061875 0,000034
trustee 2,207275 0,000607
truth 0,030459 0,000008
tu 1,609438 0,000443
tuition 1,771957 0,000487
tumult 0,798508 0,000220
turbulency 3,912023 0,001076
turbulent 1,560648 0,000429
turf 1,237874 0,000340
turkish 1,427116 0,000392
tutor 1,078810 0,000593
tye 3,912023 0,001076
type 0,174353 0,000048
tyranni 3,506558 0,000964
tyrannical 1,514128 0,000416
tyrannize 2,120264 0,000583
tyrannus 3,506558 0,000964
tyranny 1,108663 0,000305
tyrant 0,843970 0,000464
ubi 2,659260 0,000731
ultimate 0,941609 0,000259
ultimately 1,108663 0,000305
ulysses 1,832581 0,000504
umpirage 3,912023 0,001076
umpire 2,407946 0,000662
unabridged 3,506558 0,000964
unalterable 1,309333 0,000360
unalterably 2,813411 0,000774
unassisted 2,407946 0,000662
unavoidably 2,120264 0,000583
unbiassed 3,506558 0,000964
uncapable 3,218876 0,000885
uncertain 0,301105 0,000083
uncertainty 0,776529 0,000214
unconceivable 3,912023 0,001076
unconcernedness 3,912023 0,001076
unconfined 3,218876 0,000885
uncultivated 2,207275 0,000607
undeniably 2,525729 0,000695
underhand 2,407946 0,000662
understand 0,020203 0,000017
understanding 0,223144 0,000123
undertake 0,385662 0,000212
undetermined 2,525729 0,000695
undoubted 1,386294 0,000381
undoubtedly 0,634878 0,000175
uneasy 0,544727 0,000150
unenforceability 0,562119 0,000155
unequal 0,843970 0,000232
unfit 1,108663 0,000305
unforesee 3,912023 0,001076
unforeseen 1,514128 0,000416
unfortunate 0,314711 0,000087
unfrequented 2,040221 0,000561
ungrateful 0,798508 0,000220
unhinge 2,207275 0,000607
uniform 0,210721 0,000058
union 0,494296 0,000136
unite 0,867501 0,000716
united 0,094311 0,000026
unity 1,049822 0,000289
universal 0,478036 0,000131
universally 0,967584 0,000266
universe 0,733969 0,000202
unjust 0,693147 0,000191
unjustice 3,912023 0,001076
unjustly 1,108663 0,000305
unknown 0,105361 0,000029
unlawful 1,469676 0,000404
unlimited 1,078810 0,000297
unlink 0,562119 0,000155
unpossessed 3,506558 0,000964
unprotected 0,673345 0,000185
unprovided 2,302585 0,000633
unquestionable 1,714798 0,000472
unreasonable 0,967584 0,000266
unrestrained 1,714798 0,000472
unsafe 1,897120 0,000522
unsecure 3,912023 0,001076
unsolicited 0,510826 0,000140
unsteady 1,469676 0,000404
untie 1,309333 0,000360
untouched 1,171183 0,000322
unum 2,813411 0,000774
unwilling 0,653926 0,000180
unwritten 1,966113 0,000541
upbraid 1,386294 0,000381
update 0,510826 0,000140
upright 0,301105 0,000083
uprightness 1,771957 0,000487
urge 0,274437 0,000151
usage 0,733969 0,000202
useless 0,235722 0,000065
user 0,544727 0,000150
usual 0,139262 0,000038
usurp 1,469676 0,001213
usurpation 2,207275 0,000607
usurper 1,771957 0,000487
ut 0,510826 0,000140
utensil 1,347074 0,000370
utmost 0,356675 0,000098
utterly 0,371064 0,000102
vacant 0,693147 0,000191
vain 0,116534 0,000032
valid 1,966113 0,000541
valuable 0,342490 0,000094
vanilla 0,544727 0,000150
vanish 0,314711 0,000087
vanquish 0,916291 0,000252
variable 1,897120 0,000522
variableness 2,995732 0,000824
variation 0,994252 0,000273
variety 0,150823 0,000041
vary 0,342490 0,000283
vast 0,223144 0,000061
vega 3,912023 0,001076
vel 2,813411 0,000774
venice 1,427116 0,000392
venison 1,771957 0,000487
vent 0,798508 0,000220
version 0,342490 0,000094
vest 1,108663 0,000305
vial 2,120264 0,000583
vicious 0,653926 0,000180
victor 0,967584 0,000266
victory 0,356675 0,000098
view 0,040822 0,000022
vigour 0,843970 0,000232
vii 0,430783 0,000118
viii 0,446287 0,000123
villain 0,916291 0,000252
vim 3,218876 0,000885
vindicate 1,427116 0,000392
violate 0,342490 0,000283
violation 1,560648 0,000429
violence 0,248461 0,000137
violent 0,223144 0,000061
violently 0,462035 0,000127
viper 1,832581 0,000504
virtue 0,287682 0,000079
virtuous 0,653926 0,000180
virus 0,527633 0,000145
visible 0,235722 0,000065
visibly 0,916291 0,000252
visit 0,030459 0,000008
vitae 3,912023 0,001076
viviparous 3,218876 0,000885
voice 0,020203 0,000006
void 0,261365 0,000072
voluntary 0,843970 0,000232
volunteer 0,314711 0,000087
volunteers 0,430783 0,000118
vote 0,843970 0,000464
wages 0,916291 0,000252
walk 0,000000 0,000000
wander 0,116534 0,000064
wantonness 1,514128 0,000416
war 0,139262 0,000115
ward 0,755023 0,000208
ware 1,660731 0,000457
warrant 0,562119 0,000155
warranty 0,544727 0,000300
waste 0,127833 0,000105
watch 0,020203 0,000011
water 0,040822 0,000011
weak 0,105361 0,000058
weakness 0,248461 0,000068
weal 1,714798 0,000472
wealth 0,287682 0,000158
wear 0,083382 0,000023
wearer 1,771957 0,000487
weary 0,186330 0,000051
weather 0,248461 0,000068
weave 0,693147 0,000191
week 0,127833 0,000035
weigh 0,162519 0,000045
weight 0,116534 0,000032
welfare 0,916291 0,000252
west 0,083382 0,000023
whatsoever 0,287682 0,000079
wheat 0,994252 0,000273
whensoever 2,659260 0,000731
whereat 1,560648 0,000429
wherefore 1,139434 0,000313
whereof 1,237874 0,000340
wheresoever 2,207275 0,000607
whirl 0,527633 0,000145
white 0,051293 0,000014
wholly 0,400478 0,000110
whomsoever 1,897120 0,000522
whoso 2,207275 0,000607
whosoever 1,714798 0,000472
wicked 0,328504 0,000090
wide 0,030459 0,000017
widespread 0,916291 0,000252
wife 0,083382 0,000046
wild 0,051293 0,000014
wilderness 0,673345 0,000185
wilfully 1,609438 0,000443
william 0,798508 0,000220
willingly 0,527633 0,000145
wind 0,094311 0,000052
winding 1,560648 0,000429
wine 0,235722 0,000065
wing 0,314711 0,000087
winter 0,198451 0,000055
wisdom 0,287682 0,000079
wise 0,094311 0,000078
wisht 2,659260 0,000731
withdraw 0,210721 0,000116
withstand 1,021651 0,000281
withy 3,218876 0,000885
woful 3,218876 0,000885
wolf 0,597837 0,000164
woman 0,030459 0,000008
wonderful 0,162519 0,000045
wood 0,083382 0,000046
woodfall 3,912023 0,001076
wool 1,049822 0,000289
word 0,020203 0,000006
workman 0,755023 0,000208
workmanship 1,272966 0,000350
worldly 0,820981 0,000226
worth 0,061875 0,000017
worthless 0,843970 0,000232
worthy 0,186330 0,000102
wrapt 1,714798 0,000472
wrest 1,203973 0,000331
wretched 0,328504 0,000090
writ 1,386294 0,000381
write 0,020203 0,000006
writer 0,328504 0,000090
writing 0,061875 0,000017
wrong 0,072571 0,000040
xi 0,597837 0,000164
xii 0,579818 0,000159
xiii 0,673345 0,000185
xiv 0,693147 0,000191
xix 0,867501 0,000239
xvi 0,776529 0,000214
xvii 0,843970 0,000232
xviii 0,891598 0,000245
xx 0,916291 0,000252
xxi 0,867501 0,000239
yellow 0,314711 0,000087
yield 0,174353 0,000144
yoke 0,994252 0,000273
zealous 1,049822 0,000289
