abandon 0,223144 0,000112
abandonment 1,514128 0,000380
abate 1,108663 0,000557
abide 0,248461 0,000062
ability 0,478036 0,000240
abject 1,049822 0,000264
abolish 1,272966 0,000320
abortive 2,040221 0,000512
abreast 1,203973 0,000302
absence 0,274437 0,000069
absent 0,371064 0,000093
absolute 0,400478 0,000101
absolutely 0,287682 0,000072
absorb 0,446287 0,000112
abstain 1,139434 0,000572
abundance 0,843970 0,000212
accept 0,061875 0,000031
acceptable 0,967584 0,000243
access 0,314711 0,000079
accession 1,966113 0,000494
accident 0,274437 0,000069
acclaimed 2,995732 0,000753
accommodate 0,916291 0,000230
accompany 0,094311 0,000024
accomplish 0,634878 0,000159
accomplished 0,385662 0,000097
accomplishment 0,994252 0,000250
accord 0,527633 0,000265
account 0,010050 0,000003
accredited 2,995732 0,000753
accumulate 0,891598 0,000224
accuse 0,385662 0,000194
accustom 1,560648 0,000392
accustomed 0,287682 0,000072
achieve 0,597837 0,000451
achievement 1,171183 0,000294
achilles 1,560648 0,000392
acknowledge 0,274437 0,000138
acquaint 0,342490 0,000086
acquire 0,371064 0,000373
acquisition 1,272966 0,000320
acting 1,560648 0,000392
action 0,094311 0,000047
activity 0,415515 0,000209
actor 0,755023 0,000190
acuteness 1,427116 0,000358
adapt 0,653926 0,000164
add 0,094311 0,000071
addict 3,506558 0,000881
addition 0,116534 0,000029
additional 0,198451 0,000050
address 0,072571 0,000036
adduce 2,120264 0,000533
adhere 0,916291 0,000230
adherent 2,120264 0,000533
administration 1,427116 0,000358
administrator 2,207275 0,001109
admirable 0,527633 0,000133
admirably 1,203973 0,000302
admiration 0,342490 0,000086
admire 0,356675 0,000090
admired 0,579818 0,000146
admit 0,116534 0,000088
admonish 1,237874 0,000311
adopt 0,673345 0,000169
adorn 0,634878 0,000159
adornment 1,560648 0,000392
adriatic 2,407946 0,000605
adroitly 2,120264 0,000533
advance 0,061875 0,000031
advantage 0,127833 0,000064
advantageous 1,237874 0,000311
adventure 0,301105 0,000076
adventurous 1,237874 0,000311
adversary 0,867501 0,000218
adverse 1,514128 0,000380
adversity 1,560648 0,000392
advice 0,186330 0,000047
advisable 1,309333 0,000329
advise 0,301105 0,000076
adviser 1,560648 0,000392
advocate 0,867501 0,000218
affability 1,897120 0,000477
affable 1,514128 0,000380
affair 0,094311 0,000047
affection 0,235722 0,000118
affirm 0,843970 0,000212
afraid 0,105361 0,000026
africa 0,967584 0,000243
age 0,040822 0,000021
agency 1,021651 0,000257
agent 0,223144 0,000056
aggrandize 3,506558 0,001762
aggrandizement 2,659260 0,000668
aggrieved 1,832581 0,000460
agility 1,272966 0,000320
agree 0,051293 0,000039
agreeable 0,462035 0,000116
agreement 0,210721 0,000053
agriculture 1,771957 0,000445
aid 0,210721 0,000053
aim 0,287682 0,000145
air 0,061875 0,000016
alamanni 3,912023 0,000983
alarmed 0,478036 0,000120
alba 2,659260 0,000668
alexander 1,108663 0,000278
alexandria 1,714798 0,000431
alien 1,272966 0,000320
alienate 2,120264 0,000533
alike 0,287682 0,000072
alive 0,051293 0,000013
allegation 2,995732 0,000753
allege 1,108663 0,000557
alliance 1,108663 0,000557
allo 3,506558 0,000881
allude 0,891598 0,000224
allurement 1,560648 0,000392
ally 0,713350 0,000538
alter 0,235722 0,000059
alterum 3,506558 0,000881
altogether 0,198451 0,000050
amazement 0,446287 0,000112
ambassador 1,108663 0,000278
ambiguous 1,771957 0,000445
ambition 0,510826 0,000257
ambitious 0,891598 0,000224
amity 2,120264 0,000533
ample 0,527633 0,000133
amusing 0,693147 0,000174
anarchy 1,832581 0,000460
ancestor 0,462035 0,000116
ancient 0,198451 0,000050
ancor 3,912023 0,000983
andria 3,506558 0,000881
anger 0,287682 0,000145
animosity 1,427116 0,000358
anne 1,560648 0,000392
annex 1,272966 0,000320
annoyance 0,967584 0,000243
answer 0,020203 0,000015
anticipate 0,616186 0,000310
antiquity 0,941609 0,000237
antonio 2,525729 0,000634
anxiety 0,287682 0,000145
anxious 0,261365 0,000066
apparel 1,171183 0,000294
apparent 0,314711 0,000079
appearance 0,072571 0,000018
append 2,040221 0,000512
applicable 0,400478 0,000101
apply 0,116534 0,000059
appoint 0,328504 0,000083
appointment 0,579818 0,000146
appreciative 2,207275 0,000554
apprehend 0,798508 0,000201
approach 0,040822 0,000041
arbiter 1,966113 0,000988
arbitrament 3,506558 0,000881
archbishop 1,560648 0,000392
archer 1,560648 0,000392
architect 1,139434 0,000286
argue 0,371064 0,000093
argument 0,287682 0,000072
arm 0,030459 0,000023
armament 2,207275 0,000554
armed 0,385662 0,000097
army 0,356675 0,000179
arrange 0,198451 0,000100
arrangement 0,274437 0,000069
array 0,248461 0,000125
arrest 0,544727 0,000274
arrival 0,328504 0,000083
arrive 0,083382 0,000063
arrow 0,510826 0,000128
ars 3,218876 0,000809
art 0,127833 0,000064
arte 3,506558 0,000881
artel 3,912023 0,001965
artfully 1,832581 0,000460
artillery 1,386294 0,000348
artistic 1,049822 0,000264
ascend 0,430783 0,000108
ascendancy 2,302585 0,000578
ascent 0,994252 0,000250
ashamed 0,248461 0,000062
asia 1,108663 0,000278
asiatic 1,660731 0,000417
aspect 0,446287 0,000112
asperity 2,207275 0,000554
aspire 0,967584 0,000486
assail 0,891598 0,000224
assassination 2,120264 0,001065
assault 0,798508 0,000201
assemble 0,462035 0,000232
assembling 1,714798 0,000431
assent 0,579818 0,000146
assert 0,462035 0,000232
assign 0,597837 0,000150
assignable 3,506558 0,000881
assist 0,328504 0,000330
assistance 0,105361 0,000026
associate 0,713350 0,000179
association 0,713350 0,000179
assume 0,162519 0,000082
assure 0,127833 0,000064
astonish 0,261365 0,000066
astonishing 0,653926 0,000164
astute 1,609438 0,000404
astuteness 3,218876 0,000809
athenians 2,040221 0,000512
athens 1,386294 0,000348
atop 2,659260 0,000668
attach 0,116534 0,000059
attachment 0,916291 0,000230
attack 0,198451 0,000199
attain 0,328504 0,000330
attempt 0,051293 0,000039
attention 0,083382 0,000042
attentively 0,755023 0,000190
attract 0,261365 0,000131
attraction 0,653926 0,000164
attribute 0,527633 0,000398
audacity 1,237874 0,000311
augment 1,139434 0,000286
august 0,616186 0,000155
auspices 1,832581 0,000460
austere 1,171183 0,000294
austria 1,966113 0,000494
author 0,116534 0,000029
authority 0,223144 0,000112
auxiliary 1,897120 0,000477
avail 0,462035 0,000348
avarice 1,049822 0,000264
avaricious 1,771957 0,000445
avenge 0,891598 0,000448
average 0,733969 0,000184
avoid 0,105361 0,000106
await 0,314711 0,000158
awaken 0,430783 0,000108
aware 0,223144 0,000056
awed 1,560648 0,000392
axiom 1,771957 0,000445
baby 0,653926 0,000164
bacon 0,994252 0,000250
bad 0,020203 0,000015
badly 0,446287 0,000112
balance 0,342490 0,000086
balcony 1,347074 0,000338
band 0,342490 0,000086
banish 0,562119 0,000141
banishment 1,427116 0,000358
bank 0,210721 0,000106
banner 0,967584 0,000243
banquet 1,108663 0,000557
baptize 1,660731 0,000417
barbarian 1,386294 0,000348
barbarity 2,207275 0,000554
barbarous 1,108663 0,000278
bare 0,150823 0,000038
baron 1,427116 0,000717
barren 0,713350 0,000179
barrier 0,776529 0,000195
base 0,094311 0,000024
baseness 1,469676 0,000369
basis 0,673345 0,000169
bath 0,274437 0,000069
bathe 1,139434 0,000286
battalion 1,714798 0,000431
battle 0,235722 0,000118
battlefield 1,966113 0,000494
beam 0,430783 0,000108
bear 0,000000 0,000000
beast 0,235722 0,000118
beat 0,083382 0,000042
beatrice 2,525729 0,000634
beautiful 0,083382 0,000021
becomingly 2,407946 0,000605
bed 0,051293 0,000013
befall 0,527633 0,000133
beg 0,116534 0,000088
beget 1,171183 0,000294
behalf 0,713350 0,000179
behave 0,462035 0,000116
behead 1,897120 0,000477
behold 0,235722 0,000059
behove 2,302585 0,000578
belief 0,198451 0,000050
belong 0,072571 0,000036
beloved 0,415515 0,000104
benefactor 0,967584 0,000243
benefice 3,218876 0,000809
benefit 0,356675 0,000269
benignant 2,407946 0,000605
benignity 2,407946 0,000605
bergamo 3,912023 0,000983
beset 0,941609 0,000237
besiege 1,272966 0,000959
bestow 0,430783 0,000216
bestrewn 3,218876 0,000809
betake 1,272966 0,000320
betrayal 2,120264 0,000533
bianca 3,506558 0,000881
bianchi 3,218876 0,000809
bid 0,186330 0,000047
billet 1,771957 0,000445
bind 0,030459 0,000023
binding 0,867501 0,000218
birth 0,301105 0,000076
bit 0,139262 0,000035
bite 0,371064 0,000093
blacksmith 1,427116 0,000358
blame 0,162519 0,000082
blindfold 1,897120 0,000477
block 0,494296 0,000248
blood 0,116534 0,000029
bloodshed 1,386294 0,000348
bloody 0,527633 0,000133
blow 0,061875 0,000031
blunder 0,776529 0,000195
blush 0,562119 0,000282
boast 0,328504 0,000083
boasting 1,108663 0,000278
bodily 0,673345 0,000169
body 0,010050 0,000005
bodyguard 2,525729 0,000634
bold 0,223144 0,000112
boldly 0,462035 0,000116
boldness 0,916291 0,000230
bologna 2,207275 0,000554
bolognese 3,506558 0,000881
bond 0,478036 0,000120
bondage 1,203973 0,000302
bondmen 2,813411 0,000707
bone 0,198451 0,000050
bons 2,995732 0,000753
book 0,040822 0,000021
border 0,400478 0,000101
bound 0,301105 0,000151
boundless 0,891598 0,000224
bow 0,127833 0,000032
bowshot 3,506558 0,000881
boy 0,105361 0,000053
braccio 3,912023 0,000983
brag 1,609438 0,000404
branch 0,186330 0,000047
brave 0,342490 0,000086
break 0,010050 0,000008
breed 0,342490 0,000086
brevity 1,560648 0,000392
bridge 0,430783 0,000108
bridle 0,916291 0,000230
bring 0,000000 0,000000
british 0,843970 0,000212
brittany 2,995732 0,000753
brocade 2,040221 0,000512
brother 0,127833 0,000032
brutal 0,755023 0,000190
buckler 1,897120 0,000477
build 0,094311 0,000071
building 0,210721 0,000106
burd 3,912023 0,000983
burden 0,198451 0,000100
burgundy 2,040221 0,000512
burn 0,061875 0,000031
bury 0,186330 0,000047
business 0,040822 0,000010
caesar 1,609438 0,000404
calling 0,733969 0,000184
calm 0,274437 0,000069
calumny 1,714798 0,000431
camp 0,544727 0,000137
campaign 1,021651 0,000257
campaigns 2,040221 0,000512
canal 1,171183 0,000294
cancel 1,897120 0,000477
canonry 3,912023 0,000983
canst 1,514128 0,000380
canzoni 3,912023 0,000983
cap 0,356675 0,000090
capability 1,966113 0,000494
capable 0,261365 0,000066
capacity 0,510826 0,000128
cape 0,916291 0,000230
capital 0,314711 0,000079
capitano 3,912023 0,000983
captain 0,328504 0,000165
captive 0,755023 0,000190
capture 0,597837 0,000300
cardinal 1,469676 0,000369
cardinals 2,302585 0,000578
care 0,000000 0,000000
career 0,478036 0,000120
careful 0,174353 0,000044
carefully 0,139262 0,000035
carlo 2,525729 0,000634
carrara 3,218876 0,000809
carry 0,010050 0,000008
carthaginian 2,659260 0,000668
cask 1,309333 0,000329
cast 0,116534 0,000029
castellan 3,912023 0,000983
castile 2,813411 0,000707
castle 0,755023 0,000379
catch 0,072571 0,000018
catherine 1,609438 0,000404
catholic 1,139434 0,000286
caution 0,478036 0,000120
cautious 0,673345 0,000169
cautiously 0,867501 0,000218
cavalcade 2,407946 0,000605
cavalry 1,469676 0,000369
cease 0,061875 0,000016
celebrate 0,967584 0,000243
celebrated 0,562119 0,000141
cenotaph 3,506558 0,000881
centaur 1,832581 0,000460
center 1,309333 0,000329
centre 0,385662 0,000097
centurion 2,659260 0,000668
century 0,328504 0,000083
certainty 0,342490 0,000086
cesare 3,506558 0,000881
chain 0,174353 0,000044
chalk 1,139434 0,000286
challenge 0,755023 0,000190
chamber 0,328504 0,000083
champion 0,916291 0,000230
chance 0,061875 0,000031
chancellor 2,040221 0,000512
chancery 2,040221 0,000512
change 0,010050 0,000005
changeable 2,120264 0,000533
changeful 2,659260 0,000668
chapter 0,328504 0,000083
character 0,061875 0,000031
characteristic 0,400478 0,000201
charge 0,040822 0,000021
charger 2,302585 0,000578
charles 0,597837 0,000150
charm 0,342490 0,000086
chase 0,430783 0,000108
chaste 1,203973 0,000302
chastise 1,560648 0,000392
chastity 1,514128 0,000380
che 2,525729 0,000634
cheat 0,776529 0,000195
check 0,072571 0,000018
cherish 0,653926 0,000164
chiding 2,207275 0,000554
chief 0,094311 0,000047
chiefly 0,527633 0,000133
child 0,040822 0,000021
childhood 0,527633 0,000133
chill 0,597837 0,000150
chiron 2,659260 0,000668
choice 0,150823 0,000038
choose 0,020203 0,000015
choosing 0,867501 0,000218
christendom 1,660731 0,000417
christian 0,385662 0,000097
christopher 1,897120 0,000477
church 0,261365 0,000066
cicero 1,609438 0,000404
circle 0,150823 0,000038
circumspect 1,897120 0,000477
circumstance 0,116534 0,000059
circumvent 2,120264 0,000533
citadel 1,560648 0,000392
cite 1,469676 0,000738
citizen 0,673345 0,000338
city 0,051293 0,000026
civil 0,544727 0,000137
clan 2,302585 0,000578
class 0,248461 0,000062
clean 0,210721 0,000053
cleanse 1,237874 0,000311
clemency 1,832581 0,000460
clement 2,040221 0,000512
clever 0,371064 0,000093
cleverly 1,514128 0,000380
cleverness 1,609438 0,000404
cloak 0,527633 0,000133
close 0,010050 0,000005
closely 0,223144 0,000056
cloth 0,356675 0,000090
clothe 0,287682 0,000072
clothes 0,127833 0,000032
cloud 0,150823 0,000038
col 2,813411 0,000707
coldly 0,916291 0,000230
colleague 1,427116 0,000358
collect 0,248461 0,000062
collection 0,162519 0,000041
collectively 2,207275 0,000554
college 0,693147 0,000174
colony 1,139434 0,000572
colouring 1,514128 0,000380
combat 0,820981 0,000412
combatter 3,912023 0,000983
combination 0,634878 0,000159
comedy 0,916291 0,000230
coming 1,021651 0,000257
command 0,116534 0,000088
commemoration 2,813411 0,000707
commence 0,579818 0,000291
commencement 1,108663 0,000278
commend 0,798508 0,000201
comment 0,478036 0,000240
commerce 1,078810 0,000271
commission 0,579818 0,000291
commissioners 2,120264 0,000533
commit 0,116534 0,000059
common 0,072571 0,000018
commotion 1,049822 0,000264
communicate 0,446287 0,000224
communication 0,510826 0,000128
community 0,579818 0,000146
companion 0,150823 0,000076
company 0,020203 0,000005
comparatively 0,634878 0,000159
compare 0,162519 0,000082
comparison 0,446287 0,000112
compass 0,579818 0,000146
compassion 0,820981 0,000206
compassionate 1,272966 0,000320
compel 0,385662 0,000194
compete 2,040221 0,000512
complacent 1,514128 0,000380
complain 0,198451 0,000050
complete 0,105361 0,000053
completely 0,274437 0,000069
complex 1,139434 0,000286
compliance 0,342490 0,000086
complicated 0,798508 0,000201
complicity 2,302585 0,000578
compose 0,287682 0,000072
composite 2,302585 0,000578
composition 0,798508 0,000201
comprehend 0,478036 0,000240
comprehensively 2,995732 0,000753
compromise 1,021651 0,000257
conceal 0,198451 0,000150
concede 1,272966 0,000320
conceive 0,223144 0,000056
concern 0,342490 0,000086
concerned 0,287682 0,000072
concession 1,427116 0,000358
conclude 0,235722 0,000178
conclusion 0,210721 0,000106
concur 1,714798 0,000431
concurrent 2,813411 0,000707
concurrently 3,912023 0,000983
condemn 0,446287 0,000112
condemnation 1,309333 0,000329
condition 0,051293 0,000026
conduce 1,469676 0,000369
conduct 0,094311 0,000024
confer 0,820981 0,000412
confess 0,127833 0,000032
confide 0,755023 0,000190
confidence 0,139262 0,000035
confine 0,223144 0,000056
confirm 0,139262 0,000070
conflict 0,597837 0,000150
conform 1,203973 0,000605
confront 0,776529 0,000390
confusion 0,287682 0,000145
conjecture 0,544727 0,000137
connected 0,415515 0,000104
connection 0,446287 0,000112
conquer 0,527633 0,000530
conqueror 1,021651 0,000513
conquest 0,967584 0,000243
conquests 1,714798 0,000431
conscious 0,314711 0,000079
consent 0,223144 0,000112
consequent 1,203973 0,000302
consideration 0,223144 0,000112
consist 0,314711 0,000237
consistent 0,798508 0,000201
consolidate 2,813411 0,000707
consort 1,309333 0,000329
conspiracy 1,078810 0,000542
conspirator 1,832581 0,000921
conspire 1,427116 0,001075
constant 0,051293 0,000013
constantinople 1,832581 0,000460
constitute 0,597837 0,000300
constitution 0,776529 0,000390
constrain 0,733969 0,000369
constraint 1,272966 0,000320
construct 0,713350 0,000179
construction 0,733969 0,000184
consult 0,400478 0,000101
consume 0,462035 0,000232
consummate 1,237874 0,000622
contact 0,210721 0,000053
contemplate 0,544727 0,000137
contemporary 0,967584 0,000486
contempt 0,446287 0,000112
contemptible 1,078810 0,000271
contend 0,597837 0,000300
content 0,174353 0,000044
contented 0,400478 0,000101
contents 0,094311 0,000024
contest 0,798508 0,000201
continual 0,693147 0,000174
continuance 1,237874 0,000311
continue 0,186330 0,000140
continued 0,072571 0,000018
contrary 0,198451 0,000050
contribute 0,510826 0,000257
control 0,223144 0,000112
contumeliously 3,506558 0,000881
convenient 0,462035 0,000116
convention 1,469676 0,000369
converge 2,207275 0,000554
conversation 0,186330 0,000047
convert 0,186330 0,000047
convey 0,287682 0,000072
convince 0,198451 0,000050
cool 0,248461 0,000062
coolness 1,171183 0,000294
copiously 2,525729 0,000634
corn 0,527633 0,000133
corporation 0,400478 0,000101
correct 0,235722 0,000059
correctly 0,843970 0,000212
correspondence 0,820981 0,000206
correspondency 3,506558 0,001762
corrupt 0,235722 0,000178
corrupter 2,995732 0,000753
corruption 0,820981 0,000206
coryphaeus 3,912023 0,000983
cose 3,912023 0,000983
cost 0,105361 0,000053
costly 0,916291 0,000230
council 0,653926 0,000329
councillor 2,659260 0,000668
counsel 0,462035 0,000232
counsellor 0,994252 0,000250
count 0,116534 0,000029
countenance 0,371064 0,000093
counter 0,733969 0,000184
counteract 1,514128 0,000380
counterfeit 1,203973 0,000302
countess 1,660731 0,000417
country 0,010050 0,000005
countryside 1,832581 0,000460
courage 0,150823 0,000038
courageous 1,171183 0,000294
court 0,094311 0,000047
courteous 0,967584 0,000243
courtesy 0,693147 0,000174
covenant 1,469676 0,000369
covered 0,139262 0,000035
covetous 1,771957 0,000445
cowardice 0,994252 0,000250
cowardly 0,994252 0,000250
craft 0,733969 0,000184
create 0,094311 0,000047
credit 0,094311 0,000047
creed 1,139434 0,000286
crime 0,261365 0,000131
cringe 1,609438 0,000404
critic 1,021651 0,000257
cross 0,083382 0,000084
crown 0,210721 0,000053
cruel 0,261365 0,000066
cruelty 0,462035 0,000232
crush 0,274437 0,000207
cum 1,966113 0,000494
cunning 0,462035 0,000116
curb 1,272966 0,000640
cure 0,314711 0,000158
curiously 0,776529 0,000195
current 0,116534 0,000029
curse 0,342490 0,000086
custode 3,912023 0,000983
custom 0,210721 0,000053
customary 0,653926 0,000164
customs 0,713350 0,000179
cut 0,030459 0,000008
cyrus 1,832581 0,000460
da 1,469676 0,000369
daily 0,248461 0,000062
dainty 0,634878 0,000159
dal 3,218876 0,000809
damage 0,223144 0,000056
danaro 3,912023 0,000983
dancing 0,371064 0,000093
danger 0,105361 0,000053
dangerous 0,150823 0,000038
dante 1,514128 0,000380
darius 2,302585 0,000578
dash 0,400478 0,000101
dastardy 3,912023 0,000983
daughter 0,174353 0,000044
david 0,597837 0,000150
day 0,000000 0,000000
daybreak 1,203973 0,000302
dead 0,072571 0,000018
deal 0,061875 0,000062
dealings 1,237874 0,000311
dearness 2,813411 0,000707
death 0,020203 0,000010
debatable 2,995732 0,000753
debate 1,021651 0,000257
debt 0,494296 0,000124
decade 1,897120 0,000477
deceit 0,967584 0,000243
deceive 0,261365 0,000197
december 0,562119 0,000141
decide 0,040822 0,000021
decision 0,544727 0,000137
decisive 0,867501 0,000218
declare 0,139262 0,000105
decline 0,356675 0,000090
decrease 1,272966 0,000320
decree 0,673345 0,000507
dedicate 0,967584 0,000729
dedication 1,832581 0,000460
deed 0,287682 0,000072
deem 0,562119 0,000141
deep 0,020203 0,000005
deeply 0,261365 0,000066
defeat 0,634878 0,000319
defect 0,261365 0,000131
defence 0,527633 0,000265
defend 0,301105 0,000303
defender 1,427116 0,000717
defensive 1,560648 0,000392
defer 0,941609 0,000473
deferential 2,207275 0,000554
defiance 0,713350 0,000179
deflect 2,525729 0,000634
defy 0,693147 0,000174
degree 0,150823 0,000038
dei 1,966113 0,000494
deity 1,171183 0,000294
dejected 1,021651 0,000257
del 1,832581 0,000460
delay 0,186330 0,000047
deliberately 0,693147 0,000174
delicate 0,301105 0,000076
delight 0,150823 0,000076
delighted 0,287682 0,000072
delightful 0,478036 0,000120
delinquent 1,966113 0,000494
deliver 0,223144 0,000112
deliverance 0,941609 0,000237
dell 2,040221 0,000512
della 2,407946 0,000605
demand 0,051293 0,000039
demolish 1,560648 0,000392
demonstrate 0,967584 0,000243
denounce 1,078810 0,000271
deny 0,072571 0,000018
depart 0,162519 0,000041
departure 0,430783 0,000108
depend 0,040822 0,000021
dependent 0,820981 0,000412
depict 1,237874 0,000311
depot 2,407946 0,000605
deprive 0,415515 0,000313
deputy 1,272966 0,000320
descend 0,174353 0,000044
descent 0,634878 0,000159
description 0,248461 0,000062
deserved 0,634878 0,000159
design 0,287682 0,000145
designate 1,309333 0,000329
designing 1,771957 0,000445
desirable 0,733969 0,000184
desire 0,051293 0,000052
desirous 0,634878 0,000159
desist 1,660731 0,000417
desolation 0,916291 0,000230
despair 0,174353 0,000044
despairing 0,798508 0,000201
desperate 0,328504 0,000083
desperation 0,867501 0,000218
despise 0,342490 0,000086
despiser 2,995732 0,000753
despoiled 1,897120 0,000477
destroy 0,061875 0,000062
destruction 0,342490 0,000086
destructive 1,049822 0,000264
detect 0,562119 0,000282
deter 1,272966 0,000320
determine 0,061875 0,000016
detriment 1,771957 0,000445
deviate 1,660731 0,000834
devise 0,733969 0,000184
devoted 0,301105 0,000076
devotion 0,510826 0,000128
dexterity 1,560648 0,000392
di 1,832581 0,000460
dialogue 1,049822 0,000264
dictate 0,579818 0,000146
dido 2,120264 0,000533
die 0,010050 0,000008
diet 1,078810 0,000271
difference 0,174353 0,000088
difficult 0,116534 0,000029
difficulty 0,116534 0,000059
digest 1,171183 0,000294
dignified 0,755023 0,000190
dignity 0,314711 0,000079
diligence 1,237874 0,000311
diligently 1,203973 0,000302
diminished 0,776529 0,000195
dinner 0,186330 0,000047
diplomatic 1,897120 0,000477
direct 0,040822 0,000031
direction 0,051293 0,000013
dirt 0,544727 0,000137
disadvantage 0,843970 0,000212
disadvantageous 2,659260 0,000668
disaffected 2,813411 0,000707
disarm 1,237874 0,000622
disaster 0,820981 0,000206
disastrous 1,108663 0,000278
discern 0,634878 0,000319
discerning 1,469676 0,000369
discipline 0,634878 0,000159
discontent 0,616186 0,000310
discourage 0,693147 0,000174
discourse 0,579818 0,000437
discover 0,030459 0,000015
discreetly 1,347074 0,000338
discretion 0,733969 0,000184
discriminate 1,660731 0,000417
discrimination 1,832581 0,000460
discuss 0,400478 0,000302
discussion 0,597837 0,000300
disdain 0,673345 0,000169
disengage 0,843970 0,000212
disgrace 0,462035 0,000116
disguise 0,494296 0,000124
disgusted 0,820981 0,000206
disloyal 2,659260 0,000668
dismantle 1,714798 0,000861
dismay 0,597837 0,000300
dismiss 0,430783 0,000108
dismissal 1,832581 0,000460
dismount 1,272966 0,000320
disorder 0,544727 0,000274
dispatch 0,967584 0,000486
dispense 0,820981 0,000206
disperse 0,776529 0,000195
displace 1,309333 0,000329
display 0,162519 0,000082
displease 1,021651 0,000257
displeased 1,108663 0,000278
disposed 0,385662 0,000097
disposition 0,371064 0,000186
dispossessed 2,525729 0,000634
disputable 2,995732 0,000753
dispute 0,446287 0,000224
disregard 0,820981 0,000206
dissembler 2,995732 0,000753
dissension 1,660731 0,000417
dissolution 1,427116 0,000358
dissolve 0,733969 0,000184
distance 0,105361 0,000026
distant 0,162519 0,000041
distinct 0,301105 0,000076
distinction 0,356675 0,000090
distinguish 0,314711 0,000079
distinguished 0,301105 0,000076
distract 0,510826 0,000128
distribute 0,210721 0,000053
district 0,713350 0,000358
distrust 0,733969 0,000369
disturb 0,198451 0,000050
disturbance 0,713350 0,000358
disunion 3,218876 0,000809
disunited 3,218876 0,000809
ditch 0,994252 0,000499
diver 1,021651 0,000257
diverge 1,897120 0,000477
divert 0,634878 0,000159
divide 0,150823 0,000114
divorce 1,237874 0,000311
doctor 0,400478 0,000101
doctrine 0,616186 0,000155
dog 0,186330 0,000047
domination 2,040221 0,000512
dominion 0,941609 0,000473
door 0,000000 0,000000
dost 1,237874 0,000311
doth 1,049822 0,000264
double 0,139262 0,000035
doubly 1,049822 0,000264
doubt 0,040822 0,000010
doubtless 0,430783 0,000108
downfall 1,609438 0,000404
downright 1,272966 0,000320
downward 0,798508 0,000201
draw 0,020203 0,000025
dread 0,248461 0,000062
dream 0,083382 0,000021
dress 0,162519 0,000041
dressed 0,261365 0,000066
drill 1,514128 0,000761
drink 0,072571 0,000018
drinking 0,371064 0,000093
drive 0,030459 0,000038
ducat 2,813411 0,001413
duchy 2,525729 0,000634
duel 1,347074 0,000338
duke 0,967584 0,000486
duo 2,995732 0,000753
dupe 1,560648 0,000392
dura 2,995732 0,000753
durable 1,714798 0,000431
duration 1,078810 0,000271
dust 0,162519 0,000041
duty 0,061875 0,000031
eagerness 0,544727 0,000137
ear 0,061875 0,000016
earn 0,446287 0,000224
earthen 1,897120 0,000477
ease 0,150823 0,000038
easily 0,072571 0,000018
eastern 0,733969 0,000184
easy 0,000000 0,000000
eat 0,040822 0,000021
eating 0,235722 0,000059
ecclesiastical 1,560648 0,000392
economy 0,776529 0,000195
edge 0,150823 0,000038
edifice 1,272966 0,000320
edifying 1,771957 0,000445
edition 0,287682 0,000145
edward 1,049822 0,000264
effective 0,967584 0,000243
effeminacy 2,207275 0,000554
effeminate 1,714798 0,000431
efficacious 2,525729 0,000634
efficient 1,309333 0,000329
egypt 0,891598 0,000224
egyptian 1,108663 0,000278
eighteenth 1,203973 0,000302
eighth 0,798508 0,000201
elect 0,210721 0,000106
election 1,237874 0,000311
element 0,342490 0,000086
elevate 1,309333 0,000329
elevated 0,891598 0,000224
elevation 0,843970 0,000212
eleventh 1,347074 0,000338
elizabethan 2,407946 0,000605
elucidate 2,207275 0,000554
embassy 1,469676 0,000369
embellish 1,771957 0,000890
embolden 1,469676 0,000369
embroider 1,049822 0,000264
embroil 2,302585 0,000578
eminence 1,237874 0,000311
eminent 0,967584 0,000243
emperor 0,916291 0,000460
empire 0,634878 0,000159
employ 0,235722 0,000178
employment 0,527633 0,000265
enable 0,274437 0,000276
encampment 2,120264 0,001065
encounter 0,446287 0,000224
encourage 0,301105 0,000151
encouragement 0,755023 0,000190
endanger 1,386294 0,000348
endeavour 0,713350 0,000358
endless 0,478036 0,000120
endow 0,673345 0,000338
endure 0,210721 0,000159
enemy 0,105361 0,000053
energy 0,371064 0,000093
enforce 0,941609 0,000237
engage 0,494296 0,000124
engaged 0,198451 0,000050
engagement 0,634878 0,000159
english 0,094311 0,000024
englishman 0,820981 0,000206
enhance 1,237874 0,000311
enjoy 0,072571 0,000036
enlarge 0,673345 0,000169
enlist 1,309333 0,000987
enmity 1,171183 0,000294
ennoble 1,966113 0,000494
enormous 0,430783 0,000108
enormously 1,427116 0,000358
enrage 0,916291 0,000230
enrich 0,941609 0,000237
enrol 1,609438 0,000404
ensign 1,469676 0,000369
enslave 1,272966 0,000320
enter 0,020203 0,000020
enterprise 0,755023 0,000379
entertain 0,579818 0,000146
entertained 0,616186 0,000155
entertainment 0,798508 0,000201
entire 0,274437 0,000069
entrance 0,210721 0,000053
entreat 0,713350 0,000538
entrust 1,203973 0,000302
entry 0,776529 0,000195
enumerate 1,108663 0,000278
envelop 1,108663 0,000278
envious 1,309333 0,000329
environment 1,514128 0,000380
envoy 2,120264 0,001065
envy 0,446287 0,000224
eo 2,813411 0,000707
equal 0,162519 0,000082
equally 0,223144 0,000056
equivalent 1,078810 0,000271
era 1,347074 0,000338
err 0,733969 0,000369
erroneous 1,514128 0,000380
error 0,072571 0,000036
escape 0,061875 0,000031
essential 0,544727 0,000137
essex 2,302585 0,000578
est 1,309333 0,000329
establish 0,579818 0,000291
established 0,301105 0,000076
estate 0,478036 0,000120
esteem 0,478036 0,000120
esteemed 0,916291 0,000230
estimate 0,653926 0,000164
estimation 1,139434 0,000286
eternal 0,415515 0,000104
ethic 1,427116 0,000358
europe 0,510826 0,000128
european 0,867501 0,000218
evening 0,072571 0,000036
event 0,150823 0,000076
eventuality 2,659260 0,000668
evidence 0,235722 0,000118
evil 0,150823 0,000076
exact 0,274437 0,000069
exalt 0,597837 0,000150
examine 0,150823 0,000114
exasperated 1,386294 0,000348
excel 0,994252 0,000250
excellent 0,150823 0,000038
exceptional 1,386294 0,000348
excess 0,579818 0,000291
excessive 0,597837 0,000150
exchange 0,210721 0,000053
excision 3,912023 0,000983
exclaim 0,287682 0,000072
excuse 0,139262 0,000070
execute 0,527633 0,000133
execution 0,597837 0,000300
executor 1,832581 0,000460
exemplar 3,218876 0,000809
exercise 0,235722 0,000178
exhausted 0,400478 0,000101
exhibit 0,579818 0,000146
exhort 1,171183 0,000588
exhortation 1,469676 0,000369
exile 0,776529 0,000585
exist 0,072571 0,000018
existence 0,150823 0,000038
expand 0,891598 0,000224
expanse 1,108663 0,000278
expansion 1,771957 0,000445
expect 0,051293 0,000052
expectation 0,356675 0,000179
expedient 0,941609 0,000473
expedition 0,733969 0,000369
expense 0,127833 0,000064
experience 0,072571 0,000036
experiment 0,494296 0,000124
exposed 0,301105 0,000076
express 0,072571 0,000018
expression 0,116534 0,000029
expulsion 1,771957 0,000445
extend 0,261365 0,000066
extent 0,083382 0,000021
exterminate 1,714798 0,001292
external 0,562119 0,000141
extinguish 0,562119 0,000282
extortion 2,525729 0,000634
extract 0,544727 0,000137
extraordinarily 1,714798 0,000431
extraordinary 0,371064 0,000093
extreme 0,186330 0,000047
extremity 0,693147 0,000174
extricate 1,272966 0,000320
extrinsic 3,912023 0,000983
eye 0,000000 0,000000
facile 2,207275 0,000554
facilitate 1,560648 0,000392
faction 1,897120 0,000477
factions 1,832581 0,000460
fade 0,371064 0,000093
fail 0,072571 0,000073
failure 0,415515 0,000209
fair 0,051293 0,000013
faith 0,210721 0,000053
faithful 0,261365 0,000066
faithless 1,832581 0,000460
faithlessness 2,659260 0,000668
fall 0,000000 0,000000
fallacious 1,966113 0,000494
falls 0,328504 0,000083
false 0,210721 0,000053
fame 0,478036 0,000120
family 0,061875 0,000031
famous 0,261365 0,000066
fancy 0,162519 0,000041
fano 2,995732 0,000753
fare 0,597837 0,000150
fast 0,030459 0,000008
fasten 0,478036 0,000120
fatal 0,342490 0,000086
fatality 1,771957 0,000445
fate 0,174353 0,000044
father 0,061875 0,000031
fatherland 1,966113 0,000494
fatigue 0,494296 0,000124
fatigued 1,203973 0,000302
fault 0,139262 0,000035
favour 0,544727 0,000410
favourable 0,776529 0,000195
favoured 1,021651 0,000257
fear 0,020203 0,000020
feast 0,430783 0,000108
february 0,820981 0,000206
feed 0,248461 0,000125
feel 0,020203 0,000005
feeling 0,072571 0,000018
felicity 1,272966 0,000320
fellow 0,040822 0,000010
ferocity 1,237874 0,000311
ferrara 3,218876 0,000809
fervent 1,021651 0,000257
fester 2,407946 0,000605
festival 0,994252 0,000250
feud 1,514128 0,000380
fever 0,342490 0,000172
fickle 1,660731 0,000417
fidelity 0,967584 0,000243
field 0,094311 0,000024
fiery 0,713350 0,000179
fight 0,083382 0,000063
figuratively 1,966113 0,000494
filippo 2,813411 0,000707
final 0,342490 0,000086
finally 0,150823 0,000038
fine 0,061875 0,000047
finish 0,287682 0,000072
finished 0,162519 0,000041
firebrand 2,120264 0,000533
firing 1,660731 0,000417
firm 0,248461 0,000062
firmly 0,342490 0,000086
firstly 1,897120 0,000477
fish 0,287682 0,000072
fisherman 1,049822 0,000264
fit 0,030459 0,000008
flank 0,941609 0,000473
flatterer 1,771957 0,000890
flavour 1,386294 0,000348
flee 0,301105 0,000076
flight 0,287682 0,000072
flock 0,385662 0,000097
flood 0,430783 0,000108
florence 1,609438 0,000404
florentine 2,302585 0,000578
florentines 2,995732 0,000753
florin 2,302585 0,000578
flourish 0,562119 0,000141
flower 0,174353 0,000044
fluent 2,120264 0,000533
fly 0,116534 0,000059
focus 1,560648 0,000392
foe 0,616186 0,000155
foliage 0,916291 0,000230
follow 0,020203 0,000005
follower 0,713350 0,000179
folly 0,274437 0,000069
food 0,127833 0,000064
fool 0,235722 0,000059
foot 0,051293 0,000026
foothold 1,897120 0,000477
footing 0,820981 0,000206
footman 1,108663 0,000278
footstep 0,430783 0,000108
forbearance 1,272966 0,000320
force 0,030459 0,000031
fordable 2,995732 0,000753
forefather 1,560648 0,000392
foreign 0,301105 0,000076
foreigner 0,891598 0,000448
foremost 0,673345 0,000169
foresee 0,494296 0,000248
forget 0,010050 0,000003
form 0,020203 0,000015
formidable 0,673345 0,000169
forsake 0,755023 0,000190
fort 1,171183 0,000294
forte 1,897120 0,000477
fortify 0,994252 0,000749
fortitude 1,078810 0,000271
fortress 1,021651 0,000513
fortunate 0,415515 0,000104
fortune 0,162519 0,000082
foster 0,891598 0,000448
foundation 0,127833 0,000064
founder 0,891598 0,000224
fourteen 0,616186 0,000155
fourthly 1,832581 0,000460
fox 0,798508 0,000201
fra 2,659260 0,000668
frame 0,174353 0,000044
france 0,544727 0,000137
francia 3,912023 0,000983
francis 1,469676 0,000369
fraud 1,078810 0,000271
fray 1,021651 0,000257
frederick 1,272966 0,000320
freedom 0,223144 0,000056
freely 0,105361 0,000026
french 0,342490 0,000086
frenchmen 1,714798 0,000431
frequent 0,287682 0,000072
frequently 0,287682 0,000072
fresh 0,105361 0,000026
friar 1,966113 0,000494
friend 0,000000 0,000000
friendly 0,248461 0,000062
friendship 0,261365 0,000131
frivolous 1,386294 0,000348
fruit 0,162519 0,000041
frustrated 2,040221 0,000512
fulfil 0,385662 0,000097
fulfilment 1,514128 0,000380
fundamental 1,203973 0,000302
furnish 0,527633 0,000133
furnished 0,328504 0,000083
furore 3,506558 0,000881
fury 0,328504 0,000083
future 0,105361 0,000026
gain 0,040822 0,000031
gallantly 1,309333 0,000329
game 0,210721 0,000053
gaming 2,207275 0,000554
garden 0,150823 0,000038
garrison 1,309333 0,000658
gate 0,210721 0,000106
gather 0,061875 0,000031
gazette 1,609438 0,000404
genera 2,525729 0,000634
generality 1,660731 0,000417
generous 0,356675 0,000090
genius 0,400478 0,000101
genoa 1,966113 0,000494
gentile 2,813411 0,000707
gentleman 0,223144 0,000112
gently 0,235722 0,000059
george 0,616186 0,000155
germ 1,386294 0,000348
german 0,478036 0,000240
germany 1,049822 0,000264
gesso 3,912023 0,000983
ghibelline 3,218876 0,000809
gibe 1,832581 0,000460
gift 0,210721 0,000106
giovanni 2,995732 0,000753
girl 0,198451 0,000050
giver 1,609438 0,000404
gladiator 2,207275 0,000554
glass 0,174353 0,000044
glorious 0,462035 0,000116
gloriously 1,427116 0,000358
glory 0,301105 0,000076
gluttonous 2,302585 0,000578
goal 0,274437 0,000069
god 0,083382 0,000021
gold 0,083382 0,000021
goliath 2,659260 0,000668
goodness 0,328504 0,000083
goodwill 1,660731 0,000417
goths 2,813411 0,000707
govern 0,186330 0,000140
governance 3,218876 0,000809
government 0,462035 0,000232
governor 0,733969 0,000184
governorship 3,218876 0,001617
grace 0,235722 0,000118
gracious 0,544727 0,000137
graciously 1,203973 0,000302
granada 2,995732 0,000753
grandfather 0,755023 0,000190
grandson 1,347074 0,000338
grant 0,061875 0,000031
gratify 0,733969 0,000184
gratitude 0,478036 0,000120
grave 0,116534 0,000029
gravity 0,693147 0,000174
greatly 0,210721 0,000053
greatness 0,693147 0,000174
greece 1,139434 0,000286
greed 1,609438 0,000404
greek 0,494296 0,000124
green 0,105361 0,000026
ground 0,030459 0,000008
grow 0,010050 0,000008
guard 0,083382 0,000063
guelph 3,218876 0,000809
guerdon 2,995732 0,000753
guidance 0,776529 0,000195
guide 0,083382 0,000042
guido 2,302585 0,000578
guilds 2,659260 0,000668
hail 0,415515 0,000104
hair 0,072571 0,000018
hallowed 1,897120 0,000477
hand 0,010050 0,000008
handle 0,223144 0,000112
handsome 0,328504 0,000083
hannibal 1,897120 0,000477
happen 0,030459 0,000015
happy 0,061875 0,000016
harbour 0,916291 0,000460
hard 0,040822 0,000010
hardship 0,713350 0,000358
harm 0,210721 0,000053
harsh 0,462035 0,000116
hast 0,891598 0,000224
haste 0,371064 0,000093
hasten 0,371064 0,000093
hat 0,446287 0,000112
hate 0,150823 0,000076
hatred 0,494296 0,000124
haughty 0,867501 0,000218
haunt 0,385662 0,000097
hazard 0,776529 0,000195
hazardous 1,560648 0,000392
head 0,000000 0,000000
headquarters 1,660731 0,000417
heal 0,867501 0,000218
health 0,198451 0,000050
hear 0,010050 0,000008
hearing 0,139262 0,000035
heavy 0,030459 0,000008
hebrews 1,832581 0,000460
hectic 1,966113 0,000494
height 0,210721 0,000053
heir 0,527633 0,000265
heliogabalus 3,506558 0,000881
hellespont 2,207275 0,000554
helmet 1,427116 0,000358
helpful 1,560648 0,000392
helpless 0,328504 0,000083
henry 0,713350 0,000179
herb 0,843970 0,000212
hereditary 1,108663 0,000278
heresy 1,469676 0,000369
hero 0,430783 0,000108
hesitate 0,314711 0,000237
hesitation 0,616186 0,000155
hide 0,072571 0,000018
highly 0,261365 0,000066
hill 0,150823 0,000076
hinder 0,579818 0,000291
hindrance 1,049822 0,000264
historical 0,843970 0,000212
history 0,186330 0,000094
hit 0,314711 0,000079
hoc 2,302585 0,000578
hold 0,010050 0,000010
holiness 1,347074 0,000338
holy 0,371064 0,000093
homage 1,078810 0,000271
honest 0,235722 0,000059
honestly 0,843970 0,000212
honesty 0,733969 0,000184
honor 0,891598 0,000224
honour 0,494296 0,000497
honourably 2,207275 0,000554
hope 0,000000 0,000000
horse 0,139262 0,000070
horseback 0,843970 0,000212
horseman 0,967584 0,000486
hostile 0,776529 0,000195
hot 0,116534 0,000029
hour 0,061875 0,000016
house 0,020203 0,000005
houses 0,139262 0,000035
huge 0,400478 0,000101
huguenot 3,218876 0,000809
human 0,072571 0,000018
humane 1,203973 0,000302
humanity 0,494296 0,000124
humble 0,261365 0,000197
humour 0,713350 0,000179
hung 0,174353 0,000044
hungry 0,314711 0,000079
hunt 0,371064 0,000093
hurry 0,162519 0,000041
hurt 0,150823 0,000038
hurtful 1,714798 0,000431
husband 0,198451 0,000050
idea 0,083382 0,000021
idle 0,261365 0,000131
idleness 0,755023 0,000190
ignominy 1,714798 0,000431
ignorance 0,287682 0,000072
ignore 1,309333 0,000329
iii 0,287682 0,000072
illness 0,616186 0,000155
illustrate 0,616186 0,000310
illustrious 1,021651 0,000257
imaginary 0,755023 0,000190
imagination 0,223144 0,000056
imagine 0,083382 0,000042
imitate 0,579818 0,000291
imitation 0,673345 0,000169
immense 0,314711 0,000079
impart 0,693147 0,000174
impede 1,309333 0,000329
imperial 1,021651 0,000257
imperilled 2,302585 0,000578
impetuous 1,021651 0,000257
impetuously 2,040221 0,000512
impinge 2,995732 0,000753
imply 0,235722 0,000118
imposing 0,843970 0,000212
impossible 0,094311 0,000024
impotence 1,832581 0,000460
impressed 0,510826 0,000128
impression 0,210721 0,000053
imprison 0,798508 0,000201
improve 0,385662 0,000194
improvement 0,616186 0,000155
imprudent 1,469676 0,000369
impugn 2,659260 0,000668
impulse 0,400478 0,000101
imputation 1,660731 0,000417
incautious 2,813411 0,000707
incense 0,755023 0,000190
inception 2,995732 0,000753
incessantly 0,916291 0,000230
incident 0,356675 0,000090
incite 1,427116 0,000358
incline 0,733969 0,000184
inclined 0,186330 0,000047
include 0,072571 0,000036
income 0,798508 0,000201
inconsiderable 1,560648 0,000392
inconstant 2,120264 0,000533
incontrovertible 2,995732 0,000753
increase 0,061875 0,000047
incredulity 1,386294 0,000348
incur 0,843970 0,000636
incurable 1,386294 0,000348
indebted 0,994252 0,000250
indication 0,798508 0,000401
indifferently 1,049822 0,000264
indignity 1,560648 0,000392
individual 0,139262 0,000070
induce 0,328504 0,000248
inducement 1,237874 0,000311
induct 3,218876 0,000809
indulge 0,527633 0,000133
indulgence 0,755023 0,000190
industry 0,843970 0,000212
inevitably 0,843970 0,000212
inexperience 1,427116 0,000358
inexperienced 1,203973 0,000302
inextricably 2,813411 0,000707
infamous 1,049822 0,000264
infamy 1,139434 0,000286
infant 0,673345 0,000169
infantry 1,771957 0,000890
infantryman 3,506558 0,000881
infelicity 3,506558 0,000881
infer 0,891598 0,000448
inferior 0,579818 0,000291
inferiority 1,609438 0,000404
inferno 2,659260 0,000668
infidel 1,832581 0,000460
infinite 0,430783 0,000108
infinitely 0,673345 0,000169
inflict 0,579818 0,000437
influence 0,198451 0,000150
inform 0,198451 0,000050
ingratitude 1,171183 0,000294
inhabitants 0,446287 0,000112
inherent 1,560648 0,000392
inherit 0,579818 0,000146
inhuman 1,108663 0,000278
inhumanity 2,302585 0,000578
iniquity 1,514128 0,000380
initiative 2,207275 0,000554
injure 0,356675 0,000358
injurious 1,427116 0,000358
injury 0,301105 0,000151
innovation 1,966113 0,000494
innovator 2,813411 0,001413
inordinate 1,771957 0,000445
inquire 0,235722 0,000178
inquirer 1,966113 0,000494
inquiry 0,446287 0,000112
insecure 2,207275 0,000554
insight 1,171183 0,000294
insignificant 0,891598 0,000224
insist 0,223144 0,000112
insolence 0,994252 0,000250
insolent 0,941609 0,000237
insomuch 1,966113 0,000494
inspire 0,371064 0,000093
inspiring 1,108663 0,000278
instance 0,116534 0,000059
institution 0,713350 0,000179
instruction 0,328504 0,000083
instrumental 2,040221 0,000512
instrumentality 2,659260 0,000668
insufficiency 2,407946 0,000605
insult 0,415515 0,000104
insurgent 2,525729 0,000634
insurrection 1,609438 0,000404
integrity 1,203973 0,000302
intellect 0,634878 0,000319
intelligence 0,301105 0,000076
intend 0,094311 0,000071
intention 0,127833 0,000064
intercept 1,171183 0,000294
interfere 0,415515 0,000313
internal 0,261365 0,000066
interpret 0,235722 0,000059
interval 0,301105 0,000076
intervene 0,713350 0,000179
intervention 1,514128 0,000380
intimate 0,430783 0,000108
intolerable 0,673345 0,000169
intoxicated 1,427116 0,000358
intrigue 1,108663 0,000278
introduce 0,261365 0,000131
introduction 0,385662 0,000097
invade 0,755023 0,000379
invariably 0,798508 0,000201
invasion 1,427116 0,000358
invent 0,400478 0,000101
invests 2,525729 0,000634
invite 0,261365 0,000066
involved 0,579818 0,000146
inwardly 0,798508 0,000201
irresolute 1,427116 0,000358
irrevocable 1,609438 0,000404
israel 1,386294 0,000348
issue 0,198451 0,000100
italian 0,653926 0,000329
italici 3,912023 0,000983
italy 0,820981 0,000206
iv 0,328504 0,000083
ix 0,494296 0,000124
january 0,693147 0,000174
javelin 2,120264 0,001065
jealousy 0,430783 0,000108
jeanne 3,218876 0,000809
joannes 3,912023 0,000983
johanna 3,912023 0,000983
john 0,328504 0,000083
joust 2,813411 0,000707
jove 1,108663 0,000278
judge 0,061875 0,000031
judgment 0,198451 0,000100
julian 2,813411 0,000707
julius 1,897120 0,000477
june 0,527633 0,000133
justice 0,162519 0,000041
justification 1,139434 0,000286
justified 0,693147 0,000174
kill 0,083382 0,000063
kindness 0,274437 0,000069
king 0,210721 0,000106
kingdom 0,462035 0,000232
knee 0,150823 0,000038
knife 0,287682 0,000072
knight 1,272966 0,000640
knights 1,309333 0,000329
knot 0,510826 0,000128
knowingly 2,207275 0,000554
knowledge 0,061875 0,000016
labour 0,562119 0,000424
lace 0,867501 0,000218
lack 0,371064 0,000186
lad 0,653926 0,000164
ladder 0,616186 0,000155
lady 0,162519 0,000082
lamentable 1,469676 0,000369
lance 1,171183 0,000294
lancers 2,995732 0,000753
land 0,051293 0,000026
landing 0,544727 0,000137
landscape 0,820981 0,000206
language 0,072571 0,000018
lap 0,527633 0,000265
lapse 0,733969 0,000184
lascivious 2,659260 0,000668
late 0,094311 0,000024
latin 0,653926 0,000164
laugh 0,094311 0,000047
law 0,020203 0,000010
lawyer 0,673345 0,000169
lay 0,030459 0,000015
le 1,049822 0,000264
lead 0,020203 0,000015
leader 0,356675 0,000179
leadership 2,040221 0,000512
leading 0,139262 0,000035
league 0,653926 0,000164
leap 0,287682 0,000072
learn 0,020203 0,000025
leave -0,009950 -0,000007
left 0,000000 0,000000
legate 2,995732 0,000753
leghorn 2,525729 0,000634
legitimate 1,139434 0,000286
leo 2,120264 0,000533
lessen 0,713350 0,000358
lesson 0,287682 0,000072
letter 0,072571 0,000036
liability 0,462035 0,000116
liable 0,235722 0,000059
liberal 0,597837 0,000150
liberality 1,347074 0,000338
liberate 1,469676 0,000738
liberating 2,525729 0,000634
liberation 1,832581 0,000460
liberator 2,407946 0,000605
liberty 0,198451 0,000050
license 0,301105 0,000076
licentiously 3,218876 0,000809
licet 3,218876 0,000809
lie 0,020203 0,000010
lieutenant 1,203973 0,000302
life -0,009950 -0,000005
lifetime 0,843970 0,000212
lift 0,116534 0,000029
light 0,000000 0,000000
lightly 0,430783 0,000108
liking 1,021651 0,000257
limb 0,248461 0,000062
limit 0,287682 0,000072
linen 0,527633 0,000133
lingua 2,659260 0,000668
link 0,174353 0,000044
lion 0,579818 0,000146
lip 0,127833 0,000032
list 0,301105 0,000076
listen 0,105361 0,000079
listener 0,843970 0,000212
literal 1,714798 0,000431
literary 0,287682 0,000072
literature 0,653926 0,000164
live 0,010050 0,000005
lively 0,385662 0,000097
living 0,020203 0,000005
lo 0,916291 0,000230
locality 1,139434 0,000572
lodge 0,494296 0,000124
lodgings 1,078810 0,000271
lofty 0,494296 0,000124
lombardian 3,912023 0,000983
lord 0,223144 0,000056
lords 0,843970 0,000212
lordship 1,609438 0,000404
lorenzo 2,525729 0,000634
lose 0,000000 0,000000
loss 0,083382 0,000042
louis 1,078810 0,000271
love 0,030459 0,000015
lover 0,356675 0,000179
loving 0,478036 0,000120
lovingly 1,427116 0,000358
lowly 1,771957 0,000445
loyal 1,203973 0,000302
loyalty 1,237874 0,000311
lucchese 3,912023 0,000983
luck 0,446287 0,000112
luigi 3,506558 0,000881
lukewarm 2,302585 0,000578
lukewarmly 3,912023 0,000983
luxury 0,462035 0,000116
macedon 2,525729 0,000634
macedonia 2,525729 0,000634
machiavel 3,218876 0,000809
madonna 2,040221 0,000512
magistracy 2,407946 0,000605
magistrate 0,820981 0,000412
magnanimous 1,469676 0,000369
magnificence 1,237874 0,000311
magnificent 0,328504 0,000083
magnifico 2,995732 0,000753
main 0,127833 0,000032
maintain 0,094311 0,000095
maintenance 1,171183 0,000294
majesty 0,510826 0,000128
majority 0,597837 0,000150
malady 1,309333 0,000329
malcontent 2,813411 0,001413
malignity 1,966113 0,000494
mall 2,040221 0,000512
manacle 2,120264 0,000533
manage 0,261365 0,000131
management 0,843970 0,000212
manfred 2,813411 0,000707
manifest 0,478036 0,000240
mankind 0,478036 0,000120
manna 2,120264 0,000533
manner 0,040822 0,000010
mantua 2,525729 0,000634
march 0,223144 0,000112
marching 1,171183 0,000294
maria 1,427116 0,000358
mark 0,105361 0,000026
marquess 3,218876 0,000809
marriage 0,314711 0,000079
married 0,248461 0,000062
marry 0,356675 0,000090
marsh 1,139434 0,000286
martial 1,469676 0,000369
marvel 0,693147 0,000174
mary 0,693147 0,000174
mass 0,210721 0,000053
massa 2,659260 0,000668
master 0,072571 0,000036
masters 0,446287 0,000112
mastery 1,171183 0,000294
material 0,261365 0,000066
maternal 1,272966 0,000320
matter 0,000000 0,000000
maxim 1,078810 0,000271
maximus 2,659260 0,000668
meaning 0,186330 0,000047
meanness 1,237874 0,000311
measure 0,127833 0,000096
medal 1,469676 0,000369
mediation 1,966113 0,000494
mediator 2,659260 0,000668
medicean 3,912023 0,000983
medici 2,525729 0,000634
medicine 0,562119 0,000141
meditation 0,776529 0,000195
meet 0,010050 0,000008
meeting 0,162519 0,000082
memorial 1,139434 0,000286
memory 0,162519 0,000082
mental 0,430783 0,000108
mention 0,105361 0,000079
mercenary 1,714798 0,000861
merchant 0,494296 0,000124
merciful 0,994252 0,000250
mercy 0,210721 0,000053
mere 0,094311 0,000024
merit 0,371064 0,000186
messer 2,813411 0,000707
method 0,094311 0,000047
michelle 3,912023 0,000983
midday 1,108663 0,000278
middle 0,030459 0,000008
midnight 0,328504 0,000083
midst 0,287682 0,000072
mighty 0,328504 0,000083
milan 1,771957 0,000445
milanese 2,813411 0,000707
mild 0,430783 0,000108
mile 0,174353 0,000088
military 0,616186 0,000155
mind 0,020203 0,000010
minister 0,562119 0,000141
ministers 0,776529 0,000195
minor 0,713350 0,000179
minority 1,386294 0,000348
miracle 0,597837 0,000150
miserable 0,210721 0,000053
miserly 2,302585 0,000578
misfortune 0,400478 0,000101
mislead 0,994252 0,000250
mission 0,210721 0,000106
mistake 0,186330 0,000094
misuse 1,714798 0,000431
mitigate 1,771957 0,000445
mix 0,274437 0,000069
moderate 0,579818 0,000291
moderately 1,660731 0,000417
modern 0,301105 0,000076
modest 0,371064 0,000093
modestly 1,139434 0,000286
modesty 0,733969 0,000184
modo 2,995732 0,000753
monarch 1,108663 0,000278
monarchy 1,660731 0,000417
money 0,051293 0,000013
mons 2,995732 0,000753
monsignor 3,506558 0,000881
month 0,040822 0,000021
monument 0,776529 0,000195
moor 0,994252 0,000250
moral 0,301105 0,000076
moralize 2,525729 0,000634
morning 0,040822 0,000021
moro 3,218876 0,000809
morrow 0,328504 0,000083
moses 1,139434 0,000286
mother 0,072571 0,000018
motion 0,223144 0,000056
motive 0,356675 0,000090
mots 2,659260 0,000668
mould 0,755023 0,000190
mount 0,210721 0,000159
mountaineer 2,120264 0,000533
mountains 0,400478 0,000101
mourning 0,673345 0,000169
mouth 0,061875 0,000031
movement 0,287682 0,000145
mud 0,462035 0,000116
mule 0,967584 0,000243
multiply 0,776529 0,000195
multitude 0,385662 0,000097
munitions 2,659260 0,000668
murder 0,248461 0,000250
murderer 0,733969 0,000184
music 0,198451 0,000050
nabis 3,506558 0,000881
nam 2,525729 0,000634
naples 1,272966 0,000320
narrow 0,094311 0,000024
narrowly 1,272966 0,000320
narrowness 1,560648 0,000392
nation 0,579818 0,000146
national 0,755023 0,000190
nations 0,673345 0,000169
native 0,314711 0,000158
natural 0,094311 0,000024
naturally 0,210721 0,000053
nature 0,094311 0,000047
neapolitan 2,659260 0,000668
nearer 0,400478 0,000101
necessity 0,210721 0,000106
necromancer 2,407946 0,000605
nefarious 3,506558 0,000881
neglect 0,274437 0,000276
negotiate 1,771957 0,000445
neighbour 0,510826 0,000128
nell 2,659260 0,000668
nephew 0,891598 0,000448
neri 3,218876 0,000809
neutral 1,609438 0,000404
neutrality 2,407946 0,000605
newly 0,494296 0,000124
news 0,210721 0,000053
nicolo 3,912023 0,000983
night 0,010050 0,000003
nobility 0,755023 0,000190
noble 0,198451 0,000100
nobleman 1,021651 0,000257
nobly 1,309333 0,000329
noise 0,139262 0,000035
normandy 2,525729 0,000634
nose 0,261365 0,000066
notable 1,272966 0,000320
note 0,094311 0,000047
noteworthy 2,040221 0,000512
notice 0,020203 0,000015
noticeable 1,309333 0,000329
notion 0,314711 0,000079
november 0,544727 0,000137
numberless 2,040221 0,000512
numerous 0,235722 0,000059
nurse 0,301105 0,000151
oath 0,385662 0,000194
obedience 0,494296 0,000124
obedient 0,544727 0,000137
obeisance 1,897120 0,000477
obey 0,223144 0,000112
object 0,105361 0,000053
objection 0,400478 0,000101
obligation 0,597837 0,000300
oblige 0,210721 0,000053
obscurity 0,967584 0,000243
obsequy 2,813411 0,000707
observance 1,427116 0,000717
observation 0,446287 0,000112
observe 0,094311 0,000095
obsolete 0,446287 0,000112
obstacle 0,510826 0,000128
obstinate 0,713350 0,000179
obstruct 1,309333 0,000329
obvious 0,415515 0,000104
occasion 0,105361 0,000079
occasional 0,510826 0,000128
occupation 0,371064 0,000093
occupy 0,174353 0,000131
occur 0,083382 0,000042
occurrence 0,693147 0,000348
odious 0,941609 0,000237
offence 0,527633 0,000133
offend 0,798508 0,000602
offended 0,616186 0,000155
offer 0,020203 0,000020
office 0,072571 0,000036
officer 0,314711 0,000079
official 0,223144 0,000112
oligarchy 2,659260 0,000668
omit 0,843970 0,000212
oneself 1,386294 0,000348
onset 1,469676 0,000369
openly 0,494296 0,000124
opinion 0,105361 0,000053
opponent 1,108663 0,000278
opportunity 0,061875 0,000031
oppose 0,579818 0,000291
opposed 0,653926 0,000164
opposition 0,494296 0,000124
oppress 1,309333 0,000658
oppressed 0,693147 0,000174
oration 1,560648 0,000392
ordain 0,891598 0,000224
ordinance 1,514128 0,000761
ordinary 0,186330 0,000047
organized 0,356675 0,000090
oriental 1,108663 0,000278
original 0,105361 0,000026
originate 1,139434 0,000572
ornament 0,527633 0,000133
orphan 0,798508 0,000201
ottave 3,912023 0,000983
outrage 0,891598 0,000224
outraged 1,272966 0,000320
outrageous 1,386294 0,000348
outwit 1,966113 0,000494
overawe 2,120264 0,000533
overcome 0,198451 0,000150
overflow 0,616186 0,000155
overheated 3,218876 0,000809
overlook 0,527633 0,000133
overreach 2,525729 0,000634
overrun 1,469676 0,000369
overthrow 0,967584 0,000486
overturn 0,994252 0,000250
overwhelmed 0,891598 0,000224
owe 0,105361 0,000053
owner 0,083382 0,000021
ox 0,941609 0,000237
pain 0,051293 0,000013
paint 0,274437 0,000069
pair 0,210721 0,000053
palace 0,494296 0,000124
pall 1,272966 0,000320
paltry 1,203973 0,000302
papacy 2,659260 0,000668
papal 2,120264 0,000533
paradise 0,776529 0,000195
paragraph 0,328504 0,000083
paraphrase 2,407946 0,000605
pardon 0,287682 0,000072
parent 0,261365 0,000066
parentage 1,832581 0,000460
paris 0,562119 0,000141
parliament 1,021651 0,000257
parricide 1,897120 0,000477
participator 3,506558 0,000881
particulars 0,776529 0,000195
partisan 1,560648 0,000392
partition 1,139434 0,000286
partly 0,301105 0,000076
partridge 1,427116 0,000358
party 0,030459 0,000015
pass 0,020203 0,000015
passage 0,105361 0,000026
passing 0,094311 0,000024
passive 0,941609 0,000237
path 0,150823 0,000076
patience 0,139262 0,000035
patient 0,274437 0,000069
patrimony 2,040221 0,000512
patron 0,776529 0,000195
pattern 0,597837 0,000150
paucity 2,813411 0,000707
paved 1,108663 0,000278
pavia 3,218876 0,000809
pay 0,030459 0,000015
payment 0,274437 0,000069
peace 0,094311 0,000024
peaceable 1,347074 0,000338
peaceably 1,714798 0,000431
peaceful 0,478036 0,000120
peacefully 1,108663 0,000278
peasant 0,798508 0,000201
pecuniarily 3,912023 0,000983
penalty 0,820981 0,000206
penny 0,634878 0,000159
pensioner 2,995732 0,000753
peoples 1,514128 0,000380
perceive 0,198451 0,000150
perfect 0,061875 0,000016
perfectly 0,162519 0,000041
perform 0,072571 0,000036
peril 0,693147 0,000348
perilous 0,798508 0,000201
period 0,235722 0,000118
permanency 2,407946 0,000605
permanent 0,223144 0,000056
permission 0,150823 0,000038
permit 0,094311 0,000071
pernicious 1,560648 0,000392
perpetrate 1,609438 0,000404
persian 1,139434 0,000286
persist 0,478036 0,000240
person -0,009950 -0,000007
personage 0,967584 0,000243
personality 0,967584 0,000243
personally 0,798508 0,000201
persuade 0,223144 0,000168
persuasion 0,891598 0,000448
pest 1,560648 0,000392
philip 1,237874 0,000311
philistine 2,407946 0,000605
philosopher 0,673345 0,000169
phrase 0,139262 0,000070
phrasemonger 3,912023 0,000983
physicians 1,272966 0,000320
piazza 2,120264 0,000533
picture 0,139262 0,000070
piece 0,020203 0,000010
pier 1,347074 0,000338
pike 1,347074 0,000338
pillage 1,514128 0,000761
pious 0,733969 0,000184
pisa 2,407946 0,000605
pisan 3,218876 0,000809
pithy 2,525729 0,000634
pius 2,407946 0,000605
plagiarize 3,506558 0,000881
plain 0,040822 0,000010
plains 0,967584 0,000243
plan 0,198451 0,000150
plane 1,171183 0,000294
play 0,040822 0,000021
plea 1,049822 0,000264
pleased 0,150823 0,000038
pleasure 0,051293 0,000013
pledge 0,634878 0,000159
pliant 2,302585 0,000578
plot 0,693147 0,000174
plunder 0,994252 0,000499
podesta 3,218876 0,000809
poem 0,798508 0,000401
poison 0,371064 0,000093
policy 0,820981 0,000206
polish 1,108663 0,000278
political 0,562119 0,000141
politician 1,171183 0,000294
politics 0,713350 0,000179
pomp 0,994252 0,000250
ponder 0,820981 0,000206
pontiff 2,525729 0,000634
pontiffs 3,506558 0,000881
pontificate 3,506558 0,000881
poor 0,020203 0,000005
pope 0,941609 0,000237
popular 0,430783 0,000108
portcullis 3,218876 0,000809
portentous 1,714798 0,000431
portico 1,771957 0,000445
portion 0,301105 0,000151
position 0,162519 0,000082
possess 0,061875 0,000062
possession 0,083382 0,000042
possessor 0,994252 0,000250
post 0,051293 0,000026
posture 0,967584 0,000243
potentate 2,302585 0,000578
potter 1,171183 0,000294
pounce 1,469676 0,000369
pour 0,116534 0,000059
poverty 0,446287 0,000112
power 0,030459 0,000015
powerful 0,223144 0,000056
powerless 1,139434 0,000286
practice 0,116534 0,000059
practise 0,510826 0,000257
praetor 2,995732 0,000753
praetorian 2,995732 0,000753
praise 0,274437 0,000207
praiseworthy 2,040221 0,000512
pray 0,261365 0,000131
prayer 0,287682 0,000072
preach 0,755023 0,000190
precaution 0,733969 0,000184
precept 1,049822 0,000527
preceptor 1,609438 0,000404
precious 0,162519 0,000041
predominancy 3,506558 0,000881
prefect 2,659260 0,000668
prefer 0,174353 0,000044
prelate 2,207275 0,000554
preparation 0,328504 0,000083
prepare 0,116534 0,000029
prepared 0,105361 0,000026
prerogative 1,771957 0,000445
presence 0,094311 0,000024
presentation 1,386294 0,000348
presentiment 1,427116 0,000358
presently 0,385662 0,000097
preservation 1,049822 0,000264
preserve 0,083382 0,000084
president 1,049822 0,000264
press 0,105361 0,000026
pressed 0,274437 0,000069
pressure 0,527633 0,000133
prestige 2,302585 0,000578
presumption 0,994252 0,000250
presumptuous 1,469676 0,000369
presuppose 2,040221 0,000512
pretence 0,891598 0,000448
pretender 2,207275 0,000554
pretext 0,891598 0,000448
prevail 0,287682 0,000072
prevent 0,040822 0,000021
previous 0,094311 0,000024
prey 0,478036 0,000120
priest 0,616186 0,000310
priesthood 1,897120 0,000477
priestly 2,207275 0,000554
prima 2,207275 0,000554
prime 0,653926 0,000164
primo 2,995732 0,000753
prince 0,462035 0,000232
princedom 3,912023 0,000983
principal 0,287682 0,000072
principality 2,207275 0,001109
principe 3,218876 0,000809
principle 0,274437 0,000138
prior 1,237874 0,000311
prison 0,248461 0,000062
prisoner 0,356675 0,000179
private 0,198451 0,000050
privileges 1,021651 0,000257
proceed 0,116534 0,000029
proceedings 0,713350 0,000179
proclaim 0,527633 0,000133
procure 0,415515 0,000104
produce 0,061875 0,000016
production 0,274437 0,000069
profess 0,616186 0,000155
profession 0,446287 0,000224
proficient 2,120264 0,000533
profit 0,083382 0,000021
progress 0,162519 0,000041
project -0,009950 -0,000002
prologue 2,407946 0,000605
prolonged 0,597837 0,000150
promise 0,051293 0,000039
promising 0,430783 0,000108
promoted 1,237874 0,000311
prompt 0,478036 0,000120
promulgate 2,302585 0,000578
proof 0,274437 0,000069
proper 0,061875 0,000016
properly 0,385662 0,000097
property 0,127833 0,000032
prophet 0,867501 0,000436
propitious 1,469676 0,000369
proportion 0,235722 0,000059
proportionate 1,771957 0,000445
proposal 0,733969 0,000184
propose 0,186330 0,000094
proprium 3,218876 0,000809
prose 1,021651 0,000257
prosecution 1,203973 0,000302
prospect 0,430783 0,000108
prospective 1,832581 0,000460
prospects 1,203973 0,000302
prosper 1,171183 0,000883
prosperity 0,820981 0,000206
prosperous 0,891598 0,000224
protect 0,139262 0,000070
protection 0,314711 0,000079
protest 0,342490 0,000086
prove 0,083382 0,000063
proverb 1,108663 0,000278
provide 0,127833 0,000032
province 0,776529 0,000390
provision 0,094311 0,000024
provoke 0,510826 0,000128
prudence 0,713350 0,000179
prudent 0,616186 0,000155
prudently 1,514128 0,000380
public 0,083382 0,000021
publish 0,478036 0,000120
pull 0,127833 0,000032
punish 0,314711 0,000237
punishment 0,287682 0,000072
pupil 0,579818 0,000146
purpose 0,040822 0,000021
pursue 0,186330 0,000047
pursuit 0,287682 0,000072
push 0,139262 0,000035
pusillanimity 2,813411 0,000707
pyrrhus 2,525729 0,000634
qualification 1,386294 0,000348
quality 0,186330 0,000094
quantity 0,478036 0,000120
quarrel 0,287682 0,000072
quarter 0,105361 0,000053
quartermaster 2,525729 0,000634
queen 0,415515 0,000104
question 0,020203 0,000005
quickness 1,237874 0,000311
quiet 0,094311 0,000024
quietly 0,261365 0,000066
quintius 2,995732 0,000753
quis 2,813411 0,000707
quit 0,462035 0,000116
race 0,162519 0,000041
rage 0,139262 0,000035
rain 0,150823 0,000038
raise 0,020203 0,000015
rally 1,021651 0,000513
ramiro 3,912023 0,000983
rank 0,223144 0,000112
ransom 1,386294 0,000348
rapacious 2,040221 0,000512
rapacity 2,407946 0,000605
rapidly 0,371064 0,000093
rare 0,261365 0,000066
rarely 0,527633 0,000133
rash 0,891598 0,000224
rashness 1,771957 0,000445
ravage 1,560648 0,000784
raze 2,407946 0,000605
reach 0,000000 0,000000
read 0,020203 0,000015
reader 0,301105 0,000076
ready 0,030459 0,000008
real 0,040822 0,000010
reality 0,301105 0,000076
realize 0,693147 0,000174
realm 0,867501 0,000436
reap 0,673345 0,000338
rear 0,371064 0,000186
reason 0,010050 0,000008
reasonable 0,116534 0,000029
reassure 0,820981 0,000206
rebel 0,733969 0,000369
rebellion 0,941609 0,000473
rebellious 1,049822 0,000264
rebus 2,995732 0,000753
recall 0,235722 0,000118
recapitulation 2,659260 0,000668
receive 0,040822 0,000021
reckon 0,385662 0,000194
recognise 0,843970 0,000212
recognition 0,713350 0,000179
recognize 0,733969 0,000553
recollection 0,527633 0,000133
recommend 0,400478 0,000201
reconcile 0,597837 0,000150
reconciliation 1,021651 0,000257
record 0,223144 0,000168
recount 1,021651 0,000257
recourse 1,171183 0,000294
recover 0,127833 0,000096
recovery 0,616186 0,000155
recur 0,941609 0,000473
red 0,061875 0,000016
redeem 0,776529 0,000195
redemption 1,272966 0,000320
redress 1,560648 0,000392
reduce 0,314711 0,000158
reduction 1,514128 0,000380
refer 0,223144 0,000112
reference 0,198451 0,000050
reflect 0,235722 0,000059
reform 0,891598 0,000224
refuge 0,446287 0,000112
refuse 0,083382 0,000042
regain 0,634878 0,000478
regard 0,083382 0,000021
regimental 1,897120 0,000477
region 0,462035 0,000116
regulate 0,210721 0,000053
reign 0,430783 0,000216
reiterate 1,309333 0,000329
reject 0,478036 0,000120
relate 0,415515 0,000209
relation 0,223144 0,000056
relationship 0,867501 0,000218
release 0,105361 0,000053
reliable 1,609438 0,000404
reliance 1,469676 0,000369
relieve 0,198451 0,000050
religion 0,415515 0,000104
religious 0,446287 0,000112
reluctance 1,049822 0,000264
rely 0,579818 0,000583
remain 0,040822 0,000031
remainder 0,597837 0,000150
remains 0,150823 0,000038
remark 0,223144 0,000112
remarkable 0,235722 0,000059
remedy 0,150823 0,000076
remember 0,030459 0,000015
remit 1,897120 0,000477
removal 1,171183 0,000294
remove 0,040822 0,000010
renaissance 2,302585 0,000578
render 0,186330 0,000140
renown 1,309333 0,000329
reorganize 2,813411 0,000707
repay 0,673345 0,000169
repeat 0,051293 0,000026
replace 0,198451 0,000050
replete 2,040221 0,000512
reply 0,105361 0,000053
report 0,051293 0,000013
represent 0,210721 0,000053
representative 0,820981 0,000206
repress 0,867501 0,000218
reproach 0,301105 0,000227
reprove 1,237874 0,000311
republic 1,386294 0,000696
repudiate 1,660731 0,000417
reputation 0,342490 0,000086
repute 1,108663 0,000557
request 0,105361 0,000026
require 0,051293 0,000013
required 0,083382 0,000021
requisite 1,078810 0,000271
resemblance 0,713350 0,000179
resemble 0,400478 0,000201
reservation 1,609438 0,000404
reserve 0,400478 0,000101
reside 0,713350 0,000538
residence 0,653926 0,000164
resident 1,203973 0,000302
resist 0,274437 0,000138
resistance 0,430783 0,000108
resolution 0,385662 0,000194
resolve 0,287682 0,000072
resort 0,733969 0,000369
resource 0,544727 0,000274
respect 0,040822 0,000021
respectful 0,755023 0,000190
respectfully 1,139434 0,000286
respects 0,527633 0,000133
respond 0,693147 0,000174
responsible 0,693147 0,000174
rest 0,010050 0,000008
restoration 1,272966 0,000320
restore 0,223144 0,000112
restrain 0,579818 0,000146
result 0,174353 0,000044
retain 0,235722 0,000118
retainer 1,966113 0,000494
retired 0,342490 0,000086
retirement 1,108663 0,000278
retreat 0,342490 0,000086
retrieve 1,832581 0,000460
return 0,010050 0,000008
reveal 0,223144 0,000112
revenge 0,462035 0,000116
revenue 0,342490 0,000086
revere 1,427116 0,000358
revolt 0,967584 0,000243
revolution 0,634878 0,000319
reward 0,174353 0,000175
rich 0,116534 0,000059
riches 0,798508 0,000201
rid 0,223144 0,000056
ride 0,261365 0,000131
rider 0,967584 0,000243
righteous 1,203973 0,000302
rightly 0,430783 0,000108
rima 3,218876 0,000809
rioting 2,120264 0,000533
rise 0,030459 0,000038
risk 0,301105 0,000076
rival 0,494296 0,000124
river 0,174353 0,000044
rivers 0,713350 0,000179
road 0,116534 0,000029
rob 0,356675 0,000179
robbery 1,021651 0,000513
roberto 3,912023 0,000983
rock 0,186330 0,000047
roll 0,150823 0,000038
roman 0,713350 0,000358
rome 0,713350 0,000179
romulus 2,659260 0,000668
root 0,235722 0,000118
rota 3,218876 0,000809
rouen 2,525729 0,000634
roughness 1,514128 0,000380
rounded 1,021651 0,000257
rout 1,560648 0,000392
route 0,713350 0,000179
royal 0,400478 0,000101
ruin 0,116534 0,000088
rule 0,030459 0,000023
ruler 0,891598 0,000224
ruling 1,171183 0,000294
russia 1,309333 0,000329
rustling 1,203973 0,000302
sack 0,653926 0,000329
sad 0,223144 0,000056
saddle 0,755023 0,000379
safe 0,116534 0,000088
safely 0,371064 0,000093
safety 0,356675 0,000090
saints 1,049822 0,000264
saliva 2,659260 0,000668
salute 0,634878 0,000159
san 1,272966 0,000320
sanction 1,237874 0,000311
sanguinary 2,040221 0,000512
sanjak 3,912023 0,000983
santa 1,771957 0,000445
satisfaction 0,186330 0,000047
satisfactorily 1,272966 0,000320
satisfy 0,061875 0,000031
saturate 1,609438 0,000404
saul 1,966113 0,000494
save 0,010050 0,000005
savour 1,514128 0,000380
scale 0,274437 0,000069
scanty 0,941609 0,000237
scarcely 0,301105 0,000076
scarcity 1,771957 0,000445
scattered 0,139262 0,000035
scheme 0,462035 0,000232
school 0,150823 0,000038
scorn 0,446287 0,000224
scouring 3,506558 0,000881
scruple 0,941609 0,000237
sea 0,116534 0,000029
season 0,235722 0,000178
seat 0,051293 0,000026
secondo 3,912023 0,000983
secrecy 0,798508 0,000201
secret 0,051293 0,000026
secretary 0,820981 0,000412
secretive 2,525729 0,000634
secretly 0,597837 0,000150
sect 1,021651 0,000257
secure 0,061875 0,000047
securely 0,916291 0,000230
security 0,478036 0,000120
seed 0,510826 0,000128
seek 0,083382 0,000084
seignior 3,506558 0,000881
seize 0,116534 0,000088
select 0,301105 0,000076
sempre 3,912023 0,000983
senate 1,660731 0,000417
senator 2,120264 0,000533
senators 2,207275 0,000554
send 0,020203 0,000015
sense 0,051293 0,000013
separate 0,094311 0,000047
separately 1,108663 0,000278
september 0,673345 0,000169
sequel 1,078810 0,000271
sergeants 2,659260 0,000668
sermon 0,891598 0,000224
servant 0,105361 0,000053
serve 0,051293 0,000039
service 0,072571 0,000036
servitude 1,272966 0,000320
set 0,010050 0,000005
settle 0,083382 0,000042
seventeenth 1,427116 0,000358
seventh 0,562119 0,000141
severe 0,301105 0,000076
severity 0,798508 0,000401
shade 0,223144 0,000056
shadow 0,162519 0,000041
shakespeare 1,171183 0,000294
shame 0,223144 0,000056
shameless 1,427116 0,000358
shape 0,150823 0,000038
share 0,030459 0,000015
sharp 0,139262 0,000035
sharply 0,510826 0,000128
sheep 0,371064 0,000093
sheer 0,820981 0,000206
shelter 0,301105 0,000151
sheltered 0,820981 0,000206
shield 0,634878 0,000159
shift 0,510826 0,000128
shifting 0,891598 0,000224
ship 0,198451 0,000050
shock 0,235722 0,000059
shore 0,287682 0,000145
short 0,020203 0,000010
shortly 0,462035 0,000116
shortness 1,660731 0,000417
shot 0,223144 0,000056
shoulder 0,139262 0,000035
shouldst 2,120264 0,000533
shout 0,186330 0,000094
shrewdness 1,897120 0,000477
shun 0,994252 0,000250
shut 0,051293 0,000013
sicilian 1,897120 0,000477
sicily 1,714798 0,000431
sick 0,150823 0,000038
sickness 0,478036 0,000120
siege 0,941609 0,000237
siena 2,813411 0,000707
sienese 2,995732 0,000753
sight 0,040822 0,000010
sighted 0,733969 0,000184
sign 0,051293 0,000026
signa 3,218876 0,000809
signal 0,462035 0,000232
signification 1,660731 0,000417
signify 0,634878 0,000319
signor 2,525729 0,000634
signori 3,912023 0,000983
signoria 3,912023 0,000983
silence 0,051293 0,000026
silent 0,051293 0,000013
silk 0,478036 0,000120
similarity 1,386294 0,000348
simple 0,094311 0,000024
simplicity 0,527633 0,000133
simply 0,150823 0,000038
sin 0,314711 0,000079
sincerity 0,653926 0,000164
single 0,083382 0,000021
singly 1,139434 0,000286
singularly 0,843970 0,000212
sinister 1,108663 0,000278
sink 0,072571 0,000018
sir 0,150823 0,000038
sister 0,223144 0,000056
sit 0,010050 0,000003
situated 0,733969 0,000184
situation 0,198451 0,000050
sixteenth 1,171183 0,000294
sixth 0,446287 0,000112
sixtus 2,995732 0,000753
skilful 0,967584 0,000243
skill 0,287682 0,000072
skirmish 1,469676 0,000369
slaughter 0,820981 0,000412
slave 0,356675 0,000090
slavery 0,798508 0,000201
slay 0,733969 0,000184
sleep 0,051293 0,000013
slight 0,072571 0,000018
sling 1,309333 0,000329
slip 0,150823 0,000038
sloth 1,347074 0,000338
slow 0,139262 0,000035
slowly 0,150823 0,000038
snare 1,171183 0,000294
snow 0,478036 0,000120
society 0,210721 0,000106
soft 0,210721 0,000053
soil 0,478036 0,000120
soldan 3,218876 0,000809
soldier 0,415515 0,000209
soldiery 2,120264 0,000533
sole 0,301105 0,000076
solely 0,733969 0,000184
solemn 0,301105 0,000076
solemnly 0,579818 0,000146
solid 0,274437 0,000069
son 0,083382 0,000042
sore 0,527633 0,000133
sorel 3,218876 0,000809
sorrow 0,248461 0,000062
sort 0,072571 0,000018
soul 0,083382 0,000021
sound 0,010050 0,000003
source 0,274437 0,000138
south 0,235722 0,000059
sovereignty 1,771957 0,000445
sow 0,579818 0,000146
space 0,105361 0,000026
spain 0,994252 0,000250
spaniard 1,832581 0,000460
spaniards 1,514128 0,000380
spanish 0,733969 0,000184
spare 0,116534 0,000029
spark 0,544727 0,000137
sparta 2,120264 0,000533
spartan 1,609438 0,000809
speak 0,030459 0,000031
speaker 0,634878 0,000159
speaking 0,072571 0,000018
special 0,083382 0,000021
spectacle 0,544727 0,000137
spectacles 0,843970 0,000212
spend 0,051293 0,000039
spirit 0,051293 0,000026
spirited 0,713350 0,000179
spiritual 0,653926 0,000164
spit 0,843970 0,000424
spittle 2,407946 0,000605
splendid 0,400478 0,000101
splendidly 1,171183 0,000294
splendour 1,237874 0,000311
spoil 0,274437 0,000069
spot 0,150823 0,000038
spread 0,051293 0,000013
spring 0,051293 0,000052
squadron 1,560648 0,000392
squander 1,469676 0,000738
square 0,223144 0,000112
stable 0,478036 0,000120
stand -0,009950 -0,000010
standard 0,544727 0,000137
standstill 1,714798 0,000431
start -0,009950 -0,000005
statecraft 3,912023 0,000983
stately 0,733969 0,000184
statement 0,186330 0,000047
statesman 1,049822 0,000527
station 0,235722 0,000059
stature 0,867501 0,000218
stay 0,061875 0,000016
steadfast 1,309333 0,000329
steadily 0,415515 0,000104
steep 0,527633 0,000133
step 0,030459 0,000015
sternness 1,714798 0,000431
stick 0,174353 0,000044
stink 1,469676 0,000369
stipend 2,407946 0,000605
stipulate 1,609438 0,000404
stockade 2,525729 0,000634
stone 0,094311 0,000024
storm 0,274437 0,000069
story 0,030459 0,000008
stout 0,527633 0,000133
straight 0,105361 0,000026
strange 0,061875 0,000016
stranger 0,139262 0,000035
strangle 0,843970 0,000212
street 0,116534 0,000059
strength 0,030459 0,000008
strengthen 0,478036 0,000240
strenuously 1,832581 0,000460
strike 0,020203 0,000010
strip 0,385662 0,000097
strive 0,385662 0,000291
stroke 0,301105 0,000076
strong 0,020203 0,000015
stubborn 0,843970 0,000212
study 0,094311 0,000047
stuff 0,223144 0,000056
style 0,261365 0,000066
subdue 0,941609 0,000237
subject 0,061875 0,000031
subjection 1,272966 0,000320
subjugate 2,407946 0,000605
submit 0,430783 0,000216
subordinate 0,967584 0,000243
subsist 1,347074 0,000338
substance 0,415515 0,000104
subtlety 1,272966 0,000320
suburb 1,078810 0,000271
succeed 0,105361 0,000079
success 0,162519 0,000082
successful 0,478036 0,000120
successor 0,916291 0,000460
sudden 0,072571 0,000018
suffer 0,061875 0,000031
suffering 0,210721 0,000053
suffice 0,544727 0,000137
sufficient 0,139262 0,000035
suggestion 0,356675 0,000090
suit 0,198451 0,000050
summarize 3,218876 0,000809
summit 0,713350 0,000179
summon 0,544727 0,000137
sumptuously 2,302585 0,000578
sundry 1,386294 0,000348
sunrise 0,891598 0,000224
superfluous 0,867501 0,000218
superior 0,261365 0,000066
supper 0,446287 0,000112
supply 0,210721 0,000106
support 0,094311 0,000071
supporter 1,609438 0,000404
suppress 0,446287 0,000112
supreme 0,616186 0,000155
surmount 0,843970 0,000212
surname 1,560648 0,000392
surprise 0,150823 0,000038
surprised 0,210721 0,000053
surrender 0,776529 0,000390
surround 0,162519 0,000122
survive 0,186330 0,000047
suspect 0,162519 0,000082
suspense 0,776529 0,000195
suspicion 0,210721 0,000106
sustain 0,314711 0,000158
sway 0,494296 0,000124
swear 0,261365 0,000066
sweeping 0,820981 0,000206
swell 0,186330 0,000047
swift 0,385662 0,000097
swindle 1,714798 0,000431
swiss 1,897120 0,000477
sword 0,430783 0,000216
sylvester 2,995732 0,000753
syracusan 2,995732 0,000753
syracuse 2,207275 0,000554
tactic 1,832581 0,000460
tale 0,248461 0,000062
talent 0,385662 0,000097
taro 3,506558 0,000881
task 0,248461 0,000062
taste 0,105361 0,000053
tax 0,248461 0,000187
teach 0,083382 0,000042
teacher 0,415515 0,000104
tear 0,030459 0,000015
tedious 0,755023 0,000190
temperate 1,078810 0,000271
tempest 0,776529 0,000195
temporal 1,714798 0,000431
temporize 2,525729 0,000634
tempt 0,415515 0,000104
tenuto 3,912023 0,000983
terence 2,659260 0,000668
term 0,061875 0,000031
terrible 0,186330 0,000047
terrify 0,579818 0,000291
territory 1,203973 0,000605
testament 1,049822 0,000264
testify 0,820981 0,000206
testimony 0,562119 0,000141
theatre 0,820981 0,000206
thee 0,597837 0,000150
theme 0,891598 0,000448
theory 0,400478 0,000101
theseus 1,966113 0,000494
thine 1,139434 0,000286
thinking 0,274437 0,000069
thirdly 1,347074 0,000338
thirst 0,494296 0,000124
thirteen 0,579818 0,000146
thither 0,579818 0,000146
threaten 0,186330 0,000047
thriftiness 3,912023 0,000983
throne 0,733969 0,000184
throw 0,010050 0,000008
thy 0,634878 0,000159
tie 0,105361 0,000026
tight 0,494296 0,000124
tightly 0,867501 0,000218
timber 0,798508 0,000201
time -0,009950 -0,000005
timid 0,544727 0,000137
timidity 1,469676 0,000369
tired 0,198451 0,000050
title 0,116534 0,000029
titus 2,040221 0,000512
toga 2,525729 0,000634
token 0,693147 0,000174
toothing 3,912023 0,000983
torture 0,371064 0,000186
touch 0,010050 0,000008
tournament 2,302585 0,000578
tower 0,314711 0,000158
town 0,094311 0,000047
trade 0,287682 0,000072
train 0,162519 0,000041
training 0,776529 0,000195
trample 0,597837 0,000150
tranquillity 1,049822 0,000264
transaction 0,967584 0,000243
transgress 1,386294 0,000348
translate 0,634878 0,000319
translation 0,891598 0,000224
transversely 3,218876 0,000809
travel 0,198451 0,000050
treacherous 0,891598 0,000224
treachery 0,755023 0,000379
tread 0,328504 0,000083
treat 0,127833 0,000032
treatise 1,272966 0,000320
treatment 0,127833 0,000032
treaty 1,386294 0,000696
tree 0,061875 0,000016
tremble 0,174353 0,000044
tremendous 0,693147 0,000174
trial 0,261365 0,000066
tribe 0,693147 0,000174
tributary 1,966113 0,000494
tribute 1,021651 0,000257
trifle 0,446287 0,000112
trite 2,302585 0,000578
troop 0,843970 0,000212
troops 0,941609 0,000237
trouble 0,010050 0,000008
truce 1,203973 0,000302
true 0,020203 0,000010
trust 0,061875 0,000047
truth 0,030459 0,000015
tumult 0,798508 0,000401
turk 1,560648 0,000392
turks 1,514128 0,000380
tuscan 2,120264 0,000533
tuscany 2,302585 0,000578
tutor 1,078810 0,000271
tutto 3,912023 0,000983
twelfth 1,237874 0,000311
type 0,174353 0,000044
tyrannical 1,514128 0,000380
tyrant 0,843970 0,000212
ultimate 0,941609 0,000237
ultimately 1,108663 0,000278
unable 0,248461 0,000062
unaccustomed 1,771957 0,000445
unarmed 1,514128 0,000380
unaspiring 3,912023 0,000983
unbeliever 1,832581 0,000460
unbelieving 1,771957 0,000445
uncertain 0,301105 0,000076
unclaimed 3,218876 0,000809
uncle 0,544727 0,000137
unconquerable 1,560648 0,000392
underlie 1,714798 0,000431
understand 0,020203 0,000015
understanding 0,223144 0,000056
undertake 0,385662 0,000194
undertaking 0,693147 0,000174
undignified 2,040221 0,000512
undismay 2,207275 0,000554
undo 0,693147 0,000522
undoubtedly 0,634878 0,000159
unduly 1,966113 0,000494
uneasy 0,544727 0,000137
unexpected 0,430783 0,000108
unexpectedly 0,916291 0,000230
unfaithful 1,966113 0,000494
unfitted 2,120264 0,000533
unforeseen 1,514128 0,000380
unfortunate 0,314711 0,000079
unfruitful 2,525729 0,000634
ungrateful 0,798508 0,000201
unguarded 1,560648 0,000392
unhappily 1,660731 0,000417
unhappy 0,400478 0,000101
unhealthy 1,309333 0,000329
unheard 0,994252 0,000250
unhistorical 3,506558 0,000881
unholy 1,469676 0,000369
uniformity 1,771957 0,000445
unify 3,912023 0,000983
uninjured 2,207275 0,000554
union 0,494296 0,000124
unite 0,867501 0,000218
united 0,094311 0,000024
unity 1,049822 0,000264
universal 0,478036 0,000120
universe 0,733969 0,000184
unjudged 3,912023 0,000983
unknown 0,105361 0,000026
unmake 2,407946 0,000605
unmeritedly 3,912023 0,000983
unnecessary 0,653926 0,000164
unprotected 0,673345 0,000169
unready 3,506558 0,000881
unreliable 2,302585 0,000578
unrestrained 1,714798 0,000431
unsettled 1,309333 0,000329
unsettling 2,995732 0,000753
unstable 2,040221 0,000512
unsuccessful 0,994252 0,000250
untie 1,309333 0,000329
untrue 1,309333 0,000329
unum 2,813411 0,000707
unusual 0,415515 0,000104
unwilling 0,653926 0,000164
unwillingly 1,171183 0,000294
unworthy 0,673345 0,000169
upbraided 2,407946 0,000605
uphold 1,237874 0,000933
upright 0,301105 0,000076
uproar 1,021651 0,000257
upset 0,755023 0,000190
upside 1,347074 0,000338
urbanity 2,302585 0,000578
urge 0,274437 0,000138
useless 0,235722 0,000059
usual 0,139262 0,000035
usurper 1,771957 0,000890
uti 2,995732 0,000753
utmost 0,356675 0,000090
utterly 0,371064 0,000093
vain 0,116534 0,000029
vainly 0,634878 0,000159
val 2,813411 0,000707
valiant 1,309333 0,000329
valiantly 2,040221 0,000512
valley 0,544727 0,000137
valorous 2,525729 0,000634
valour 1,560648 0,000392
variable 1,897120 0,000477
variation 0,994252 0,000499
vary 0,342490 0,000258
vase 1,386294 0,000348
vast 0,223144 0,000056
venerate 1,660731 0,000417
venetian 1,469676 0,000738
vengeance 0,579818 0,000146
venice 1,427116 0,000358
vent 0,798508 0,000201
verb 1,609438 0,000404
verify 1,171183 0,000294
verse 0,478036 0,000120
veteran 1,609438 0,000404
vexation 0,820981 0,000206
viand 1,714798 0,000431
vice 0,478036 0,000240
vicinity 1,078810 0,000271
vicissitude 1,560648 0,000392
victim 0,385662 0,000097
victor 0,967584 0,000243
victorious 1,108663 0,000278
victory 0,356675 0,000179
victual 2,813411 0,000707
view 0,040822 0,000010
vigorous 0,544727 0,000137
vigour 0,843970 0,000212
vii 0,430783 0,000108
viii 0,446287 0,000112
vile 0,634878 0,000159
village 0,356675 0,000090
vim 3,218876 0,000809
vincula 3,912023 0,000983
vine 0,867501 0,000218
vineyard 1,237874 0,000311
violator 3,218876 0,000809
violence 0,248461 0,000062
violent 0,223144 0,000056
virgil 1,609438 0,000404
virtu 3,218876 0,000809
virtue 0,287682 0,000145
virtuous 0,653926 0,000164
vision 0,301105 0,000076
visit 0,030459 0,000008
visor 2,525729 0,000634
vita 2,407946 0,000605
vital 0,693147 0,000174
vitality 1,309333 0,000329
void 0,261365 0,000066
volume 0,356675 0,000090
voluntary 0,843970 0,000212
vulgar 0,634878 0,000159
wait 0,061875 0,000047
waiting 0,083382 0,000021
walk 0,000000 0,000000
wall 0,094311 0,000024
war 0,139262 0,000070
warlike 1,427116 0,000358
warn 0,287682 0,000145
warning 0,235722 0,000059
wash 0,210721 0,000053
waste 0,127833 0,000064
watch 0,020203 0,000010
watchword 2,407946 0,000605
water 0,040822 0,000021
weak 0,105361 0,000079
weaken 0,562119 0,000424
weakness 0,248461 0,000062
weapon 0,400478 0,000101
wear 0,083382 0,000042
wearied 0,820981 0,000206
weariness 0,755023 0,000190
wearisome 1,139434 0,000286
weary 0,186330 0,000047
weather 0,248461 0,000062
week 0,127833 0,000032
weigh 0,162519 0,000122
weight 0,116534 0,000029
weightiness 3,912023 0,000983
weighty 1,237874 0,000311
west 0,083382 0,000021
wet 0,261365 0,000066
whale 1,469676 0,000369
wheel 0,274437 0,000069
whencesoever 3,218876 0,000809
white 0,051293 0,000013
wholly 0,400478 0,000101
wicked 0,328504 0,000083
wickedness 0,916291 0,000230
wide 0,030459 0,000008
widow 0,510826 0,000128
wield 1,427116 0,000358
wife 0,083382 0,000042
wild 0,051293 0,000013
wiles 1,771957 0,000445
willingly 0,527633 0,000133
willingness 1,514128 0,000380
win 0,356675 0,000179
wind 0,094311 0,000047
wing 0,314711 0,000079
winter 0,198451 0,000050
wipe 0,415515 0,000104
wisdom 0,287682 0,000072
wise 0,094311 0,000071
wit 0,198451 0,000050
withdraw 0,210721 0,000053
withstand 1,021651 0,000513
witness 0,116534 0,000029
witty 1,139434 0,000286
wolf 0,597837 0,000150
woman 0,030459 0,000015
wonderful 0,162519 0,000041
wonderfully 0,510826 0,000128
wood 0,083382 0,000021
word 0,020203 0,000005
worth 0,061875 0,000016
worthy 0,186330 0,000047
wound 0,198451 0,000100
wounded 0,274437 0,000069
wrest 1,203973 0,000302
wrestle 1,049822 0,000264
write 0,020203 0,000020
writer 0,328504 0,000165
writing 0,061875 0,000016
writings 0,994252 0,000250
wrong 0,072571 0,000036
xi 0,597837 0,000150
xii 0,579818 0,000146
xiii 0,673345 0,000169
xiv 0,693147 0,000174
xix 0,867501 0,000218
xvi 0,776529 0,000195
xvii 0,843970 0,000212
xviii 0,891598 0,000224
xx 0,916291 0,000230
xxi 0,867501 0,000218
xxii 0,967584 0,000243
xxiii 0,967584 0,000243
xxiv 0,994252 0,000250
xxv 1,108663 0,000278
yearly 1,203973 0,000302
yield 0,174353 0,000088
yoke 0,994252 0,000250
youth 0,139262 0,000035
zeal 0,579818 0,000146
zenith 1,469676 0,000369
