abandon 0,223144 0,000048
abandonment 1,514128 0,000325
abasement 1,897120 0,000407
abba 3,506558 0,000752
abhor 1,203973 0,000258
abide 0,248461 0,000107
abides 2,207275 0,000474
ability 0,478036 0,000103
abnormal 1,832581 0,000393
abode 0,579818 0,000124
abound 1,021651 0,000658
abraham 1,386294 0,000297
abreast 1,203973 0,000258
absence 0,274437 0,000059
absent 0,371064 0,000080
absolute 0,400478 0,000086
absolutely 0,287682 0,000062
absurd 0,430783 0,000092
abundant 0,867501 0,000186
abundantly 1,272966 0,000273
abused 0,843970 0,000181
accept 0,061875 0,000053
acceptable 0,967584 0,000208
acceptance 0,967584 0,000208
access 0,314711 0,000135
accessible 0,446287 0,000096
accompany 0,094311 0,000040
accomplish 0,634878 0,000272
accord 0,527633 0,000113
account 0,010050 0,000004
accuracy 1,108663 0,000238
accurate 0,941609 0,000202
accurately 1,049822 0,000225
accuse 0,385662 0,000083
accuser 1,660731 0,000356
achieve 0,597837 0,000128
acknowledge 0,274437 0,000118
acorn 1,771957 0,000380
acquaintance 0,248461 0,000053
acquittal 2,302585 0,000494
action 0,094311 0,000040
active 0,127833 0,000027
actively 1,560648 0,000335
activity 0,415515 0,000178
acts 1,966113 0,000422
actual 0,174353 0,000037
adam 0,941609 0,000202
adapt 0,653926 0,000140
add 0,094311 0,000020
addition 0,116534 0,000050
additional 0,198451 0,000043
address 0,072571 0,000047
adhere 0,916291 0,000197
adjust 0,891598 0,000191
admiration 0,342490 0,000073
admit 0,116534 0,000025
admonish 1,237874 0,000266
adoniram 2,813411 0,000604
adoption 1,771957 0,000380
advance 0,061875 0,000027
advancement 1,203973 0,000258
adverse 1,514128 0,000325
advert 2,995732 0,000643
advice 0,186330 0,000040
advocate 0,867501 0,000372
affair 0,094311 0,000020
affection 0,235722 0,000101
affectionate 0,616186 0,000132
affectionately 1,237874 0,000266
afflict 0,597837 0,000128
affliction 0,798508 0,000343
afford 0,186330 0,000040
afraid 0,105361 0,000023
africa 0,967584 0,000208
african 1,427116 0,000306
age 0,040822 0,000018
aged 0,198451 0,000043
agency 1,021651 0,000219
agent 0,223144 0,000096
agonising 2,040221 0,000438
agony 0,462035 0,000099
agree 0,051293 0,000022
agreement 0,210721 0,000045
aid 0,210721 0,000045
air 0,061875 0,000013
ak 1,347074 0,000289
alarmed 0,478036 0,000103
alas 0,462035 0,000099
alike 0,287682 0,000062
alive 0,051293 0,000011
allure 1,386294 0,000297
almighty 1,108663 0,000238
aloft 0,916291 0,000197
alps 1,560648 0,000335
altar 0,755023 0,000162
alter 0,235722 0,000051
alteration 0,261365 0,000056
alternate 0,261365 0,000056
alway 2,659260 0,000571
amazement 0,446287 0,000096
amazing 0,941609 0,000202
ambassador 1,108663 0,000476
ambition 0,510826 0,000219
amen 1,237874 0,000266
amendment 1,714798 0,000368
american 0,634878 0,000136
amiss 0,798508 0,000171
amuse 0,371064 0,000080
amusement 0,478036 0,000103
ananias 3,506558 0,000752
anchor 0,776529 0,000167
anew 0,867501 0,000186
angel 0,579818 0,000124
angels 0,776529 0,000167
anger 0,287682 0,000062
angry 0,174353 0,000037
anguish 0,579818 0,000124
anoint 1,309333 0,000562
answer 0,020203 0,000013
answering 0,510826 0,000110
ant 1,309333 0,000281
antagonism 1,966113 0,000422
anxiety 0,287682 0,000062
anxious 0,261365 0,000056
anxiously 0,693147 0,000149
apace 1,771957 0,000380
apology 0,527633 0,000113
apostle 1,386294 0,000595
appeal 0,261365 0,000112
appeals 0,916291 0,000197
appearance 0,072571 0,000016
appetite 0,314711 0,000135
applause 0,916291 0,000197
applicable 0,400478 0,000086
apply 0,116534 0,000075
appoint 0,328504 0,000141
apprehend 0,798508 0,000171
approach 0,040822 0,000018
approval 0,798508 0,000171
approve 0,342490 0,000073
apt 0,579818 0,000124
aptitude 1,714798 0,000368
arc 1,609438 0,000345
archangel 2,040221 0,000438
archer 1,560648 0,000335
archive 0,544727 0,000117
ardent 0,941609 0,000202
ardour 1,237874 0,000266
argue 0,371064 0,000159
argument 0,287682 0,000062
arithmetic 1,203973 0,000258
ark 1,560648 0,000335
arm 0,030459 0,000013
armed 0,385662 0,000083
armour 1,514128 0,000325
army 0,356675 0,000077
arnold 2,302585 0,000494
arouse 0,653926 0,000421
arrange 0,198451 0,000043
array 0,248461 0,000053
arrest 0,544727 0,000117
arrive 0,083382 0,000036
arrow 0,510826 0,000110
art 0,127833 0,000027
asa 2,813411 0,000604
ascend 0,430783 0,000092
ascension 2,813411 0,000604
asceticism 2,659260 0,000571
ascii 0,562119 0,000121
ashamed 0,248461 0,000053
asia 1,108663 0,000238
asleep 0,162519 0,000035
ass 0,916291 0,000197
assail 0,891598 0,000383
assembly 0,798508 0,000171
assent 0,579818 0,000124
assertion 0,891598 0,000191
assimilate 1,714798 0,000368
assist 0,328504 0,000070
assistance 0,105361 0,000023
assume 0,162519 0,000070
assurance 0,430783 0,000185
assure 0,127833 0,000110
astonishing 0,653926 0,000140
astray 1,078810 0,000231
atlantic 1,171183 0,000251
atmosphere 0,579818 0,000124
atoning 2,995732 0,000643
attach 0,116534 0,000025
attack 0,198451 0,000085
attain 0,328504 0,000141
attempt 0,051293 0,000022
attend 0,127833 0,000027
attention 0,083382 0,000018
attentive 0,713350 0,000153
attentively 0,755023 0,000162
attitude 0,446287 0,000096
attractive 0,820981 0,000176
attribute 0,527633 0,000113
augean 3,506558 0,000752
aught 0,891598 0,000191
august 0,616186 0,000132
austere 1,171183 0,000251
author 0,116534 0,000025
authority 0,223144 0,000048
avail 0,462035 0,000198
avenue 0,820981 0,000176
avocation 1,897120 0,000407
avoid 0,105361 0,000068
await 0,314711 0,000068
awaken 0,430783 0,000092
awakening 1,108663 0,000238
awe 0,597837 0,000128
awed 1,560648 0,000335
awful 0,328504 0,000070
aye 1,347074 0,000289
babe 1,272966 0,000546
bach 3,218876 0,000691
backslider 3,218876 0,000691
bacon 0,994252 0,000213
bad 0,020203 0,000013
badly 0,446287 0,000096
bag 0,446287 0,000096
balance 0,342490 0,000073
ball 0,287682 0,000062
balloon 1,771957 0,000380
balm 1,560648 0,000335
banish 0,562119 0,000121
banishment 1,427116 0,000306
baptise 2,659260 0,001141
baptism 1,832581 0,000393
baptist 2,207275 0,000474
bare 0,150823 0,000032
barely 0,798508 0,000171
bargain 0,527633 0,000113
barley 1,609438 0,000345
barn 1,237874 0,000531
barnabas 3,506558 0,000752
barrel 0,673345 0,000144
barren 0,713350 0,000153
bartholomew 2,040221 0,000438
basal 3,912023 0,000839
base 0,094311 0,000040
baseball 2,813411 0,000604
basis 0,673345 0,000144
bath 0,274437 0,000059
battle 0,235722 0,000101
baxter 2,525729 0,000542
beam 0,430783 0,000092
bear 0,000000 0,000000
bearer 0,776529 0,000167
beast 0,235722 0,000101
beat 0,083382 0,000054
beautiful 0,083382 0,000018
beautify 1,771957 0,000380
beauty 0,162519 0,000035
becloud 3,912023 0,000839
becometh 2,995732 0,000643
bed 0,051293 0,000011
bedding 1,771957 0,000380
beelzebub 2,813411 0,000604
beethoven 2,207275 0,000474
befall 0,527633 0,000226
beget 1,171183 0,000503
beggar 0,597837 0,000128
begrime 2,407946 0,000517
beguile 1,386294 0,000297
behalf 0,713350 0,000153
behold 0,235722 0,000152
belief 0,198451 0,000043
believer 1,272966 0,000273
believeth 2,659260 0,000571
belittle 2,302585 0,000494
bellowing 1,832581 0,000393
belly 0,798508 0,000171
belong 0,072571 0,000047
bemean 3,912023 0,000839
bench 0,544727 0,000117
beneath 0,198451 0,000043
benediction 1,609438 0,000345
beneficent 1,386294 0,000297
benefit 0,356675 0,000153
benevolence 1,049822 0,000225
bent 0,174353 0,000037
beseech 0,891598 0,000191
beset 0,941609 0,000202
besought 1,309333 0,000281
bestow 0,430783 0,000370
betray 0,301105 0,000129
betrayal 2,120264 0,000455
beware 0,820981 0,000176
bezaleel 3,218876 0,000691
bible 0,755023 0,000162
bid 0,186330 0,000040
bigoted 3,218876 0,000691
billow 1,427116 0,000306
binary 0,562119 0,000121
bind 0,030459 0,000013
bird 0,150823 0,000032
birth 0,301105 0,000065
birthright 2,040221 0,000438
bishop 1,049822 0,000225
bit 0,139262 0,000030
bitter 0,210721 0,000045
bitterness 0,634878 0,000136
black 0,061875 0,000013
blackness 1,237874 0,000266
blank 0,527633 0,000113
blaspheme 1,832581 0,000393
blasphemy 1,427116 0,000612
blended 1,203973 0,000258
bless 0,415515 0,000089
blessed 0,356675 0,000077
blessedness 1,966113 0,000422
blessing 0,415515 0,000178
blest 1,469676 0,000315
blind 0,174353 0,000075
blindly 0,941609 0,000202
blindness 0,994252 0,000213
block 0,494296 0,000106
blood 0,116534 0,000025
bloom 0,527633 0,000113
blossom 0,673345 0,000144
blot 0,820981 0,000352
board 0,261365 0,000056
boast 0,328504 0,000141
boats 0,820981 0,000176
bodily 0,673345 0,000144
body 0,010050 0,000004
bold 0,223144 0,000048
boldly 0,462035 0,000099
boldness 0,916291 0,000197
bolt 0,494296 0,000106
bond 0,478036 0,000103
bondage 1,203973 0,000258
book 0,040822 0,000018
boot 0,430783 0,000092
booth 1,427116 0,000306
border 0,400478 0,000086
borderland 3,506558 0,000752
bow 0,127833 0,000055
bowers 2,525729 0,000542
box 0,248461 0,000053
boy 0,105361 0,000045
boyish 1,347074 0,000289
brain 0,314711 0,000068
branch 0,186330 0,000080
brand 0,733969 0,000157
brass 0,462035 0,000099
bravado 2,207275 0,000474
brave 0,342490 0,000073
breach 0,274437 0,000059
bread 0,248461 0,000053
break 0,010050 0,000009
breakfast 0,342490 0,000073
breast 0,198451 0,000043
breath 0,174353 0,000037
breathless 0,673345 0,000144
brethren 0,916291 0,000197
brick 0,653926 0,000140
bride 0,798508 0,000171
bridegroom 1,203973 0,000258
bridle 0,916291 0,000197
bright 0,094311 0,000020
brighten 0,673345 0,000144
brightness 0,634878 0,000136
brilliant 0,430783 0,000092
brim 0,994252 0,000640
bring 0,000000 0,000000
bringeth 2,525729 0,000542
brink 1,139434 0,000244
broad 0,127833 0,000055
broaden 2,120264 0,000910
brother 0,127833 0,000027
brotherly 1,609438 0,000345
bruise 0,673345 0,000144
brushwood 2,040221 0,000438
brutality 1,427116 0,000306
bubble 0,941609 0,000404
buckler 1,897120 0,000407
build 0,094311 0,000061
builder 1,108663 0,000238
building 0,210721 0,000090
bullet 0,867501 0,000372
bunyan 2,302585 0,000494
buoyant 1,897120 0,000407
burden 0,198451 0,000128
burdensome 1,832581 0,000393
burn 0,061875 0,000040
burst 0,248461 0,000053
bush 0,430783 0,000092
business 0,040822 0,000009
busy 0,210721 0,000090
butchery 2,120264 0,000455
button 0,693147 0,000149
cadet 2,302585 0,000494
cake 0,733969 0,000157
calamity 0,755023 0,000162
calculate 0,116534 0,000050
caleb 2,813411 0,000604
calling 0,733969 0,000157
calm 0,274437 0,000118
calmly 0,510826 0,000110
camp 0,544727 0,000117
campaigns 2,040221 0,000438
canaan 2,659260 0,000571
canada 1,897120 0,000407
candidate 1,469676 0,000315
canst 1,514128 0,000325
cap 0,356675 0,000077
captain 0,328504 0,000070
captive 0,755023 0,000324
captivity 1,714798 0,000368
carcase 1,897120 0,000407
card 0,139262 0,000030
care 0,000000 0,000000
careful 0,174353 0,000037
carefully 0,139262 0,000030
careless 0,494296 0,000106
carelessly 0,776529 0,000167
carelessness 1,021651 0,000219
carnal 1,714798 0,000368
carnality 3,912023 0,000839
carpenter 0,891598 0,000191
carpet 0,462035 0,000099
carriage 0,356675 0,000077
carry 0,010050 0,000006
cast 0,116534 0,000050
castaway 2,207275 0,000474
casteth 2,995732 0,000643
casting 0,544727 0,000117
catastrophe 1,021651 0,000219
catch 0,072571 0,000031
catechism 1,832581 0,000393
cattle 0,544727 0,000117
cease 0,061875 0,000053
ceaseless 1,386294 0,000297
ceaselessly 2,659260 0,000571
cedar 1,386294 0,000297
celluloid 3,912023 0,000839
censorious 2,995732 0,000643
censure 1,078810 0,000231
cent 1,049822 0,000225
central 0,733969 0,000157
centurion 2,659260 0,000571
century 0,328504 0,000141
ceremony 0,446287 0,000096
chamber 0,328504 0,000070
chance 0,061875 0,000013
change 0,010050 0,000006
channel 0,544727 0,000234
chap 0,891598 0,000191
chapter 0,328504 0,000070
character 0,061875 0,000013
characteristic 0,400478 0,000086
charge 0,040822 0,000026
charitable 0,287682 0,000062
charity 0,186330 0,000080
charles 0,597837 0,000128
chastening 3,506558 0,000752
chastise 1,560648 0,000335
check 0,072571 0,000047
cheek 0,261365 0,000056
cheer 0,356675 0,000077
cheerful 0,385662 0,000083
cheerfully 0,820981 0,000176
cherish 0,653926 0,000140
chicago 2,120264 0,000455
chief 0,094311 0,000020
chiefly 0,527633 0,000113
child 0,040822 0,000018
childhood 0,527633 0,000113
childlike 1,771957 0,000380
chime 1,139434 0,000244
china 0,776529 0,000167
chip 1,386294 0,000297
choice 0,150823 0,000032
choose 0,020203 0,000013
chord 1,203973 0,000517
christ 0,867501 0,000186
christian 0,385662 0,000165
christlike 3,506558 0,000752
church 0,261365 0,000112
circumstance 0,116534 0,000050
citadel 1,560648 0,000335
citizen 0,673345 0,000289
citizenship 2,302585 0,000494
city 0,051293 0,000022
civil 0,544727 0,000117
claim 0,083382 0,000036
clamour 1,714798 0,000368
clang 1,203973 0,000258
clasp 1,021651 0,000219
class 0,248461 0,000107
clay 0,494296 0,000106
clean 0,210721 0,000045
cleanness 2,813411 0,000604
cleanse 1,237874 0,000797
cleansing 1,832581 0,000393
cleave 1,309333 0,000281
cleft 1,237874 0,000266
client 1,347074 0,000289
cloak 0,527633 0,000113
clod 2,407946 0,000517
close 0,010050 0,000002
clothe 0,287682 0,000123
clothes 0,127833 0,000027
cloud 0,150823 0,000065
cloudless 1,514128 0,000325
cloven 2,040221 0,000438
club 0,544727 0,000117
coal 0,527633 0,000113
coast 0,544727 0,000117
coat 0,235722 0,000051
code 0,287682 0,000062
cog 2,995732 0,000643
cold 0,040822 0,000009
collar 0,634878 0,000136
collection 0,162519 0,000035
colleges 2,040221 0,000438
colonel 0,967584 0,000208
colossians 2,995732 0,000643
colt 1,560648 0,000335
cometh 1,897120 0,000407
comfort 0,105361 0,000090
comforter 1,469676 0,000315
command 0,116534 0,000100
commandment 1,514128 0,000325
commence 0,579818 0,000124
commend 0,798508 0,000171
commercial 0,274437 0,000059
commission 0,579818 0,000373
commissioner 2,302585 0,000494
commit 0,116534 0,000050
common 0,072571 0,000016
commonplace 1,108663 0,000238
communication 0,510826 0,000110
communion 1,427116 0,000306
community 0,579818 0,000249
compact 0,867501 0,000186
companion 0,150823 0,000032
company 0,020203 0,000004
comparative 0,994252 0,000213
compare 0,162519 0,000070
compass 0,579818 0,000124
compassion 0,820981 0,000176
compassionate 1,272966 0,000273
compassionately 2,407946 0,000517
compel 0,385662 0,000248
compilation 0,478036 0,000103
complacent 1,514128 0,000325
complain 0,198451 0,000085
complaint 0,478036 0,000103
complete 0,105361 0,000068
completely 0,274437 0,000059
complex 1,139434 0,000244
compliance 0,342490 0,000073
comply 0,287682 0,000123
compose 0,287682 0,000062
comprehensive 1,237874 0,000266
compressed 0,342490 0,000073
computation 1,609438 0,000345
comrade 0,693147 0,000297
conceal 0,198451 0,000043
conceit 0,994252 0,000427
conceive 0,223144 0,000048
concept 0,527633 0,000113
concerned 0,287682 0,000062
conclude 0,235722 0,000051
conclusion 0,210721 0,000045
condemn 0,446287 0,000383
condemnation 1,309333 0,000281
condescend 1,139434 0,000244
condition 0,051293 0,000022
conduct 0,094311 0,000020
confer 0,820981 0,000176
confess 0,127833 0,000055
confession 0,579818 0,000124
confidence 0,139262 0,000030
confident 0,510826 0,000110
confidently 1,049822 0,000225
confine 0,223144 0,000096
confirm 0,139262 0,000060
confirmation 0,356675 0,000077
conflict 0,597837 0,000128
conform 1,203973 0,000258
conformity 1,514128 0,000325
confound 0,430783 0,000092
confront 0,776529 0,000167
confuse 1,714798 0,000368
confusion 0,287682 0,000062
congregation 1,272966 0,000273
congregationalists 3,912023 0,000839
conquer 0,527633 0,000340
conqueror 1,021651 0,000219
conquest 0,967584 0,000208
conscience 0,301105 0,000129
conscious 0,314711 0,000068
consciousness 0,371064 0,000080
consecrated 1,309333 0,000281
consecration 2,207275 0,000474
consent 0,223144 0,000096
consequence 0,186330 0,000040
consequent 1,203973 0,000258
consequential 0,478036 0,000103
considerable 0,105361 0,000023
considerate 1,469676 0,000315
consideration 0,223144 0,000096
consign 1,171183 0,000251
consolation 0,634878 0,000136
console 0,673345 0,000144
constant 0,051293 0,000011
constantinople 1,832581 0,000393
constantly 0,371064 0,000080
constitute 0,597837 0,000257
constrain 0,733969 0,000157
constructive 2,813411 0,000604
consult 0,400478 0,000086
consume 0,462035 0,000397
contact 0,210721 0,000045
contagious 2,040221 0,000438
contend 0,597837 0,000128
content 0,174353 0,000037
contention 1,203973 0,000258
contentious 2,302585 0,000494
contents 0,094311 0,000020
continent 0,820981 0,000176
contingent 1,660731 0,000356
continually 0,446287 0,000096
continuance 1,237874 0,000266
continue 0,186330 0,000120
continued 0,072571 0,000016
continuous 0,867501 0,000186
contract 0,139262 0,000030
contradiction 0,713350 0,000153
contrary 0,198451 0,000043
contribution 0,371064 0,000080
control 0,223144 0,000144
controversy 1,386294 0,000297
convent 1,469676 0,000315
conversation 0,186330 0,000040
conversion 1,386294 0,000297
convert 0,186330 0,000120
convey 0,287682 0,000062
convict 0,941609 0,000808
conviction 0,430783 0,000185
convince 0,198451 0,000170
cony 3,912023 0,000839
cooling 1,272966 0,000273
copying 0,494296 0,000106
copyright 0,415515 0,000089
cor 3,506558 0,000752
corinthian 2,040221 0,000438
corn 0,527633 0,000113
cornelius 2,120264 0,000455
cornfield 2,525729 0,000542
corporation 0,400478 0,000086
corps 1,560648 0,000335
corpse 0,616186 0,000132
correct 0,235722 0,000152
correction 1,203973 0,000258
corrective 2,407946 0,000517
corroborate 1,514128 0,000325
corrupt 0,235722 0,000101
corruptible 2,525729 0,000542
corruption 0,820981 0,000176
cost 0,105361 0,000045
council 0,653926 0,000281
counsel 0,462035 0,000099
count 0,116534 0,000100
countenance 0,371064 0,000080
counterfeit 1,203973 0,000258
countless 1,203973 0,000258
country 0,010050 0,000004
courage 0,150823 0,000032
courageous 1,171183 0,000251
court 0,094311 0,000040
courteous 0,967584 0,000208
covenant 1,469676 0,000315
covered 0,139262 0,000030
covetous 1,771957 0,000380
covetousness 1,771957 0,000380
cow 0,653926 0,000140
cower 1,427116 0,000306
cowper 2,659260 0,000571
create 0,094311 0,000061
creation 0,198451 0,000043
creator 1,139434 0,000244
creature 0,116534 0,000050
credit 0,094311 0,000020
creed 1,139434 0,000244
creep 0,198451 0,000043
crew 0,755023 0,000162
crib 2,120264 0,000455
crime 0,261365 0,000056
cringe 1,609438 0,000345
crisis 0,820981 0,000176
critical 0,235722 0,000051
criticise 1,514128 0,000650
criticism 0,820981 0,000352
croak 1,386294 0,000297
cross 0,083382 0,000018
crowd 0,174353 0,000075
crowded 0,301105 0,000065
crown 0,210721 0,000090
crowning 1,272966 0,000273
crucifixion 2,120264 0,000455
crucify 1,560648 0,000335
cruel 0,261365 0,000056
cruelly 0,820981 0,000176
crush 0,274437 0,000059
cultivate 0,462035 0,000099
cultivation 1,469676 0,000315
cup 0,342490 0,000073
curb 1,272966 0,000273
cure 0,314711 0,000135
current 0,116534 0,000050
curse 0,342490 0,000073
curtain 0,328504 0,000070
curtis 2,659260 0,000571
custom 0,210721 0,000045
cut 0,030459 0,000020
cymbal 2,040221 0,000438
cyrus 1,832581 0,000393
daily 0,248461 0,000053
dainty 0,634878 0,000136
daisy 1,832581 0,000393
damage 0,223144 0,000096
damages 0,400478 0,000086
damn 1,309333 0,000281
damnation 1,771957 0,000380
damp 0,400478 0,000086
dan 1,897120 0,000407
dance 0,235722 0,000051
danger 0,105361 0,000045
dangerous 0,150823 0,000032
daniel 1,427116 0,000306
dark 0,051293 0,000022
darken 0,634878 0,000136
darkness 0,186330 0,000040
darts 1,386294 0,000297
dastardly 2,302585 0,000494
datum 0,494296 0,000106
daughter 0,174353 0,000075
david 0,597837 0,000128
dawn 0,314711 0,000203
day 0,000000 0,000000
dead 0,072571 0,000016
deadly 0,478036 0,000103
deadness 2,995732 0,000643
deaf 0,634878 0,000136
deal 0,061875 0,000053
death 0,020203 0,000004
debauchery 1,771957 0,000380
debt 0,494296 0,000106
decay 0,544727 0,000117
deceit 0,967584 0,000208
deceitfully 2,813411 0,000604
deceitfulness 2,995732 0,000643
deceive 0,261365 0,000112
decide 0,040822 0,000009
decision 0,544727 0,000117
declamation 2,407946 0,000517
declare 0,139262 0,000090
deductible 0,562119 0,000121
deed 0,287682 0,000123
deep 0,020203 0,000013
deepen 0,867501 0,000558
deeply 0,261365 0,000056
defame 2,302585 0,000494
defect 0,261365 0,000112
defective 0,356675 0,000077
defence 0,527633 0,000113
defenceless 1,897120 0,000407
defend 0,301105 0,000129
defer 0,941609 0,000202
defiance 0,713350 0,000153
defiant 1,469676 0,000315
defile 1,078810 0,000231
definite 0,755023 0,000162
deflect 2,525729 0,001084
deform 0,967584 0,000208
degradation 1,108663 0,000238
degrade 0,994252 0,000427
delay 0,186330 0,000040
deletion 0,562119 0,000121
delicacy 0,597837 0,000128
delight 0,150823 0,000032
deliver 0,223144 0,000096
deliverance 0,941609 0,000202
delude 1,347074 0,000289
demand 0,051293 0,000022
den 0,693147 0,000149
denial 0,776529 0,000167
denounce 1,078810 0,000463
dense 0,693147 0,000149
denunciation 2,040221 0,000438
deny 0,072571 0,000031
depart 0,162519 0,000070
departure 0,430783 0,000092
depend 0,040822 0,000018
dependence 1,309333 0,000281
dependent 0,820981 0,000176
depress 0,616186 0,000132
depression 0,967584 0,000208
depths 0,446287 0,000096
derivative 0,510826 0,000110
derive 0,210721 0,000090
descend 0,174353 0,000037
descent 0,634878 0,000136
desert 0,314711 0,000068
desirable 0,733969 0,000157
desire 0,051293 0,000022
desirous 0,634878 0,000136
desolate 0,733969 0,000157
despairing 0,798508 0,000171
desperate 0,328504 0,000070
despise 0,342490 0,000220
destitute 0,916291 0,000197
destroy 0,061875 0,000053
destruction 0,342490 0,000073
destructive 1,049822 0,000225
detach 0,287682 0,000062
determine 0,061875 0,000027
determinedly 3,218876 0,000691
develop 0,891598 0,000191
development 0,693147 0,000149
devil 0,301105 0,000129
devoid 1,309333 0,000281
devote 0,673345 0,000289
devoted 0,301105 0,000065
devotion 0,510826 0,000110
devour 0,462035 0,000099
devout 1,203973 0,000258
devoutly 1,386294 0,000297
dew 0,755023 0,000162
dictation 2,040221 0,000438
dictatorial 2,813411 0,000604
die 0,010050 0,000006
difference 0,174353 0,000037
difficult 0,116534 0,000025
difficulty 0,116534 0,000050
dig 0,356675 0,000077
diligence 1,237874 0,000266
diligently 1,203973 0,000258
dim 0,356675 0,000153
dimness 2,120264 0,000455
dinner 0,186330 0,000040
direct 0,040822 0,000035
direction 0,051293 0,000011
director 0,733969 0,000157
dirt 0,544727 0,000117
dis 1,609438 0,000345
disappointed 0,415515 0,000089
disappointment 0,462035 0,000198
disaster 0,820981 0,000352
disastrous 1,108663 0,000238
discern 0,634878 0,000272
discerning 1,469676 0,000315
discernment 1,469676 0,000315
discharge 0,478036 0,000205
disciple 1,021651 0,000219
discipline 0,634878 0,000136
disclaim 0,462035 0,000099
disclaimer 0,562119 0,000241
discontent 0,616186 0,000132
discontinue 0,510826 0,000110
discourage 0,693147 0,000149
discouragement 1,714798 0,000368
discourteous 2,659260 0,000571
discover 0,030459 0,000013
discredit 1,660731 0,000356
discuss 0,400478 0,000172
disease 0,328504 0,000141
diseased 1,237874 0,000266
dish 0,478036 0,000103
disk 0,415515 0,000089
dislike 0,478036 0,000103
dismay 0,597837 0,000128
disobedient 1,966113 0,000422
disparagement 2,040221 0,000438
dispensation 1,966113 0,000422
display 0,162519 0,000105
displease 1,021651 0,000438
displeased 1,108663 0,000238
displeasure 0,941609 0,000202
disposition 0,371064 0,000159
dispute 0,446287 0,000383
disputer 2,995732 0,000643
disquiet 1,309333 0,000281
dissatisfied 1,021651 0,000219
distinct 0,301105 0,000065
distinction 0,356675 0,000077
distinctly 0,478036 0,000103
distinguish 0,314711 0,000068
distinguished 0,301105 0,000065
distortion 2,040221 0,000438
distract 0,510826 0,000219
distress 0,274437 0,000118
distressed 0,673345 0,000144
distribute 0,210721 0,000136
distribution 0,430783 0,000092
distributor 0,544727 0,000117
distrust 0,733969 0,000157
divide 0,150823 0,000097
divine 0,356675 0,000077
divinely 1,609438 0,000345
divinity 0,867501 0,000186
divorce 1,237874 0,000266
doctor 0,400478 0,000172
doctrinal 3,218876 0,000691
doctrine 0,616186 0,000264
doer 1,832581 0,000393
doest 2,659260 0,000571
doeth 2,525729 0,000542
doings 0,967584 0,000208
doleful 1,427116 0,000306
doll 1,386294 0,000297
dollar 1,237874 0,000266
domain 0,328504 0,000070
dominion 0,941609 0,000202
donate 0,544727 0,000117
donation 0,446287 0,000191
donor 0,478036 0,000103
doom 0,579818 0,000124
door 0,000000 0,000000
doorway 0,733969 0,000157
dost 1,237874 0,000266
doth 1,049822 0,000225
double 0,139262 0,000030
doubt 0,040822 0,000035
doubtless 0,430783 0,000092
dove 0,916291 0,000197
download 0,562119 0,000121
downward 0,798508 0,000171
draught 0,527633 0,000113
draw 0,020203 0,000017
dread 0,248461 0,000053
dreadful 0,342490 0,000073
dream 0,083382 0,000018
dress 0,162519 0,000035
drift 0,462035 0,000099
drink 0,072571 0,000016
drive 0,030459 0,000007
droop 0,798508 0,000343
drop 0,061875 0,000013
dross 2,120264 0,000455
drown 0,314711 0,000068
drunkard 0,994252 0,000213
drunkenness 1,237874 0,000266
dry 0,116534 0,000025
dryness 1,966113 0,000422
dull 0,174353 0,000075
dullness 2,040221 0,000438
dumb 0,562119 0,000121
dungeon 1,237874 0,000266
dusky 1,021651 0,000219
dust 0,162519 0,000035
dutiful 1,714798 0,000368
duty 0,061875 0,000027
dwell 0,342490 0,000147
dwelling 0,494296 0,000106
dynamite 3,218876 0,000691
eager 0,210721 0,000045
eagerly 0,385662 0,000083
ear 0,061875 0,000027
earn 0,446287 0,000096
earnest 0,261365 0,000056
earnestly 0,415515 0,000089
earnestness 0,867501 0,000186
earth 0,051293 0,000011
earthly 0,673345 0,000144
earthquake 1,021651 0,000219
ease 0,150823 0,000032
easily 0,072571 0,000016
easy 0,000000 0,000000
eat 0,040822 0,000018
ebony 1,660731 0,000356
echo 0,356675 0,000077
ecstasy 0,798508 0,000343
ecstatic 1,309333 0,000281
eden 1,771957 0,000380
edge 0,150823 0,000032
edifying 1,771957 0,000380
edit 1,771957 0,000380
edition 0,287682 0,000123
education 0,415515 0,000089
educational 0,446287 0,000096
edwards 2,813411 0,000604
effective 0,967584 0,000208
effectively 2,525729 0,000542
effectually 1,203973 0,000258
efficacy 1,966113 0,000422
effort 0,094311 0,000040
egypt 0,891598 0,000191
egyptian 1,108663 0,000476
elbow 0,494296 0,000212
eld 0,385662 0,000083
elect 0,210721 0,000045
electric 1,171183 0,000251
electricity 1,966113 0,000422
electronic 0,544727 0,000117
electronically 0,544727 0,000117
element 0,342490 0,000073
elevator 2,813411 0,000604
elijah 2,120264 0,000455
eloquent 0,820981 0,000176
email 0,562119 0,000121
embolden 1,469676 0,000315
embrace 0,235722 0,000152
eminent 0,967584 0,000208
emotion 0,356675 0,000077
emphasis 0,891598 0,000191
emphasise 2,120264 0,000455
empire 0,634878 0,000136
employee 0,510826 0,000219
employment 0,527633 0,000226
empower 1,714798 0,000736
enable 0,274437 0,000236
encode 0,653926 0,000140
encompass 1,203973 0,000258
encourage 0,301105 0,000194
encouragement 0,755023 0,000162
encouraging 0,798508 0,000171
encumbrance 1,966113 0,000422
endanger 1,386294 0,000297
endless 0,478036 0,000103
endue 1,832581 0,000393
endurance 0,891598 0,000191
endure 0,210721 0,000136
enemy 0,105361 0,000045
energy 0,371064 0,000080
enforce 0,941609 0,000202
engagement 0,634878 0,000136
engender 1,386294 0,000297
english 0,094311 0,000020
enjoy 0,072571 0,000047
enkindle 2,525729 0,000542
enlarge 0,673345 0,000144
enlighten 0,562119 0,000362
enrage 0,916291 0,000393
enrol 1,609438 0,000345
enslave 1,272966 0,000546
enslavement 3,506558 0,000752
ensure 0,342490 0,000073
enter 0,020203 0,000013
enterprise 0,755023 0,000324
entertaining 0,941609 0,000202
enthrone 2,120264 0,000910
entire 0,274437 0,000059
entitle 0,653926 0,000140
entity 0,544727 0,000117
entrance 0,210721 0,000045
entreat 0,713350 0,000306
entreaty 1,021651 0,000219
entrust 1,203973 0,000258
enumerate 1,108663 0,000238
envy 0,446287 0,000096
ephesian 2,995732 0,000643
ephesians 2,302585 0,000494
epistle 1,832581 0,000393
epistles 2,120264 0,000455
epochal 3,912023 0,000839
equal 0,162519 0,000035
equally 0,223144 0,000048
equip 0,967584 0,000415
equipment 0,415515 0,000089
err 0,733969 0,000157
erroneously 2,120264 0,000455
error 0,072571 0,000031
escape 0,061875 0,000027
espouse 1,469676 0,000315
essay 0,755023 0,000162
essential 0,544727 0,000234
establish 0,579818 0,000124
established 0,301105 0,000065
estate 0,478036 0,000103
esteem 0,478036 0,000308
esteemed 0,916291 0,000197
estrange 1,386294 0,000297
estrangement 2,207275 0,000474
eternal 0,415515 0,000089
eternally 1,347074 0,000289
eternity 0,673345 0,000144
evangelisation 3,506558 0,000752
evangelist 2,659260 0,000571
evangelists 2,995732 0,000643
evening 0,072571 0,000031
eventful 1,897120 0,000407
everlasting 0,891598 0,000191
everyday 1,272966 0,000273
evidence 0,235722 0,000101
evidently 0,371064 0,000080
evil 0,150823 0,000032
exacting 1,272966 0,000273
exalt 0,597837 0,000128
examination 0,385662 0,000083
examine 0,150823 0,000032
exceed 0,462035 0,000297
exceedingly 0,462035 0,000099
excellent 0,150823 0,000032
excess 0,579818 0,000124
exchange 0,210721 0,000045
excitement 0,415515 0,000089
exclaim 0,287682 0,000062
exclusion 0,371064 0,000080
exclusive 1,203973 0,000258
exclusively 1,139434 0,000244
exclusiveness 2,659260 0,000571
excuse 0,139262 0,000060
execute 0,527633 0,000113
execution 0,597837 0,000128
executive 1,171183 0,000251
exemplify 2,207275 0,000474
exempt 0,314711 0,000068
exercise 0,235722 0,000101
exhaustless 2,813411 0,000604
exhort 1,171183 0,000503
exhortation 1,469676 0,000315
exist 0,072571 0,000031
existence 0,150823 0,000032
existing 0,891598 0,000191
exodus 2,040221 0,000438
expand 0,891598 0,000191
expect 0,051293 0,000022
expectant 1,427116 0,000306
expectation 0,356675 0,000077
expedient 0,941609 0,000202
expel 1,203973 0,000258
expend 0,301105 0,000065
expense 0,127833 0,000055
experience 0,072571 0,000031
experienced 0,356675 0,000077
experimental 1,560648 0,000335
explain 0,116534 0,000050
explanation 0,139262 0,000060
explosive 2,120264 0,000455
export 0,446287 0,000096
expound 1,309333 0,000281
expounder 3,506558 0,000752
express 0,072571 0,000047
expression 0,116534 0,000025
extent 0,083382 0,000018
external 0,562119 0,000121
extinguish 0,562119 0,000121
extract 0,544727 0,000117
extreme 0,186330 0,000040
exultingly 2,525729 0,000542
eye 0,000000 0,000000
ezekiel 2,207275 0,000474
fabled 2,302585 0,000494
facility 0,342490 0,000073
factor 1,171183 0,000251
faculty 0,510826 0,000219
fade 0,371064 0,000080
fail 0,072571 0,000047
failure 0,415515 0,000178
fain 0,967584 0,000208
faint 0,186330 0,000120
fair 0,051293 0,000011
fairbanks 1,386294 0,000297
faith 0,210721 0,000045
faithful 0,261365 0,000056
faithfully 0,755023 0,000162
faithfulness 2,040221 0,000438
fall 0,000000 0,000000
falls 0,328504 0,000070
false 0,210721 0,000045
falsehood 0,693147 0,000149
fame 0,478036 0,000103
familiar 0,150823 0,000032
family 0,061875 0,000027
fanaticism 1,966113 0,000422
fancy 0,162519 0,000070
farmer 0,653926 0,000281
fashion 0,105361 0,000045
fashionable 0,916291 0,000197
fashioning 2,659260 0,000571
fast 0,030459 0,000013
fasting 1,049822 0,000225
fat 0,314711 0,000068
fatal 0,342490 0,000073
fate 0,174353 0,000037
father 0,061875 0,000027
fatten 1,386294 0,000297
fault 0,139262 0,000030
faulty 1,427116 0,000306
favour 0,544727 0,000234
fawn 1,078810 0,000463
fear 0,020203 0,000017
fearful 0,400478 0,000086
fearfulness 2,525729 0,000542
fearless 1,309333 0,000281
fearlessly 2,040221 0,000438
feast 0,430783 0,000092
feather 0,462035 0,000099
federal 0,527633 0,000113
fee 0,301105 0,000129
feeble 0,356675 0,000153
feebly 0,843970 0,000181
feed 0,248461 0,000107
feeding 0,616186 0,000132
feel 0,020203 0,000009
feeling 0,072571 0,000031
feign 0,776529 0,000167
fellow 0,040822 0,000018
fellowman 3,218876 0,000691
fellowship 1,237874 0,000266
fence 0,693147 0,000297
fervently 1,427116 0,000306
fervour 1,609438 0,000345
fever 0,342490 0,000073
field 0,094311 0,000040
fierce 0,415515 0,000178
fiery 0,713350 0,000153
fifteenth 1,237874 0,000266
fiftieth 1,832581 0,000393
fight 0,083382 0,000072
fighter 1,714798 0,000368
figure 0,051293 0,000011
file 0,223144 0,000096
filial 1,309333 0,000281
filling 2,407946 0,000517
filthiness 2,995732 0,000643
filthy 1,049822 0,000225
final 0,342490 0,000073
finally 0,150823 0,000032
financial 0,415515 0,000089
finding 1,272966 0,000546
finish 0,287682 0,000062
finished 0,162519 0,000035
fir 1,427116 0,000306
firm 0,248461 0,000107
firmly 0,342490 0,000073
fish 0,287682 0,000123
fishing 0,755023 0,000162
fist 0,597837 0,000128
fit 0,030459 0,000026
fitly 2,207275 0,000474
fitness 0,446287 0,000096
flame 0,248461 0,000160
flash 0,261365 0,000112
flatly 1,660731 0,000356
flattering 0,798508 0,000171
flattery 0,867501 0,000186
flee 0,301105 0,000129
fleece 1,832581 0,000393
fleeting 1,139434 0,000244
flesh 0,210721 0,000045
fleshly 2,040221 0,000438
fletcher 2,995732 0,000643
flight 0,287682 0,000062
flinty 2,207275 0,000474
float 0,328504 0,000070
flock 0,385662 0,000083
flood 0,430783 0,000277
floor 0,174353 0,000037
flourish 0,562119 0,000121
flourishing 1,021651 0,000219
flow 0,174353 0,000075
fluid 1,203973 0,000258
fly 0,116534 0,000050
foal 2,120264 0,000455
foam 0,733969 0,000157
foe 0,616186 0,000264
fog 0,653926 0,000140
folk 0,527633 0,000113
follow 0,020203 0,000004
follower 0,713350 0,000153
folly 0,274437 0,000059
food 0,127833 0,000027
foolish 0,235722 0,000051
foolishness 1,514128 0,000325
foot 0,051293 0,000011
footstep 0,430783 0,000092
forbearance 1,272966 0,000273
forbearing 2,302585 0,000494
forbid 0,248461 0,000160
force 0,030459 0,000020
forefront 2,995732 0,000643
foreign 0,301105 0,000065
foreigner 0,891598 0,000191
forerunner 2,120264 0,000455
foresee 0,494296 0,000106
forest 0,356675 0,000077
foretell 1,171183 0,000251
foreword 3,912023 0,000839
forget 0,010050 0,000011
forgetful 1,347074 0,000289
forgive 0,314711 0,000203
forgiveness 0,916291 0,000197
forgo 2,302585 0,000494
form 0,020203 0,000013
formalism 3,912023 0,000839
format 0,562119 0,000241
forsake 0,755023 0,000486
fortify 0,994252 0,000213
fortitude 1,078810 0,000231
foul 0,616186 0,000132
foundation 0,127833 0,000027
fount 2,040221 0,000438
fountain 0,653926 0,000281
fourteen 0,616186 0,000132
fourteenth 1,347074 0,000289
fourth 0,174353 0,000037
fox 0,798508 0,000343
frail 0,967584 0,000208
frank 0,597837 0,000128
franks 2,525729 0,000542
fraught 1,514128 0,000325
freedom 0,223144 0,000048
freely 0,105361 0,000023
frequent 0,287682 0,000062
frequently 0,287682 0,000062
fresh 0,105361 0,000023
friction 1,771957 0,000380
friend 0,000000 0,000000
friendship 0,261365 0,000056
frivolity 1,660731 0,000356
frown 0,673345 0,000144
fruit 0,162519 0,000035
fruitful 1,171183 0,000251
fulfil 0,385662 0,000248
fullness 1,966113 0,000422
fundamental 1,203973 0,000258
funeral 0,597837 0,000128
furnace 0,967584 0,000208
furnish 0,527633 0,000226
furniture 0,415515 0,000089
furrow 1,139434 0,000244
fury 0,328504 0,000070
future 0,105361 0,000023
gain 0,040822 0,000009
gal 2,207275 0,000474
gall 1,386294 0,000297
garden 0,150823 0,000032
garment 0,400478 0,000172
garrison 1,309333 0,000281
gate 0,210721 0,000045
gather 0,061875 0,000027
generation 0,127833 0,000055
generosity 0,798508 0,000171
generous 0,356675 0,000077
generously 1,139434 0,000244
genesis 1,427116 0,000306
gentile 2,813411 0,000604
gentiles 2,040221 0,000438
gentle 0,274437 0,000059
gentleman 0,223144 0,000048
gentleness 0,916291 0,000197
gently 0,235722 0,000051
genuflection 3,912023 0,000839
genuine 0,597837 0,000128
german 0,478036 0,000103
gethsemane 3,912023 0,000839
ghost 0,462035 0,000099
giant 0,562119 0,000241
gideon 2,302585 0,000494
gift 0,210721 0,000090
girdle 1,078810 0,000463
glad 0,072571 0,000016
gladden 1,609438 0,000691
gladdest 3,506558 0,000752
gladly 0,544727 0,000117
gladness 1,049822 0,000225
glance 0,186330 0,000080
glass 0,174353 0,000037
glimpse 0,462035 0,000198
glitter 0,579818 0,000124
globe 0,755023 0,000162
gloom 0,579818 0,000124
glorify 1,272966 0,000546
glorious 0,462035 0,000099
gloriously 1,427116 0,000306
glory 0,301105 0,000129
glow 0,314711 0,000135
goal 0,274437 0,000118
god 0,083382 0,000018
godhead 2,120264 0,000455
godless 1,966113 0,000422
godly 2,207275 0,000474
gold 0,083382 0,000018
goliath 2,659260 0,000571
goodness 0,328504 0,000070
goodwill 1,660731 0,000356
goose 0,755023 0,000162
gospel 1,021651 0,000219
gospels 2,407946 0,000517
gossamer 2,207275 0,000474
gossip 0,994252 0,000213
govern 0,186330 0,000040
governing 1,714798 0,000368
government 0,462035 0,000099
governor 0,733969 0,000157
grace 0,235722 0,000101
graceful 0,494296 0,000106
gracious 0,544727 0,000117
gradually 0,328504 0,000070
grain 0,562119 0,000121
granary 2,040221 0,000438
grant 0,061875 0,000027
grasp 0,274437 0,000118
grass 0,301105 0,000065
gratefully 0,415515 0,000089
gratification 0,994252 0,000213
gratify 0,733969 0,000157
grave 0,116534 0,000025
gravestone 2,407946 0,000517
greatly 0,210721 0,000045
grecian 1,347074 0,000289
greed 1,609438 0,000345
greek 0,494296 0,000106
gregory 1,139434 0,000244
grey 0,562119 0,000121
grief 0,356675 0,000077
grieve 0,673345 0,000289
grieving 1,386294 0,000297
grievous 0,967584 0,000208
grim 0,776529 0,000167
groove 1,660731 0,000713
gross 0,235722 0,000051
ground 0,030459 0,000007
grow 0,010050 0,000006
growth 0,430783 0,000092
grudge 0,994252 0,000213
grumble 0,867501 0,000186
guarantee 1,203973 0,000258
guard 0,083382 0,000036
guardian 0,597837 0,000128
guidance 0,776529 0,000167
guide 0,083382 0,000054
guile 1,514128 0,000325
guilt 0,544727 0,000117
guilty 0,356675 0,000077
guise 1,514128 0,000325
gun 0,544727 0,000117
gush 0,891598 0,000383
habit 0,162519 0,000035
hair 0,072571 0,000016
hall 0,274437 0,000059
hallelujah 2,813411 0,000604
hand 0,010050 0,000006
hang 0,198451 0,000085
happiness 0,150823 0,000032
happy 0,061875 0,000027
harass 1,078810 0,000231
harbour 0,916291 0,000197
hard 0,040822 0,000018
harden 1,021651 0,000219
hardened 0,820981 0,000176
hardness 1,203973 0,000258
hardship 0,713350 0,000153
harmless 0,248461 0,000053
harmonise 2,207275 0,000947
harmony 0,579818 0,000249
harp 0,843970 0,000181
harsh 0,462035 0,000099
hart 0,462035 0,000099
harvest 0,713350 0,000306
hast 0,891598 0,000191
haste 0,371064 0,000080
hastily 0,462035 0,000099
hate 0,150823 0,000065
hateful 0,891598 0,000191
hath 2,040221 0,000438
haunch 1,469676 0,000315
haunt 0,385662 0,000083
havoc 1,714798 0,000368
head 0,000000 0,000000
headlong 0,843970 0,000181
headquarters 1,660731 0,000356
heal 0,867501 0,000372
healing 1,347074 0,000289
health 0,198451 0,000043
healthfully 2,813411 0,000604
healthy 0,356675 0,000077
heap 0,248461 0,000053
hear 0,010050 0,000006
hearer 1,021651 0,000219
hearing 0,139262 0,000030
heart 0,010050 0,000004
hearted 0,415515 0,000089
heartedness 2,040221 0,000438
hearty 0,616186 0,000132
heat 0,198451 0,000085
heathen 1,203973 0,000258
heaven 0,174353 0,000075
heavenly 0,843970 0,000181
heavy 0,030459 0,000013
hebrews 1,832581 0,000393
hedge 0,597837 0,000257
heed 0,510826 0,000438
heel 0,356675 0,000077
height 0,210721 0,000045
helper 1,714798 0,000368
helpful 1,560648 0,000335
helpfully 3,506558 0,000752
helpless 0,328504 0,000070
henceforth 0,867501 0,000186
henry 0,713350 0,000153
hercules 1,272966 0,000273
herd 0,597837 0,000128
heretofore 1,272966 0,000273
herewith 2,207275 0,000474
heritage 1,897120 0,000407
hero 0,430783 0,000185
heroic 0,891598 0,000191
hesitate 0,314711 0,000068
hide 0,072571 0,000047
hideousness 2,207275 0,000474
highly 0,261365 0,000056
highway 0,916291 0,000393
highwayman 2,120264 0,000455
hilariously 3,218876 0,000691
hill 0,150823 0,000065
hinder 0,579818 0,000373
hindrance 1,049822 0,000225
historical 0,843970 0,000181
history 0,186330 0,000040
hoar 1,609438 0,000345
hoary 1,714798 0,000368
hold 0,010050 0,000006
holder 0,430783 0,000092
hole 0,261365 0,000056
holiness 1,347074 0,000289
holy 0,371064 0,000159
homelessness 3,218876 0,000691
honest 0,235722 0,000051
honesty 0,733969 0,000157
honey 0,755023 0,000162
honour 0,494296 0,000212
hope 0,000000 0,000000
hopeful 0,916291 0,000197
horace 1,514128 0,000325
horrible 0,356675 0,000077
horror 0,198451 0,000043
horse 0,139262 0,000030
hospital 0,755023 0,000162
host 0,446287 0,000191
hot 0,116534 0,000050
hour 0,061875 0,000027
house 0,020203 0,000004
household 0,430783 0,000092
houses 0,139262 0,000030
hudson 1,832581 0,000393
huge 0,400478 0,000086
hugh 2,040221 0,000438
human 0,072571 0,000016
humanise 2,995732 0,000643
humble 0,261365 0,000168
humbleness 2,813411 0,000604
humbly 0,867501 0,000186
humility 0,867501 0,000186
hung 0,174353 0,000037
hunger 0,478036 0,000205
hungry 0,314711 0,000068
hunting 0,462035 0,000099
hurl 0,798508 0,000343
hurricane 1,560648 0,000335
hurry 0,162519 0,000035
hurt 0,150823 0,000032
hurtful 1,714798 0,000368
husband 0,198451 0,000043
huss 3,506558 0,000752
hymn 0,994252 0,000427
hypnotise 3,218876 0,000691
hypothesis 1,237874 0,000266
idea 0,083382 0,000036
ideal 0,776529 0,000167
identification 0,527633 0,000113
identify 0,342490 0,000073
idle 0,261365 0,000056
idleness 0,755023 0,000162
idol 1,237874 0,000266
idolise 3,912023 0,000839
ignominiously 2,525729 0,000542
ignorance 0,287682 0,000062
ignorant 0,301105 0,000065
iii 0,287682 0,000062
illness 0,616186 0,000132
illuminate 0,941609 0,000606
illumination 1,897120 0,000407
illuminations 2,995732 0,000643
illustrate 0,616186 0,000264
illustration 0,867501 0,000186
imagination 0,223144 0,000048
imagine 0,083382 0,000018
immeasurable 1,560648 0,000335
immeasurably 1,514128 0,000325
immense 0,314711 0,000068
immortalise 2,995732 0,000643
impaired 1,609438 0,000345
impart 0,693147 0,000149
impatience 0,634878 0,000136
impenetrable 1,049822 0,000225
impenitence 3,218876 0,000691
imperative 1,237874 0,000266
imperceptibly 1,469676 0,000315
imperfect 0,673345 0,000144
imperil 2,813411 0,000604
impersonal 1,897120 0,000407
impetuous 1,021651 0,000219
imply 0,235722 0,000101
impolite 2,995732 0,000643
impose 0,162519 0,000035
impossible 0,094311 0,000020
impostor 1,514128 0,000325
impracticable 1,237874 0,000266
impress 0,634878 0,000136
impression 0,210721 0,000045
imprison 0,798508 0,000343
imprisonment 1,203973 0,000517
impure 1,469676 0,000315
inaccurate 0,510826 0,000110
inattention 1,714798 0,000368
inaugural 3,912023 0,000839
inbreathe 3,506558 0,000752
inbred 2,659260 0,000571
incapable 0,562119 0,000121
incense 0,755023 0,000162
incidental 0,446287 0,000096
inclined 0,186330 0,000040
include 0,072571 0,000062
incoming 3,218876 0,000691
incomplete 0,301105 0,000065
inconsistency 1,171183 0,000251
inconsistent 1,272966 0,000273
increase 0,061875 0,000053
indefinite 1,309333 0,000281
indemnify 0,446287 0,000096
indemnity 0,527633 0,000113
independently 1,427116 0,000306
indescribably 1,771957 0,000380
indian 0,544727 0,000117
indifference 0,527633 0,000113
indignation 0,510826 0,000110
indirect 0,446287 0,000096
indirectly 0,371064 0,000080
individual 0,139262 0,000060
indulgence 0,755023 0,000162
indwell 3,912023 0,000839
indwelling 3,912023 0,000839
ineffable 1,771957 0,000380
inexperienced 1,203973 0,000258
infallibility 2,813411 0,000604
infancy 0,916291 0,000197
infant 0,673345 0,000144
infer 0,891598 0,000191
infinite 0,430783 0,000092
infinitely 0,673345 0,000144
infirmity 1,049822 0,000225
inflict 0,579818 0,000124
influence 0,198451 0,000085
infringement 0,544727 0,000117
ingratitude 1,171183 0,000251
inhabitants 0,446287 0,000096
inherit 0,579818 0,000124
inheritance 0,798508 0,000171
iniquity 1,514128 0,000650
initial 0,994252 0,000213
injustice 0,653926 0,000281
inmost 1,309333 0,000281
innocent 0,186330 0,000040
inordinate 1,771957 0,000380
inquire 0,235722 0,000051
inquiry 0,446287 0,000096
inquisition 1,514128 0,000325
inscribe 1,171183 0,000251
insect 0,916291 0,000197
insensibility 1,609438 0,000345
insensible 0,843970 0,000181
insignificance 2,207275 0,000474
inspiration 0,755023 0,000162
inspire 0,371064 0,000239
inspiring 1,108663 0,000238
instance 0,116534 0,000025
instant 0,210721 0,000045
instantaneous 1,427116 0,000306
instantly 0,356675 0,000077
instinct 0,356675 0,000077
instruct 0,494296 0,000424
instruction 0,328504 0,000070
instructive 1,469676 0,000315
instrument 0,248461 0,000053
insult 0,415515 0,000089
insuperable 1,897120 0,000407
integrity 1,203973 0,000258
intellectual 0,235722 0,000051
intelligence 0,301105 0,000065
intelligent 0,342490 0,000073
intelligently 2,207275 0,000474
intend 0,094311 0,000020
intense 0,430783 0,000092
intention 0,127833 0,000055
intentional 1,897120 0,000407
intentionally 1,660731 0,000356
intercede 1,832581 0,000786
intercession 1,897120 0,000407
intercessory 3,912023 0,000839
intercourse 0,798508 0,000171
interfere 0,415515 0,000089
interminably 3,506558 0,000752
intermingle 1,714798 0,000368
intermittent 2,302585 0,000494
internal 0,261365 0,000056
international 0,494296 0,000106
interpret 0,235722 0,000051
interval 0,301105 0,000065
interwoven 1,897120 0,000407
intimately 1,309333 0,000281
intolerance 2,659260 0,000571
intolerant 2,040221 0,000438
intreat 2,659260 0,000571
intrenched 2,813411 0,000604
introduce 0,261365 0,000056
invalid 1,078810 0,000231
invalidity 0,527633 0,000113
invincible 1,427116 0,000306
invitation 0,494296 0,000106
invite 0,261365 0,000112
inwrought 2,813411 0,000604
iron 0,162519 0,000035
irregular 0,733969 0,000157
irreparable 1,832581 0,000393
irrevocable 1,609438 0,000345
irs 0,562119 0,000121
isaac 1,609438 0,000345
isaiah 2,207275 0,000474
iso 1,897120 0,000407
israel 1,386294 0,000297
israelites 2,207275 0,000474
issue 0,198451 0,000043
isthmus 2,120264 0,000455
itching 2,207275 0,000474
iv 0,328504 0,000070
ix 0,494296 0,000106
jailer 2,302585 0,000494
james 0,673345 0,000144
january 0,693147 0,000149
japanese 1,660731 0,000356
jaw 0,544727 0,000117
jealous 0,446287 0,000096
jealousy 0,430783 0,000092
jehovah 2,659260 0,000571
jelly 1,514128 0,000325
jeremiah 2,525729 0,000542
jerusalem 1,237874 0,000266
jesus 1,237874 0,000266
jew 1,171183 0,000251
jews 1,078810 0,000231
joan 2,407946 0,000517
job 0,597837 0,000128
joel 2,813411 0,000604
john 0,328504 0,000070
jonah 2,525729 0,000542
jonathan 2,120264 0,000455
jordan 1,966113 0,000422
joseph 0,994252 0,000213
joshua 2,040221 0,000438
journey 0,150823 0,000032
joy 0,127833 0,000055
joyful 0,798508 0,000171
joylessness 3,912023 0,000839
joyous 0,941609 0,000202
joyously 1,560648 0,000335
judas 2,120264 0,000455
judge 0,061875 0,000027
judgment 0,198451 0,000085
judicial 1,309333 0,000281
july 0,616186 0,000132
jump 0,430783 0,000185
justified 0,693147 0,000149
justly 0,653926 0,000140
keen 0,371064 0,000159
kick 0,314711 0,000203
kill 0,083382 0,000054
killer 2,040221 0,000438
kindle 0,693147 0,000149
kindly 0,223144 0,000048
kindness 0,274437 0,000059
king 0,210721 0,000090
kingdom 0,462035 0,000198
kingly 1,966113 0,000422
kingship 2,995732 0,000643
kitchen 0,562119 0,000121
kneel 0,478036 0,000103
knife 0,287682 0,000062
knock 0,287682 0,000123
knoweth 2,120264 0,000455
knowledge 0,061875 0,000013
laborious 1,171183 0,000251
labour 0,562119 0,000482
lack 0,371064 0,000159
lad 0,653926 0,000140
lady 0,162519 0,000035
laggard 2,659260 0,000571
lake 0,162519 0,000035
lam 3,218876 0,000691
lamb 0,693147 0,000297
lamentation 1,078810 0,000231
land 0,051293 0,000011
lane 0,653926 0,000140
language 0,072571 0,000016
lash 0,562119 0,000121
lasting 1,771957 0,000380
late 0,094311 0,000020
latimer 3,506558 0,000752
laughable 1,897120 0,000407
laughter 0,274437 0,000059
law 0,020203 0,000009
lawful 1,078810 0,000231
lawfully 2,040221 0,000438
lawyer 0,673345 0,000144
lay 0,030459 0,000026
lead 0,020203 0,000013
leader 0,356675 0,000153
leadership 2,040221 0,000438
leadeth 2,407946 0,000517
leading 0,139262 0,000060
league 0,653926 0,000140
lean 0,127833 0,000055
leap 0,287682 0,000247
learn 0,020203 0,000013
leave -0,009950 -0,000006
lebanon 2,659260 0,000571
lecture 0,673345 0,000144
left 0,000000 0,000000
legal 0,261365 0,000056
legally 0,342490 0,000073
leper 1,966113 0,000422
lesson 0,287682 0,000123
letter 0,072571 0,000031
level 0,210721 0,000045
liability 0,462035 0,000099
liable 0,235722 0,000051
liberty 0,198451 0,000043
library 0,223144 0,000048
license 0,301105 0,000065
licensed 0,430783 0,000092
lid 0,597837 0,000128
lie 0,020203 0,000013
lieu 0,415515 0,000089
lieutenant 1,203973 0,000258
life -0,009950 -0,000004
lifeless 1,108663 0,000238
lifelong 2,040221 0,000438
lift 0,116534 0,000075
light 0,000000 0,000000
lighted 0,261365 0,000056
lighten 0,597837 0,000128
lightness 1,897120 0,000407
lightning 0,430783 0,000092
likeness 0,673345 0,000144
limitation 0,371064 0,000080
limited 0,261365 0,000056
lincoln 2,040221 0,000438
link 0,174353 0,000075
lion 0,579818 0,000249
lip 0,127833 0,000027
lisp 1,714798 0,000368
listen 0,105361 0,000068
listlessly 1,832581 0,000393
literary 0,287682 0,000062
littleness 2,659260 0,000571
live 0,010050 0,000004
liveth 2,302585 0,000494
living 0,020203 0,000004
lo 0,916291 0,000197
load 0,430783 0,000092
loaf 0,867501 0,000186
loathsome 1,078810 0,000231
locate 0,371064 0,000080
location 0,494296 0,000106
lock 0,162519 0,000035
lodge 0,494296 0,000106
lodging 0,776529 0,000167
log 0,798508 0,000171
logic 1,049822 0,000225
logically 2,207275 0,000474
london 0,415515 0,000089
loneliness 1,347074 0,000289
longing 0,653926 0,000140
longsuffering 3,218876 0,000691
loose 0,094311 0,000020
lord 0,223144 0,000048
lordship 1,609438 0,000345
lose 0,000000 0,000000
loss 0,083382 0,000018
lot 0,051293 0,000011
loud 0,105361 0,000023
loudly 0,400478 0,000086
love 0,030459 0,000020
lovely 0,462035 0,000099
loving 0,478036 0,000103
lovingkindness 3,912023 0,000839
lovingly 1,427116 0,000306
lowliness 2,659260 0,000571
lowly 1,771957 0,000380
loyal 1,203973 0,000258
loyalty 1,237874 0,000266
luke 1,897120 0,000407
lukewarmness 2,995732 0,000643
lurk 0,616186 0,000132
lust 0,820981 0,000352
lute 2,040221 0,000438
luther 2,040221 0,000438
machine 0,210721 0,000045
magnet 2,040221 0,000438
magnetic 1,832581 0,000393
magnetism 2,659260 0,000571
maid 0,415515 0,000089
mail 0,820981 0,000176
main 0,127833 0,000055
maintain 0,094311 0,000061
majesty 0,510826 0,000110
malachi 2,995732 0,000643
malaria 2,659260 0,000571
malice 0,776529 0,000167
malignant 1,139434 0,000244
manage 0,261365 0,000056
manger 1,966113 0,000422
manhood 0,776529 0,000167
manifest 0,478036 0,000205
manifestation 1,139434 0,000244
manifold 1,386294 0,000297
mankind 0,478036 0,000103
manly 0,820981 0,000176
manner 0,040822 0,000009
manners 0,274437 0,000059
mansioned 3,912023 0,000839
mar 1,108663 0,000476
march 0,223144 0,000048
margin 0,994252 0,000213
mark 0,105361 0,000045
marked 0,061875 0,000013
market 0,510826 0,000110
marquis 1,609438 0,000345
marriage 0,314711 0,000068
married 0,248461 0,000053
mart 2,207275 0,000474
martha 2,040221 0,000438
martyr 1,272966 0,000273
martyrdom 1,897120 0,000407
martyrs 1,714798 0,000368
marvellous 0,891598 0,000191
mary 0,693147 0,000149
mass 0,210721 0,000045
massachusetts 2,207275 0,000474
massacre 1,309333 0,000281
master 0,072571 0,000016
masters 0,446287 0,000096
mastery 1,171183 0,000251
matchless 2,207275 0,000474
material 0,261365 0,000056
matter 0,000000 0,000000
matthew 1,714798 0,000368
mature 0,941609 0,000202
maturity 1,427116 0,000306
maximum 0,478036 0,000103
meal 0,261365 0,000112
measure 0,127833 0,000055
meat 0,356675 0,000077
meditate 0,733969 0,000157
meditation 0,776529 0,000167
medium 0,223144 0,000048
meek 1,272966 0,000273
meekly 1,469676 0,000315
meekness 1,714798 0,000368
meet 0,010050 0,000006
meeting 0,162519 0,000070
melody 1,347074 0,000578
melt 0,385662 0,000083
memory 0,162519 0,000035
mental 0,430783 0,000092
mention 0,105361 0,000023
merchantability 0,994252 0,000213
merciless 1,427116 0,000306
mercilessly 2,302585 0,000494
mercy 0,210721 0,000090
mere 0,094311 0,000020
merit 0,371064 0,000080
meritorious 1,771957 0,000380
merry 0,634878 0,000136
message 0,356675 0,000153
messenger 0,562119 0,000121
messiah 2,302585 0,000494
metal 0,527633 0,000113
method 0,094311 0,000040
methodists 2,995732 0,000643
michael 0,400478 0,000086
mid 1,832581 0,000393
middle 0,030459 0,000007
midnight 0,328504 0,000070
midst 0,287682 0,000062
mightily 1,469676 0,000315
mighty 0,328504 0,000141
mild 0,430783 0,000092
mile 0,174353 0,000075
military 0,616186 0,000132
milk 0,400478 0,000172
millennium 2,207275 0,000474
millrace 3,912023 0,000839
milton 1,609438 0,000345
mind 0,020203 0,000009
minded 0,400478 0,000086
mingle 0,356675 0,000077
minister 0,562119 0,000362
ministers 0,776529 0,000167
ministry 1,660731 0,000356
minor 0,713350 0,000153
minute 0,150823 0,000065
miracle 0,597837 0,000128
mire 1,049822 0,000225
mirth 0,776529 0,000167
misdirect 2,525729 0,000542
miserable 0,210721 0,000045
misery 0,248461 0,000053
misguided 2,407946 0,000517
mislead 0,994252 0,000213
mission 0,210721 0,000090
missionary 1,560648 0,000670
mississippi 0,415515 0,000089
mist 0,430783 0,000092
mistake 0,186330 0,000080
mistaken 0,261365 0,000056
mistress 0,478036 0,000103
misuse 1,714798 0,000368
mock 0,478036 0,000410
modesty 0,733969 0,000157
modification 0,478036 0,000103
modify 0,356675 0,000077
modulate 2,302585 0,000494
moment 0,010050 0,000002
momentous 1,771957 0,000380
monarch 1,108663 0,000238
monastery 1,469676 0,000315
money 0,051293 0,000011
montgomery 2,659260 0,000571
month 0,040822 0,000009
moody 1,514128 0,000325
moon 0,261365 0,000056
moral 0,301105 0,000065
morning 0,040822 0,000009
morrow 0,328504 0,000070
mortal 0,314711 0,000068
moses 1,139434 0,000244
moss 1,049822 0,000225
mother 0,072571 0,000016
motive 0,356675 0,000077
mould 0,755023 0,000162
moulder 2,525729 0,000542
mount 0,210721 0,000090
mountain 0,400478 0,000086
mountainous 1,560648 0,000335
mountains 0,400478 0,000086
mourn 0,994252 0,000213
mouth 0,061875 0,000013
mouthed 1,660731 0,000356
mouthful 1,237874 0,000266
multiplication 1,897120 0,000407
multiply 0,776529 0,000333
multitude 0,385662 0,000165
murder 0,248461 0,000107
murmur 0,287682 0,000123
music 0,198451 0,000043
musket 1,514128 0,000325
mutilate 1,427116 0,000306
mutual 0,510826 0,000110
mysterious 0,314711 0,000068
mystery 0,235722 0,000051
mystic 1,108663 0,000238
mythology 1,832581 0,000393
nail 0,356675 0,000153
naked 0,274437 0,000059
narrow 0,094311 0,000020
nathan 2,525729 0,000542
nation 0,579818 0,000124
national 0,755023 0,000162
nations 0,673345 0,000144
natural 0,094311 0,000020
naturally 0,210721 0,000045
naturalness 2,525729 0,000542
nature 0,094311 0,000040
naval 1,386294 0,000297
navy 1,237874 0,000266
necessity 0,210721 0,000090
needful 1,108663 0,000238
needless 1,049822 0,000225
needlessly 2,207275 0,000474
needy 1,660731 0,000356
negative 0,916291 0,000197
neglect 0,274437 0,000177
negligence 0,415515 0,000089
neighbour 0,510826 0,000219
nervous 0,494296 0,000106
nest 0,579818 0,000124
nestle 1,427116 0,000612
network 0,415515 0,000089
nevermore 3,506558 0,000752
newsletter 0,562119 0,000121
newton 2,207275 0,000474
nick 1,386294 0,000297
nicodemus 3,218876 0,000691
nigh 0,843970 0,000181
night 0,010050 0,000004
noah 1,514128 0,000325
noise 0,139262 0,000030
noiselessly 1,237874 0,000266
noisome 2,207275 0,000474
noisy 0,776529 0,000167
nonproprietary 0,562119 0,000121
noon 0,430783 0,000092
north 0,083382 0,000018
note 0,094311 0,000020
notice 0,020203 0,000004
notification 2,813411 0,000604
notify 0,371064 0,000239
november 0,544727 0,000117
numerous 0,235722 0,000051
nurse 0,301105 0,000065
nursery 1,347074 0,000289
nursing 0,867501 0,000186
oak 0,673345 0,000144
obedience 0,494296 0,000106
obedient 0,544727 0,000117
obediently 1,469676 0,000315
obey 0,223144 0,000144
object 0,105361 0,000045
obligation 0,597837 0,000257
observer 0,820981 0,000176
obsolete 0,446287 0,000096
obstacle 0,510826 0,000110
obstinacy 1,108663 0,000238
obstinate 0,713350 0,000153
obstruct 1,309333 0,000281
obstruction 1,609438 0,000345
occasion 0,105361 0,000023
occasionally 0,371064 0,000080
occupation 0,371064 0,000080
occupy 0,174353 0,000037
occur 0,083382 0,000018
ocean 0,415515 0,000178
offence 0,527633 0,000226
offend 0,798508 0,000171
offended 0,616186 0,000132
offer 0,020203 0,000017
office 0,072571 0,000031
officer 0,314711 0,000135
official 0,223144 0,000048
oftentimes 1,832581 0,000393
oil 0,446287 0,000096
omission 1,347074 0,000289
omit 0,843970 0,000181
omnipotent 1,660731 0,000356
oneness 3,218876 0,000691
online 0,510826 0,000110
operation 0,478036 0,000103
opiate 2,407946 0,000517
opinion 0,105361 0,000023
opportunity 0,061875 0,000027
oppose 0,579818 0,000249
opposition 0,494296 0,000106
oppressed 0,693147 0,000149
oppression 0,916291 0,000197
oppressive 1,171183 0,000251
ordain 0,891598 0,000191
orderly 0,941609 0,000202
ordinary 0,186330 0,000040
oregon 2,813411 0,000604
organ 0,634878 0,000136
organic 1,832581 0,000393
organisation 2,407946 0,000517
organise 1,966113 0,000422
organized 0,356675 0,000077
original 0,105361 0,000023
originator 0,478036 0,000103
orphanage 3,218876 0,000691
orthodox 1,386294 0,000297
ounce 1,427116 0,000306
outcast 1,203973 0,000258
outdated 0,562119 0,000121
outer 0,510826 0,000110
outflow 3,506558 0,000752
outgoing 2,525729 0,000542
outing 2,525729 0,000542
outpouring 2,525729 0,000542
outward 0,579818 0,000124
outwit 1,966113 0,000422
oven 1,386294 0,000297
overcome 0,198451 0,000128
overflow 0,616186 0,000529
override 2,995732 0,000643
oversight 2,040221 0,000438
overtake 0,400478 0,000430
overthrow 0,967584 0,000623
overwhelm 1,514128 0,000325
overwhelming 1,049822 0,000225
overwork 1,897120 0,000407
owe 0,105361 0,000045
owner 0,083382 0,000018
pacific 1,560648 0,000335
packed 0,616186 0,000132
pail 1,309333 0,000281
pain 0,051293 0,000011
painful 0,328504 0,000070
pale 0,186330 0,000040
palm 0,494296 0,000106
panama 2,407946 0,000517
pang 0,634878 0,000136
papa 1,203973 0,000258
paper 0,083382 0,000036
paperwork 0,562119 0,000121
paraclete 3,218876 0,000691
paragraph 0,328504 0,000141
paralyze 1,660731 0,000356
pardon 0,287682 0,000185
parent 0,261365 0,000056
paris 0,562119 0,000121
parker 2,407946 0,000517
parrot 1,560648 0,000335
partaker 1,897120 0,000407
partner 0,510826 0,000219
partnership 1,514128 0,000325
party 0,030459 0,000007
pass 0,020203 0,000013
passage 0,105361 0,000045
passenger 0,653926 0,000140
passing 0,094311 0,000020
passion 0,174353 0,000075
passionate 0,634878 0,000136
passionately 0,941609 0,000202
passive 0,941609 0,000202
passover 3,218876 0,000691
pastor 1,514128 0,000650
pat 0,776529 0,000167
path 0,150823 0,000032
patience 0,139262 0,000030
patient 0,274437 0,000059
patiently 0,733969 0,000157
patriotic 1,469676 0,000315
pattern 0,597837 0,000128
paul 0,798508 0,000171
pay 0,030459 0,000020
payment 0,274437 0,000059
peace 0,094311 0,000020
peaceably 1,714798 0,000368
peaceful 0,478036 0,000103
peacefully 1,108663 0,000238
pearl 0,820981 0,000176
peasant 0,798508 0,000171
pebble 1,108663 0,000238
peculiar 0,223144 0,000048
peer 0,616186 0,000132
pelt 1,386294 0,000297
penalty 0,820981 0,000176
penitence 1,514128 0,000325
penitent 1,237874 0,000266
pentecost 3,506558 0,000752
pentecostal 3,912023 0,000839
penury 2,120264 0,000455
peradventure 2,525729 0,000542
perfect 0,061875 0,000040
perfection 0,446287 0,000096
perfectly 0,162519 0,000035
perfectness 3,506558 0,000752
perform 0,072571 0,000047
performance 0,127833 0,000027
peril 0,693147 0,000297
period 0,235722 0,000051
periodic 0,544727 0,000117
perish 0,462035 0,000297
permanent 0,223144 0,000048
permission 0,150823 0,000032
permit 0,094311 0,000040
perpetual 0,478036 0,000103
perplex 0,653926 0,000140
perplexity 0,755023 0,000162
persecute 0,994252 0,000213
persecution 1,108663 0,000476
persist 0,478036 0,000103
persistently 1,560648 0,000335
person -0,009950 -0,000006
personal 0,223144 0,000048
personality 0,967584 0,000208
persuade 0,223144 0,000048
persuasion 0,891598 0,000191
persuasive 1,714798 0,000368
pessimist 2,302585 0,000494
pet 0,891598 0,000191
peter 0,798508 0,000171
petty 0,776529 0,000167
petulant 2,525729 0,000542
pharaoh 2,207275 0,000474
pharisees 2,995732 0,000643
phase 1,108663 0,000238
phil 2,407946 0,000517
philip 1,237874 0,000266
philippians 2,813411 0,000604
philistine 2,407946 0,000517
philistines 2,407946 0,000517
philosopher 0,673345 0,000144
philosophise 2,995732 0,000643
phrase 0,139262 0,000030
physical 0,198451 0,000043
physically 1,347074 0,000289
physician 0,693147 0,000149
piano 1,078810 0,000231
pick 0,223144 0,000048
picture 0,139262 0,000090
piece 0,020203 0,000004
pierce 0,356675 0,000230
pilate 2,525729 0,000542
pilgrim 1,203973 0,000258
pillar 0,597837 0,000128
pin 0,478036 0,000103
pipe 0,385662 0,000083
pit 0,597837 0,000128
pitch 0,261365 0,000056
pitchy 2,525729 0,000542
pitiless 1,347074 0,000289
pity 0,139262 0,000090
plague 0,673345 0,000144
plain 0,040822 0,000018
plainly 0,261365 0,000056
plan 0,198451 0,000085
plant 0,186330 0,000080
planting 1,560648 0,000335
plash 2,302585 0,000494
platform 0,843970 0,000181
plato 1,237874 0,000266
play 0,040822 0,000026
plea 1,049822 0,000225
plead 0,400478 0,000086
pleasant 0,162519 0,000035
pleased 0,150823 0,000032
pleasing 0,653926 0,000140
pleasure 0,051293 0,000011
pledge 0,634878 0,000136
plenty 0,235722 0,000051
plight 1,237874 0,000266
pluck 0,371064 0,000080
plunge 0,314711 0,000068
ply 1,021651 0,000219
poet 0,544727 0,000117
pointless 2,207275 0,000474
poison 0,371064 0,000080
pole 0,494296 0,000106
polish 1,108663 0,000238
polished 0,673345 0,000144
political 0,562119 0,000121
pomp 0,994252 0,000213
poor 0,020203 0,000004
pope 0,941609 0,000202
popular 0,430783 0,000092
popularity 1,427116 0,000306
portion 0,301105 0,000129
portrait 0,597837 0,000128
portray 2,040221 0,000438
position 0,162519 0,000070
positive 0,597837 0,000128
possess 0,061875 0,000027
possession 0,083382 0,000036
possibility 0,150823 0,000032
post 0,051293 0,000033
posture 0,967584 0,000208
potter 1,171183 0,000251
pottery 2,302585 0,000494
pour 0,116534 0,000075
poverty 0,446287 0,000096
powder 0,597837 0,000128
power 0,030459 0,000013
powerful 0,223144 0,000048
practical 0,494296 0,000106
practically 0,235722 0,000051
practise 0,510826 0,000110
praise 0,274437 0,000236
pray 0,261365 0,000224
prayer 0,287682 0,000123
prayerful 3,506558 0,000752
prayerfully 3,506558 0,000752
preach 0,755023 0,000486
preacher 1,049822 0,000450
preaching 1,309333 0,000281
precede 0,385662 0,000083
precious 0,162519 0,000035
precipice 1,021651 0,000219
precision 0,798508 0,000171
predecessor 1,049822 0,000225
preface 0,713350 0,000153
prefer 0,174353 0,000075
prejudice 0,579818 0,000124
preoccupy 1,386294 0,000297
preparation 0,328504 0,000070
preparatory 1,309333 0,000281
prepare 0,116534 0,000050
prepared 0,105361 0,000023
presbyterian 2,407946 0,000517
presence 0,094311 0,000020
presentation 1,386294 0,000297
preserve 0,083382 0,000036
press 0,105361 0,000045
pressed 0,274437 0,000059
pressure 0,527633 0,000113
prestige 2,302585 0,000494
presumption 0,994252 0,000213
pretence 0,891598 0,000191
pretender 2,207275 0,000474
prevail 0,287682 0,000123
prevent 0,040822 0,000009
previous 0,094311 0,000020
price 0,314711 0,000068
prick 0,843970 0,000181
pride 0,150823 0,000032
priest 0,616186 0,000264
prim 2,040221 0,000438
primary 1,660731 0,000356
prime 0,653926 0,000140
prince 0,462035 0,000099
principal 0,287682 0,000062
principally 1,108663 0,000238
principle 0,274437 0,000118
print 0,116534 0,000075
prison 0,248461 0,000053
private 0,198451 0,000043
privilege 0,527633 0,000113
privileges 1,021651 0,000219
prize 0,494296 0,000106
probable 0,494296 0,000106
proceed 0,116534 0,000025
processing 0,562119 0,000121
procession 0,693147 0,000149
proclaim 0,527633 0,000113
proclamation 1,609438 0,000345
prodigal 1,660731 0,000356
produce 0,061875 0,000040
production 0,274437 0,000059
profess 0,616186 0,000264
profession 0,446287 0,000191
professor 0,261365 0,000056
profit 0,083382 0,000036
profound 0,446287 0,000191
programme 1,560648 0,000335
progress 0,162519 0,000035
prohibition 0,415515 0,000089
project -0,009950 -0,000002
prolong 1,237874 0,000266
prominently 0,494296 0,000106
promise 0,051293 0,000033
promising 0,430783 0,000092
promote 0,274437 0,000059
promotion 0,342490 0,000073
prompt 0,478036 0,000103
prompter 2,659260 0,000571
promptness 2,207275 0,000474
pronounced 0,446287 0,000096
proof 0,274437 0,000059
proofread 0,562119 0,000121
proofreading 1,966113 0,000422
propensity 1,347074 0,000289
proper 0,061875 0,000013
properly 0,385662 0,000083
property 0,127833 0,000027
prophecy 1,021651 0,000438
prophesy 1,309333 0,000281
prophet 0,867501 0,000372
proportion 0,235722 0,000051
proprietary 0,562119 0,000121
proprietorship 3,218876 0,000691
prosecute 1,078810 0,000231
proselytise 3,912023 0,000839
prosper 1,171183 0,000503
prosperity 0,820981 0,000176
protect 0,139262 0,000030
prove 0,083382 0,000072
proverbs 1,897120 0,000407
provide 0,127833 0,000055
providence 0,693147 0,000149
providential 2,040221 0,000438
province 0,776529 0,000167
provision 0,094311 0,000040
provocation 1,049822 0,000225
prudence 0,713350 0,000153
psalm 1,514128 0,000325
psalmist 2,525729 0,000542
psalms 1,609438 0,000345
public 0,083382 0,000018
publican 2,407946 0,000517
publishing 1,771957 0,000380
puff 0,733969 0,000157
pull 0,127833 0,000055
pulpit 1,171183 0,000251
punish 0,314711 0,000135
punishment 0,287682 0,000062
punitive 0,562119 0,000121
purchase 0,400478 0,000172
pure 0,139262 0,000060
purgatory 1,966113 0,000422
purge 1,427116 0,000306
purification 1,771957 0,000380
purify 0,916291 0,000590
puritan 2,207275 0,000474
purity 0,776529 0,000167
purpose 0,040822 0,000018
purse 0,562119 0,000121
pursue 0,186330 0,000040
push 0,139262 0,000090
putty 2,302585 0,000494
puzzle 0,941609 0,000202
puzzling 1,560648 0,000335
quaint 1,021651 0,000219
quaker 2,120264 0,000455
quaking 1,832581 0,000393
quarrel 0,287682 0,000062
quench 0,941609 0,000808
question 0,020203 0,000013
questioning 0,755023 0,000324
quick 0,127833 0,000055
quicken 0,798508 0,000514
quicksand 2,302585 0,000494
quiet 0,094311 0,000020
quietly 0,261365 0,000056
quotation 1,469676 0,000631
quote 0,755023 0,000324
rabbi 2,659260 0,000571
race 0,162519 0,000035
racer 2,040221 0,000438
rack 0,673345 0,000144
radiance 1,139434 0,000244
rage 0,139262 0,000060
rail 0,579818 0,000124
raimented 3,912023 0,000839
rain 0,150823 0,000097
raise 0,020203 0,000013
ram 0,994252 0,000427
rank 0,223144 0,000048
ransack 1,514128 0,000325
ransom 1,386294 0,000297
rapture 0,820981 0,000176
rapturous 1,714798 0,000368
rash 0,891598 0,000191
rationalism 3,506558 0,000752
ravenous 1,514128 0,000325
razor 1,609438 0,000345
reach 0,000000 0,000000
read 0,020203 0,000013
readable 0,510826 0,000110
reader 0,301105 0,000129
readiness 0,634878 0,000136
readjust 2,040221 0,000438
ready 0,030459 0,000007
real 0,040822 0,000009
realise 1,021651 0,000877
reality 0,301105 0,000065
realize 0,693147 0,000149
realm 0,867501 0,000186
rear 0,371064 0,000080
reason 0,010050 0,000006
reasonable 0,116534 0,000025
reassure 0,820981 0,000352
rebel 0,733969 0,000157
rebellion 0,941609 0,000202
rebellious 1,049822 0,000225
rebuild 1,427116 0,000306
rebuke 0,843970 0,000362
recede 0,916291 0,000197
receipt 0,261365 0,000056
receive 0,040822 0,000035
reckon 0,385662 0,000248
reckoning 0,843970 0,000181
recognise 0,843970 0,000362
recommend 0,400478 0,000172
reconcile 0,597837 0,000128
record 0,223144 0,000096
recount 1,021651 0,000219
recover 0,127833 0,000027
recovery 0,616186 0,000132
rectify 1,771957 0,000380
rectitude 1,897120 0,000407
recur 0,941609 0,000202
red 0,061875 0,000013
redeem 0,776529 0,000167
redeemer 2,302585 0,000494
redemption 1,272966 0,000273
redistribute 0,544727 0,000117
redistributing 0,562119 0,000121
redistribution 0,562119 0,000121
reduce 0,314711 0,000068
refer 0,223144 0,000048
reference 0,198451 0,000043
reform 0,891598 0,000191
refrain 0,597837 0,000128
refresh 0,446287 0,000191
refreshment 0,843970 0,000181
refund 0,562119 0,000121
refusal 0,820981 0,000176
refuse 0,083382 0,000072
regard 0,083382 0,000036
regeneration 2,120264 0,000455
register 0,287682 0,000062
regret 0,342490 0,000147
regulate 0,210721 0,000090
rehearsal 1,771957 0,000380
rehoboth 3,218876 0,000691
reign 0,430783 0,000370
reinforce 1,771957 0,000760
reinforcement 2,040221 0,000438
reiterate 1,309333 0,000281
reject 0,478036 0,000205
rejection 1,609438 0,000345
rejoice 0,400478 0,000344
relation 0,223144 0,000096
relationship 0,867501 0,000186
release 0,105361 0,000023
relentless 1,714798 0,000368
reliance 1,469676 0,000315
relief 0,186330 0,000040
religion 0,415515 0,000089
religious 0,446287 0,000096
relish 0,916291 0,000197
rely 0,579818 0,000124
remain 0,040822 0,000018
remains 0,150823 0,000032
remarkable 0,235722 0,000051
remedy 0,150823 0,000065
remember 0,030459 0,000020
remembrance 0,733969 0,000157
remission 2,525729 0,000542
remove 0,040822 0,000018
rename 0,544727 0,000117
render 0,186330 0,000040
renew 0,314711 0,000135
renewal 1,514128 0,000325
renounce 0,941609 0,000404
rent 0,510826 0,000110
renunciation 2,207275 0,000474
repeat 0,051293 0,000022
repel 0,967584 0,000208
repellent 2,659260 0,000571
repent 0,634878 0,000272
repentance 0,798508 0,000171
repine 1,560648 0,000670
replace 0,198451 0,000043
replacement 0,544727 0,000117
reply 0,105361 0,000068
report 0,051293 0,000033
represent 0,210721 0,000090
representation 0,261365 0,000056
reproach 0,301105 0,000065
reprobate 1,897120 0,000407
reproduce 1,078810 0,000231
reputation 0,342490 0,000073
request 0,105361 0,000023
require 0,051293 0,000022
required 0,083382 0,000018
requirement 0,400478 0,000086
rescue 0,494296 0,000106
rescuer 2,813411 0,000604
resemble 0,400478 0,000086
reservoir 2,302585 0,000494
resist 0,274437 0,000177
resistance 0,430783 0,000092
resistless 1,714798 0,000368
resolutely 1,108663 0,000238
resolution 0,385662 0,000083
respect 0,040822 0,000009
respectable 0,430783 0,000092
respond 0,693147 0,000446
responsibility 0,733969 0,000157
responsible 0,693147 0,000149
responsive 1,609438 0,000345
rest 0,010050 0,000002
restore 0,223144 0,000096
restrain 0,579818 0,000124
restriction 0,371064 0,000080
result 0,174353 0,000037
resurrection 1,309333 0,000281
retain 0,235722 0,000051
retainer 1,966113 0,000422
retort 0,820981 0,000176
return 0,010050 0,000006
reveal 0,223144 0,000191
revelation 0,693147 0,000297
revenue 0,342490 0,000073
reverential 1,897120 0,000407
revile 1,560648 0,000335
revise 1,660731 0,000356
revision 2,407946 0,000517
revival 1,714798 0,000736
revive 0,510826 0,000110
revolution 0,634878 0,000136
reward 0,174353 0,000037
riband 2,659260 0,000571
rich 0,116534 0,000050
riches 0,798508 0,000171
richly 0,891598 0,000191
rid 0,223144 0,000048
ride 0,261365 0,000168
righteous 1,203973 0,000258
righteousness 1,427116 0,000306
rightly 0,430783 0,000092
ripe 0,820981 0,000176
ripen 0,941609 0,000202
rise 0,030459 0,000026
risk 0,301105 0,000065
ritualistic 3,912023 0,000839
rival 0,494296 0,000106
rivalry 1,609438 0,000345
river 0,174353 0,000037
rivers 0,713350 0,000153
road 0,116534 0,000025
roaring 0,693147 0,000149
rob 0,356675 0,000230
robber 0,653926 0,000140
robbery 1,021651 0,000219
robe 0,673345 0,000144
robust 0,967584 0,000208
rock 0,186330 0,000040
rocky 1,049822 0,000225
roll 0,150823 0,000032
roman 0,713350 0,000306
roof 0,186330 0,000040
root 0,235722 0,000101
rote 2,813411 0,000604
rough 0,186330 0,000040
roughly 0,544727 0,000117
rounded 1,021651 0,000219
rousseau 1,897120 0,000407
route 0,713350 0,000153
row 0,385662 0,000083
royalty 0,371064 0,000159
rub 0,342490 0,000073
rugby 2,659260 0,000571
rugged 0,798508 0,000171
ruin 0,116534 0,000050
rule 0,030459 0,000020
rush 0,127833 0,000055
russian 1,237874 0,000266
rut 1,966113 0,000844
sabbath 1,469676 0,000315
sacrament 1,660731 0,000356
sacred 0,415515 0,000089
sacrifice 0,210721 0,000181
sad 0,223144 0,000048
sadly 0,510826 0,000110
safe 0,116534 0,000050
safeguard 1,609438 0,000345
safely 0,371064 0,000080
safety 0,356675 0,000077
sail 0,415515 0,000089
saints 1,049822 0,000225
saith 1,714798 0,000368
sake 0,083382 0,000018
salaried 3,506558 0,000752
salt 0,105361 0,000023
salvation 0,798508 0,000171
salvationist 3,912023 0,000839
samaria 2,659260 0,000571
samaritan 2,302585 0,000494
sample 1,272966 0,000273
samuel 1,237874 0,000266
sanctification 2,659260 0,000571
sanctifier 3,912023 0,000839
sanctify 1,386294 0,000892
sanctifying 2,813411 0,000604
sanctity 1,347074 0,000289
sap 1,514128 0,000325
sapphira 3,218876 0,000691
saron 3,912023 0,000839
satan 1,237874 0,000266
satisfaction 0,186330 0,000040
satisfactory 0,562119 0,000121
satisfy 0,061875 0,000040
saul 1,966113 0,000422
savagely 1,427116 0,000306
save 0,010050 0,000009
saviour 1,203973 0,000517
scale 0,274437 0,000118
scar 1,171183 0,000251
scarcely 0,301105 0,000065
scattered 0,139262 0,000030
scene 0,127833 0,000027
sceptre 2,120264 0,000455
schismatic 3,218876 0,000691
scholar 0,579818 0,000124
school 0,150823 0,000065
schoolmaster 1,272966 0,000273
science 0,415515 0,000089
scientific 0,776529 0,000167
score 0,446287 0,000096
scorn 0,446287 0,000096
scourge 1,049822 0,000225
scribe 1,771957 0,000760
scriptural 2,813411 0,000604
scripture 1,386294 0,000297
scriptures 1,609438 0,000345
scrub 1,237874 0,000266
sea 0,116534 0,000025
seal 0,371064 0,000080
seamless 2,995732 0,000643
sear 1,771957 0,000380
search 0,040822 0,000035
searcher 2,207275 0,000474
seas 0,916291 0,000197
season 0,235722 0,000101
seat 0,051293 0,000033
secondary 1,347074 0,000289
secret 0,051293 0,000011
sectarian 3,506558 0,000752
secular 1,966113 0,000422
secure 0,061875 0,000027
security 0,478036 0,000103
seed 0,510826 0,000219
seek 0,083382 0,000072
seeker 1,609438 0,000691
seldom 0,301105 0,000065
seleucia 2,995732 0,000643
selfish 0,798508 0,000171
selfishly 3,506558 0,000752
selfishness 0,843970 0,000181
sell 0,210721 0,000136
send 0,020203 0,000013
seneca 2,120264 0,000455
sense 0,051293 0,000011
senseless 0,867501 0,000186
sensual 1,203973 0,000258
sentence 0,094311 0,000040
separate 0,094311 0,000040
separation 0,755023 0,000324
september 0,673345 0,000144
seraphim 2,302585 0,000494
series 0,494296 0,000106
sermon 0,891598 0,000383
servant 0,105361 0,000045
serve 0,051293 0,000011
server 2,995732 0,000643
service 0,072571 0,000016
set 0,010050 0,000004
settle 0,083382 0,000018
severe 0,301105 0,000065
shadow 0,162519 0,000105
shake 0,072571 0,000016
shakespeare 1,171183 0,000251
shalt 1,171183 0,000251
shame 0,223144 0,000048
shameful 0,916291 0,000197
share 0,030459 0,000020
sharp 0,139262 0,000030
sheath 1,347074 0,000289
sheathed 2,120264 0,000455
shedding 3,912023 0,000839
sheep 0,371064 0,000080
shelter 0,301105 0,000065
shepherd 0,843970 0,000181
shield 0,634878 0,000136
shine 0,150823 0,000129
ship 0,198451 0,000043
shipwreck 1,237874 0,000531
shock 0,235722 0,000051
shoe 0,314711 0,000068
shoot 0,385662 0,000083
shop 0,494296 0,000106
shore 0,287682 0,000062
short 0,020203 0,000004
shorten 0,916291 0,000197
shortly 0,462035 0,000099
shortness 1,660731 0,000356
shot 0,223144 0,000048
shoulder 0,139262 0,000060
shouldst 2,120264 0,000455
shout 0,186330 0,000080
shrink 0,462035 0,000198
shut 0,051293 0,000011
sick 0,150823 0,000032
sickness 0,478036 0,000103
siege 0,941609 0,000202
sigh 0,235722 0,000051
sight 0,040822 0,000018
sightedness 2,995732 0,000643
sign 0,051293 0,000022
silas 2,659260 0,000571
silence 0,051293 0,000011
silent 0,051293 0,000011
silken 1,309333 0,000281
silver 0,210721 0,000045
simple 0,094311 0,000020
simplicity 0,527633 0,000113
simply 0,150823 0,000032
simpson 2,995732 0,000643
sin 0,314711 0,000270
sincerity 0,653926 0,000140
sinful 1,309333 0,000281
sing 0,261365 0,000112
singing 0,371064 0,000080
single 0,083382 0,000018
singleness 2,407946 0,000517
sink 0,072571 0,000031
sinless 2,302585 0,000494
sinner 0,867501 0,000372
sir 0,150823 0,000032
sister 0,223144 0,000096
sit 0,010050 0,000006
sixth 0,446287 0,000096
sized 1,237874 0,000266
skilfully 1,660731 0,000356
skill 0,287682 0,000062
skilled 1,272966 0,000273
sky 0,186330 0,000040
slander 1,609438 0,001036
slap 0,798508 0,000171
slaughter 0,820981 0,000176
slave 0,356675 0,000153
slavery 0,798508 0,000171
slay 0,733969 0,000157
sleep 0,051293 0,000033
sleepiness 2,525729 0,000542
sleepless 1,049822 0,000225
slight 0,072571 0,000016
slip 0,150823 0,000032
sloth 1,347074 0,000289
slothfulness 2,995732 0,000643
slow 0,139262 0,000030
slowly 0,150823 0,000032
slowness 1,514128 0,000325
slum 2,659260 0,000571
slumber 0,510826 0,000110
slums 2,659260 0,000571
smile 0,150823 0,000097
smite 1,237874 0,000797
smitten 1,171183 0,000251
smooth 0,235722 0,000051
smote 1,021651 0,000219
snare 1,171183 0,000503
snatch 0,462035 0,000099
sob 0,562119 0,000121
soberly 1,469676 0,000315
sociable 1,272966 0,000273
social 0,371064 0,000080
society 0,210721 0,000045
sodom 2,040221 0,000438
soever 1,966113 0,000422
soft 0,210721 0,000045
soften 0,494296 0,000106
softly 0,400478 0,000086
soil 0,478036 0,000103
soldier 0,415515 0,000178
solemn 0,301105 0,000065
solemnly 0,579818 0,000124
solicit 0,314711 0,000068
solicitation 0,430783 0,000092
solomon 1,203973 0,000258
solve 0,478036 0,000103
son 0,083382 0,000036
song 0,261365 0,000112
sooner 1,309333 0,000281
soothe 0,798508 0,000343
sore 0,527633 0,000226
sorely 1,049822 0,000225
sorrow 0,248461 0,000053
sorrowing 1,560648 0,000335
soul 0,083382 0,000036
sound 0,010050 0,000004
southern 0,579818 0,000124
sovereign 0,733969 0,000157
spare 0,116534 0,000025
spark 0,544727 0,000117
sparkling 0,776529 0,000167
spasmodically 2,995732 0,000643
speak 0,030459 0,000033
speaking 0,072571 0,000016
special 0,083382 0,000018
specific 0,820981 0,000176
spectator 0,544727 0,000117
speculation 0,755023 0,000162
speech 0,139262 0,000030
speed 0,274437 0,000059
spend 0,051293 0,000022
sphere 0,693147 0,000149
spill 0,843970 0,000181
spin 0,510826 0,000110
spires 1,714798 0,000368
spirit 0,051293 0,000022
spiritless 1,832581 0,000393
spiritual 0,653926 0,000140
spiritually 2,120264 0,000455
spite 0,139262 0,000030
splendid 0,400478 0,000086
splendidly 1,171183 0,000251
splendour 1,237874 0,000266
spoil 0,274437 0,000118
spontaneous 1,139434 0,000244
sportsman 1,660731 0,000356
spot 0,150823 0,000032
spread 0,051293 0,000011
spring 0,051293 0,000022
sprinkle 0,776529 0,000333
square 0,223144 0,000048
stable 0,478036 0,000103
stablish 2,813411 0,000604
staff 0,261365 0,000056
stain 0,478036 0,000205
stake 0,446287 0,000096
stalk 0,755023 0,000162
stammer 0,891598 0,000191
stand -0,009950 -0,000009
standard 0,544727 0,000117
standpoint 1,771957 0,000380
star 0,261365 0,000056
starless 2,407946 0,000517
starry 1,272966 0,000273
start -0,009950 -0,000002
statement 0,186330 0,000080
station 0,235722 0,000051
status 0,446287 0,000096
statute 1,469676 0,000315
stay 0,061875 0,000013
steadfast 1,309333 0,000281
steadfastly 1,660731 0,000356
steadfastness 2,659260 0,000571
steadily 0,415515 0,000089
steal 0,105361 0,000068
steel 0,494296 0,000106
steele 2,525729 0,000542
steer 0,994252 0,000213
stem 0,776529 0,000167
step 0,030459 0,000013
stephen 1,966113 0,000422
stern 0,478036 0,000103
steward 1,078810 0,000231
stick 0,174353 0,000037
stillness 0,891598 0,000191
sting 0,616186 0,000132
stir 0,210721 0,000136
stirring 0,494296 0,000212
stock 0,235722 0,000051
stoically 3,506558 0,000752
stone 0,094311 0,000040
stony 0,994252 0,000213
stool 0,653926 0,000140
store 0,061875 0,000027
storehouse 1,966113 0,000422
storm 0,274437 0,000118
stormy 0,755023 0,000162
story 0,030459 0,000007
stout 0,527633 0,000113
straighten 0,967584 0,000208
straightforward 1,832581 0,000393
strain 0,248461 0,000053
strange 0,061875 0,000013
stranger 0,139262 0,000030
strangers 0,356675 0,000077
strangle 0,843970 0,000181
straw 0,342490 0,000073
stray 0,562119 0,000121
stream 0,139262 0,000030
street 0,116534 0,000025
strength 0,030459 0,000007
strengthen 0,478036 0,000410
strengthener 3,912023 0,000839
stretch 0,116534 0,000050
stricken 0,653926 0,000140
strict 0,186330 0,000040
strictly 0,579818 0,000124
strife 0,994252 0,000213
strike 0,020203 0,000004
striking 0,274437 0,000059
strip 0,385662 0,000165
stripe 1,171183 0,000251
strive 0,385662 0,000248
striving 2,995732 0,000643
stroke 0,301105 0,000065
strong 0,020203 0,000009
struggle 0,127833 0,000110
stubborn 0,843970 0,000181
study 0,094311 0,000081
stultified 3,218876 0,000691
stumble 0,562119 0,000121
stumbling 1,108663 0,000238
stunning 1,832581 0,000393
stupendous 1,514128 0,000325
sty 2,407946 0,000517
subdue 0,941609 0,000202
subdued 0,494296 0,000106
subject 0,061875 0,000040
sublime 0,994252 0,000213
submission 0,776529 0,000167
submit 0,430783 0,000277
subordinate 0,967584 0,000208
subscribe 0,342490 0,000073
subsequent 0,867501 0,000186
substitute 0,713350 0,000459
subtle 0,713350 0,000153
succeed 0,105361 0,000045
success 0,162519 0,000070
successful 0,478036 0,000103
succession 0,510826 0,000110
successor 0,916291 0,000197
succour 1,560648 0,000335
sudden 0,072571 0,000016
suddenly 0,040822 0,000009
suffer 0,061875 0,000027
sufferer 0,891598 0,000383
suffering 0,210721 0,000090
sufficiency 1,966113 0,000422
sufficient 0,139262 0,000030
suggestion 0,356675 0,000077
suit 0,198451 0,000043
sum 0,261365 0,000056
sun 0,072571 0,000016
sunbeam 1,469676 0,000315
sunday 0,494296 0,000106
sunlight 0,843970 0,000181
sunny 0,843970 0,000181
sunshine 0,616186 0,000132
superhuman 1,714798 0,000368
superior 0,261365 0,000056
superiority 0,673345 0,000144
supplication 1,108663 0,000238
supply 0,210721 0,000045
support 0,094311 0,000061
suppose 0,020203 0,000013
suppress 0,446287 0,000096
supreme 0,616186 0,000132
surely 0,186330 0,000040
surety 2,040221 0,000438
surface 0,287682 0,000062
surpass 0,755023 0,000162
surprise 0,150823 0,000032
surrender 0,776529 0,000167
surround 0,162519 0,000070
surroundings 0,994252 0,000213
survive 0,186330 0,000040
suspect 0,162519 0,000035
suspicion 0,210721 0,000045
sustain 0,314711 0,000135
swaddle 1,897120 0,000407
swallow 0,261365 0,000112
swamp 0,287682 0,000062
swear 0,261365 0,000168
sweat 0,562119 0,000121
sweep 0,274437 0,000177
sweet 0,139262 0,000060
sweetly 1,049822 0,000225
sweetness 0,673345 0,000144
swell 0,186330 0,000080
swift 0,385662 0,000083
swiftly 0,713350 0,000153
swing 0,430783 0,000092
swish 1,771957 0,000380
switch 1,514128 0,000325
sword 0,430783 0,000092
sympathise 1,514128 0,000650
sympathy 0,314711 0,000068
synonymous 0,446287 0,000096
tabernacle 1,897120 0,000407
table 0,083382 0,000018
tail 0,356675 0,000077
taint 1,139434 0,000244
talent 0,385662 0,000083
talk 0,061875 0,000040
talking 0,150823 0,000032
tame 0,820981 0,000176
tangible 1,560648 0,000335
tarry 1,386294 0,000297
task 0,248461 0,000107
taste 0,105361 0,000023
tax 0,248461 0,000107
taylor 1,832581 0,000393
teach 0,083382 0,000072
teachable 2,813411 0,000604
teacher 0,415515 0,000178
teaching 1,560648 0,000335
team 1,049822 0,000225
tear 0,030459 0,000013
tearfully 3,218876 0,000691
telegram 1,609438 0,000345
telegraphic 2,525729 0,000542
temper 0,261365 0,000112
temperance 1,560648 0,000335
tempest 0,776529 0,000167
temple 0,314711 0,000068
temporal 1,714798 0,000368
tempt 0,415515 0,000089
temptation 0,430783 0,000092
tempting 0,967584 0,000208
tendency 0,527633 0,000113
tender 0,301105 0,000065
tenderly 0,916291 0,000197
tenderness 0,616186 0,000132
tent 0,713350 0,000153
term 0,061875 0,000027
terrible 0,186330 0,000040
terribly 0,733969 0,000157
terror 0,162519 0,000070
testament 1,049822 0,000225
testify 0,820981 0,000352
testimony 0,562119 0,000121
testing 2,407946 0,000517
thankful 0,843970 0,000181
thankfulness 1,832581 0,000393
thanksgiving 1,469676 0,000315
thee 0,597837 0,000128
theologian 1,714798 0,000368
theoretical 2,407946 0,000517
theory 0,400478 0,000086
thessalonians 3,218876 0,000691
thine 1,139434 0,000244
thirst 0,494296 0,000106
thirsty 0,820981 0,000176
thong 2,207275 0,000474
thorn 0,967584 0,000208
thoughtful 0,693147 0,000149
thoughtless 1,108663 0,000238
threaten 0,186330 0,000040
thrilling 1,139434 0,000244
thrive 1,078810 0,000231
throat 0,223144 0,000048
throb 1,021651 0,000438
throne 0,733969 0,000157
throng 0,891598 0,000191
throw 0,010050 0,000006
thrust 0,287682 0,000062
thwart 1,108663 0,000238
thy 0,634878 0,000136
thyself 1,272966 0,000273
tickle 1,171183 0,000251
tide 0,616186 0,000264
tiding 1,139434 0,000244
tim 2,407946 0,000517
timber 0,798508 0,000171
time -0,009950 -0,000004
timid 0,544727 0,000117
timidity 1,469676 0,000315
timothy 2,995732 0,000643
tiny 0,820981 0,000176
tithe 1,832581 0,000393
title 0,116534 0,000050
titus 2,040221 0,000438
tobacco 0,713350 0,000153
toil 0,430783 0,000185
token 0,693147 0,000149
tolerant 2,040221 0,000438
ton 1,021651 0,000219
tone 0,198451 0,000085
tong 1,347074 0,000289
tongue 0,139262 0,000060
torch 0,713350 0,000153
torture 0,371064 0,000080
toss 0,494296 0,000106
totter 1,237874 0,000266
touch 0,010050 0,000006
touchy 2,813411 0,000604
tower 0,314711 0,000135
toy 0,733969 0,000472
trademark 0,562119 0,000121
train 0,162519 0,000105
training 0,776529 0,000167
transcribe 0,462035 0,000099
transcription 0,527633 0,000113
transfiguration 2,659260 0,000571
transfigure 2,525729 0,000542
transform 0,693147 0,000297
transformation 1,272966 0,000273
transgress 1,386294 0,000297
transgression 1,560648 0,000335
transmit 1,049822 0,000225
transparently 2,995732 0,000643
trap 0,527633 0,000113
travail 1,897120 0,000407
treat 0,127833 0,000055
treatment 0,127833 0,000027
tree 0,061875 0,000027
tremble 0,174353 0,000037
trespass 1,609438 0,000345
trial 0,261365 0,000112
tribe 0,693147 0,000149
tribulation 1,897120 0,000407
trifle 0,446287 0,000287
trinity 1,660731 0,000356
triumph 0,261365 0,000112
triumphant 0,798508 0,000171
triumphantly 0,941609 0,000202
trouble 0,010050 0,000006
true 0,020203 0,000009
trust 0,061875 0,000053
trustful 2,040221 0,000438
truth 0,030459 0,000013
tumble 0,494296 0,000106
tumultuous 1,171183 0,000251
turmoil 1,714798 0,000368
twill 2,302585 0,000494
type 0,174353 0,000075
typhoid 3,218876 0,000691
ultimate 0,941609 0,000202
unable 0,248461 0,000053
unarmed 1,514128 0,000325
unbelief 1,771957 0,000380
unbelieving 1,771957 0,000380
uncertain 0,301105 0,000065
uncertainty 0,776529 0,000333
unchanging 2,120264 0,000455
uncharitable 2,659260 0,000571
unclean 1,386294 0,000297
uncleanness 2,407946 0,000517
uncommon 0,798508 0,000171
uncomplaining 2,302585 0,000494
uncompromising 2,207275 0,000474
unconditional 2,207275 0,000474
uncouth 1,347074 0,000289
unction 2,207275 0,000474
underlie 1,714798 0,000736
understand 0,020203 0,000009
understanding 0,223144 0,000048
undertake 0,385662 0,000083
undertaking 0,693147 0,000149
undisputed 2,207275 0,000474
undo 0,693147 0,000149
undue 2,040221 0,000438
unenforceability 0,562119 0,000121
unexplained 1,897120 0,000407
unfailing 1,714798 0,000368
unfit 1,108663 0,000238
unfitness 2,207275 0,000474
unfold 0,755023 0,000162
unforgiving 2,995732 0,000643
unfulfilled 2,120264 0,000455
ungainsayable 3,912023 0,000839
unheralded 2,995732 0,000643
unholy 1,469676 0,000315
uniform 0,210721 0,000045
unimportant 1,386294 0,000297
unintentionally 1,966113 0,000422
union 0,494296 0,000106
unite 0,867501 0,000186
united 0,094311 0,000020
unity 1,049822 0,000225
universal 0,478036 0,000103
universe 0,733969 0,000157
unjustly 1,108663 0,000238
unkindness 1,660731 0,000356
unknown 0,105361 0,000023
unlawful 1,469676 0,000315
unlearned 2,407946 0,000517
unlikeness 3,218876 0,000691
unlink 0,562119 0,000121
unloving 3,506558 0,000752
unmarried 1,347074 0,000289
unmixed 1,771957 0,000380
unmoved 0,916291 0,000197
unnoticed 1,514128 0,000325
unpardonable 1,771957 0,000380
unpopular 2,302585 0,000494
unprogressive 3,912023 0,000839
unquenchable 2,659260 0,000571
unrepentant 2,995732 0,000643
unrequited 3,506558 0,000752
unrevealed 3,506558 0,000752
unrighteousness 2,659260 0,000571
unsanctified 3,912023 0,000839
unsaved 3,912023 0,000839
unselfish 1,609438 0,000345
unselfishly 3,506558 0,000752
unshaken 1,609438 0,000345
unsolicited 0,510826 0,000110
unspeakable 0,994252 0,000213
unspiritual 3,218876 0,000691
unsteadiness 2,813411 0,000604
unsteady 1,469676 0,000315
untimely 1,347074 0,000289
untoward 1,897120 0,000407
untroubled 1,966113 0,000422
unusually 0,891598 0,000191
unutterable 1,203973 0,000258
unwary 2,302585 0,000494
unwavering 3,506558 0,000752
unwilling 0,653926 0,000140
unwise 1,469676 0,000315
unworthiness 2,207275 0,000474
update 0,510826 0,000110
uphold 1,237874 0,000797
upper 0,314711 0,000068
upright 0,301105 0,000065
uprightness 1,771957 0,000380
uprising 2,207275 0,000474
upward 0,579818 0,000124
urge 0,274437 0,000236
urgently 1,560648 0,000335
user 0,544727 0,000117
usual 0,139262 0,000030
usurp 1,469676 0,000315
ut 0,510826 0,000110
utmost 0,356675 0,000077
utter 0,162519 0,000070
utterly 0,371064 0,000080
uttermost 2,040221 0,000438
vacillate 2,120264 0,000455
vague 0,579818 0,000124
vain 0,116534 0,000025
vainglory 2,813411 0,000604
vainly 0,634878 0,000136
valley 0,544727 0,000117
valuable 0,342490 0,000073
vanilla 0,544727 0,000117
vanish 0,314711 0,000135
vanity 0,400478 0,000086
vanquish 0,916291 0,000197
variety 0,150823 0,000032
vast 0,223144 0,000048
vegetable 0,693147 0,000149
vein 0,446287 0,000096
vengeance 0,579818 0,000124
vent 0,798508 0,000171
venture 0,223144 0,000048
verbal 1,203973 0,000258
verily 1,139434 0,000244
verity 2,302585 0,000494
verse 0,478036 0,000103
version 0,342490 0,000073
vestibule 1,832581 0,000393
veteran 1,609438 0,000345
vex 0,579818 0,000124
vice 0,478036 0,000103
vicious 0,653926 0,000140
victory 0,356675 0,000077
view 0,040822 0,000035
vigorous 0,544727 0,000117
vii 0,430783 0,000092
viii 0,446287 0,000096
vile 0,634878 0,000136
village 0,356675 0,000077
vine 0,867501 0,000372
vinegar 1,078810 0,000231
vineyard 1,237874 0,000531
violate 0,342490 0,000073
violation 1,560648 0,000335
violence 0,248461 0,000053
violent 0,223144 0,000048
violently 0,462035 0,000099
virgin 0,755023 0,000162
virtue 0,287682 0,000123
virus 0,527633 0,000113
visible 0,235722 0,000051
vision 0,301105 0,000129
visit 0,030459 0,000007
vital 0,693147 0,000149
vivid 0,776529 0,000167
voice 0,020203 0,000004
void 0,261365 0,000056
volition 1,714798 0,000368
volley 1,469676 0,000315
volume 0,356675 0,000077
voluntarily 0,891598 0,000191
volunteer 0,314711 0,000068
volunteers 0,430783 0,000092
vote 0,843970 0,000181
vouchsafe 1,309333 0,000281
vow 0,616186 0,000132
voyage 0,616186 0,000132
wag 1,108663 0,000238
wagon 1,078810 0,000231
wait 0,061875 0,000027
waiting 0,083382 0,000018
wake 0,223144 0,000144
waken 1,139434 0,000244
walk 0,000000 0,000000
walled 1,347074 0,000289
wallow 1,309333 0,000281
war 0,139262 0,000090
warm 0,116534 0,000050
warn 0,287682 0,000185
warning 0,235722 0,000051
warranty 0,544727 0,000234
warrior 1,108663 0,000238
wash 0,210721 0,000136
washington 1,609438 0,000345
waste 0,127833 0,000082
watch 0,020203 0,000004
watchful 1,171183 0,000251
watchfulness 1,966113 0,000422
water 0,040822 0,000018
wave 0,210721 0,000090
waver 0,733969 0,000315
wax 0,446287 0,000096
weak 0,105361 0,000023
weakness 0,248461 0,000053
wealthy 0,579818 0,000124
weapon 0,400478 0,000086
wear 0,083382 0,000054
wearily 1,272966 0,000273
weariness 0,755023 0,000162
weary 0,186330 0,000040
weather 0,248461 0,000053
weed 0,755023 0,000324
week 0,127833 0,000027
weep 0,356675 0,000230
weigh 0,162519 0,000035
weight 0,116534 0,000025
weld 2,407946 0,000517
welfare 0,916291 0,000197
wellnigh 2,659260 0,000571
wesley 2,813411 0,000604
west 0,083382 0,000018
wet 0,261365 0,000056
whatsoever 0,287682 0,000062
wheel 0,274437 0,000118
whereof 1,237874 0,000266
whereunto 2,525729 0,000542
wherewith 1,514128 0,000325
whimper 1,386294 0,000297
whip 0,400478 0,000086
whipping 3,218876 0,000691
whisper 0,248461 0,000107
whit 1,171183 0,000251
white 0,051293 0,000011
wholehearted 3,506558 0,000752
wholesome 0,867501 0,000186
wholly 0,400478 0,000086
whosoever 1,714798 0,000368
wicked 0,328504 0,000070
wickedness 0,916291 0,000197
wide 0,030459 0,000013
wield 1,427116 0,000306
wife 0,083382 0,000018
wild 0,051293 0,000011
wilderness 0,673345 0,000144
wildest 1,272966 0,000273
wilful 1,427116 0,000306
wilfully 1,609438 0,000345
willed 1,347074 0,000289
william 0,798508 0,000171
willingness 1,514128 0,000325
wily 1,771957 0,000380
win 0,356675 0,000230
wind 0,094311 0,000040
window 0,162519 0,000035
wine 0,235722 0,000051
wing 0,314711 0,000068
winged 1,272966 0,000273
wink 0,597837 0,000128
winner 1,771957 0,000760
winsome 2,659260 0,000571
wire 0,867501 0,000186
wireless 3,506558 0,000752
wisdom 0,287682 0,000062
wise 0,094311 0,000040
wisely 0,653926 0,000140
wit 0,198451 0,000043
withdraw 0,210721 0,000090
withhold 0,820981 0,000352
witness 0,116534 0,000100
woe 0,673345 0,000289
wolf 0,597837 0,000128
woman 0,030459 0,000013
womb 1,272966 0,000273
wonderful 0,162519 0,000035
wonderfully 0,510826 0,000110
wondrous 1,203973 0,000258
wood 0,083382 0,000018
word 0,020203 0,000004
worker 0,941609 0,000202
workings 1,609438 0,000345
workman 0,755023 0,000324
workmanship 1,272966 0,000273
worldliness 3,218876 0,000691
worldly 0,820981 0,000176
worm 0,733969 0,000157
wormwood 1,966113 0,000422
worship 0,415515 0,000267
worth 0,061875 0,000013
worthy 0,186330 0,000040
wouldst 1,832581 0,000393
wounded 0,274437 0,000059
wrangling 2,207275 0,000474
wrath 0,634878 0,000136
wreck 0,693147 0,000149
wrestle 1,049822 0,000225
write 0,020203 0,000017
writer 0,328504 0,000070
writing 0,061875 0,000013
writings 0,994252 0,000213
wrong 0,072571 0,000047
xi 0,597837 0,000128
xii 0,579818 0,000124
xiii 0,673345 0,000144
xiv 0,693147 0,000149
xix 0,867501 0,000186
xvi 0,776529 0,000167
xvii 0,843970 0,000181
xviii 0,891598 0,000191
xx 0,916291 0,000197
xxi 0,867501 0,000186
xxii 0,967584 0,000208
xxiii 0,967584 0,000208
xxv 1,108663 0,000238
yard 0,223144 0,000048
yea 1,897120 0,000407
yearn 1,609438 0,000345
yearning 1,514128 0,000325
yield 0,174353 0,000112
yoke 0,994252 0,000213
york 0,916291 0,000197
youth 0,139262 0,000030
zeal 0,579818 0,000124
zealous 1,049822 0,000225
zion 2,995732 0,000643
