abandon 0,223144 0,000099
abide 0,248461 0,000111
abound 1,021651 0,000909
abrupt 0,994252 0,000442
absolute 0,400478 0,000178
absolutely 0,287682 0,000128
absurd 0,430783 0,000192
absurdly 1,427116 0,000635
accent 0,634878 0,000282
accept 0,061875 0,000083
access 0,314711 0,000280
accessible 0,446287 0,000199
accident 0,274437 0,000122
accompany 0,094311 0,000042
accomplish 0,634878 0,000282
accomplished 0,385662 0,000172
accord 0,527633 0,000235
account 0,010050 0,000004
accumulation 1,469676 0,000654
accuse 0,385662 0,000172
achieve 0,597837 0,000266
acknowledge 0,274437 0,000122
acquaint 0,342490 0,000152
acquire 0,371064 0,000330
acquirement 1,560648 0,000694
action 0,094311 0,000042
active 0,127833 0,000057
activity 0,415515 0,000370
actual 0,174353 0,000078
actuality 2,302585 0,001024
adam 0,941609 0,000419
add 0,094311 0,000084
addition 0,116534 0,000104
additional 0,198451 0,000088
address 0,072571 0,000097
adjust 0,891598 0,000397
adjustment 2,207275 0,000982
admire 0,356675 0,000159
admit 0,116534 0,000052
admittedly 3,506558 0,001560
advance 0,061875 0,000028
adverse 1,514128 0,000674
advertise 1,108663 0,000493
advertisements 2,207275 0,000982
advice 0,186330 0,000083
advise 0,301105 0,000402
affair 0,094311 0,000042
afford 0,186330 0,000083
age 0,040822 0,000036
aged 0,198451 0,000088
ageing 3,218876 0,001432
agent 0,223144 0,000199
agree 0,051293 0,000046
agreeable 0,462035 0,000206
agreement 0,210721 0,000094
aid 0,210721 0,000094
aim 0,287682 0,000128
air 0,061875 0,000055
ak 1,347074 0,000599
alas 0,462035 0,000206
alhambra 3,912023 0,001740
alive 0,051293 0,000023
alter 0,235722 0,000105
alteration 0,261365 0,000116
alternate 0,261365 0,000116
alternative 0,994252 0,000885
amateur 1,347074 0,000599
analyse 1,609438 0,000716
angry 0,174353 0,000078
anna 1,832581 0,000815
answer 0,020203 0,000009
antagonistic 1,966113 0,000875
anticipate 0,616186 0,000274
anxious 0,261365 0,000116
apology 0,527633 0,000235
appeal 0,261365 0,000116
appetite 0,314711 0,000140
applicable 0,400478 0,000178
application 0,653926 0,000291
apply 0,116534 0,000104
appreciable 2,407946 0,001071
appreciation 1,049822 0,000467
approach 0,040822 0,000036
architecture 1,108663 0,000493
archive 0,544727 0,000242
ardour 1,237874 0,000551
aristocracy 1,386294 0,000617
arm 0,030459 0,000014
army 0,356675 0,000159
arnold 2,302585 0,001024
arrange 0,198451 0,000177
arrangement 0,274437 0,000122
array 0,248461 0,000111
arrival 0,328504 0,000146
arrive 0,083382 0,000111
art 0,127833 0,000114
arthur 1,660731 0,000739
article 0,400478 0,000178
ascii 0,562119 0,000250
ashamed 0,248461 0,000111
asinine 3,218876 0,001432
aspirant 2,120264 0,000943
aspiration 1,049822 0,000934
assault 0,798508 0,000355
assistance 0,105361 0,000047
assume 0,162519 0,000145
assure 0,127833 0,000057
assuredly 0,967584 0,000430
astonish 0,261365 0,000116
astonishing 0,653926 0,000291
astonishingly 2,995732 0,001333
attach 0,116534 0,000052
attain 0,328504 0,000146
attainment 1,427116 0,000635
attempt 0,051293 0,000068
attend 0,127833 0,000114
attendance 0,776529 0,000345
attendant 0,616186 0,000274
attention 0,083382 0,000037
attire 0,916291 0,000408
attitude 0,446287 0,000199
audacity 1,237874 0,000551
aught 0,891598 0,000397
august 0,616186 0,000274
aurelius 2,525729 0,001124
aurora 1,714798 0,000763
author 0,116534 0,000052
average 0,733969 0,000326
avoid 0,105361 0,000047
avoidable 2,995732 0,001333
aware 0,223144 0,000099
awful 0,328504 0,000146
baby 0,653926 0,000291
backslider 3,218876 0,001432
backwater 3,218876 0,001432
bad 0,020203 0,000018
badly 0,446287 0,000199
baggy 2,302585 0,001024
balance 0,342490 0,000609
banal 3,506558 0,001560
band 0,342490 0,000152
bang 1,049822 0,000467
banjo 3,912023 0,001740
bank 0,210721 0,000094
bar 0,235722 0,000105
base 0,094311 0,000042
bath 0,274437 0,000122
battle 0,235722 0,000105
bear 0,000000 0,000000
beat 0,083382 0,000037
beatific 2,525729 0,001124
beauty 0,162519 0,000072
bed 0,051293 0,000023
bedroom 0,798508 0,000355
beethoven 2,207275 0,000982
beg 0,116534 0,000052
behave 0,462035 0,000206
behaviour 0,941609 0,000419
bell 0,301105 0,000134
beneficially 3,912023 0,001740
bent 0,174353 0,000078
bernard 1,966113 0,000875
betray 0,301105 0,000134
beware 0,820981 0,000365
binary 0,562119 0,000250
bind 0,030459 0,000014
bird 0,150823 0,000067
biscuit 1,272966 0,000566
bit 0,139262 0,000062
bitterness 0,634878 0,000282
blame 0,162519 0,000072
block 0,494296 0,000220
blush 0,562119 0,000250
boat 0,446287 0,000199
body 0,010050 0,000004
boil 0,385662 0,000343
bolt 0,494296 0,000220
bone 0,198451 0,000088
book 0,040822 0,000036
bookseller 1,897120 0,000844
boor 2,407946 0,001071
bore 0,820981 0,000730
box 0,248461 0,000111
brace 0,891598 0,000793
braced 1,609438 0,000716
brain 0,314711 0,000140
breach 0,274437 0,000122
bread 0,248461 0,000111
break 0,010050 0,000004
breakfast 0,342490 0,000152
breast 0,198451 0,000088
breathless 0,673345 0,000300
bribe 0,891598 0,000397
bridge 0,430783 0,000192
bright 0,094311 0,000042
bring 0,000000 0,000000
british 0,843970 0,000375
broker 1,897120 0,000844
brow 0,446287 0,000199
browning 2,995732 0,001333
bruyere 3,912023 0,001740
budget 2,207275 0,000982
build 0,094311 0,000042
bunch 0,776529 0,000345
burden 0,198451 0,000088
burglar 1,386294 0,000617
burglary 1,832581 0,000815
bursting 0,713350 0,000317
bush 0,430783 0,000192
business 0,040822 0,000018
butter 0,798508 0,000355
butterfly 1,171183 0,000521
cab 1,272966 0,000566
cabinet 0,941609 0,000419
calculate 0,116534 0,000104
calm 0,274437 0,000122
calmly 0,510826 0,000227
candid 1,203973 0,000536
capable 0,261365 0,000116
caprice 1,309333 0,000582
car 0,820981 0,000365
card 0,139262 0,000124
care 0,000000 0,000000
career 0,478036 0,000213
careful 0,174353 0,000078
carefully 0,139262 0,000062
caress 0,776529 0,000345
carry 0,010050 0,000004
carter 1,832581 0,000815
cat 0,462035 0,000206
catch 0,072571 0,000032
cease 0,061875 0,000055
cellar 0,798508 0,000355
central 0,733969 0,000326
ceremonial 1,966113 0,000875
chain 0,174353 0,000078
chance 0,061875 0,000055
chancellor 2,040221 0,001815
change 0,010050 0,000009
changeful 2,659260 0,001183
chap 0,891598 0,000397
chapter 0,328504 0,000292
character 0,061875 0,000028
charge 0,040822 0,000036
chariot 1,139434 0,000507
charitable 0,287682 0,000128
charity 0,186330 0,000083
charles 0,597837 0,000266
chat 0,867501 0,000386
chatter 0,713350 0,000317
check 0,072571 0,000065
chief 0,094311 0,000084
chiefly 0,527633 0,000235
chinese 1,139434 0,000507
choice 0,150823 0,000067
choose 0,020203 0,000018
choosing 0,867501 0,000386
chorus 0,941609 0,000419
cigar 0,994252 0,000442
cigarette 1,386294 0,000617
circumstance 0,116534 0,000052
circumvent 2,120264 0,000943
circus 1,386294 0,000617
city 0,051293 0,000023
claim 0,083382 0,000074
class 0,248461 0,000111
clerk 0,562119 0,000250
cloak 0,527633 0,000235
cloth 0,356675 0,000159
cloud 0,150823 0,000067
club 0,544727 0,000242
clutch 0,713350 0,000317
coast 0,544727 0,000242
code 0,287682 0,000128
coffee 0,562119 0,000250
coin 0,544727 0,000242
cold 0,040822 0,000036
collection 0,162519 0,000072
colloquial 3,506558 0,001560
coma 3,218876 0,001432
combined 0,713350 0,000317
comfort 0,105361 0,000047
comfortably 0,693147 0,000308
command 0,116534 0,000052
commencement 1,108663 0,000493
comment 0,478036 0,000213
commercial 0,274437 0,000122
commit 0,116534 0,000052
commodity 1,771957 0,000788
common 0,072571 0,000065
commoner 2,120264 0,000943
companion 0,150823 0,000067
company 0,020203 0,000018
compare 0,162519 0,000072
compartment 1,514128 0,000674
competition 1,560648 0,000694
compilation 0,478036 0,000213
complain 0,198451 0,000088
complete 0,105361 0,000047
completely 0,274437 0,000122
complex 1,139434 0,000507
compliance 0,342490 0,000152
comply 0,287682 0,000256
compose 0,287682 0,000128
composer 1,966113 0,000875
comprehend 0,478036 0,000425
comprehensible 1,832581 0,000815
compressed 0,342490 0,000152
comprise 1,108663 0,000493
conceivable 1,386294 0,000617
concentrate 1,386294 0,001233
concentration 1,771957 0,000788
concept 0,527633 0,000235
concert 0,916291 0,000815
condition 0,051293 0,000023
conduct 0,094311 0,000084
conductor 1,021651 0,000454
confidence 0,139262 0,000062
confine 0,223144 0,000099
confirm 0,139262 0,000062
confirmation 0,356675 0,000159
confront 0,776529 0,000345
confused 0,248461 0,000111
conscience 0,301105 0,000134
conscientious 1,272966 0,000566
conscientiously 1,609438 0,000716
conscious 0,314711 0,000140
consciousness 0,371064 0,000165
consecutive 2,302585 0,001024
consequence 0,186330 0,000166
consequential 0,478036 0,000213
considerable 0,105361 0,000047
consideration 0,223144 0,000099
consist 0,314711 0,000280
consol 3,912023 0,001740
constant 0,051293 0,000023
constantly 0,371064 0,000165
constitute 0,597837 0,000266
construction 0,733969 0,000326
consult 0,400478 0,000356
consultation 0,916291 0,000408
contact 0,210721 0,000094
content 0,174353 0,000078
contention 1,203973 0,000536
contents 0,094311 0,000042
continual 0,693147 0,000308
continue 0,186330 0,000083
continuous 0,867501 0,000386
contract 0,139262 0,000062
contrary 0,198451 0,000088
contribution 0,371064 0,000165
contrive 0,994252 0,000442
control 0,223144 0,000199
convenience 0,673345 0,000300
convenient 0,462035 0,000206
convert 0,186330 0,000083
convince 0,198451 0,000088
cook 0,223144 0,000199
cooling 1,272966 0,000566
cope 1,171183 0,000521
copying 0,494296 0,000220
copyright 0,415515 0,000185
corner 0,072571 0,000032
corporation 0,400478 0,000178
correspondence 0,820981 0,000365
correspondent 1,237874 0,000551
corrupt 0,235722 0,000105
cost 0,105361 0,000094
count 0,116534 0,000104
country 0,010050 0,000009
couple 0,248461 0,000111
covent 2,207275 0,000982
cover 0,223144 0,000099
crack 0,478036 0,000213
craft 0,733969 0,000326
create 0,094311 0,000084
creation 0,198451 0,000088
creature 0,116534 0,000052
credit 0,094311 0,000042
creep 0,198451 0,000088
crime 0,261365 0,000116
critical 0,235722 0,000105
criticise 1,514128 0,000674
crockery 1,714798 0,000763
cross 0,083382 0,000037
crowded 0,301105 0,000134
cruelly 0,820981 0,000365
cultivate 0,462035 0,000411
cultivation 1,469676 0,000654
cultivator 2,302585 0,001024
cup 0,342490 0,000152
cure 0,314711 0,000280
curiosity 0,210721 0,000094
curiousness 3,218876 0,001432
current 0,116534 0,000052
curt 2,120264 0,000943
customs 0,713350 0,000317
cut 0,030459 0,000014
daily 0,248461 0,000221
damage 0,223144 0,000199
damages 0,400478 0,000178
danger 0,105361 0,000094
datum 0,494296 0,000220
day 0,000000 0,000000
dazzling 0,941609 0,000419
deal 0,061875 0,000110
debt 0,494296 0,000440
decent 0,693147 0,000308
decide 0,040822 0,000054
decidedly 0,867501 0,000386
decline 0,356675 0,000159
deductible 0,562119 0,000250
deep 0,020203 0,000009
defect 0,261365 0,000233
defective 0,356675 0,000159
deference 0,967584 0,000430
define 0,673345 0,000300
definite 0,755023 0,000336
defy 0,693147 0,000308
degree 0,150823 0,000134
deletion 0,562119 0,000250
deliberate 0,673345 0,000300
deliberately 0,693147 0,000308
deliberation 1,078810 0,000480
delicate 0,301105 0,000134
demand 0,051293 0,000068
democracy 1,832581 0,000815
deny 0,072571 0,000032
depart 0,162519 0,000072
department 0,916291 0,000408
depend 0,040822 0,000036
deplorable 1,386294 0,000617
depress 0,616186 0,000274
depths 0,446287 0,000199
derivative 0,510826 0,000227
derive 0,210721 0,000187
deserve 0,314711 0,000140
desire 0,051293 0,000046
desirous 0,634878 0,000282
despair 0,174353 0,000078
desperate 0,328504 0,000146
destroy 0,061875 0,000028
detach 0,287682 0,000128
deter 1,272966 0,000566
determine 0,061875 0,000055
develop 0,891598 0,000397
development 0,693147 0,000308
devote 0,673345 0,000599
devoted 0,301105 0,000134
dickens 1,560648 0,000694
dictate 0,579818 0,000516
didactic 2,207275 0,000982
die 0,010050 0,000009
differentiate 2,407946 0,001071
difficult 0,116534 0,000052
difficulty 0,116534 0,000104
dignity 0,314711 0,000140
dinner 0,186330 0,000083
direct 0,040822 0,000018
direction 0,051293 0,000023
director 0,733969 0,000326
disappointment 0,462035 0,000206
disapprobation 2,040221 0,000908
disastrous 1,108663 0,000493
discipline 0,634878 0,000282
disclaim 0,462035 0,000206
disclaimer 0,562119 0,000500
discomfort 1,108663 0,000986
disconcerting 2,302585 0,001024
discontent 0,616186 0,000274
discontinue 0,510826 0,000227
discouragement 1,714798 0,000763
discover 0,030459 0,000027
discovery 0,287682 0,000128
discussion 0,597837 0,000266
disdainfully 1,897120 0,000844
disease 0,328504 0,000146
disguise 0,494296 0,000440
disillusion 2,040221 0,000908
disk 0,415515 0,000185
dislike 0,478036 0,000213
display 0,162519 0,000217
displeased 1,108663 0,000493
disquieting 2,120264 0,000943
disregard 0,820981 0,000365
dissatisfaction 1,609438 0,000716
distaste 1,771957 0,000788
distinguish 0,314711 0,000140
distinguished 0,301105 0,000134
distress 0,274437 0,000122
distressing 1,108663 0,000493
distribute 0,210721 0,000281
distribution 0,430783 0,000192
distributor 0,544727 0,000242
disturb 0,198451 0,000177
diversion 0,916291 0,000408
divert 0,634878 0,000282
doctor 0,400478 0,000356
dog 0,186330 0,000083
domain 0,328504 0,000146
domestic 0,510826 0,000227
dominate 1,386294 0,000617
donate 0,544727 0,000242
donation 0,446287 0,000397
donor 0,478036 0,000213
door 0,000000 0,000000
download 0,562119 0,000250
doze 0,891598 0,000397
drain 0,820981 0,000365
dramatic 1,078810 0,000480
draw 0,020203 0,000018
drawback 1,469676 0,000654
dream 0,083382 0,000037
drift 0,462035 0,000206
drink 0,072571 0,000032
drinking 0,371064 0,000165
drive 0,030459 0,000027
drown 0,314711 0,000140
dumb 0,562119 0,000250
durable 1,714798 0,000763
duty 0,061875 0,000055
eager 0,210721 0,000094
ear 0,061875 0,000055
earn 0,446287 0,000596
earner 3,506558 0,001560
earnestly 0,415515 0,000185
earth 0,051293 0,000023
easily 0,072571 0,000032
easy 0,000000 0,000000
eat 0,040822 0,000018
eating 0,235722 0,000105
edge 0,150823 0,000067
edition 0,287682 0,000256
educational 0,446287 0,000199
effective 0,967584 0,000430
efficiency 2,040221 0,000908
effort 0,094311 0,000084
elasticity 1,897120 0,000844
elect 0,210721 0,000094
electronic 0,544727 0,000242
electronically 0,544727 0,000242
element 0,342490 0,000152
elementary 1,427116 0,000635
elephant 0,967584 0,000430
eliot 2,407946 0,001071
elusive 2,302585 0,001024
email 0,562119 0,000250
embark 1,139434 0,000507
emerge 0,653926 0,000291
emerson 3,218876 0,001432
employ 0,235722 0,000210
employee 0,510826 0,000454
employment 0,527633 0,000235
enable 0,274437 0,000122
encode 0,653926 0,000291
encounter 0,446287 0,000199
encumber 1,272966 0,000566
encyclopaedia 2,813411 0,001252
endeavour 0,713350 0,000317
endless 0,478036 0,000213
enemy 0,105361 0,000047
energy 0,371064 0,000330
engaged 0,198451 0,000088
engine 0,776529 0,000345
england 0,385662 0,000172
english 0,094311 0,000042
enjoy 0,072571 0,000032
enjoyment 0,562119 0,000250
enlarge 0,673345 0,000300
enliven 1,660731 0,000739
enormous 0,430783 0,000192
ensure 0,342490 0,000305
enterprise 0,755023 0,000336
enterprising 1,609438 0,000716
enthral 2,525729 0,001124
entire 0,274437 0,000122
entity 0,544727 0,000242
environment 1,514128 0,000674
epilogue 1,966113 0,000875
equally 0,223144 0,000099
equipment 0,415515 0,000185
equivalent 1,078810 0,000480
ere 0,634878 0,000282
error 0,072571 0,000032
escape 0,061875 0,000028
essay 0,755023 0,000336
estate 0,478036 0,000213
esteem 0,478036 0,000213
eternal 0,415515 0,000185
eternally 1,347074 0,000599
evening 0,072571 0,000065
eventide 2,120264 0,000943
evil 0,150823 0,000134
evolution 1,171183 0,000521
exaggerated 0,843970 0,000375
examination 0,385662 0,000172
examine 0,150823 0,000134
exceed 0,462035 0,000411
excellence 1,021651 0,000454
excellent 0,150823 0,000067
exceptional 1,386294 0,000617
excessive 0,597837 0,000266
exchequer 2,407946 0,001071
excite 0,798508 0,000355
exclaim 0,287682 0,000128
exclude 0,755023 0,000336
exclusion 0,371064 0,000165
excursion 0,891598 0,000397
excuse 0,139262 0,000124
execution 0,597837 0,000266
executive 1,171183 0,000521
executor 1,832581 0,000815
exempt 0,314711 0,000140
exercise 0,235722 0,000210
exertion 0,693147 0,000308
exhausted 0,400478 0,000178
exhausting 1,609438 0,000716
exhibit 0,579818 0,000258
exist 0,072571 0,000097
existence 0,150823 0,000067
expanse 1,108663 0,000493
expansive 2,120264 0,000943
expect 0,051293 0,000023
expectation 0,356675 0,000159
expend 0,301105 0,000134
expenditure 1,427116 0,000635
expense 0,127833 0,000114
experience 0,072571 0,000032
experiment 0,494296 0,000220
explain 0,116534 0,000156
explanation 0,139262 0,000062
explicable 3,912023 0,001740
export 0,446287 0,000199
express 0,072571 0,000032
exquisitely 1,386294 0,000617
extend 0,261365 0,000233
extent 0,083382 0,000037
extra 0,820981 0,000365
extraneous 2,040221 0,000908
extravagant 0,916291 0,000408
extreme 0,186330 0,000083
extremely 0,385662 0,000172
eye 0,000000 0,000000
facility 0,342490 0,000152
factor 1,171183 0,000521
faculty 0,510826 0,000227
fail 0,072571 0,000097
failure 0,415515 0,000185
faintly 0,713350 0,000317
fair 0,051293 0,000023
fairbanks 1,386294 0,000617
fall 0,000000 0,000000
familiar 0,150823 0,000067
family 0,061875 0,000028
famous 0,261365 0,000116
fancy 0,162519 0,000072
fare 0,597837 0,000266
fatal 0,342490 0,000152
fatigue 0,494296 0,000440
fatigued 1,203973 0,000536
favour 0,544727 0,000242
fear 0,020203 0,000018
feasibility 3,218876 0,001432
feast 0,430783 0,000192
federal 0,527633 0,000235
fee 0,301105 0,000268
feebly 0,843970 0,000375
feed 0,248461 0,000111
feel 0,020203 0,000018
feeling 0,072571 0,000032
fellow 0,040822 0,000018
fetish 2,995732 0,001333
feverish 0,843970 0,000375
fiction 0,843970 0,000375
fiddle 1,514128 0,000674
fiddler 2,407946 0,001071
field 0,094311 0,000084
file 0,223144 0,000199
final 0,342490 0,000152
finality 2,407946 0,001071
finally 0,150823 0,000067
financial 0,415515 0,000185
fine 0,061875 0,000055
finger 0,150823 0,000067
fit 0,030459 0,000014
fitness 0,446287 0,000199
flat 0,139262 0,000062
flatly 1,660731 0,000739
flawless 2,813411 0,001252
flirt 1,514128 0,000674
flourishing 1,021651 0,000454
fly 0,116534 0,000052
folk 0,527633 0,000235
follow 0,020203 0,000009
food 0,127833 0,000057
fool 0,235722 0,000105
foolish 0,235722 0,000105
force 0,030459 0,000027
foreign 0,301105 0,000134
foresee 0,494296 0,000220
forest 0,356675 0,000159
forget 0,010050 0,000009
form 0,020203 0,000009
formal 0,673345 0,000300
formally 1,386294 0,000617
format 0,562119 0,000500
formation 1,139434 0,000507
fortunate 0,415515 0,000185
fortunately 0,579818 0,000258
foster 0,891598 0,000397
foundation 0,127833 0,000114
freely 0,105361 0,000047
french 0,342490 0,000152
fresh 0,105361 0,000047
friend 0,000000 0,000000
fritter 2,525729 0,002247
frivolity 1,660731 0,000739
frivolous 1,386294 0,000617
frustrate 1,897120 0,000844
fun 0,798508 0,000355
function 0,820981 0,000730
futile 1,469676 0,000654
future 0,105361 0,000047
gain 0,040822 0,000018
garden 0,150823 0,000067
gardening 2,207275 0,000982
gas 1,139434 0,000507
gather 0,061875 0,000028
gaze 0,314711 0,000140
generation 0,127833 0,000057
generous 0,356675 0,000159
genius 0,400478 0,000178
genuine 0,597837 0,000266
genuinely 1,897120 0,000844
geology 2,120264 0,000943
george 0,616186 0,000274
glance 0,186330 0,000083
glaring 0,967584 0,000430
glass 0,174353 0,000078
glorious 0,462035 0,000206
gloriously 1,427116 0,000635
glow 0,314711 0,000140
goal 0,274437 0,000244
govern 0,186330 0,000083
gradually 0,328504 0,000146
grandiose 2,995732 0,001333
grant 0,061875 0,000028
gratefully 0,415515 0,000185
gratifying 1,272966 0,000566
grave 0,116534 0,000052
gravely 0,693147 0,000308
gregory 1,139434 0,000507
grip 0,798508 0,000355
gross 0,235722 0,000105
grow 0,010050 0,000009
guess 0,223144 0,000099
guide 0,083382 0,000037
guineas 1,427116 0,000635
gulf 0,733969 0,000326
gun 0,544727 0,000242
gusto 2,120264 0,000943
habit 0,162519 0,000145
hacking 2,407946 0,001071
hackneyed 2,525729 0,001124
hair 0,072571 0,000032
halfpence 2,407946 0,001071
hall 0,274437 0,000122
hand 0,010050 0,000004
hang 0,198451 0,000177
happen 0,030459 0,000014
happily 0,478036 0,000213
happiness 0,150823 0,000067
happy 0,061875 0,000055
hard 0,040822 0,000018
harmless 0,248461 0,000111
harry 1,203973 0,000536
hart 0,462035 0,000206
hast 0,891598 0,000397
hat 0,446287 0,000199
hate 0,150823 0,000201
haunt 0,385662 0,000172
haunting 1,469676 0,000654
hautboy 2,813411 0,001252
head 0,000000 0,000000
headed 0,510826 0,000227
health 0,198451 0,000088
healthy 0,356675 0,000159
heap 0,248461 0,000111
hear 0,010050 0,000009
heart 0,010050 0,000004
hearted 0,415515 0,000185
heartedly 2,659260 0,001183
heavily 0,400478 0,000178
heavy 0,030459 0,000014
herbert 2,525729 0,001124
heredity 2,120264 0,000943
heterogeneous 2,525729 0,001124
highly 0,261365 0,000116
hill 0,150823 0,000067
hint 0,301105 0,000134
history 0,186330 0,000083
hold 0,010050 0,000004
holder 0,430783 0,000192
honest 0,235722 0,000105
honestly 0,843970 0,000375
hope 0,000000 0,000000
horn 0,478036 0,000213
hotel 0,820981 0,000365
hour 0,061875 0,000055
house 0,020203 0,000009
household 0,430783 0,000192
houses 0,139262 0,000062
human 0,072571 0,000032
humble 0,261365 0,000116
humdrum 2,407946 0,001071
humour 0,713350 0,000317
hurry 0,162519 0,000072
hurt 0,150823 0,000067
ice 0,527633 0,000235
idea 0,083382 0,000074
ideal 0,776529 0,000691
identification 0,527633 0,000235
identify 0,342490 0,000152
idle 0,261365 0,000116
idleness 0,755023 0,000336
idly 1,309333 0,000582
iii 0,287682 0,000128
illogical 2,302585 0,001024
imaginative 1,609438 0,000716
imagine 0,083382 0,000037
imbecility 1,609438 0,000716
imbue 1,609438 0,000716
immense 0,314711 0,000140
immerse 1,427116 0,000635
immortal 0,755023 0,000336
impassioned 2,040221 0,000908
imply 0,235722 0,000105
impose 0,162519 0,000072
impossible 0,094311 0,000042
impress 0,634878 0,000282
impressed 0,510826 0,000227
impression 0,210721 0,000094
improve 0,385662 0,000172
improvement 0,616186 0,000274
impudence 1,272966 0,000566
impulse 0,400478 0,000178
inability 1,386294 0,000617
inaccurate 0,510826 0,000227
incapable 0,562119 0,000250
incidental 0,446287 0,000199
incidentally 1,609438 0,000716
inclination 0,544727 0,000242
include 0,072571 0,000129
income 0,798508 0,000355
incomplete 0,301105 0,000134
inconsolably 3,506558 0,001560
inconvenient 1,237874 0,000551
increase 0,061875 0,000055
incur 0,843970 0,000375
indemnify 0,446287 0,000199
indemnity 0,527633 0,000235
indirect 0,446287 0,000199
indirectly 0,371064 0,000165
indispensable 0,843970 0,000375
individual 0,139262 0,000124
induce 0,328504 0,000146
inevitably 0,843970 0,000375
inexperienced 1,203973 0,000536
inexplicable 1,171183 0,000521
infinitely 0,673345 0,000300
influence 0,198451 0,000177
inform 0,198451 0,000088
infringement 0,544727 0,000242
infuse 1,514128 0,000674
ingeniously 1,832581 0,000815
ingloriously 2,813411 0,001252
inhabit 0,597837 0,000266
innumerable 0,634878 0,000282
inquire 0,235722 0,000210
inquiry 0,446287 0,000397
inseparable 1,203973 0,000536
insist 0,223144 0,000199
inspire 0,371064 0,000165
instance 0,116534 0,000052
instant 0,210721 0,000094
instantly 0,356675 0,000159
instinctive 1,203973 0,000536
instruct 0,494296 0,000220
instrument 0,248461 0,000221
insufficiency 2,407946 0,001071
intellect 0,634878 0,000282
intellectual 0,235722 0,000105
intelligence 0,301105 0,000134
intense 0,430783 0,000192
intensely 0,820981 0,000365
intensification 3,912023 0,001740
intensity 0,994252 0,000442
intention 0,127833 0,000057
intermission 1,514128 0,000674
internal 0,261365 0,000116
international 0,494296 0,000220
interpret 0,235722 0,000105
interval 0,301105 0,000134
invalidity 0,527633 0,000235
involve 0,820981 0,000365
irs 0,562119 0,000250
iso 1,897120 0,000844
issue 0,198451 0,000088
item 1,139434 0,000507
iterate 3,506558 0,001560
iv 0,328504 0,000146
ix 0,494296 0,000220
jane 1,832581 0,000815
jangle 2,525729 0,001124
john 0,328504 0,000146
joke 0,356675 0,000159
jolly 0,994252 0,000442
journey 0,150823 0,000067
jove 1,108663 0,000493
joy 0,127833 0,000057
judge 0,061875 0,000028
judgment 0,198451 0,000088
jump 0,430783 0,000192
jungle 1,832581 0,000815
justice 0,162519 0,000072
justify 0,562119 0,000250
keats 2,659260 0,001183
keen 0,371064 0,000165
kill 0,083382 0,000074
killer 2,040221 0,000908
kindly 0,223144 0,000099
knave 1,427116 0,000635
knee 0,150823 0,000067
knowledge 0,061875 0,000028
labour 0,562119 0,000250
lack 0,371064 0,000330
lady 0,162519 0,000072
lake 0,162519 0,000072
lamp 0,400478 0,000178
land 0,051293 0,000023
language 0,072571 0,000032
lap 0,527633 0,000235
larking 3,506558 0,001560
late 0,094311 0,000042
laugh 0,094311 0,000084
lavishness 3,506558 0,001560
law 0,020203 0,000018
lay 0,030459 0,000014
lead 0,020203 0,000027
leading 0,139262 0,000062
leaf 0,446287 0,000199
learn 0,020203 0,000018
leave -0,009950 -0,000013
left 0,000000 0,000000
leg 0,235722 0,000105
legal 0,261365 0,000116
legally 0,342490 0,000152
leigh 3,218876 0,001432
leisured 3,506558 0,001560
lessen 0,713350 0,000635
letter 0,072571 0,000032
level 0,210721 0,000094
liability 0,462035 0,000206
liable 0,235722 0,000105
library 0,223144 0,000099
license 0,301105 0,000134
licensed 0,430783 0,000192
lid 0,597837 0,000266
lie 0,020203 0,000018
lieu 0,415515 0,000185
life -0,009950 -0,000009
light 0,000000 0,000000
liking 1,021651 0,000454
limit 0,287682 0,000128
limitation 0,371064 0,000165
limited 0,261365 0,000116
linger 0,446287 0,000199
link 0,174353 0,000155
liquid 0,843970 0,000375
listen 0,105361 0,000047
literary 0,287682 0,000128
literature 0,653926 0,000291
live 0,010050 0,000009
livelihood 1,514128 0,000674
living 0,020203 0,000009
lo 0,916291 0,000408
locate 0,371064 0,000165
location 0,494296 0,000220
lohengrin 3,506558 0,001560
lombard 2,120264 0,000943
london 0,415515 0,000185
londoner 3,506558 0,001560
loose 0,094311 0,000042
lose 0,000000 0,000000
loss 0,083382 0,000037
lot 0,051293 0,000023
loud 0,105361 0,000094
loudly 0,400478 0,000178
love 0,030459 0,000014
lovely 0,462035 0,000206
loyally 2,525729 0,001124
lucid 1,386294 0,000617
ludgate 3,218876 0,001432
lunch 0,967584 0,000430
luxury 0,462035 0,000206
machine 0,210721 0,000094
machinery 1,049822 0,000467
mad 0,235722 0,000105
magic 0,673345 0,000300
magically 2,659260 0,001183
magnificent 0,328504 0,000146
maiden 0,673345 0,000300
main 0,127833 0,000057
maintain 0,094311 0,000084
majestic 1,108663 0,000493
majestically 1,560648 0,000694
majority 0,597837 0,000266
male 0,562119 0,000250
manage 0,261365 0,000233
mandarins 2,525729 0,001124
manner 0,040822 0,000018
margin 0,994252 0,000442
marked 0,061875 0,000028
martyr 1,272966 0,000566
martyrs 1,714798 0,000763
marvellously 1,660731 0,000739
mass 0,210721 0,000094
masterpiece 1,427116 0,000635
match 0,301105 0,000268
material 0,261365 0,000233
matter 0,000000 0,000000
maturity 1,427116 0,000635
maximum 0,478036 0,000213
meal 0,261365 0,000116
mecca 2,813411 0,001252
mediaeval 2,995732 0,001333
meditate 0,733969 0,000326
medium 0,223144 0,000099
meet 0,010050 0,000009
melancholy 0,342490 0,000152
memory 0,162519 0,000072
mend 0,653926 0,000291
mental 0,430783 0,000192
mention 0,105361 0,000094
mere 0,094311 0,000042
merit 0,371064 0,000165
meter 2,813411 0,001252
method 0,094311 0,000084
michael 0,400478 0,000178
middle 0,030459 0,000014
midst 0,287682 0,000128
mighty 0,328504 0,000146
mile 0,174353 0,000078
milkman 2,407946 0,001071
millionaire 2,207275 0,000982
mince 2,120264 0,000943
mind 0,020203 0,000009
minded 0,400478 0,000178
minor 0,713350 0,000317
minority 1,386294 0,000617
minute 0,150823 0,000134
minutiae 3,218876 0,001432
miracle 0,597837 0,000266
misapply 2,659260 0,001183
misapprehension 2,207275 0,000982
miserable 0,210721 0,000094
misleading 2,207275 0,000982
mission 0,210721 0,000094
mississippi 0,415515 0,000185
mistake 0,186330 0,000083
mistaken 0,261365 0,000116
modest 0,371064 0,000165
modification 0,478036 0,000213
modify 0,356675 0,000317
moment 0,010050 0,000009
monday 0,891598 0,000397
monetary 3,218876 0,001432
money 0,051293 0,000023
monopolise 2,995732 0,001333
monotonous 1,078810 0,000480
month 0,040822 0,000018
mood 0,462035 0,000206
moral 0,301105 0,000134
morally 1,171183 0,000521
morning 0,040822 0,000036
morrow 0,328504 0,000146
moth 1,714798 0,000763
motion 0,223144 0,000099
motor 2,207275 0,000982
mountains 0,400478 0,000178
movement 0,287682 0,000128
muddle 1,966113 0,001749
murmur 0,287682 0,000128
muscle 0,755023 0,000336
music 0,198451 0,000088
muttering 1,049822 0,000467
mutton 1,237874 0,000551
mysterious 0,314711 0,000140
narrative 0,579818 0,000258
narrow 0,094311 0,000042
natural 0,094311 0,000042
naturally 0,210721 0,000094
nature 0,094311 0,000042
necessity 0,210721 0,000094
neck 0,174353 0,000078
necktie 2,120264 0,000943
neglect 0,274437 0,000122
negligence 0,415515 0,000185
nerve 0,371064 0,000165
network 0,415515 0,000185
newborn 2,659260 0,001183
news 0,210721 0,000094
newsletter 0,562119 0,000250
newspaper 0,693147 0,000617
nicely 1,021651 0,000454
night 0,010050 0,000009
nocturnal 1,272966 0,000566
nominally 2,120264 0,000943
nonproprietary 0,562119 0,000250
nonsense 0,478036 0,000213
noonday 1,660731 0,000739
north 0,083382 0,000037
note 0,094311 0,000042
notice 0,020203 0,000009
notify 0,371064 0,000165
nourishment 0,994252 0,000442
numerous 0,235722 0,000105
obedience 0,494296 0,000220
obedient 0,544727 0,000242
object 0,105361 0,000094
objection 0,400478 0,000178
oblige 0,210721 0,000094
observation 0,446287 0,000199
observe 0,094311 0,000084
obsessed 2,659260 0,001183
obsolete 0,446287 0,000199
obvious 0,415515 0,000185
occasional 0,510826 0,000227
occupation 0,371064 0,000165
occur 0,083382 0,000074
october 0,653926 0,000291
odd 0,385662 0,000172
odious 0,941609 0,000419
offer 0,020203 0,000018
office 0,072571 0,000032
official 0,223144 0,000099
online 0,510826 0,000227
operatic 2,995732 0,001333
opinion 0,105361 0,000047
opportunity 0,061875 0,000055
oppressive 1,171183 0,000521
orchestra 1,609438 0,001432
orchestral 3,506558 0,001560
ordeal 1,660731 0,000739
ordinary 0,186330 0,000083
organ 0,634878 0,000282
organise 1,966113 0,000875
organism 1,832581 0,000815
organized 0,356675 0,000159
oriental 1,108663 0,000493
original 0,105361 0,000047
originally 0,673345 0,000300
originator 0,478036 0,000213
outdated 0,562119 0,000250
outer 0,510826 0,000227
outlook 1,714798 0,000763
outright 1,309333 0,000582
overflow 0,616186 0,000274
overstep 2,525729 0,001124
overtax 2,813411 0,001252
overture 1,347074 0,000599
owe 0,105361 0,000047
owner 0,083382 0,000037
oxford 1,272966 0,000566
pace 0,186330 0,000166
pained 1,203973 0,000536
painful 0,328504 0,000146
painfully 0,916291 0,000408
painfulness 3,218876 0,001432
pair 0,210721 0,000094
pale 0,186330 0,000083
palliative 3,506558 0,001560
paper 0,083382 0,000037
paperwork 0,562119 0,000250
paradise 0,776529 0,000345
paragraph 0,328504 0,000292
paris 0,562119 0,000250
partly 0,301105 0,000134
party 0,030459 0,000014
pascal 2,525729 0,001124
pass 0,020203 0,000009
passably 2,407946 0,001071
passing 0,094311 0,000042
passion 0,174353 0,000078
passionately 0,941609 0,000419
patch 0,616186 0,000274
patent 0,941609 0,000419
path 0,150823 0,000067
pathetic 1,108663 0,000493
pay 0,030459 0,000041
payment 0,274437 0,000244
peace 0,094311 0,000042
pearl 0,820981 0,000365
peer 0,616186 0,000274
pen 0,235722 0,000210
penal 1,714798 0,000763
penetrate 0,415515 0,000185
penny 0,634878 0,000282
perceive 0,198451 0,000177
perception 0,967584 0,000861
perfect 0,061875 0,000028
perfectly 0,162519 0,000072
perform 0,072571 0,000097
performance 0,127833 0,000057
period 0,235722 0,000105
periodic 0,544727 0,000242
perish 0,462035 0,000206
permanent 0,223144 0,000099
permanently 1,386294 0,000617
permission 0,150823 0,000067
permit 0,094311 0,000084
perseverance 1,108663 0,000493
persevere 0,994252 0,000442
persist 0,478036 0,000638
person -0,009950 -0,000013
personal 0,223144 0,000099
perspiration 1,237874 0,000551
perspire 1,966113 0,000875
persuade 0,223144 0,000199
pert 1,966113 0,000875
petty 0,776529 0,000345
philosopher 0,673345 0,000300
philosophy 0,597837 0,000266
photograph 1,347074 0,000599
phrase 0,139262 0,000124
physical 0,198451 0,000088
piano 1,078810 0,000480
picture 0,139262 0,000062
picturesque 0,755023 0,000336
picturesqueness 2,659260 0,001183
piece 0,020203 0,000009
pig 0,544727 0,000242
pipe 0,385662 0,000343
plain 0,040822 0,000018
plaintive 1,560648 0,000694
plan 0,198451 0,000177
planet 1,021651 0,000454
planning 1,021651 0,000454
planting 1,560648 0,000694
platform 0,843970 0,000751
platitude 2,995732 0,002665
play 0,040822 0,000036
player 0,713350 0,000317
pleasure 0,051293 0,000023
poet 0,544727 0,000242
poetry 0,693147 0,000308
policy 0,820981 0,000365
politely 1,078810 0,000480
pompous 1,514128 0,000674
ponderous 1,203973 0,000536
poor 0,020203 0,000018
popular 0,430783 0,000192
port 0,579818 0,000258
portion 0,301105 0,000134
pose 1,021651 0,000454
position 0,162519 0,000145
positively 0,776529 0,000345
possess 0,061875 0,000055
possession 0,083382 0,000074
possibility 0,150823 0,000067
post 0,051293 0,000046
postpone 1,021651 0,000454
potter 1,171183 0,001042
pound 0,314711 0,000280
pour 0,116534 0,000052
power 0,030459 0,000027
powerful 0,223144 0,000099
practicable 1,309333 0,000582
practical 0,494296 0,000220
practically 0,235722 0,000105
practice 0,116534 0,000052
practise 0,510826 0,000227
prayer 0,287682 0,000128
precarious 1,660731 0,000739
precaution 0,733969 0,000653
precede 0,385662 0,000172
precious 0,162519 0,000072
precisely 0,510826 0,000227
preface 0,713350 0,000317
prefer 0,174353 0,000078
prejudice 0,579818 0,000258
preliminary 0,941609 0,000419
preoccupy 1,386294 0,000617
prepare 0,116534 0,000052
prepared 0,105361 0,000047
preserve 0,083382 0,000037
press 0,105361 0,000047
pretend 0,186330 0,000083
pretty 0,150823 0,000067
prevent 0,040822 0,000018
previous 0,094311 0,000042
price 0,314711 0,000140
priceless 1,897120 0,000844
pride 0,150823 0,000067
prig 2,302585 0,001024
primal 2,407946 0,001071
primary 1,660731 0,000739
principal 0,287682 0,000128
principally 1,108663 0,000493
principle 0,274437 0,000122
print 0,116534 0,000104
prison 0,248461 0,000111
private 0,198451 0,000088
prize 0,494296 0,000220
process 0,400478 0,000178
processing 0,562119 0,000250
procure 0,415515 0,000185
produce 0,061875 0,000110
product 1,108663 0,000493
production 0,274437 0,000122
professor 0,261365 0,000116
profit 0,083382 0,000074
profound 0,446287 0,000199
profoundly 0,994252 0,000442
programme 1,560648 0,001388
prohibition 0,415515 0,000185
project -0,009950 -0,000004
prologue 2,407946 0,001071
prolonged 0,597837 0,000266
promenade 1,771957 0,001576
prominence 1,660731 0,000739
prominently 0,494296 0,000220
promise 0,051293 0,000023
promote 0,274437 0,000122
promotion 0,342490 0,000152
proofread 0,562119 0,000250
proper 0,061875 0,000028
properly 0,385662 0,000172
property 0,127833 0,000057
proportion 0,235722 0,000105
propose 0,186330 0,000083
proprietary 0,562119 0,000250
prose 1,021651 0,000454
prospects 1,203973 0,000536
prosperity 0,820981 0,000365
protect 0,139262 0,000062
protest 0,342490 0,000152
prove 0,083382 0,000111
proverb 1,108663 0,000493
provide 0,127833 0,000114
province 0,776529 0,000345
provision 0,094311 0,000084
provoke 0,510826 0,000227
public 0,083382 0,000037
punishment 0,287682 0,000128
punitive 0,562119 0,000250
purely 0,713350 0,000317
purpose 0,040822 0,000018
purposefulness 3,912023 0,001740
purse 0,562119 0,000250
pursue 0,186330 0,000083
quality 0,186330 0,000083
quantity 0,478036 0,000213
quarter 0,105361 0,000094
question 0,020203 0,000009
quicken 0,798508 0,000355
quiescence 2,813411 0,001252
quietly 0,261365 0,000116
quit 0,462035 0,000206
rage 0,139262 0,000062
railway 1,171183 0,001042
raiment 1,660731 0,000739
raise 0,020203 0,000009
rapidity 0,820981 0,000365
rare 0,261365 0,000116
rate 0,261365 0,000116
rattle 0,616186 0,000274
raw 0,713350 0,000317
reach 0,000000 0,000000
read 0,020203 0,000018
readable 0,510826 0,000227
reader 0,301105 0,000268
ready 0,030459 0,000014
real 0,040822 0,000018
realisation 1,966113 0,000875
realise 1,021651 0,000909
reality 0,301105 0,000134
realm 0,867501 0,000386
reason 0,010050 0,000004
reasonable 0,116534 0,000052
reassure 0,820981 0,000365
receipt 0,261365 0,000116
receive 0,040822 0,000073
reconstitute 3,506558 0,001560
recur 0,941609 0,000419
red 0,061875 0,000028
redistribute 0,544727 0,000242
redistributing 0,562119 0,000250
redistribution 0,562119 0,000250
refer 0,223144 0,000199
reference 0,198451 0,000177
reflect 0,235722 0,000210
reflection 0,274437 0,000122
reflective 2,040221 0,000908
refund 0,562119 0,000250
refuse 0,083382 0,000037
regard 0,083382 0,000037
register 0,287682 0,000128
regret 0,342490 0,000152
regular 0,287682 0,000128
regularly 0,616186 0,000274
regulate 0,210721 0,000094
rehearsal 1,771957 0,000788
reiterate 1,309333 0,000582
relation 0,223144 0,000099
relative 0,462035 0,000206
release 0,105361 0,000047
religion 0,415515 0,000185
reluctance 1,049822 0,000467
remain 0,040822 0,000036
remains 0,150823 0,000067
remark 0,223144 0,000099
remarks 0,462035 0,000206
remedy 0,150823 0,000067
remember 0,030459 0,000014
remind 0,301105 0,000268
remove 0,040822 0,000036
rename 0,544727 0,000242
rent 0,510826 0,000227
repeat 0,051293 0,000023
replace 0,198451 0,000088
replacement 0,544727 0,000242
reply 0,105361 0,000047
report 0,051293 0,000046
representation 0,261365 0,000116
reproach 0,301105 0,000134
repugnant 1,771957 0,000788
request 0,105361 0,000094
require 0,051293 0,000023
required 0,083382 0,000037
requirement 0,400478 0,000178
resolution 0,385662 0,000172
respect 0,040822 0,000036
respectfully 1,139434 0,000507
respective 1,171183 0,000521
rest 0,010050 0,000004
restaurant 1,469676 0,000654
restrict 1,427116 0,000635
restriction 0,371064 0,000165
result 0,174353 0,000078
resume 0,301105 0,000134
resurrection 1,309333 0,000582
retire 0,415515 0,000185
return 0,010050 0,000013
reveal 0,223144 0,000099
revenue 0,342490 0,000152
reversed 1,171183 0,000521
review 0,693147 0,000308
revolution 0,634878 0,000282
reward 0,174353 0,000078
rid 0,223144 0,000099
ridicule 0,994252 0,000442
ridiculous 0,478036 0,000213
righteousness 1,427116 0,000635
rise 0,030459 0,000041
risk 0,301105 0,000134
rivers 0,713350 0,000317
road 0,116534 0,000052
rob 0,356675 0,000317
role 1,609438 0,000716
roll 0,150823 0,000134
romance 0,673345 0,000300
root 0,235722 0,000105
rouse 0,494296 0,000440
royal 0,400478 0,000178
royalty 0,371064 0,000330
ruin 0,116534 0,000052
rule 0,030459 0,000027
ruse 1,771957 0,000788
rush 0,127833 0,000114
russell 2,407946 0,001071
sack 0,653926 0,000291
sacred 0,415515 0,000185
sacrifice 0,210721 0,000187
sad 0,223144 0,000099
sadness 0,820981 0,000365
safeguard 1,609438 0,000716
sagacious 1,660731 0,000739
sailing 0,653926 0,000291
sake 0,083382 0,000037
salt 0,105361 0,000047
sample 1,272966 0,000566
satisfaction 0,186330 0,000083
satisfy 0,061875 0,000055
saturday 0,843970 0,000375
saucepan 2,040221 0,000908
saucer 1,309333 0,000582
save 0,010050 0,000009
scale 0,274437 0,000122
scarcely 0,301105 0,000134
scatter 0,693147 0,000308
scattered 0,139262 0,000062
scene 0,127833 0,000114
science 0,415515 0,000185
scientific 0,776529 0,000345
scientifically 2,407946 0,001071
scope 1,139434 0,000507
scruff 2,659260 0,001183
sea 0,116534 0,000052
seal 0,371064 0,000165
search 0,040822 0,000018
secret 0,051293 0,000023
secure 0,061875 0,000028
security 0,478036 0,000213
seldom 0,301105 0,000134
sell 0,210721 0,000094
send 0,020203 0,000018
sensation 0,371064 0,000165
sense 0,051293 0,000023
sentence 0,094311 0,000042
separate 0,094311 0,000042
servant 0,105361 0,000047
serve 0,051293 0,000023
service 0,072571 0,000032
servitude 1,272966 0,000566
set 0,010050 0,000013
settle 0,083382 0,000037
settler 2,120264 0,000943
seventh 0,562119 0,000250
severe 0,301105 0,000134
shah 2,813411 0,001252
shameful 0,916291 0,000408
shape 0,150823 0,000067
share 0,030459 0,000041
shepherd 0,843970 0,000375
shilling 0,967584 0,000861
shipping 1,309333 0,000582
shire 2,995732 0,001333
shirk 1,897120 0,000844
shock 0,235722 0,000105
shocking 1,139434 0,000507
short 0,020203 0,000009
shower 0,544727 0,000242
shy 0,673345 0,000300
sight 0,040822 0,000018
sign 0,051293 0,000023
silent 0,051293 0,000023
silly 0,400478 0,000178
simple 0,094311 0,000084
simply 0,150823 0,000067
sincerity 0,653926 0,000291
sing 0,261365 0,000116
single 0,083382 0,000037
singular 0,430783 0,000192
sir 0,150823 0,000067
sit 0,010050 0,000009
situation 0,198451 0,000177
sixpence 1,469676 0,000654
sixteen 0,653926 0,000291
skeleton 0,867501 0,000386
skiff 1,714798 0,000763
skill 0,287682 0,000128
skin 0,174353 0,000078
skinny 2,302585 0,001024
skip 1,139434 0,000507
slackness 2,659260 0,001183
slake 2,207275 0,001964
slave 0,356675 0,000317
sleep 0,051293 0,000023
slight 0,072571 0,000032
slip 0,150823 0,000067
slipper 0,916291 0,000408
slow 0,139262 0,000062
smoke 0,186330 0,000166
social 0,371064 0,000165
society 0,210721 0,000094
soft 0,210721 0,000094
sole 0,301105 0,000134
solicit 0,314711 0,000140
solicitation 0,430783 0,000192
solid 0,274437 0,000122
solitude 0,510826 0,000227
sombre 1,171183 0,000521
song 0,261365 0,000116
sorrowfulness 3,218876 0,001432
soul 0,083382 0,000074
sound 0,010050 0,000009
sour 0,891598 0,000397
source 0,274437 0,000122
sovereign 0,733969 0,000326
space 0,105361 0,000094
spare 0,116534 0,000052
special 0,083382 0,000037
specialise 3,912023 0,001740
specialist 1,771957 0,000788
specially 0,820981 0,000365
specific 0,820981 0,000365
spectacle 0,544727 0,000242
spencer 1,897120 0,000844
spend 0,051293 0,000091
spin 0,510826 0,000227
spirit 0,051293 0,000023
spite 0,139262 0,000062
spread 0,051293 0,000023
spring 0,051293 0,000046
spur 0,693147 0,000308
spy 0,579818 0,000258
square 0,223144 0,000099
staff 0,261365 0,000116
stall 1,139434 0,000507
stand -0,009950 -0,000009
start -0,009950 -0,000009
statement 0,186330 0,000083
station 0,235722 0,000210
status 0,446287 0,000199
steadily 0,415515 0,000185
steady 0,301105 0,000134
steak 1,832581 0,000815
steal 0,105361 0,000094
step 0,030459 0,000014
stephen 1,966113 0,000875
stick 0,174353 0,000078
stomach 0,616186 0,000274
stone 0,094311 0,000042
stony 0,994252 0,000442
store 0,061875 0,000028
story 0,030459 0,000014
straight 0,105361 0,000047
strain 0,248461 0,000221
strange 0,061875 0,000028
stranger 0,139262 0,000062
strap 1,203973 0,000536
stream 0,139262 0,000062
street 0,116534 0,000052
strength 0,030459 0,000014
stretch 0,116534 0,000052
strict 0,186330 0,000083
stricture 2,525729 0,001124
strike 0,020203 0,000009
strive 0,385662 0,000172
stroll 0,820981 0,000730
strong 0,020203 0,000018
student 0,579818 0,000258
study 0,094311 0,000042
stupid 0,478036 0,000213
subject 0,061875 0,000055
subordinate 0,967584 0,000861
subscribe 0,342490 0,000152
subservient 1,897120 0,000844
subterranean 1,714798 0,000763
suburb 1,078810 0,000960
suburban 1,771957 0,000788
succeed 0,105361 0,000141
success 0,162519 0,000072
sudden 0,072571 0,000032
suddenly 0,040822 0,000018
sufficient 0,139262 0,000062
suggestion 0,356675 0,000317
suit 0,198451 0,000088
suitable 0,462035 0,000206
sum 0,261365 0,000116
sundays 1,309333 0,000582
sundry 1,386294 0,000617
superior 0,261365 0,000116
superstructure 2,407946 0,001071
supply 0,210721 0,000094
support 0,094311 0,000042
supportable 3,218876 0,001432
suppose 0,020203 0,000027
suppress 0,446287 0,000199
supreme 0,616186 0,000274
surely 0,186330 0,000083
surmount 0,843970 0,000375
surround 0,162519 0,000072
survive 0,186330 0,000083
sustain 0,314711 0,000140
swamp 0,287682 0,000128
swim 0,478036 0,000213
sympathy 0,314711 0,000140
symphony 2,525729 0,001124
synonymous 0,446287 0,000199
systematic 1,427116 0,000635
table 0,083382 0,000037
talk 0,061875 0,000055
talking 0,150823 0,000067
task 0,248461 0,000111
taste 0,105361 0,000094
tax 0,248461 0,000221
tea 0,579818 0,000258
teach 0,083382 0,000037
teapot 2,040221 0,000908
tedious 0,755023 0,000336
tedium 2,302585 0,001024
telephone 2,120264 0,000943
tendency 0,527633 0,000235
tennis 2,207275 0,000982
tennyson 2,659260 0,001183
tense 1,386294 0,000617
term 0,061875 0,000028
terminate 1,108663 0,000493
terrace 1,139434 0,000507
terrible 0,186330 0,000083
terrific 1,108663 0,000493
theatre 0,820981 0,000365
theme 0,891598 0,000397
theory 0,400478 0,000178
thief 0,462035 0,000206
thine 1,139434 0,000507
thirst 0,494296 0,000220
thoughtful 0,693147 0,000308
thrice 0,755023 0,000336
thrill 0,713350 0,000635
thrilling 1,139434 0,000507
throw 0,010050 0,000004
thrust 0,287682 0,000128
thy 0,634878 0,000282
thyself 1,272966 0,000566
ticket 1,021651 0,000454
tie 0,105361 0,000047
time -0,009950 -0,000009
tire 0,941609 0,000419
tired 0,198451 0,000088
tireless 2,207275 0,000982
tiresome 1,078810 0,000480
tissue 1,427116 0,000635
title 0,116534 0,000052
toil 0,430783 0,000192
tone 0,198451 0,000088
tony 3,218876 0,001432
tool 0,478036 0,000213
tooth 0,186330 0,000083
torment 0,597837 0,000266
torture 0,371064 0,000165
total 0,579818 0,000258
touch 0,010050 0,000004
tour 0,916291 0,000408
town 0,094311 0,000042
trademark 0,562119 0,000250
traduce 3,506558 0,001560
traffic 1,171183 0,000521
tragedy 0,733969 0,000326
train 0,162519 0,000217
transcribe 0,462035 0,000206
transcription 0,527633 0,000235
transform 0,693147 0,000308
travel 0,198451 0,000088
travelling 0,693147 0,000308
tray 1,237874 0,000551
treacherous 0,891598 0,000397
treat 0,127833 0,000171
treatment 0,127833 0,000057
tremendous 0,693147 0,000308
trifling 0,653926 0,000291
trivial 0,776529 0,000345
trouble 0,010050 0,000009
trousers 0,843970 0,000375
true 0,020203 0,000009
truth 0,030459 0,000014
tube 1,309333 0,000582
turkish 1,427116 0,000635
type 0,174353 0,000078
typical 1,560648 0,000694
tyrannise 3,506558 0,001560
tyrant 0,843970 0,000375
tyro 2,407946 0,001071
ultimately 1,108663 0,000493
unaccountably 1,966113 0,000875
unassisted 2,407946 0,001071
unattainable 1,609438 0,000716
unblushingly 3,506558 0,001560
unconnected 1,897120 0,000844
unconscious 0,400478 0,000178
unconsciously 0,634878 0,000282
understand 0,020203 0,000009
understanding 0,223144 0,000099
understate 3,218876 0,001432
undertaking 0,693147 0,000308
undiscovered 1,714798 0,000763
undo 0,693147 0,000308
uneasiness 0,994252 0,000442
uneasy 0,544727 0,000242
unenforceability 0,562119 0,000250
unexhausted 2,659260 0,001183
unfatiguing 3,912023 0,001740
unfortunate 0,314711 0,000140
unfulfilled 2,120264 0,000943
unhealthy 1,309333 0,000582
unhesitatingly 1,660731 0,000739
uniform 0,210721 0,000094
uninterrupted 1,309333 0,000582
united 0,094311 0,000042
universal 0,478036 0,000213
universe 0,733969 0,000326
unlink 0,562119 0,000250
unmanufactured 3,218876 0,001432
unmistakable 1,171183 0,000521
unmoved 0,916291 0,000408
unostentatiously 3,912023 0,001740
unpleasant 0,562119 0,000250
unruly 1,609438 0,000716
unsolicited 0,510826 0,000227
unspoilt 3,218876 0,001432
unsuspected 1,609438 0,000716
unusual 0,415515 0,000185
unwritten 1,966113 0,000875
update 0,510826 0,000227
uprising 2,207275 0,000982
upset 0,755023 0,000336
urge 0,274437 0,000122
urgency 1,660731 0,000739
urgent 0,798508 0,000355
urgently 1,560648 0,000694
useless 0,235722 0,000105
user 0,544727 0,000242
ut 0,510826 0,000227
utterly 0,371064 0,000165
vague 0,579818 0,000258
vain 0,116534 0,000052
valuable 0,342490 0,000152
van 1,021651 0,000454
vanilla 0,544727 0,000242
vapour 1,514128 0,000674
variety 0,150823 0,000067
vast 0,223144 0,000099
vastly 1,203973 0,000536
vegetate 2,525729 0,001124
verily 1,139434 0,000507
verse 0,478036 0,000213
version 0,342490 0,000152
view 0,040822 0,000036
vii 0,430783 0,000192
viii 0,446287 0,000199
violate 0,342490 0,000152
violence 0,248461 0,000111
violently 0,462035 0,000206
virtuous 0,653926 0,000291
virus 0,527633 0,000235
visit 0,030459 0,000014
vitalising 3,912023 0,001740
vitality 1,309333 0,000582
vitiate 2,207275 0,000982
vocation 1,272966 0,000566
voice 0,020203 0,000009
void 0,261365 0,000116
volition 1,714798 0,000763
volume 0,356675 0,000317
volunteer 0,314711 0,000140
volunteers 0,430783 0,000192
wage 1,203973 0,000536
wages 0,916291 0,000408
wait 0,061875 0,000028
waiter 0,916291 0,000408
waiting 0,083382 0,000037
wake 0,223144 0,000099
walk 0,000000 0,000000
walter 1,966113 0,000875
warm 0,116534 0,000104
warn 0,287682 0,000128
warning 0,235722 0,000105
warranty 0,544727 0,000485
waste 0,127833 0,000227
watch 0,020203 0,000009
water 0,040822 0,000018
weaken 0,562119 0,000250
wealth 0,287682 0,000128
wealthy 0,579818 0,000258
weary 0,186330 0,000083
week 0,127833 0,000114
weekly 1,171183 0,001042
weigh 0,162519 0,000072
weighty 1,237874 0,000551
welfare 0,916291 0,000408
west 0,083382 0,000037
whatsoever 0,287682 0,000128
whisky 2,302585 0,001024
wide 0,030459 0,000027
wife 0,083382 0,000037
wigwam 2,525729 0,001124
wild 0,051293 0,000023
windfall 2,525729 0,001124
winter 0,198451 0,000088
wisdom 0,287682 0,000128
wise 0,094311 0,000084
wit 0,198451 0,000088
withdraw 0,210721 0,000094
withhold 0,820981 0,000365
witness 0,116534 0,000052
woman 0,030459 0,000014
wonderful 0,162519 0,000072
wondrous 1,203973 0,000536
word 0,020203 0,000018
worker 0,941609 0,000419
worry 0,544727 0,000242
worship 0,415515 0,000185
worth 0,061875 0,000028
wound 0,198451 0,000088
write 0,020203 0,000027
writing 0,061875 0,000028
wrong 0,072571 0,000032
xi 0,597837 0,000266
xii 0,579818 0,000258
yard 0,223144 0,000199
yesterday 0,301105 0,000134
yield 0,174353 0,000155
yoke 0,994252 0,000442
youth 0,139262 0,000124
zest 1,832581 0,000815
