abashed 1,560648 0,000347
abbreviated 2,813411 0,000626
abide 0,248461 0,000055
ability 0,478036 0,000213
abject 1,049822 0,000234
abnormal 1,832581 0,000408
abnormally 2,302585 0,000512
aboard 1,237874 0,000275
abruptly 0,843970 0,000188
absently 2,302585 0,000512
absolute 0,400478 0,000089
accelerate 1,771957 0,000394
accept 0,061875 0,000041
acceptable 0,967584 0,000215
acceptance 0,967584 0,000215
access 0,314711 0,000140
accessible 0,446287 0,000099
accident 0,274437 0,000122
accompany 0,094311 0,000021
accomplish 0,634878 0,000141
account 0,010050 0,000002
accusation 0,891598 0,000198
accuse 0,385662 0,000086
accustomed 0,287682 0,000064
achieve 0,597837 0,000266
acknowledge 0,274437 0,000061
acknowledgment 1,347074 0,000300
acquaint 0,342490 0,000076
acquire 0,371064 0,000083
acrid 2,302585 0,000512
action 0,094311 0,000021
activate 3,506558 0,000780
active 0,127833 0,000028
activity 0,415515 0,000185
actual 0,174353 0,000039
acute 0,733969 0,000163
acutely 1,832581 0,000408
adapt 0,653926 0,000291
adaptable 3,218876 0,000716
add 0,094311 0,000042
addition 0,116534 0,000052
additional 0,198451 0,000044
address 0,072571 0,000048
adherence 2,040221 0,000454
adjust 0,891598 0,000198
administer 0,867501 0,000386
administrative 2,302585 0,000512
administrator 2,207275 0,000491
admission 0,693147 0,000154
admit 0,116534 0,000052
advance 0,061875 0,000028
advancement 1,203973 0,000268
advantage 0,127833 0,000057
affair 0,094311 0,000021
affect 0,478036 0,000106
affectionate 0,616186 0,000137
afflict 0,597837 0,000266
affliction 0,798508 0,000178
afford 0,186330 0,000083
afraid 0,105361 0,000023
afterhold 3,912023 0,000870
afternoon 0,274437 0,000061
afterward 1,139434 0,000254
aged 0,198451 0,000044
agent 0,223144 0,000099
agonizing 1,832581 0,000408
agree 0,051293 0,000023
agreement 0,210721 0,000047
aid 0,210721 0,000047
ail 1,108663 0,000247
aimlessly 1,897120 0,000422
air 0,061875 0,000014
airborne 3,912023 0,000870
aircraft 3,912023 0,000870
airlock 3,912023 0,000870
airport 3,912023 0,000870
ak 1,347074 0,000300
alan 2,659260 0,000592
alarm 0,314711 0,000070
alarmingly 2,302585 0,000512
alarum 3,506558 0,000780
alaska 2,813411 0,000626
alcohol 2,525729 0,000562
aldebaran 3,506558 0,000780
alert 0,843970 0,000188
alertness 2,207275 0,000491
alien 1,272966 0,000283
alienness 3,912023 0,000870
alive 0,051293 0,000011
aloft 0,916291 0,000204
aloud 0,301105 0,000067
alteration 0,261365 0,000116
alternate 0,261365 0,000058
alternative 0,994252 0,000221
altogether 0,198451 0,000044
amass 1,560648 0,000347
amaze 1,660731 0,000370
amazement 0,446287 0,000099
amazing 0,941609 0,000210
ambassador 1,108663 0,000247
america 0,579818 0,000129
american 0,634878 0,000141
ammonia 3,218876 0,000716
amphitheater 3,218876 0,000716
ample 0,527633 0,000117
amuse 0,371064 0,000083
anaesthesia 3,912023 0,000870
anaesthetic 3,912023 0,001741
anaesthetize 3,912023 0,000870
analysis 1,347074 0,000300
anatomical 2,407946 0,000536
anatomically 3,218876 0,000716
anatomy 1,966113 0,000437
ancestry 2,525729 0,000562
anchor 0,776529 0,000173
ancient 0,198451 0,000044
anger 0,287682 0,000064
angrily 0,867501 0,000193
angry 0,174353 0,000078
anguish 0,579818 0,000129
animal 0,223144 0,000099
ankle 0,916291 0,000204
announcer 3,506558 0,000780
annoy 1,237874 0,000275
annoyingly 3,218876 0,000716
answer 0,020203 0,000013
antagonism 1,966113 0,000437
anteroom 2,659260 0,000592
antibiotic 3,912023 0,001741
antibody 3,912023 0,001741
anticipate 0,616186 0,000411
antidote 1,771957 0,000394
antisepsis 3,912023 0,000870
antiseptic 3,506558 0,000780
antiviral 3,912023 0,000870
apathetic 2,120264 0,000472
apologetic 2,525729 0,000562
appal 1,021651 0,000227
apparatus 1,347074 0,000300
apparent 0,314711 0,000070
appeal 0,261365 0,000058
appearance 0,072571 0,000016
appendectomy 3,912023 0,000870
apple 0,494296 0,000110
applicable 0,400478 0,000089
applicant 2,302585 0,001025
application 0,653926 0,000291
apply 0,116534 0,000052
appoint 0,328504 0,000073
appointment 0,579818 0,000258
apprehension 0,494296 0,000110
apprehensively 2,207275 0,000491
approach 0,040822 0,000018
approval 0,798508 0,000178
april 0,798508 0,000178
aquatic 2,525729 0,000562
archive 0,544727 0,000121
argue 0,371064 0,000248
argument 0,287682 0,000064
arm 0,030459 0,000014
armed 0,385662 0,000086
army 0,356675 0,000079
arrange 0,198451 0,000088
arrangement 0,274437 0,000061
array 0,248461 0,000055
arrival 0,328504 0,000073
arrive 0,083382 0,000074
article 0,400478 0,000089
artificially 1,771957 0,000394
ascii 0,562119 0,000125
ashamed 0,248461 0,000055
askew 2,407946 0,000536
aspect 0,446287 0,000099
assault 0,798508 0,000178
assign 0,597837 0,000266
assignment 2,302585 0,001025
assist 0,328504 0,000146
assistance 0,105361 0,000023
assistant 0,755023 0,000336
assume 0,162519 0,000108
assure 0,127833 0,000085
astronomical 2,302585 0,000512
atlas 1,897120 0,000422
atmosphere 0,579818 0,000129
atmospheric 1,966113 0,000437
atomic 2,813411 0,000626
attach 0,116534 0,000026
attachment 0,916291 0,000204
attack 0,198451 0,000132
attempt 0,051293 0,000046
attend 0,127833 0,000028
attendance 0,776529 0,000173
attendant 0,616186 0,000137
attention 0,083382 0,000019
attitude 0,446287 0,000099
audacity 1,237874 0,000275
aura 2,525729 0,000562
austere 1,171183 0,000261
author 0,116534 0,000026
authority 0,223144 0,000099
authorization 2,659260 0,000592
autoclave 3,912023 0,000870
automatic 2,813411 0,000626
automatically 2,659260 0,000592
automaton 2,302585 0,000512
autopsy 3,506558 0,001561
auxiliary 1,897120 0,000422
avoid 0,105361 0,000047
await 0,314711 0,000070
awake 0,150823 0,000034
awakening 1,108663 0,000247
aware 0,223144 0,000050
awareness 3,506558 0,000780
awful 0,328504 0,000073
awkward 0,544727 0,000121
backdrop 3,506558 0,000780
bacterial 3,912023 0,000870
bacteriological 3,506558 0,000780
bacterium 3,506558 0,000780
bad 0,020203 0,000013
badly 0,446287 0,000099
baffle 0,994252 0,000221
bag 0,446287 0,000099
baggage 0,941609 0,000210
bah 1,514128 0,000337
bail 1,966113 0,000437
balance 0,342490 0,000076
ball 0,287682 0,000064
bang 1,049822 0,000234
bank 0,210721 0,000094
banner 0,967584 0,000215
bar 0,235722 0,000052
bare 0,150823 0,000034
barely 0,798508 0,000178
bargain 0,527633 0,000117
bargainer 3,506558 0,000780
bargaining 1,897120 0,000422
barracks 1,714798 0,000382
barrage 3,912023 0,000870
barren 0,713350 0,000159
barrier 0,776529 0,000173
base 0,094311 0,000042
basic 2,995732 0,000667
basically 3,218876 0,000716
basin 0,916291 0,000204
basis 0,673345 0,000150
batch 1,832581 0,000408
bath 0,274437 0,000061
beaker 3,218876 0,001433
beam 0,430783 0,000288
bear 0,000000 0,000000
bearer 0,776529 0,000173
beat 0,083382 0,000037
beautiful 0,083382 0,000019
bed 0,051293 0,000011
bedside 1,171183 0,000261
beetle 1,514128 0,000674
befriend 1,347074 0,000300
beg 0,116534 0,000026
behalf 0,713350 0,000159
behave 0,462035 0,000206
belabor 2,995732 0,000667
bell 0,301105 0,000134
belong 0,072571 0,000016
bench 0,544727 0,000121
beneath 0,198451 0,000044
benefit 0,356675 0,000079
bent 0,174353 0,000039
bet 0,967584 0,000215
betelgeuse 3,912023 0,000870
bigness 2,207275 0,000491
billing 2,995732 0,000667
bin 2,525729 0,000562
binary 0,562119 0,000125
bind 0,030459 0,000014
biochemical 3,912023 0,000870
biochemist 3,912023 0,000870
biochemistry 3,912023 0,000870
biological 2,813411 0,000626
biomedical 3,912023 0,000870
biped 2,659260 0,000592
biscuit 1,272966 0,000283
bit 0,139262 0,000062
bite 0,371064 0,000083
bitter 0,210721 0,000047
bitterly 0,579818 0,000129
bitterness 0,634878 0,000141
black 0,061875 0,000014
blade 0,616186 0,000137
blame 0,162519 0,000072
blandly 1,897120 0,000422
blank 0,527633 0,000117
blanket 0,891598 0,000198
blankly 2,207275 0,000491
blare 2,995732 0,001333
blast 0,462035 0,000103
blessing 0,415515 0,000092
blind 0,174353 0,000039
blindfold 1,897120 0,000422
blindly 0,941609 0,000210
blink 0,994252 0,000442
blissful 1,609438 0,000358
blistering 3,218876 0,000716
blizzard 2,995732 0,000667
blob 3,912023 0,000870
block 0,494296 0,000220
blockage 3,912023 0,000870
blood 0,116534 0,000026
blooded 1,560648 0,000347
bloodstream 3,912023 0,000870
blooper 3,912023 0,000870
blow 0,061875 0,000014
blower 3,506558 0,000780
blue 0,174353 0,000039
bluish 1,897120 0,000422
blunder 0,776529 0,000173
board 0,261365 0,000058
boarding 1,272966 0,000283
boat 0,446287 0,000099
body 0,010050 0,000004
boiler 1,609438 0,000358
bolt 0,494296 0,000110
bone 0,198451 0,000088
book 0,040822 0,000018
bookshelf 2,302585 0,000512
boomerang 3,506558 0,000780
boot 0,430783 0,000192
booth 1,427116 0,000318
bore 0,820981 0,000365
botch 2,407946 0,000536
bother 0,843970 0,000563
bottle 0,430783 0,000096
bow 0,127833 0,000028
box 0,248461 0,000055
boy 0,105361 0,000023
brace 0,891598 0,000198
bracket 2,120264 0,000472
braid 1,347074 0,000300
brand 0,733969 0,000163
breach 0,274437 0,000061
break 0,010050 0,000009
breath 0,174353 0,000039
breathe 0,261365 0,000058
breather 3,506558 0,001561
breathing 0,462035 0,000103
breathless 0,673345 0,000150
breathlessly 1,714798 0,000382
breeze 0,713350 0,000159
bridge 0,430783 0,000096
briefing 3,912023 0,000870
bright 0,094311 0,000042
brightly 0,994252 0,000221
bring 0,000000 0,000000
brink 1,139434 0,000254
broad 0,127833 0,000028
broadcast 2,525729 0,000562
broth 1,832581 0,000408
brother 0,127833 0,000028
bruiser 3,506558 0,000780
brush 0,478036 0,000213
brutal 0,755023 0,000168
budge 1,427116 0,000635
build 0,094311 0,000042
building 0,210721 0,000094
bulletin 2,207275 0,000491
bunch 0,776529 0,000173
bundle 0,653926 0,000146
bungle 2,525729 0,000562
bungler 2,525729 0,000562
bungling 2,995732 0,000667
bunk 2,120264 0,000944
burden 0,198451 0,000044
burst 0,248461 0,000111
bury 0,186330 0,000041
business 0,040822 0,000009
bustle 0,693147 0,000154
busy 0,210721 0,000094
button 0,693147 0,000308
buyer 1,832581 0,000408
buzz 1,049822 0,000701
buzzer 3,912023 0,000870
cabin 0,843970 0,000376
cabinet 0,941609 0,000210
caduceus 3,912023 0,000870
cage 0,941609 0,000419
calculate 0,116534 0,000052
california 1,897120 0,000422
caller 2,407946 0,000536
calling 0,733969 0,000163
camel 1,309333 0,000291
camera 2,207275 0,000491
camp 0,544727 0,000121
cancel 1,897120 0,000844
cancer 1,966113 0,000437
canister 2,407946 0,000536
cap 0,356675 0,000079
capable 0,261365 0,000058
cape 0,916291 0,000408
capillary 3,912023 0,000870
capsule 2,995732 0,000667
capture 0,597837 0,000133
car 0,820981 0,000365
card 0,139262 0,000062
cardiac 3,218876 0,000716
cardiogram 3,912023 0,000870
cardiograph 3,912023 0,000870
care 0,000000 0,000000
career 0,478036 0,000106
careful 0,174353 0,000039
carefully 0,139262 0,000031
cargo 1,237874 0,000275
carrier 1,347074 0,000300
carry 0,010050 0,000007
cart 0,597837 0,000133
cascade 2,302585 0,000512
cast 0,116534 0,000026
catalog 2,813411 0,000626
catastrophic 3,506558 0,000780
catch 0,072571 0,000032
causative 3,912023 0,000870
caution 0,478036 0,000106
cease 0,061875 0,000028
ceiling 0,510826 0,000114
celebration 1,771957 0,000394
cell 0,776529 0,000518
cellular 2,813411 0,000626
cent 1,049822 0,000234
centennial 3,912023 0,000870
center 1,309333 0,001165
central 0,733969 0,000163
century 0,328504 0,000073
ceremony 0,446287 0,000199
chair 0,261365 0,000058
challenge 0,755023 0,000336
chamber 0,328504 0,000146
chance 0,061875 0,000028
change 0,010050 0,000007
changer 3,506558 0,000780
channel 0,544727 0,000364
chaos 1,078810 0,000240
chapter 0,328504 0,000073
character 0,061875 0,000014
characteristic 0,400478 0,000178
characteristically 2,207275 0,000491
charge 0,040822 0,000018
charitable 0,287682 0,000064
charity 0,186330 0,000041
charles 0,597837 0,000133
chart 1,514128 0,000337
chat 0,867501 0,000193
chatter 0,713350 0,000317
check 0,072571 0,000065
cheek 0,261365 0,000058
cheer 0,356675 0,000079
chemical 1,469676 0,000654
chemistry 1,714798 0,000763
chest 0,342490 0,000076
chicago 2,120264 0,000472
chief 0,094311 0,000021
child 0,040822 0,000009
chill 0,597837 0,000133
chilled 1,139434 0,000254
chip 1,386294 0,000308
chlorine 3,506558 0,000780
choice 0,150823 0,000034
choke 0,446287 0,000199
cholesterol 3,912023 0,000870
choose 0,020203 0,000013
chore 2,995732 0,000667
chuckle 0,941609 0,000210
circle 0,150823 0,000067
circuit 0,867501 0,000193
circulation 1,514128 0,000337
circulatory 3,506558 0,000780
circumstance 0,116534 0,000026
citizen 0,673345 0,000150
city 0,051293 0,000023
civil 0,544727 0,000121
civilization 1,347074 0,000300
civilized 1,237874 0,000275
clacking 2,813411 0,000626
claim 0,083382 0,000056
clamp 2,813411 0,001252
clamped 2,525729 0,000562
clan 2,302585 0,000512
clang 1,203973 0,000268
clarity 3,218876 0,000716
clash 1,078810 0,000240
class 0,248461 0,000055
classification 1,832581 0,000408
classify 1,897120 0,000422
classmate 2,995732 0,001333
clause 1,832581 0,000408
clearance 3,506558 0,000780
clenched 1,049822 0,000234
clerk 0,562119 0,000125
cleveland 2,659260 0,000592
clever 0,371064 0,000083
climate 0,713350 0,000159
climb 0,400478 0,000178
climbing 0,733969 0,000163
cling 0,415515 0,000277
clinic 3,912023 0,001741
clinically 3,912023 0,000870
cloak 0,527633 0,000235
clock 0,510826 0,000114
close 0,010050 0,000009
closely 0,223144 0,000050
closing 0,446287 0,000099
cloth 0,356675 0,000079
clothe 0,287682 0,000064
clothes 0,127833 0,000028
cloud 0,150823 0,000067
clue 1,049822 0,000234
clumsy 0,994252 0,000221
clutch 0,713350 0,000317
coalesce 3,218876 0,000716
coat 0,235722 0,000105
coating 2,525729 0,000562
cocked 1,237874 0,000275
code 0,287682 0,000192
coffee 0,562119 0,000125
cohesive 3,912023 0,000870
coincide 1,237874 0,000275
coincidence 1,078810 0,000240
cold 0,040822 0,000009
coldness 1,021651 0,000227
collapse 1,108663 0,000247
collar 0,634878 0,000141
colleague 1,427116 0,000318
collect 0,248461 0,000055
collection 0,162519 0,000036
collide 2,659260 0,000592
collision 1,714798 0,000382
colloid 3,912023 0,000870
colonization 2,659260 0,000592
colony 1,139434 0,000254
color 0,967584 0,000431
colored 1,171183 0,000261
colorful 3,218876 0,000716
comb 0,916291 0,000204
combination 0,634878 0,000141
combine 0,843970 0,000188
comfort 0,105361 0,000023
comfortable 0,261365 0,000058
comfortably 0,693147 0,000154
command 0,116534 0,000052
commandeer 3,912023 0,000870
commander 0,867501 0,000193
comment 0,478036 0,000106
commercial 0,274437 0,000061
commit 0,116534 0,000052
common 0,072571 0,000016
commonplace 1,108663 0,000247
communication 0,510826 0,000227
company 0,020203 0,000004
comparatively 0,634878 0,000141
compare 0,162519 0,000072
comparison 0,446287 0,000099
compartment 1,514128 0,000337
compelling 1,560648 0,000347
competent 1,139434 0,000254
compilation 0,478036 0,000106
complain 0,198451 0,000088
complete 0,105361 0,000070
completely 0,274437 0,000061
complex 1,139434 0,000254
complexity 2,302585 0,000512
compliance 0,342490 0,000076
compliment 0,462035 0,000103
comply 0,287682 0,000128
compound 1,021651 0,000227
comprehensible 1,832581 0,000408
compressed 0,342490 0,000076
conceal 0,198451 0,000088
conceivably 2,995732 0,000667
concept 0,527633 0,000117
concern 0,342490 0,000076
concerned 0,287682 0,000064
conclave 2,525729 0,001124
concoct 1,897120 0,000422
concourse 1,897120 0,000422
condition 0,051293 0,000023
condone 2,407946 0,000536
conduct 0,094311 0,000042
confederation 3,218876 0,000716
conference 1,139434 0,000507
confidence 0,139262 0,000031
confident 0,510826 0,000114
confine 0,223144 0,000050
confirm 0,139262 0,000062
confirmation 0,356675 0,000079
conflict 0,597837 0,000133
confused 0,248461 0,000055
confusing 1,966113 0,000437
congratulation 1,386294 0,000617
congress 1,609438 0,000358
connect 0,891598 0,000198
connection 0,446287 0,000199
conscious 0,314711 0,000070
consciously 1,469676 0,000327
consent 0,223144 0,000050
consequential 0,478036 0,000106
conservative 2,120264 0,000472
considerable 0,105361 0,000023
consideration 0,223144 0,000050
constant 0,051293 0,000011
constantly 0,371064 0,000083
constellation 1,897120 0,000422
consult 0,400478 0,000089
consume 0,462035 0,000206
contact 0,210721 0,000141
contamination 2,407946 0,000536
contempt 0,446287 0,000099
contented 0,400478 0,000089
contention 1,203973 0,000268
contents 0,094311 0,000021
continent 0,820981 0,000183
contingent 1,660731 0,000370
continual 0,693147 0,000154
continued 0,072571 0,000016
continuously 1,469676 0,000327
continuum 3,506558 0,000780
contour 2,120264 0,000472
contra 2,207275 0,000491
contract 0,139262 0,000062
contribute 0,510826 0,000227
contribution 0,371064 0,000083
control 0,223144 0,000199
conventional 1,347074 0,000300
conversation 0,186330 0,000083
conversion 1,386294 0,000308
convert 0,186330 0,000083
conviction 0,430783 0,000192
convince 0,198451 0,000132
cool 0,248461 0,000111
cooling 1,272966 0,000283
coolly 1,021651 0,000227
cope 1,171183 0,000261
copying 0,494296 0,000110
copyright 0,415515 0,000092
cord 0,693147 0,000154
cordial 1,049822 0,000234
core 1,347074 0,000300
corner 0,072571 0,000032
coronary 3,506558 0,000780
corporation 0,400478 0,000089
correct 0,235722 0,000052
corridor 1,108663 0,000493
corrupt 0,235722 0,000052
cost 0,105361 0,000047
cough 0,733969 0,000327
council 0,653926 0,000146
count 0,116534 0,000078
counter 0,733969 0,000163
country 0,010050 0,000004
countryman 0,867501 0,000193
countryside 1,832581 0,000408
couple 0,248461 0,000055
courage 0,150823 0,000034
cover 0,223144 0,000050
coverage 3,912023 0,000870
covered 0,139262 0,000031
covet 0,967584 0,000215
cowl 2,407946 0,000536
crack 0,478036 0,000106
craft 0,733969 0,000163
cram 1,309333 0,000291
cramped 1,427116 0,000318
crane 1,237874 0,000275
cranny 2,040221 0,000454
crash 0,733969 0,000327
crate 2,407946 0,000536
crawl 0,494296 0,000220
crazy 0,916291 0,000204
crease 1,714798 0,000382
create 0,094311 0,000063
creation 0,198451 0,000044
creature 0,116534 0,000052
credit 0,094311 0,000021
creep 0,198451 0,000088
crew 0,755023 0,000336
crewman 3,506558 0,001561
cripple 1,469676 0,000327
crippling 2,525729 0,000562
crisis 0,820981 0,000183
criterion 2,207275 0,000982
critical 0,235722 0,000052
croak 1,386294 0,000308
crook 1,714798 0,000382
cross 0,083382 0,000037
crouch 0,941609 0,000210
crouching 1,049822 0,000234
crowd 0,174353 0,000116
crowded 0,301105 0,000067
crude 1,347074 0,000300
cruel 0,261365 0,000058
cruise 1,660731 0,000370
crush 0,274437 0,000061
crutch 1,771957 0,000789
cryptically 3,912023 0,000870
crystal 0,941609 0,000210
cubby 3,218876 0,000716
cubicle 3,912023 0,000870
cuff 1,139434 0,000254
culture 1,078810 0,000480
cure 0,314711 0,000070
curious 0,261365 0,000058
current 0,116534 0,000052
curse 0,342490 0,000152
curtly 2,207275 0,000491
customary 0,653926 0,000146
customs 0,713350 0,000159
cut 0,030459 0,000007
cycle 1,966113 0,000437
cyclic 3,218876 0,000716
daily 0,248461 0,000055
dal 3,218876 0,000716
damage 0,223144 0,000099
damages 0,400478 0,000089
damaging 1,966113 0,000437
damp 0,400478 0,000089
dampness 2,407946 0,000536
dangerous 0,150823 0,000034
dark 0,051293 0,000023
darken 0,634878 0,000141
darkening 1,514128 0,000337
darkly 1,237874 0,000275
dash 0,400478 0,000089
datum 0,494296 0,000110
david 0,597837 0,000133
dawn 0,314711 0,000070
day 0,000000 0,000000
daze 1,309333 0,000291
dazzling 0,941609 0,000210
dead 0,072571 0,000016
deadly 0,478036 0,000106
deafen 2,040221 0,000454
deal 0,061875 0,000028
death 0,020203 0,000004
deathly 2,659260 0,000592
debate 1,021651 0,000227
debride 3,912023 0,000870
decade 1,897120 0,000422
decent 0,693147 0,000154
decide 0,040822 0,000027
decimate 2,659260 0,000592
decision 0,544727 0,000242
decode 3,912023 0,000870
decontaminate 3,912023 0,000870
decontamination 3,912023 0,000870
decorative 2,659260 0,000592
deductible 0,562119 0,000125
deep 0,020203 0,000009
deeply 0,261365 0,000058
defect 0,261365 0,000116
defective 0,356675 0,000079
defend 0,301105 0,000201
defense 1,514128 0,000337
defer 0,941609 0,000210
defiantly 1,609438 0,000358
define 0,673345 0,000150
degenerative 3,912023 0,000870
delay 0,186330 0,000166
delegate 1,469676 0,000327
delegation 2,995732 0,001333
deletion 0,562119 0,000125
deliberate 0,673345 0,000150
deliberately 0,693147 0,000154
delicate 0,301105 0,000067
delight 0,150823 0,000034
delinquent 1,966113 0,000437
delirious 1,386294 0,000308
demand 0,051293 0,000034
demonstrate 0,967584 0,000431
dense 0,693147 0,000154
densely 1,832581 0,000408
deny 0,072571 0,000016
depart 0,162519 0,000036
depend 0,040822 0,000027
depths 0,446287 0,000099
derivative 0,510826 0,000114
derive 0,210721 0,000094
derrick 3,218876 0,000716
descend 0,174353 0,000078
description 0,248461 0,000055
desert 0,314711 0,000070
desertion 1,514128 0,000337
design 0,287682 0,000128
designate 1,309333 0,000291
desire 0,051293 0,000023
desk 0,867501 0,000193
desolate 0,733969 0,000163
desolation 0,916291 0,000204
despair 0,174353 0,000078
desperate 0,328504 0,000073
desperately 0,843970 0,000188
desperation 0,867501 0,000193
destination 1,078810 0,000240
destroy 0,061875 0,000055
destruction 0,342490 0,000076
detach 0,287682 0,000064
detailed 1,469676 0,000327
detainment 3,912023 0,000870
deteriorate 2,207275 0,000491
determination 0,616186 0,000274
determine 0,061875 0,000028
develop 0,891598 0,000397
developed 0,544727 0,000121
device 0,597837 0,000266
diagnose 2,813411 0,000626
diagnosis 2,659260 0,000592
diagnostic 3,506558 0,000780
diagnostician 3,912023 0,000870
dial 1,897120 0,000422
dictate 0,579818 0,000129
die 0,010050 0,000009
difference 0,174353 0,000078
difficult 0,116534 0,000026
difficulty 0,116534 0,000052
dig 0,356675 0,000317
digest 1,171183 0,000261
digestive 2,407946 0,000536
digit 3,218876 0,000716
dignitary 1,966113 0,000437
diligently 1,203973 0,000268
dim 0,356675 0,000079
diminutive 1,609438 0,000358
dinner 0,186330 0,000041
dip 0,673345 0,000150
diplomacy 2,040221 0,000454
direct 0,040822 0,000027
direction 0,051293 0,000023
director 0,733969 0,000163
dirty 0,544727 0,000121
disable 2,407946 0,000536
disappear 0,223144 0,000050
disappointed 0,415515 0,000092
disappointingly 3,506558 0,000780
disappointment 0,462035 0,000103
disaster 0,820981 0,000183
disastrous 1,108663 0,000247
discharge 0,478036 0,000106
discipline 0,634878 0,000283
disclaim 0,462035 0,000103
disclaimer 0,562119 0,000250
discontinue 0,510826 0,000114
discourage 0,693147 0,000154
discover 0,030459 0,000020
discreetly 1,347074 0,000300
discuss 0,400478 0,000178
disease 0,328504 0,000146
diseased 1,237874 0,000275
disembark 2,302585 0,000512
disgrace 0,462035 0,000103
disgust 0,430783 0,000096
disgusted 0,820981 0,000183
dishonest 1,560648 0,000347
dishonor 2,120264 0,000472
disinfectant 3,506558 0,000780
disk 0,415515 0,000092
dislike 0,478036 0,000213
dismay 0,597837 0,000133
disorganized 2,407946 0,000536
dispatch 0,967584 0,000431
dispatcher 3,912023 0,000870
display 0,162519 0,000145
disposal 0,916291 0,000204
dissect 1,714798 0,000382
dissension 1,660731 0,000370
dissimilar 1,832581 0,000408
dissolve 0,733969 0,000163
distance 0,105361 0,000047
distant 0,162519 0,000036
distinction 0,356675 0,000079
distress 0,274437 0,000061
distribute 0,210721 0,000141
distribution 0,430783 0,000096
distributor 0,544727 0,000121
disturb 0,198451 0,000044
ditch 0,994252 0,000221
divert 0,634878 0,000141
divide 0,150823 0,000101
division 0,527633 0,000117
doc 3,506558 0,000780
docile 1,714798 0,000382
doctor 0,400478 0,000178
dodge 1,049822 0,000234
dog 0,186330 0,000083
domain 0,328504 0,000073
dominant 1,660731 0,000370
donate 0,544727 0,000121
donation 0,446287 0,000199
donor 0,478036 0,000106
doodle 2,995732 0,000667
doom 0,579818 0,000129
door 0,000000 0,000000
dope 3,912023 0,000870
dosage 3,912023 0,000870
dose 1,108663 0,000247
double 0,139262 0,000031
doubt 0,040822 0,000009
doubtfully 1,660731 0,000370
doubtless 0,430783 0,000096
download 0,562119 0,000125
downright 1,272966 0,000283
doze 0,891598 0,000198
dozen 0,415515 0,000185
drab 2,207275 0,000491
drachma 3,506558 0,000780
drag 0,248461 0,000111
drain 0,820981 0,000183
dramatic 1,078810 0,000240
draw 0,020203 0,000018
drawer 0,820981 0,000183
dread 0,248461 0,000111
dreadful 0,342490 0,000076
dreadfully 1,021651 0,000227
dream 0,083382 0,000056
dregs 1,714798 0,000382
dress 0,162519 0,000072
dressed 0,261365 0,000058
drift 0,462035 0,000103
drink 0,072571 0,000016
drip 1,427116 0,000318
dripping 0,891598 0,000198
drive 0,030459 0,000027
drop 0,061875 0,000028
drug 0,967584 0,000431
drum 0,843970 0,000188
dry 0,116534 0,000026
duck 0,820981 0,000183
duckling 2,995732 0,000667
duffel 3,912023 0,000870
dull 0,174353 0,000039
dummy 1,966113 0,000437
dump 2,040221 0,000454
duplicate 1,714798 0,000382
duplication 3,506558 0,000780
dust 0,162519 0,000036
duty 0,061875 0,000028
dwarf 1,021651 0,000227
eager 0,210721 0,000047
eagerly 0,385662 0,000086
ear 0,061875 0,000028
earn 0,446287 0,000199
earnestly 0,415515 0,000092
earphone 3,912023 0,000870
earshot 2,302585 0,000512
earth 0,051293 0,000011
earthman 3,912023 0,000870
earthmen 3,912023 0,000870
ease 0,150823 0,000067
easily 0,072571 0,000016
easy 0,000000 0,000000
eat 0,040822 0,000009
eating 0,235722 0,000052
eavesdropping 2,813411 0,000626
echo 0,356675 0,000079
edge 0,150823 0,000067
edition 0,287682 0,000128
education 0,415515 0,000092
educational 0,446287 0,000099
efface 1,171183 0,000261
effective 0,967584 0,000215
effectively 2,525729 0,000562
efficiently 2,995732 0,000667
effort 0,094311 0,000042
egad 2,995732 0,000667
eighteen 0,462035 0,000103
eighth 0,798508 0,000178
eisenhower 3,912023 0,000870
elbow 0,494296 0,000110
elect 0,210721 0,000094
electrical 2,302585 0,000512
electro 3,506558 0,000780
electrocardiograph 3,912023 0,000870
electron 3,912023 0,000870
electronic 0,544727 0,000121
electronically 0,544727 0,000121
electronics 3,912023 0,000870
electrophoresis 3,912023 0,000870
elevated 0,891598 0,000198
elevator 2,813411 0,000626
elevators 3,506558 0,000780
elude 1,078810 0,000480
email 0,562119 0,000125
embarkation 2,302585 0,000512
embellishment 1,609438 0,000358
emblazon 2,407946 0,000536
emblem 1,469676 0,000327
embrace 0,235722 0,000052
embryonic 3,506558 0,000780
emerge 0,653926 0,000146
emergency 1,049822 0,000234
emissary 2,207275 0,000491
emotion 0,356675 0,000079
emotional 1,171183 0,000261
emphasize 1,832581 0,000408
employee 0,510826 0,000227
emptiness 1,609438 0,000358
enable 0,274437 0,000061
encapsulate 3,912023 0,000870
encase 2,207275 0,000491
enclosure 1,139434 0,000507
encode 0,653926 0,000146
encounter 0,446287 0,000099
endless 0,478036 0,000106
endow 0,673345 0,000150
endure 0,210721 0,000047
energy 0,371064 0,000083
engaged 0,198451 0,000044
engine 0,776529 0,000346
engineer 1,237874 0,000275
english 0,094311 0,000021
engross 1,386294 0,000308
engulf 2,207275 0,000491
enjoy 0,072571 0,000032
enormous 0,430783 0,000096
enormously 1,427116 0,000318
ensue 0,579818 0,000129
ensure 0,342490 0,000076
entail 1,309333 0,000291
enter 0,020203 0,000013
enthusiastic 1,021651 0,000227
entire 0,274437 0,000061
entity 0,544727 0,000121
entrance 0,210721 0,000047
envelope 1,347074 0,000300
environment 1,514128 0,000674
envy 0,446287 0,000099
enzyme 3,912023 0,000870
epidemic 2,407946 0,000536
equal 0,162519 0,000036
equator 2,040221 0,000454
equatorial 2,813411 0,000626
equip 0,967584 0,000431
equipment 0,415515 0,000092
erect 0,446287 0,000099
error 0,072571 0,000032
escort 0,755023 0,000168
essential 0,544727 0,000121
establish 0,579818 0,000129
established 0,301105 0,000067
estimate 0,653926 0,000146
evasively 2,040221 0,000454
evening 0,072571 0,000016
event 0,150823 0,000067
evidence 0,235722 0,000052
evil 0,150823 0,000034
evolutionary 3,912023 0,000870
exact 0,274437 0,000061
exaggerated 0,843970 0,000188
exam 3,218876 0,000716
examination 0,385662 0,000172
examine 0,150823 0,000101
exceedingly 0,462035 0,000103
excel 0,994252 0,000221
excellent 0,150823 0,000034
excepting 3,218876 0,000716
exception 0,446287 0,000099
excess 0,579818 0,000129
exchange 0,210721 0,000094
excite 0,798508 0,000178
excited 0,248461 0,000055
excitedly 1,609438 0,000358
excitement 0,415515 0,000092
exciting 0,693147 0,000154
exclusion 0,371064 0,000083
excretion 3,506558 0,000780
excursion 0,891598 0,000198
excuse 0,139262 0,000031
execute 0,527633 0,000117
executive 1,171183 0,000261
exempt 0,314711 0,000070
exhausted 0,400478 0,000089
exhausting 1,609438 0,000358
exist 0,072571 0,000032
existence 0,150823 0,000034
exonerate 2,302585 0,000512
exoskeleton 3,912023 0,000870
exotic 1,897120 0,000422
expect 0,051293 0,000023
expel 1,203973 0,000268
expend 0,301105 0,000134
expense 0,127833 0,000057
expensive 0,843970 0,000188
experience 0,072571 0,000016
experienced 0,356675 0,000079
expert 1,021651 0,000227
expire 0,916291 0,000204
explain 0,116534 0,000052
explanation 0,139262 0,000031
explode 1,309333 0,000583
exploration 2,407946 0,000536
exploratory 3,912023 0,000870
explore 0,713350 0,000476
explorer 2,302585 0,000512
export 0,446287 0,000099
exposed 0,301105 0,000067
express 0,072571 0,000016
expression 0,116534 0,000052
extend 0,261365 0,000058
extensive 0,798508 0,000178
extent 0,083382 0,000019
extract 0,544727 0,000121
extracurricular 3,912023 0,000870
extreme 0,186330 0,000041
extremely 0,385662 0,000086
eye 0,000000 0,000000
eyepiece 3,506558 0,000780
fabric 1,237874 0,000275
faced 0,820981 0,000183
facial 2,525729 0,000562
facility 0,342490 0,000152
factor 1,171183 0,000261
fade 0,371064 0,000248
fail 0,072571 0,000032
failure 0,415515 0,000185
faint 0,186330 0,000041
faintly 0,713350 0,000159
fair 0,051293 0,000011
fairbanks 1,386294 0,000308
fairness 1,771957 0,000394
faith 0,210721 0,000047
faithful 0,261365 0,000058
faithfully 0,755023 0,000168
fall 0,000000 0,000000
false 0,210721 0,000047
falsehood 0,693147 0,000154
falter 0,867501 0,000386
familiar 0,150823 0,000034
family 0,061875 0,000014
famous 0,261365 0,000058
fan 0,579818 0,000258
fancy 0,162519 0,000036
fanfare 3,912023 0,000870
farewell 0,634878 0,000141
fascinating 1,139434 0,000254
fashion 0,105361 0,000023
fast 0,030459 0,000014
fat 0,314711 0,000070
fatal 0,342490 0,000076
fate 0,174353 0,000039
father 0,061875 0,000014
fatigue 0,494296 0,000110
fault 0,139262 0,000031
faulty 1,427116 0,000318
favor 0,994252 0,000221
favorable 1,469676 0,000327
favorably 2,120264 0,000472
favorite 1,309333 0,000291
fear 0,020203 0,000009
fearful 0,400478 0,000089
fearfully 1,049822 0,000234
feast 0,430783 0,000096
feather 0,462035 0,000103
federal 0,527633 0,000117
fee 0,301105 0,000134
feebly 0,843970 0,000188
feed 0,248461 0,000055
feeding 0,616186 0,000137
feel 0,020203 0,000004
feeling 0,072571 0,000032
fellow 0,040822 0,000018
fervently 1,427116 0,000318
feverish 0,843970 0,000188
feverishly 1,832581 0,000408
fiasco 2,995732 0,000667
fiction 0,843970 0,000188
field 0,094311 0,000042
fiercely 0,776529 0,000173
fiftieth 1,832581 0,000408
fight 0,083382 0,000056
figure 0,051293 0,000023
file 0,223144 0,000199
film 1,609438 0,000358
filter 1,771957 0,001183
filtrate 3,912023 0,000870
filtration 3,912023 0,000870
final 0,342490 0,000152
finality 2,407946 0,000536
finally 0,150823 0,000034
financial 0,415515 0,000092
fine 0,061875 0,000028
finger 0,150823 0,000101
finish 0,287682 0,000064
finished 0,162519 0,000036
finishing 0,843970 0,000188
firm 0,248461 0,000055
firmly 0,342490 0,000076
fist 0,597837 0,000266
fit 0,030459 0,000027
fitness 0,446287 0,000099
flag 0,653926 0,000146
flagship 2,995732 0,000667
flair 3,506558 0,000780
flare 1,108663 0,000493
flask 1,660731 0,000370
flat 0,139262 0,000031
flatly 1,660731 0,000370
flatten 1,560648 0,000347
flaw 1,514128 0,000337
flawless 2,813411 0,000626
fledge 1,897120 0,000422
fledgling 3,218876 0,000716
flee 0,301105 0,000067
fleet 0,713350 0,000159
flesh 0,210721 0,000047
flick 2,207275 0,000491
flicker 0,755023 0,000504
flight 0,287682 0,000064
flimsy 2,525729 0,000562
flip 2,407946 0,000536
flood 0,430783 0,000096
floodlight 3,912023 0,000870
floor 0,174353 0,000039
flop 2,040221 0,000454
florid 1,560648 0,000347
flounder 1,237874 0,000275
flourish 0,562119 0,000125
flow 0,174353 0,000039
fluid 1,203973 0,000536
flush 0,562119 0,000250
fluttering 0,994252 0,000221
flying 0,235722 0,000052
focus 1,560648 0,000347
fog 0,653926 0,000146
folder 3,218876 0,000716
follow 0,020203 0,000004
fondness 1,386294 0,000308
food 0,127833 0,000057
fool 0,235722 0,000157
fooling 1,966113 0,000437
foolish 0,235722 0,000052
foolishly 1,139434 0,000254
foolishness 1,514128 0,000337
foot 0,051293 0,000023
footing 0,820981 0,000183
footstep 0,430783 0,000096
forbid 0,248461 0,000055
force 0,030459 0,000014
forehead 0,400478 0,000089
foreign 0,301105 0,000067
foreleg 3,218876 0,000716
forget 0,010050 0,000007
form 0,020203 0,000018
formal 0,673345 0,000150
formaldehyde 3,912023 0,000870
formalin 3,912023 0,000870
formality 1,078810 0,000240
formally 1,386294 0,000308
format 0,562119 0,000250
formation 1,139434 0,000254
formidable 0,673345 0,000150
formless 2,040221 0,000454
fortunately 0,579818 0,000129
fortune 0,162519 0,000036
fouled 2,659260 0,000592
foundation 0,127833 0,000028
fraction 1,660731 0,000370
fragile 1,714798 0,000382
fragment 0,597837 0,000133
frail 0,967584 0,000215
frame 0,174353 0,000039
frank 0,597837 0,000133
frantic 0,820981 0,000183
frantically 1,386294 0,000308
frazzle 3,912023 0,000870
freely 0,105361 0,000023
freezer 3,912023 0,000870
freighter 3,506558 0,000780
frequency 1,660731 0,000370
frequent 0,287682 0,000064
frequently 0,287682 0,000064
fresh 0,105361 0,000023
freshen 1,714798 0,000382
freshman 3,218876 0,000716
friday 0,967584 0,000215
friend 0,000000 0,000000
friendliness 1,560648 0,000347
friendly 0,248461 0,000055
friendship 0,261365 0,000058
fright 0,653926 0,000146
frightened 0,301105 0,000067
frightening 1,514128 0,000337
frighteningly 3,912023 0,000870
frigid 1,897120 0,000422
frost 0,653926 0,000146
frown 0,673345 0,000599
frozen 0,733969 0,000163
fruit 0,162519 0,000036
fuel 1,108663 0,000247
fulfil 0,385662 0,000172
fulfill 1,714798 0,000382
fulfillment 2,302585 0,000512
fumble 1,660731 0,000739
fun 0,798508 0,000178
function 0,820981 0,000365
fundamental 1,203973 0,000536
funnel 1,832581 0,000408
funny 1,021651 0,000227
fur 0,994252 0,000221
furious 0,430783 0,000096
furiously 0,755023 0,000168
furniture 0,415515 0,000092
furry 2,207275 0,000491
furs 1,609438 0,000358
fury 0,328504 0,000073
fuss 1,203973 0,000268
future 0,105361 0,000023
fuzz 3,506558 0,000780
fuzzy 3,506558 0,000780
gain 0,040822 0,000018
galactic 3,912023 0,000870
galaxy 2,995732 0,000667
gale 1,078810 0,000240
gamble 1,832581 0,000408
game 0,210721 0,000094
gantry 3,912023 0,000870
garage 3,912023 0,000870
garb 1,203973 0,000268
gargantuan 3,506558 0,000780
gas 1,139434 0,000507
gasp 0,579818 0,000387
gather 0,061875 0,000028
gathering 0,415515 0,000092
gawky 3,218876 0,000716
gear 1,832581 0,000408
gene 3,506558 0,000780
generation 0,127833 0,000057
genetic 3,912023 0,000870
gentle 0,274437 0,000061
gentleman 0,223144 0,000050
gently 0,235722 0,000052
genuinely 1,897120 0,000422
geographically 3,506558 0,000780
germ 1,386294 0,000308
gesture 0,510826 0,000114
ghost 0,462035 0,000103
giant 0,562119 0,000125
gibberish 2,813411 0,000626
gift 0,210721 0,000047
gigantic 0,994252 0,000221
girder 3,218876 0,000716
girth 1,771957 0,000394
glad 0,072571 0,000016
glance 0,186330 0,000124
glare 0,733969 0,000327
glaring 0,967584 0,000215
glass 0,174353 0,000078
gleam 0,510826 0,000227
glimpse 0,462035 0,000206
glint 1,966113 0,000875
glisten 0,820981 0,000365
glitter 0,579818 0,000258
globule 2,525729 0,000562
globulin 3,912023 0,001741
gloomily 1,386294 0,000308
gloomy 0,462035 0,000103
glove 0,597837 0,000133
glow 0,314711 0,000140
glower 2,207275 0,000491
glumly 3,218876 0,000716
glut 2,040221 0,000454
gnarl 1,514128 0,000337
goal 0,274437 0,000122
gold 0,083382 0,000019
golden 0,342490 0,000076
goof 3,912023 0,000870
govern 0,186330 0,000041
government 0,462035 0,000103
governmental 3,218876 0,000716
governor 0,733969 0,000163
gown 0,616186 0,000274
grab 1,514128 0,000337
gracefully 1,203973 0,000268
grade 1,347074 0,000300
gradually 0,328504 0,000073
graduate 1,771957 0,000394
graduation 2,813411 0,000626
graft 2,407946 0,001607
grand 0,342490 0,000076
grant 0,061875 0,000014
grapevine 3,218876 0,000716
graphically 2,813411 0,000626
grapple 1,203973 0,000536
grappler 3,912023 0,000870
grasp 0,274437 0,000061
grate 0,673345 0,000150
grateful 0,446287 0,000099
gratefully 0,415515 0,000092
grave 0,116534 0,000026
gravely 0,693147 0,000154
gravity 0,693147 0,000154
gray 0,733969 0,000163
green 0,105361 0,000023
greenhorn 2,995732 0,000667
greet 0,653926 0,000291
greeting 0,798508 0,000178
greg 3,506558 0,000780
gregory 1,139434 0,000254
grim 0,776529 0,000173
grimly 1,108663 0,000247
grin 0,733969 0,000490
grind 0,755023 0,000168
grip 0,798508 0,000355
grope 0,733969 0,000163
gross 0,235722 0,000052
ground 0,030459 0,000007
groundless 1,771957 0,000394
grounds 0,446287 0,000099
grow 0,010050 0,000009
growl 0,941609 0,000419
growling 1,427116 0,000318
growth 0,430783 0,000096
grudging 2,302585 0,000512
grudgingly 2,659260 0,000592
grunt 1,021651 0,000227
guarantee 1,203973 0,000268
guard 0,083382 0,000019
guess 0,223144 0,000099
guidance 0,776529 0,000173
guide 0,083382 0,000037
guinea 1,237874 0,000275
gulf 0,733969 0,000163
gulp 1,386294 0,000308
gutter 1,049822 0,000234
guy 2,040221 0,000908
gym 3,912023 0,000870
gymnasium 1,966113 0,000437
habitable 1,966113 0,000437
habitual 0,916291 0,000204
hair 0,072571 0,000016
haired 0,820981 0,000183
hairless 2,813411 0,000626
halfway 1,386294 0,000308
hallway 2,659260 0,000592
halt 0,733969 0,000163
hammer 0,544727 0,000121
hand 0,010050 0,000007
handle 0,223144 0,000149
handsomely 1,139434 0,000254
hanging 0,235722 0,000052
happen 0,030459 0,000020
happily 0,478036 0,000106
happiness 0,150823 0,000034
happy 0,061875 0,000014
harbor 1,427116 0,000318
hard 0,040822 0,000027
hardened 0,820981 0,000183
harm 0,210721 0,000094
harmless 0,248461 0,000055
harness 0,843970 0,000188
harsh 0,462035 0,000103
hart 0,462035 0,000103
haste 0,371064 0,000083
hatch 1,347074 0,000300
hate 0,150823 0,000067
hatred 0,494296 0,000110
hazing 3,506558 0,000780
head 0,000000 0,000000
headed 0,510826 0,000114
headquarters 1,660731 0,000370
heal 0,867501 0,000193
health 0,198451 0,000044
healthy 0,356675 0,000079
heap 0,248461 0,000111
hear 0,010050 0,000004
hearing 0,139262 0,000031
heart 0,010050 0,000002
heartedly 2,659260 0,000592
heartedness 2,040221 0,000454
heat 0,198451 0,000088
heatedly 3,912023 0,000870
heave 0,820981 0,000183
heavily 0,400478 0,000089
heavy 0,030459 0,000007
height 0,210721 0,000047
helpless 0,328504 0,000073
helplessly 1,514128 0,000337
helplessness 1,386294 0,000308
herd 0,597837 0,000133
hesitant 3,912023 0,000870
hesitantly 3,218876 0,000716
hesitate 0,314711 0,000140
hesitation 0,616186 0,000137
hey 1,347074 0,000300
hibernate 3,912023 0,000870
hibernation 3,912023 0,000870
hide 0,072571 0,000016
highly 0,261365 0,000058
hill 0,150823 0,000034
hind 1,171183 0,000261
hint 0,301105 0,000067
hip 1,078810 0,000240
history 0,186330 0,000041
hit 0,314711 0,000070
hoarse 0,867501 0,000193
hoarsely 1,560648 0,000347
hold 0,010050 0,000009
holder 0,430783 0,000096
hole 0,261365 0,000116
holler 2,407946 0,001072
homeland 3,506558 0,000780
homesickness 2,407946 0,000536
honest 0,235722 0,000052
honestly 0,843970 0,000188
honor 0,891598 0,000198
honored 1,427116 0,000318
hood 1,237874 0,000275
hook 0,634878 0,000141
hope 0,000000 0,000000
hopefulness 2,995732 0,000667
hopeless 0,510826 0,000114
hopelessly 1,078810 0,000240
hopelessness 1,832581 0,000408
horizon 0,597837 0,000133
horn 0,478036 0,000106
horrible 0,356675 0,000079
horror 0,198451 0,000044
hospital 0,755023 0,000336
host 0,446287 0,000199
hostile 0,776529 0,000173
hostility 1,171183 0,000261
hot 0,116534 0,000026
hotly 1,347074 0,000300
hound 0,843970 0,000188
hour 0,061875 0,000028
house 0,020203 0,000004
housekeeping 1,427116 0,000318
houses 0,139262 0,000031
housing 1,897120 0,000422
hover 0,653926 0,000146
howl 0,527633 0,000352
hub 3,218876 0,000716
huddle 1,078810 0,000480
hug 0,967584 0,000431
huge 0,400478 0,000089
hugo 1,966113 0,000437
hulk 2,040221 0,000454
hull 1,347074 0,000300
hum 0,579818 0,000129
human 0,072571 0,000016
humanoid 3,912023 0,000870
hung 0,174353 0,000039
hungrily 2,302585 0,000512
hungry 0,314711 0,000070
hurl 0,798508 0,000178
hurry 0,162519 0,000108
hurt 0,150823 0,000034
hurtle 2,302585 0,000512
hush 0,527633 0,000117
hydrogen 2,995732 0,000667
hyperspace 3,912023 0,000870
ice 0,527633 0,000117
icy 1,203973 0,000268
idea 0,083382 0,000037
ideal 0,776529 0,000173
identifiable 2,995732 0,000667
identification 0,527633 0,000117
identify 0,342490 0,000152
idiot 0,776529 0,000346
idiotic 1,347074 0,000300
idle 0,261365 0,000058
ignore 1,309333 0,000583
iii 0,287682 0,000064
illness 0,616186 0,000137
image 0,301105 0,000067
imagine 0,083382 0,000019
imbed 2,207275 0,000491
immense 0,314711 0,000070
immerse 1,427116 0,000318
immune 3,218876 0,000716
immunity 1,771957 0,000394
immunization 3,912023 0,000870
immunize 3,912023 0,000870
impact 2,207275 0,000491
impartial 1,237874 0,000275
impassive 1,714798 0,000382
impassively 3,506558 0,000780
impatient 0,371064 0,000083
impatiently 0,634878 0,000141
imply 0,235722 0,000052
impose 0,162519 0,000036
impossible 0,094311 0,000021
impregnable 1,771957 0,000394
impressed 0,510826 0,000114
impression 0,210721 0,000094
improve 0,385662 0,000086
inaccurate 0,510826 0,000114
inadvertent 3,912023 0,000870
inarguable 3,912023 0,000870
inbred 2,659260 0,000592
inch 0,430783 0,000096
incident 0,356675 0,000079
incidental 0,446287 0,000099
include 0,072571 0,000065
incoming 3,218876 0,000716
incompetence 2,813411 0,000626
incompetent 2,040221 0,000454
incomplete 0,301105 0,000067
increase 0,061875 0,000028
increasingly 2,525729 0,000562
incredible 0,653926 0,000146
incredibly 1,897120 0,000422
incredulously 2,302585 0,000512
incubator 3,506558 0,000780
indefensible 3,506558 0,000780
indefinitely 1,469676 0,000327
indemnify 0,446287 0,000099
indemnity 0,527633 0,000117
indication 0,798508 0,000178
indifferently 1,049822 0,000234
indirect 0,446287 0,000099
indirectly 0,371064 0,000083
indistinguishable 2,525729 0,000562
individual 0,139262 0,000062
induce 0,328504 0,000073
inept 2,659260 0,000592
inert 1,714798 0,000382
inevitable 0,544727 0,000121
inexpert 3,506558 0,000780
infallible 1,108663 0,000247
infected 1,347074 0,000300
infection 1,514128 0,000337
infectious 2,120264 0,000472
inferior 0,579818 0,000129
infestation 3,912023 0,000870
infinitely 0,673345 0,000150
infringement 0,544727 0,000121
ingeniously 1,832581 0,000408
ingenuity 0,891598 0,000198
inhabit 0,597837 0,000266
inhabitants 0,446287 0,000099
initial 0,994252 0,000221
inject 2,995732 0,001333
injection 2,813411 0,001252
inkling 1,427116 0,000318
inlay 1,714798 0,000382
inoculate 3,218876 0,001433
inoculation 3,218876 0,001433
inoculum 3,912023 0,000870
inquisition 1,514128 0,000337
insert 1,021651 0,000227
insignia 2,813411 0,000626
insignificant 0,891598 0,000198
insist 0,223144 0,000099
insistence 1,897120 0,000422
insolence 0,994252 0,000221
inspect 0,798508 0,000178
inspection 0,798508 0,000178
inspector 1,427116 0,000635
instantly 0,356675 0,000079
instinct 0,356675 0,000079
instinctive 1,203973 0,000268
instinctively 0,733969 0,000163
institute 1,203973 0,000268
instruct 0,494296 0,000110
instruction 0,328504 0,000146
instrument 0,248461 0,000111
insure 1,237874 0,000275
insurmountable 1,714798 0,000382
integrate 3,218876 0,000716
intellectual 0,235722 0,000052
intelligence 0,301105 0,000067
intelligent 0,342490 0,000076
intend 0,094311 0,000021
intense 0,430783 0,000096
intensely 0,820981 0,000183
intensify 1,386294 0,000308
intensity 0,994252 0,000221
intensive 3,506558 0,000780
intention 0,127833 0,000028
intercom 3,506558 0,000780
interior 0,673345 0,000150
intermediary 2,995732 0,000667
internal 0,261365 0,000058
international 0,494296 0,000110
internist 3,912023 0,000870
internists 3,912023 0,000870
interplanetary 3,912023 0,000870
interpret 0,235722 0,000052
interrogate 1,660731 0,000370
interrupt 0,562119 0,000125
interstellar 3,912023 0,000870
interval 0,301105 0,000067
intervene 0,713350 0,000159
interview 0,634878 0,000141
intestine 2,207275 0,000491
intolerable 0,673345 0,000150
intolerant 2,040221 0,000454
intruder 1,108663 0,000247
invade 0,755023 0,000336
invader 1,832581 0,000408
invalidity 0,527633 0,000117
invariably 0,798508 0,000178
inventory 2,040221 0,000908
investigation 0,713350 0,000159
investment 1,560648 0,000347
invitation 0,494296 0,000110
invite 0,261365 0,000058
involve 0,820981 0,000183
involved 0,579818 0,000129
inwardly 0,798508 0,000178
irascible 2,207275 0,000491
ironically 1,771957 0,000394
irreparable 1,832581 0,000408
irrevocable 1,609438 0,000358
irs 0,562119 0,000125
islands 0,755023 0,000168
iso 1,897120 0,000422
isolated 0,994252 0,000221
isolation 1,514128 0,000337
isotopes 3,912023 0,000870
issue 0,198451 0,000088
item 1,139434 0,000507
ivory 0,820981 0,000183
jack 0,755023 0,000168
jacket 0,755023 0,000168
jai 3,506558 0,000780
jam 1,237874 0,000826
jar 1,021651 0,000227
jaw 0,544727 0,000242
jelly 1,514128 0,000337
jeopardize 2,813411 0,001252
jeopardy 2,207275 0,000491
jerk 0,820981 0,000183
jet 1,347074 0,000599
jewel 0,634878 0,000141
jibe 3,506558 0,000780
jitney 3,912023 0,000870
job 0,597837 0,000266
joint 0,446287 0,000099
joke 0,356675 0,000238
jolt 1,514128 0,000337
jolting 2,120264 0,000472
journal 0,916291 0,000204
joy 0,127833 0,000028
joyful 0,798508 0,000178
jubilantly 3,218876 0,000716
judge 0,061875 0,000041
judgment 0,198451 0,000044
jug 1,272966 0,000283
jump 0,430783 0,000192
jumping 0,798508 0,000178
june 0,527633 0,000117
jungle 1,832581 0,000408
justified 0,693147 0,000154
key 0,342490 0,000076
kick 0,314711 0,000210
kill 0,083382 0,000056
knock 0,287682 0,000128
knowledge 0,061875 0,000014
kodiak 3,912023 0,000870
lab 3,912023 0,000870
labor 1,108663 0,000740
laboratory 1,832581 0,000816
ladder 0,616186 0,000137
lake 0,162519 0,000036
lamb 0,693147 0,000154
lancet 2,302585 0,000512
land 0,051293 0,000034
landing 0,544727 0,000242
language 0,072571 0,000016
lapse 0,733969 0,000163
late 0,094311 0,000021
laugh 0,094311 0,000063
launch 0,798508 0,000178
law 0,020203 0,000009
lay 0,030459 0,000014
layer 1,514128 0,000674
lead 0,020203 0,000009
leader 0,356675 0,000079
leadership 2,040221 0,000454
leading 0,139262 0,000031
leaf 0,446287 0,000099
lean 0,127833 0,000085
leap 0,287682 0,000192
learn 0,020203 0,000009
lease 1,714798 0,000382
leave -0,009950 -0,000004
lecture 0,673345 0,000150
left 0,000000 0,000000
leg 0,235722 0,000052
legal 0,261365 0,000058
legally 0,342490 0,000076
leisure 0,579818 0,000129
letter 0,072571 0,000032
level 0,210721 0,000047
liability 0,462035 0,000103
liable 0,235722 0,000052
liberty 0,198451 0,000044
library 0,223144 0,000050
license 0,301105 0,000067
licensed 0,430783 0,000096
lid 0,597837 0,000133
lie 0,020203 0,000013
lieu 0,415515 0,000092
life -0,009950 -0,000002
lifeboat 3,912023 0,001741
lifetime 0,843970 0,000188
lift 0,116534 0,000052
light 0,000000 0,000000
lighten 0,597837 0,000133
likeable 3,506558 0,000780
likes 1,771957 0,000394
limbo 2,407946 0,000536
limit 0,287682 0,000064
limitation 0,371064 0,000083
limited 0,261365 0,000058
limp 1,108663 0,000247
lineage 1,771957 0,000394
linger 0,446287 0,000099
lining 1,771957 0,000394
link 0,174353 0,000078
lip 0,127833 0,000028
lipped 1,966113 0,000437
liquid 0,843970 0,000188
list 0,301105 0,000134
listen 0,105361 0,000070
liter 3,506558 0,000780
literally 0,713350 0,000159
literary 0,287682 0,000064
live 0,010050 0,000004
living 0,020203 0,000004
load 0,430783 0,000192
loading 1,309333 0,000291
loathing 1,386294 0,000308
lobby 2,040221 0,000454
local 0,713350 0,000159
locate 0,371064 0,000083
location 0,494296 0,000220
lock 0,162519 0,000036
locker 2,120264 0,000944
lodge 0,494296 0,000110
lodging 0,776529 0,000173
log 0,798508 0,000178
loneliness 1,347074 0,000300
lonely 0,400478 0,000089
longevity 2,659260 0,000592
loose 0,094311 0,000021
lop 1,771957 0,000394
lose 0,000000 0,000000
loss 0,083382 0,000019
lot 0,051293 0,000023
loud 0,105361 0,000023
loudly 0,400478 0,000089
loudspeaker 3,912023 0,000870
lounge 1,108663 0,000493
loyalty 1,237874 0,000275
luck 0,446287 0,000099
lucky 0,494296 0,000110
lump 0,916291 0,000204
lunch 0,967584 0,000215
luncheon 1,427116 0,000318
lung 0,867501 0,000386
lurch 1,660731 0,000370
luxury 0,462035 0,000206
machine 0,210721 0,000047
mad 0,235722 0,000052
magic 0,673345 0,000150
magnificent 0,328504 0,000073
main 0,127833 0,000028
maintain 0,094311 0,000063
maintenance 1,171183 0,000261
major 1,108663 0,000247
maker 0,653926 0,000146
malaria 2,659260 0,000592
male 0,562119 0,000125
maliciously 1,771957 0,000394
malpractice 3,912023 0,000870
mammal 3,218876 0,000716
mammoth 2,407946 0,000536
manage 0,261365 0,000116
maneuver 2,040221 0,000908
manhood 0,776529 0,000173
manipulate 2,407946 0,000536
manufacture 1,078810 0,000240
manufacturing 2,040221 0,000454
manuscript 0,967584 0,000215
map 0,916291 0,000204
march 0,223144 0,000099
marine 1,309333 0,000291
mark 0,105361 0,000047
marked 0,061875 0,000014
marrow 1,386294 0,000308
martin 1,386294 0,000308
mask 0,673345 0,000300
mass 0,210721 0,000094
massage 3,506558 0,000780
massive 1,049822 0,000234
master 0,072571 0,000032
match 0,301105 0,000067
material 0,261365 0,000058
materialize 3,218876 0,000716
matrix 3,218876 0,000716
matter 0,000000 0,000000
maximum 0,478036 0,000106
maze 1,272966 0,000283
mckay 3,912023 0,000870
meal 0,261365 0,000058
meaning 0,186330 0,000041
measure 0,127833 0,000057
mechanical 0,843970 0,000188
mechanism 1,771957 0,000789
meddle 0,994252 0,000221
media 2,120264 0,000472
medical 1,021651 0,000227
medication 3,912023 0,001741
medicine 0,562119 0,000125
mediocre 2,407946 0,000536
medium 0,223144 0,000050
meet 0,010050 0,000004
meeting 0,162519 0,000036
mellow 1,427116 0,000318
melt 0,385662 0,000086
membership 2,813411 0,000626
memorize 3,506558 0,000780
memory 0,162519 0,000036
menagerie 2,040221 0,000454
mental 0,430783 0,000096
mention 0,105361 0,000047
mere 0,094311 0,000021
mess 0,867501 0,000193
message 0,356675 0,000159
metabolism 3,912023 0,000870
metal 0,527633 0,000235
methane 3,912023 0,000870
method 0,094311 0,000042
metropolitan 1,714798 0,000382
michael 0,400478 0,000089
micro 3,912023 0,000870
microphone 3,912023 0,000870
microscope 2,207275 0,000491
microscopic 2,207275 0,000491
middle 0,030459 0,000007
midnight 0,328504 0,000073
midst 0,287682 0,000064
midsummer 2,120264 0,000472
mile 0,174353 0,000078
milling 3,506558 0,000780
mind 0,020203 0,000009
minded 0,400478 0,000089
mindless 2,525729 0,000562
minimum 2,407946 0,000536
minor 0,713350 0,000159
minute 0,150823 0,000067
miraculous 1,171183 0,000261
miserable 0,210721 0,000047
miserably 1,108663 0,000247
misery 0,248461 0,000055
misinform 2,813411 0,000626
misjudge 1,897120 0,000422
missing 1,386294 0,000308
mission 0,210721 0,000047
mississippi 0,415515 0,000092
misstep 3,218876 0,000716
mistake 0,186330 0,000083
mistaken 0,261365 0,000058
misunderstanding 1,469676 0,000327
mix 0,274437 0,000061
mob 1,139434 0,000254
moderately 1,660731 0,000370
modern 0,301105 0,000067
modification 0,478036 0,000106
modify 0,356675 0,000159
mold 1,966113 0,000437
molecular 3,506558 0,000780
moment 0,010050 0,000004
money 0,051293 0,000011
monkey 0,941609 0,000419
monstrous 0,400478 0,000089
month 0,040822 0,000009
moon 0,261365 0,000058
mop 1,832581 0,000408
morning 0,040822 0,000009
mother 0,072571 0,000016
motion 0,223144 0,000199
motionless 0,544727 0,000121
motor 2,207275 0,000982
mountain 0,400478 0,000089
mountains 0,400478 0,000089
mouth 0,061875 0,000014
movement 0,287682 0,000064
mud 0,462035 0,000103
muddy 0,867501 0,000193
mull 2,207275 0,000491
multitude 0,385662 0,000172
murmur 0,287682 0,000128
museum 1,139434 0,000254
music 0,198451 0,000044
muster 1,078810 0,000240
mute 0,776529 0,000173
mutter 0,653926 0,000146
muttering 1,049822 0,000234
mutually 1,386294 0,000308
mysterious 0,314711 0,000070
nail 0,356675 0,000079
naked 0,274437 0,000061
narrow 0,094311 0,000021
native 0,314711 0,000140
natural 0,094311 0,000021
naturally 0,210721 0,000047
nature 0,094311 0,000021
navigation 1,272966 0,000283
nearby 2,659260 0,000592
neatly 1,049822 0,000234
neck 0,174353 0,000039
needle 0,673345 0,000300
negative 0,916291 0,000204
neglect 0,274437 0,000061
negligence 0,415515 0,000092
negotiator 3,506558 0,000780
nerve 0,371064 0,000165
nervous 0,494296 0,000110
network 0,415515 0,000092
neutralize 2,525729 0,000562
newly 0,494296 0,000110
news 0,210721 0,000047
newsletter 0,562119 0,000125
nibble 1,609438 0,000358
nice 0,371064 0,000083
nicely 1,021651 0,000227
nickname 1,660731 0,000370
night 0,010050 0,000004
nightmare 1,171183 0,000261
nimble 1,171183 0,000261
nitrogen 3,506558 0,000780
nod 0,371064 0,000248
nodal 3,912023 0,000870
noise 0,139262 0,000062
nonproprietary 0,562119 0,000125
nonsense 0,478036 0,000106
normal 1,237874 0,000275
north 0,083382 0,000019
northbound 3,506558 0,000780
nose 0,261365 0,000116
nosed 1,560648 0,000347
note 0,094311 0,000042
notice 0,020203 0,000013
notification 2,813411 0,000626
notify 0,371064 0,000165
nuclear 3,912023 0,000870
numb 1,514128 0,000337
numerous 0,235722 0,000052
nurse 0,301105 0,000067
nursing 0,867501 0,000193
nutrient 3,218876 0,000716
object 0,105361 0,000023
objection 0,400478 0,000089
oblige 0,210721 0,000047
obligingly 2,407946 0,000536
observation 0,446287 0,000099
observe 0,094311 0,000063
obsolete 0,446287 0,000099
obstacle 0,510826 0,000114
obstructive 3,506558 0,000780
obvious 0,415515 0,000092
occasion 0,105361 0,000047
occasional 0,510826 0,000114
occasionally 0,371064 0,000083
occupy 0,174353 0,000039
occur 0,083382 0,000037
ocean 0,415515 0,000092
odd 0,385662 0,000086
oddness 3,218876 0,000716
odds 1,108663 0,000247
offer 0,020203 0,000013
office 0,072571 0,000016
official 0,223144 0,000099
officially 1,966113 0,000437
officiate 2,040221 0,000454
ominous 1,171183 0,000261
ominously 1,966113 0,000437
online 0,510826 0,000114
onslaught 2,040221 0,000454
operate 0,916291 0,000204
operation 0,478036 0,000213
operative 2,659260 0,000592
opinion 0,105361 0,000047
opportunity 0,061875 0,000028
oppose 0,579818 0,000129
oration 1,560648 0,000347
orbit 1,714798 0,000763
ordeal 1,660731 0,000370
orderly 0,941609 0,000419
ordinary 0,186330 0,000041
organ 0,634878 0,000283
organism 1,832581 0,000816
organization 1,469676 0,000327
organize 2,040221 0,000908
organized 0,356675 0,000079
origin 0,527633 0,000117
original 0,105361 0,000023
originally 0,673345 0,000150
originator 0,478036 0,000213
ounce 1,427116 0,000318
outbreak 1,427116 0,000635
outburst 1,272966 0,000283
outdated 0,562119 0,000125
outer 0,510826 0,000114
outfit 1,171183 0,000261
outgoing 2,525729 0,000562
outline 0,579818 0,000129
outpost 2,120264 0,000944
outstretched 1,108663 0,000247
outstrip 1,347074 0,000599
overhead 0,843970 0,000188
overload 2,813411 0,000626
overlook 0,527633 0,000117
override 2,995732 0,000667
overwhelming 1,049822 0,000234
owe 0,105361 0,000023
owlishly 3,506558 0,000780
owner 0,083382 0,000037
oxygen 2,995732 0,000667
oxygenation 3,912023 0,000870
pace 0,186330 0,000041
pack 0,579818 0,000258
pad 1,560648 0,000347
paging 3,506558 0,000780
pain 0,051293 0,000023
painfully 0,916291 0,000204
painless 2,207275 0,000491
painstaking 2,207275 0,000491
pair 0,210721 0,000047
pal 2,207275 0,000491
pale 0,186330 0,000041
palm 0,494296 0,000110
palms 0,820981 0,000183
panel 1,203973 0,000536
pang 0,634878 0,000283
panic 1,049822 0,000234
panorama 2,659260 0,000592
pant 1,272966 0,000283
pants 1,966113 0,000437
paper 0,083382 0,000037
paperwork 0,562119 0,000125
paragraph 0,328504 0,000146
paralyze 1,660731 0,000739
parasite 2,040221 0,000908
parasitic 2,813411 0,000626
paroxysm 1,347074 0,000300
partner 0,510826 0,000227
partnership 1,514128 0,000337
party 0,030459 0,000014
pass 0,020203 0,000009
passage 0,105361 0,000023
passenger 0,653926 0,000291
passing 0,094311 0,000021
pastry 2,040221 0,000454
pat 0,776529 0,000173
patchwork 2,040221 0,000454
path 0,150823 0,000034
pathologist 3,912023 0,001741
pathology 2,995732 0,000667
patience 0,139262 0,000031
patient 0,274437 0,000122
patiently 0,733969 0,000163
patrol 1,966113 0,000875
pattern 0,597837 0,000133
pause 0,314711 0,000210
pay 0,030459 0,000020
payment 0,274437 0,000122
peace 0,094311 0,000021
peaceful 0,478036 0,000106
peculiar 0,223144 0,000050
peculiarity 0,755023 0,000168
peddler 2,407946 0,000536
peel 1,139434 0,000254
peer 0,616186 0,000137
peered 1,237874 0,000275
penetrate 0,415515 0,000092
perch 0,891598 0,000397
perfect 0,061875 0,000014
perfectly 0,162519 0,000036
perform 0,072571 0,000048
performance 0,127833 0,000057
perfunctory 3,218876 0,000716
period 0,235722 0,000105
periodic 0,544727 0,000121
periphery 3,506558 0,000780
peritoneum 3,912023 0,000870
perk 2,659260 0,000592
permanent 0,223144 0,000050
permission 0,150823 0,000034
permit 0,094311 0,000042
perplexity 0,755023 0,000168
persistently 1,560648 0,000347
person -0,009950 -0,000004
personal 0,223144 0,000050
personally 0,798508 0,000178
perspiration 1,237874 0,000275
pestilence 1,386294 0,000308
pet 0,891598 0,000397
petty 0,776529 0,000173
pharmacology 3,912023 0,000870
pharmacy 2,995732 0,000667
philadelphia 2,120264 0,000472
photo 2,995732 0,000667
phrase 0,139262 0,000031
physical 0,198451 0,000044
physically 1,347074 0,000300
physician 0,693147 0,000154
physicians 1,272966 0,000283
physiological 2,525729 0,000562
physiology 1,966113 0,000437
pick 0,223144 0,000099
picking 0,634878 0,000141
picture 0,139262 0,000031
pie 1,272966 0,000283
piece 0,020203 0,000013
pig 0,544727 0,000242
pile 0,328504 0,000219
pill 1,560648 0,000347
pilot 1,021651 0,000455
pinch 0,843970 0,000188
pinched 1,139434 0,000254
pink 0,820981 0,000183
pinpoint 3,218876 0,000716
piracy 2,302585 0,000512
pit 0,597837 0,000133
pitch 0,261365 0,000058
plague 0,673345 0,000300
plain 0,040822 0,000009
plan 0,198451 0,000132
plane 1,171183 0,000261
planet 1,021651 0,000455
planetary 3,218876 0,000716
planning 1,021651 0,000227
plate 0,314711 0,000140
platform 0,843970 0,000188
platinum 3,218876 0,000716
plausible 1,078810 0,000240
play 0,040822 0,000018
plea 1,049822 0,000234
pleasant 0,162519 0,000036
pleased 0,150823 0,000034
pleasure 0,051293 0,000011
plenty 0,235722 0,000052
pleomorph 3,912023 0,000870
plexus 3,506558 0,000780
plight 1,237874 0,000275
plop 2,813411 0,000626
plow 1,897120 0,000422
plug 1,714798 0,000382
plumbing 2,995732 0,000667
plume 0,994252 0,000221
ply 1,021651 0,000227
pneumatic 3,218876 0,000716
pneumonia 2,995732 0,000667
pocket 0,371064 0,000083
poison 0,371064 0,000165
poisonous 1,272966 0,000283
poke 0,941609 0,000210
policy 0,820981 0,000183
polished 0,673345 0,000150
politics 0,713350 0,000159
pond 0,994252 0,000221
ponder 0,820981 0,000183
ponderously 2,813411 0,000626
poor 0,020203 0,000004
pop 1,203973 0,000804
popular 0,430783 0,000096
populate 2,040221 0,000454
population 0,941609 0,000419
porcelain 1,771957 0,000394
pore 1,203973 0,000536
port 0,579818 0,000129
portion 0,301105 0,000067
portly 1,609438 0,000358
pose 1,021651 0,000227
position 0,162519 0,000072
possess 0,061875 0,000014
possession 0,083382 0,000019
possibility 0,150823 0,000034
post 0,051293 0,000023
postpone 1,021651 0,000227
pot 0,478036 0,000106
pound 0,314711 0,000070
pour 0,116534 0,000026
powdery 2,407946 0,000536
power 0,030459 0,000014
powerful 0,223144 0,000050
practically 0,235722 0,000052
practice 0,116534 0,000026
pray 0,261365 0,000058
precaution 0,733969 0,000163
preceptor 1,609438 0,000358
precious 0,162519 0,000036
precisely 0,510826 0,000114
prefer 0,174353 0,000039
preliminary 0,941609 0,000210
preparation 0,328504 0,000146
prepare 0,116534 0,000052
prepared 0,105361 0,000023
prescribe 0,776529 0,000173
presence 0,094311 0,000021
presently 0,385662 0,000086
preserve 0,083382 0,000019
preside 0,843970 0,000188
press 0,105361 0,000047
pressed 0,274437 0,000061
pressure 0,527633 0,000117
pretend 0,186330 0,000083
pretense 1,966113 0,000437
pretty 0,150823 0,000034
prevail 0,287682 0,000128
prevent 0,040822 0,000009
preventative 3,506558 0,000780
previous 0,094311 0,000021
price 0,314711 0,000140
pride 0,150823 0,000034
primeval 1,897120 0,000422
primitive 0,916291 0,000204
principal 0,287682 0,000064
principle 0,274437 0,000122
print 0,116534 0,000052
printing 1,469676 0,000327
priority 2,525729 0,000562
private 0,198451 0,000044
probational 3,912023 0,000870
probationary 2,995732 0,000667
probationer 3,506558 0,001561
probe 1,660731 0,000370
procedure 1,832581 0,000816
proceed 0,116534 0,000052
proceedings 0,713350 0,000159
process 0,400478 0,000178
processing 0,562119 0,000125
procyon 3,912023 0,000870
produce 0,061875 0,000028
product 1,108663 0,000247
production 0,274437 0,000061
profession 0,446287 0,000099
professor 0,261365 0,000116
profit 0,083382 0,000037
profound 0,446287 0,000099
program 2,407946 0,000536
programmer 3,912023 0,000870
progress 0,162519 0,000072
progressive 1,771957 0,000394
progressively 2,407946 0,000536
prohibition 0,415515 0,000092
project -0,009950 -0,000002
prolonged 0,597837 0,000133
prominently 0,494296 0,000110
promise 0,051293 0,000034
promising 0,430783 0,000096
promote 0,274437 0,000061
promotion 0,342490 0,000076
pronounce 0,798508 0,000178
proof 0,274437 0,000061
proofread 0,562119 0,000125
proofreading 1,966113 0,000437
proper 0,061875 0,000014
properly 0,385662 0,000086
property 0,127833 0,000057
prophylactic 3,506558 0,000780
proportion 0,235722 0,000052
propose 0,186330 0,000083
proprietary 0,562119 0,000125
proprietorship 3,218876 0,000716
prosthetic 3,912023 0,000870
protect 0,139262 0,000031
protection 0,314711 0,000070
protective 2,525729 0,000562
protein 3,506558 0,000780
proteins 3,912023 0,000870
protest 0,342490 0,000152
protoplasm 3,506558 0,000780
proudly 0,733969 0,000163
prove 0,083382 0,000074
proverb 1,108663 0,000247
provide 0,127833 0,000057
provision 0,094311 0,000042
pseudopod 3,912023 0,000870
psychological 1,660731 0,000370
public 0,083382 0,000019
publication 1,049822 0,000234
publish 0,478036 0,000106
puget 3,218876 0,000716
pull 0,127833 0,000057
pump 1,108663 0,000247
pumping 2,302585 0,000512
punch 1,203973 0,000536
punitive 0,562119 0,000125
punk 3,218876 0,000716
puppy 1,386294 0,000308
purchase 0,400478 0,000089
pure 0,139262 0,000031
purely 0,713350 0,000159
purify 0,916291 0,000204
purpose 0,040822 0,000009
push 0,139262 0,000062
puzzled 0,494296 0,000110
qualification 1,386294 0,000617
qualified 0,967584 0,000215
qualify 1,560648 0,000347
quantity 0,478036 0,000106
quarantine 2,659260 0,000592
quarter 0,105361 0,000023
quench 0,941609 0,000210
question 0,020203 0,000009
questioning 0,755023 0,000168
quick 0,127833 0,000028
quicken 0,798508 0,000178
quiet 0,094311 0,000042
quietly 0,261365 0,000058
quit 0,462035 0,000103
quiver 0,494296 0,000330
race 0,162519 0,000108
racial 3,218876 0,000716
rack 0,673345 0,000150
radiation 2,813411 0,000626
radio 3,912023 0,002611
radioactive 3,912023 0,000870
radiological 3,912023 0,000870
radiologist 3,912023 0,000870
radiologists 3,912023 0,000870
radiology 3,912023 0,000870
rage 0,139262 0,000093
ragged 0,776529 0,000173
rail 0,579818 0,000129
raise 0,020203 0,000009
rally 1,021651 0,000227
ram 0,994252 0,000221
ramp 2,659260 0,000592
range 0,328504 0,000146
rank 0,223144 0,000099
ranking 3,218876 0,000716
rapid 0,371064 0,000083
rapidly 0,371064 0,000083
rapture 0,820981 0,000183
rare 0,261365 0,000058
rarity 1,609438 0,000358
rate 0,261365 0,000058
ratification 2,525729 0,000562
ratify 1,966113 0,000437
rating 2,659260 0,000592
rational 0,867501 0,000193
ravages 1,832581 0,000408
raw 0,713350 0,000159
reach 0,000000 0,000000
react 2,040221 0,000908
reaction 1,237874 0,000551
reactor 3,912023 0,000870
read 0,020203 0,000009
readable 0,510826 0,000114
reader 0,301105 0,000067
ready 0,030459 0,000007
reagent 3,218876 0,000716
real 0,040822 0,000009
realization 1,560648 0,000347
realize 0,693147 0,000308
reappear 1,203973 0,000268
rear 0,371064 0,000083
reason 0,010050 0,000004
reasonable 0,116534 0,000026
reassurance 2,659260 0,000592
reassure 0,820981 0,000183
rebuild 1,427116 0,000635
recall 0,235722 0,000052
receipt 0,261365 0,000058
receive 0,040822 0,000027
receiver 1,832581 0,000408
reception 0,693147 0,000154
receptive 2,813411 0,000626
recheck 3,912023 0,001741
recognition 0,713350 0,000159
recognize 0,733969 0,000490
reconversion 3,912023 0,000870
reconvert 3,218876 0,001433
record 0,223144 0,000149
recorder 2,525729 0,000562
recount 1,021651 0,000227
recover 0,127833 0,000085
recovery 0,616186 0,000137
red 0,061875 0,000014
redistribute 0,544727 0,000121
redistributing 0,562119 0,000125
redistribution 0,562119 0,000125
reduce 0,314711 0,000070
rees 3,912023 0,000870
refer 0,223144 0,000050
reference 0,198451 0,000088
refile 3,912023 0,000870
reflection 0,274437 0,000061
refund 0,562119 0,000125
refusal 0,820981 0,000183
refuse 0,083382 0,000037
regard 0,083382 0,000019
regenerate 2,407946 0,001072
regeneration 2,120264 0,000472
regenerative 3,506558 0,000780
regiment 0,967584 0,000215
region 0,462035 0,000103
register 0,287682 0,000064
regulate 0,210721 0,000047
relate 0,415515 0,000092
relation 0,223144 0,000050
relationship 0,867501 0,000193
relax 1,108663 0,000247
relay 2,207275 0,000491
release 0,105361 0,000047
relief 0,186330 0,000041
relieve 0,198451 0,000132
reluctant 1,021651 0,000227
reluctantly 0,941609 0,000210
rely 0,579818 0,000129
remain 0,040822 0,000027
remarkable 0,235722 0,000052
remarkably 0,733969 0,000163
remedy 0,150823 0,000034
remember 0,030459 0,000014
remote 0,478036 0,000213
remove 0,040822 0,000018
renal 3,912023 0,000870
rename 0,544727 0,000121
render 0,186330 0,000041
renew 0,314711 0,000070
rent 0,510826 0,000114
repair 0,342490 0,000152
repave 3,912023 0,000870
repeat 0,051293 0,000023
repetition 0,713350 0,000159
replace 0,198451 0,000132
replacement 0,544727 0,000121
reply 0,105361 0,000047
report 0,051293 0,000034
represent 0,210721 0,000141
representation 0,261365 0,000058
representative 0,820981 0,000365
reprimand 1,386294 0,000308
reproach 0,301105 0,000067
reproduce 1,078810 0,000240
reproduction 2,302585 0,000512
reputation 0,342490 0,000076
request 0,105361 0,000070
require 0,051293 0,000011
required 0,083382 0,000019
requirement 0,400478 0,000089
rescuer 2,813411 0,000626
resemblance 0,713350 0,000159
resemble 0,400478 0,000089
resent 0,820981 0,000183
resentful 1,966113 0,000437
resentment 0,798508 0,000178
reservation 1,609438 0,000716
resident 1,203973 0,000268
residential 3,506558 0,000780
resign 0,693147 0,000154
resistant 2,995732 0,000667
resolve 0,287682 0,000064
resort 0,733969 0,000163
resounding 1,609438 0,000358
resource 0,544727 0,000121
respect 0,040822 0,000009
respectful 0,755023 0,000168
respiration 2,040221 0,000908
respiratory 3,218876 0,000716
resplendent 1,514128 0,000337
respond 0,693147 0,000154
response 0,843970 0,000376
responsibility 0,733969 0,000327
responsible 0,693147 0,000154
rest 0,010050 0,000007
restlessly 1,514128 0,000337
restriction 0,371064 0,000083
result 0,174353 0,000039
retain 0,235722 0,000052
retch 3,218876 0,000716
reticence 2,040221 0,000454
retinue 1,714798 0,000763
retire 0,415515 0,000185
retired 0,342490 0,000076
retrace 1,237874 0,000275
retract 1,660731 0,000370
retraction 2,995732 0,000667
retreat 0,342490 0,000076
return 0,010050 0,000009
reveal 0,223144 0,000149
revenue 0,342490 0,000076
reverse 0,527633 0,000117
review 0,693147 0,000463
ribbon 0,843970 0,000188
rich 0,116534 0,000026
rid 0,223144 0,000050
ride 0,261365 0,000174
ridiculous 0,478036 0,000106
ridiculously 1,897120 0,000422
rig 1,272966 0,000567
rigid 0,820981 0,000183
rigidly 1,832581 0,000408
rim 1,427116 0,000318
rimmed 2,040221 0,000454
rip 1,021651 0,000227
ripple 0,820981 0,000183
rise 0,030459 0,000027
risk 0,301105 0,000067
road 0,116534 0,000026
roam 0,994252 0,000221
roar 0,356675 0,000079
robe 0,673345 0,000150
rocket 2,120264 0,000472
roll 0,150823 0,000034
rope 0,430783 0,000096
rotten 0,941609 0,000210
rounds 3,912023 0,000870
routine 1,237874 0,000275
rove 1,514128 0,000337
royal 0,400478 0,000089
royalty 0,371064 0,000165
rub 0,342490 0,000229
ruddy 0,967584 0,000215
ruefully 2,120264 0,000472
ruin 0,116534 0,000026
rule 0,030459 0,000020
rumble 1,171183 0,000261
rush 0,127833 0,000028
rustle 0,967584 0,000215
rusty 1,078810 0,000240
rutted 3,912023 0,000870
sadly 0,510826 0,000114
safe 0,116534 0,000052
safely 0,371064 0,000083
sag 2,525729 0,000562
sake 0,083382 0,000019
salary 1,171183 0,000261
saline 2,525729 0,000562
salt 0,105361 0,000023
sample 1,272966 0,000283
satellite 1,966113 0,000437
satisfy 0,061875 0,000014
save 0,010050 0,000004
scale 0,274437 0,000061
scan 1,237874 0,000275
scanner 3,912023 0,000870
scanning 1,966113 0,000437
scarce 0,653926 0,000146
scared 0,941609 0,000210
scarf 1,386294 0,000308
scarlet 0,798508 0,000178
scatter 0,693147 0,000154
scattered 0,139262 0,000031
scavenger 2,813411 0,000626
schedule 2,995732 0,000667
school 0,150823 0,000067
science 0,415515 0,000185
scientific 0,776529 0,000173
scientist 1,966113 0,000437
scooter 3,912023 0,000870
scorn 0,446287 0,000099
scornful 1,203973 0,000268
scornfully 1,347074 0,000300
scour 1,203973 0,000268
scowl 1,049822 0,000467
scramble 0,941609 0,000210
scrap 0,820981 0,000183
scrape 0,634878 0,000283
scratch 0,544727 0,000242
scream 0,462035 0,000103
screen 0,843970 0,000376
screening 2,525729 0,000562
scribble 1,309333 0,000291
scrub 1,237874 0,000551
scrutiny 1,237874 0,000275
scurry 1,966113 0,000437
scuttle 1,237874 0,000275
sea 0,116534 0,000026
seal 0,371064 0,000165
search 0,040822 0,000027
season 0,235722 0,000052
seat 0,051293 0,000034
seattle 3,506558 0,000780
secret 0,051293 0,000011
secretary 0,820981 0,000183
sector 3,506558 0,001561
secure 0,061875 0,000028
securely 0,916291 0,000204
security 0,478036 0,000106
sedentary 2,207275 0,000491
seek 0,083382 0,000056
segment 2,659260 0,001183
seldom 0,301105 0,000067
select 0,301105 0,000067
selection 1,139434 0,000254
selfishness 0,843970 0,000188
sell 0,210721 0,000094
semicircular 2,407946 0,000536
send 0,020203 0,000009
sensation 0,371064 0,000083
sense 0,051293 0,000023
sentence 0,094311 0,000021
separate 0,094311 0,000042
sequence 1,560648 0,000347
serial 2,995732 0,000667
series 0,494296 0,000110
serum 3,912023 0,000870
serve 0,051293 0,000034
service 0,072571 0,000032
session 1,560648 0,000695
set 0,010050 0,000007
settle 0,083382 0,000074
setup 3,912023 0,000870
seventh 0,562119 0,000125
severe 0,301105 0,000067
severely 0,634878 0,000141
sew 0,994252 0,000221
shack 3,218876 0,000716
shadow 0,162519 0,000036
shaggy 1,049822 0,000234
shake 0,072571 0,000065
shakedown 3,912023 0,000870
shapeless 2,120264 0,000472
share 0,030459 0,000027
sharp 0,139262 0,000031
sharply 0,510826 0,000114
shattered 0,867501 0,000193
sheaf 1,714798 0,000382
sheet 0,314711 0,000140
shelf 0,634878 0,000141
shelter 0,301105 0,000067
shield 0,634878 0,000141
shift 0,510826 0,000227
shifting 0,891598 0,000198
ship 0,198451 0,000088
shipboard 2,302585 0,000512
shipment 2,995732 0,000667
shirt 0,527633 0,000117
shiver 0,478036 0,000319
shock 0,235722 0,000105
shoe 0,314711 0,000070
shop 0,494296 0,000110
shops 0,843970 0,000188
short 0,020203 0,000004
shot 0,223144 0,000099
shoulder 0,139262 0,000124
shout 0,186330 0,000124
showdown 3,912023 0,000870
shower 0,544727 0,000121
shriek 0,634878 0,000141
shrill 0,798508 0,000178
shrink 0,462035 0,000103
shrug 0,994252 0,000221
shuffle 1,427116 0,000318
shuffling 1,347074 0,000300
shut 0,051293 0,000011
shuttle 2,207275 0,000491
shy 0,673345 0,000150
shyness 1,560648 0,000347
sick 0,150823 0,000034
sickbay 3,912023 0,000870
sickening 1,309333 0,000291
sicker 2,813411 0,000626
sickly 0,891598 0,000198
sickness 0,478036 0,000106
sift 1,714798 0,000763
sigh 0,235722 0,000105
sight 0,040822 0,000018
sighted 0,733969 0,000163
sign 0,051293 0,000046
signal 0,462035 0,000308
signaling 2,995732 0,000667
signature 1,386294 0,000617
significance 1,021651 0,000227
signify 0,634878 0,000141
silence 0,051293 0,000011
silent 0,051293 0,000011
silently 0,544727 0,000121
silly 0,400478 0,000089
silver 0,210721 0,000047
silvery 1,203973 0,000268
similarity 1,386294 0,000308
simple 0,094311 0,000021
simply 0,150823 0,000034
single 0,083382 0,000019
singular 0,430783 0,000096
sink 0,072571 0,000048
sir 0,150823 0,000034
siren 2,207275 0,000491
sit 0,010050 0,000007
situation 0,198451 0,000088
sixteenth 1,171183 0,000261
sixth 0,446287 0,000099
size 0,223144 0,000050
sketchy 3,218876 0,000716
skill 0,287682 0,000128
skilled 1,272966 0,000283
skillful 2,207275 0,000491
skim 1,347074 0,000300
skin 0,174353 0,000039
skull 0,843970 0,000188
sky 0,186330 0,000041
slack 1,171183 0,000261
slam 1,309333 0,000291
slamming 2,302585 0,000512
slap 0,798508 0,000178
slaughter 0,820981 0,000365
slavery 0,798508 0,000178
sledge 1,897120 0,000422
sleek 1,386294 0,000308
sleep 0,051293 0,000034
sleepily 2,120264 0,000472
sleepless 1,049822 0,000234
slender 0,693147 0,000154
slide 0,713350 0,000159
slight 0,072571 0,000048
slip 0,150823 0,000101
slot 3,506558 0,001561
slow 0,139262 0,000062
slowly 0,150823 0,000034
slump 3,506558 0,001561
sly 0,713350 0,000159
smallpox 2,659260 0,000592
smart 0,597837 0,000133
smell 0,261365 0,000058
smile 0,150823 0,000134
smoothly 1,021651 0,000227
snap 0,733969 0,000327
snarl 1,078810 0,000240
snatch 0,462035 0,000103
sneer 0,994252 0,000442
snore 1,272966 0,000283
snort 1,272966 0,000283
snow 0,478036 0,000106
snowball 2,813411 0,000626
snuggle 2,813411 0,001252
snuggling 3,506558 0,000780
soberly 1,469676 0,000327
social 0,371064 0,000083
soft 0,210721 0,000047
soften 0,494296 0,000110
softly 0,400478 0,000089
soil 0,478036 0,000106
sol 2,525729 0,000562
solar 1,660731 0,000370
sole 0,301105 0,000067
solemnity 0,843970 0,000188
solicit 0,314711 0,000070
solicitation 0,430783 0,000096
solicitously 2,659260 0,000592
solid 0,274437 0,000061
solution 0,755023 0,000336
solve 0,478036 0,000213
son 0,083382 0,000019
sophisticated 3,506558 0,000780
sort 0,072571 0,000032
sound 0,010050 0,000007
soundly 1,021651 0,000227
soup 1,078810 0,000240
sour 0,891598 0,000198
source 0,274437 0,000061
sourly 2,407946 0,000536
south 0,235722 0,000052
space 0,105361 0,000023
spatula 3,506558 0,000780
speak 0,030459 0,000027
speaker 0,634878 0,000141
speaking 0,072571 0,000016
spear 0,967584 0,000215
special 0,083382 0,000019
specialist 1,771957 0,000394
specialized 3,218876 0,000716
specially 0,820981 0,000183
specialty 2,120264 0,000944
species 0,634878 0,000141
specific 0,820981 0,000183
specification 2,995732 0,000667
specimen 0,579818 0,000258
speed 0,274437 0,000061
spend 0,051293 0,000034
spherical 2,659260 0,000592
spin 0,510826 0,000114
spindly 3,506558 0,000780
spite 0,139262 0,000031
splatter 3,912023 0,000870
splendor 1,514128 0,000337
split 0,798508 0,000355
splitting 1,514128 0,000337
spokesman 2,302585 0,000512
sponge 1,171183 0,000261
spool 2,525729 0,000562
sporadically 3,506558 0,000780
spore 3,912023 0,000870
sport 0,446287 0,000099
spot 0,150823 0,000067
spotted 0,994252 0,000221
sprawl 1,139434 0,000254
spray 1,237874 0,000275
spread 0,051293 0,000023
spring 0,051293 0,000023
sprout 1,514128 0,000337
squad 2,407946 0,000536
square 0,223144 0,000050
squarely 1,966113 0,000437
squeeze 0,798508 0,000178
squirm 2,302585 0,000512
squirt 2,813411 0,001252
stab 0,967584 0,000215
stabilize 3,506558 0,000780
staff 0,261365 0,000058
stage 0,186330 0,000083
stagger 0,527633 0,000235
stake 0,446287 0,000099
stalk 0,755023 0,000336
stall 1,139434 0,000254
stammer 0,891598 0,000198
stand -0,009950 -0,000007
standard 0,544727 0,000121
staple 2,040221 0,000454
star 0,261365 0,000116
stare 0,328504 0,000292
start -0,009950 -0,000009
startled 0,415515 0,000092
statement 0,186330 0,000083
static 2,995732 0,000667
station 0,235722 0,000052
status 0,446287 0,000099
stay 0,061875 0,000028
steadily 0,415515 0,000092
steady 0,301105 0,000067
steal 0,105361 0,000023
steam 0,579818 0,000258
steel 0,494296 0,000110
stem 0,776529 0,000173
step 0,030459 0,000027
sterile 2,207275 0,000491
sterilize 3,912023 0,000870
stick 0,174353 0,000078
stillness 0,891598 0,000198
stimulator 3,912023 0,000870
stir 0,210721 0,000094
stock 0,235722 0,000052
stockade 2,525729 0,000562
stockroom 3,912023 0,000870
stolidly 2,120264 0,000472
stomach 0,616186 0,000137
stone 0,094311 0,000042
stooge 3,912023 0,000870
stool 0,653926 0,000291
storage 2,525729 0,000562
store 0,061875 0,000028
storeroom 2,302585 0,001025
storm 0,274437 0,000122
story 0,030459 0,000014
straight 0,105361 0,000023
straighten 0,967584 0,000215
strain 0,248461 0,000111
strange 0,061875 0,000014
stranger 0,139262 0,000031
strangers 0,356675 0,000079
strapped 1,966113 0,000437
straw 0,342490 0,000076
street 0,116534 0,000052
strength 0,030459 0,000007
stretch 0,116534 0,000026
stretcher 2,407946 0,001072
stricken 0,653926 0,000146
strict 0,186330 0,000041
stride 0,616186 0,000137
strike 0,020203 0,000013
striking 0,274437 0,000061
strip 0,385662 0,000172
stroke 0,301105 0,000134
strong 0,020203 0,000009
structure 0,634878 0,000141
struggle 0,127833 0,000085
stubborn 0,843970 0,000188
stubbornly 1,832581 0,000408
student 0,579818 0,000258
study 0,094311 0,000084
stuff 0,223144 0,000050
stumble 0,562119 0,000250
stumbling 1,108663 0,000247
stupid 0,478036 0,000106
style 0,261365 0,000058
subdued 0,494296 0,000110
subject 0,061875 0,000028
submicroscopic 3,912023 0,000870
subscribe 0,342490 0,000076
substance 0,415515 0,000092
substitute 0,713350 0,000159
subtle 0,713350 0,000159
subway 3,506558 0,001561
succeed 0,105361 0,000070
success 0,162519 0,000036
successful 0,478036 0,000106
successive 0,891598 0,000198
succinct 2,525729 0,000562
succumb 1,427116 0,000318
suck 0,597837 0,000133
suction 2,659260 0,000592
sudden 0,072571 0,000016
suddenly 0,040822 0,000009
suffer 0,061875 0,000014
sufficient 0,139262 0,000031
suffuse 1,560648 0,000347
sugar 0,776529 0,000173
suggestion 0,356675 0,000079
suit 0,198451 0,000088
suite 1,469676 0,000327
suited 0,597837 0,000133
sulk 2,120264 0,000472
sullenly 1,427116 0,000318
summer 0,186330 0,000041
sun 0,072571 0,000016
sunlight 0,843970 0,000188
superior 0,261365 0,000058
supervise 2,207275 0,000491
supplemental 3,218876 0,000716
supply 0,210721 0,000094
support 0,094311 0,000042
suppose 0,020203 0,000009
surely 0,186330 0,000041
surface 0,287682 0,000064
surge 1,078810 0,000240
surgeon 0,891598 0,000397
surgery 2,407946 0,001072
surgical 1,832581 0,000408
surpass 0,755023 0,000168
surprise 0,150823 0,000034
surprised 0,210721 0,000047
surprising 0,544727 0,000121
surprisingly 1,966113 0,000437
surround 0,162519 0,000036
surroundings 0,994252 0,000221
survey 0,462035 0,000206
survival 2,207275 0,000491
survive 0,186330 0,000124
suspect 0,162519 0,000072
suspension 1,966113 0,000437
suspicion 0,210721 0,000094
suspicious 0,579818 0,000129
suspiciously 1,832581 0,000408
sustain 0,314711 0,000070
suture 3,506558 0,001561
swallow 0,261365 0,000116
swamp 0,287682 0,000064
swarm 0,634878 0,000141
sway 0,494296 0,000110
swear 0,261365 0,000058
sweat 0,562119 0,000125
sweep 0,274437 0,000061
sweeping 0,820981 0,000183
swiftly 0,713350 0,000159
swiftness 1,309333 0,000291
swim 0,478036 0,000213
swing 0,430783 0,000192
swinging 0,798508 0,000178
switch 1,514128 0,000674
swivel 2,525729 0,000562
syllable 0,776529 0,000173
symbiosis 3,912023 0,000870
symbiotic 3,912023 0,000870
symbol 1,108663 0,000493
symbolize 2,525729 0,000562
sympathize 1,309333 0,000291
symptom 0,693147 0,000154
synonymous 0,446287 0,000099
synthesize 3,912023 0,001741
syringe 2,995732 0,000667
table 0,083382 0,000019
tacit 1,560648 0,000347
tag 2,120264 0,000472
tail 0,356675 0,000079
tailor 1,108663 0,000493
talent 0,385662 0,000172
talk 0,061875 0,000028
talking 0,150823 0,000034
tall 0,198451 0,000044
tank 1,832581 0,000816
tanner 2,302585 0,000512
tape 1,660731 0,000739
tapered 2,659260 0,000592
task 0,248461 0,000055
tax 0,248461 0,000111
teach 0,083382 0,000056
team 1,049822 0,000467
tear 0,030459 0,000020
technicality 3,506558 0,000780
technician 3,912023 0,001741
technique 2,659260 0,001183
technology 3,506558 0,000780
teddy 2,995732 0,000667
teem 1,309333 0,000291
telepathic 3,912023 0,000870
telepathy 3,218876 0,000716
telephone 2,120264 0,000472
telescope 1,386294 0,000308
telescopic 3,506558 0,000780
teletype 3,912023 0,001741
temper 0,261365 0,000058
tempera 3,912023 0,000870
temperature 1,469676 0,000654
tempered 0,653926 0,000146
temple 0,314711 0,000070
temporary 0,713350 0,000159
temptation 0,430783 0,000096
tempting 0,967584 0,000215
tension 1,514128 0,000337
tentatively 2,525729 0,000562
tenuous 2,995732 0,000667
term 0,061875 0,000028
terminal 3,218876 0,000716
terran 3,912023 0,000870
terrene 3,506558 0,000780
terrible 0,186330 0,000041
terrify 0,579818 0,000129
territory 1,203973 0,000268
terror 0,162519 0,000036
terse 2,040221 0,000454
testimony 0,562119 0,000125
testing 2,407946 0,000536
textbook 2,659260 0,000592
thankful 0,843970 0,000188
thaw 1,386294 0,000308
theoretically 2,120264 0,000472
theory 0,400478 0,000089
therapeutic 3,912023 0,000870
therapy 3,912023 0,000870
thinking 0,274437 0,000061
thinning 2,813411 0,000626
thirst 0,494296 0,000110
thirsty 0,820981 0,000183
thoughtfully 0,994252 0,000221
thread 0,342490 0,000076
threat 0,634878 0,000283
threaten 0,186330 0,000083
throat 0,223144 0,000099
throe 1,714798 0,000382
throw 0,010050 0,000009
thrust 0,287682 0,000064
thudding 2,659260 0,000592
thumb 0,916291 0,000204
thundercloud 2,995732 0,000667
tick 1,171183 0,000261
tid 3,506558 0,000780
tide 0,616186 0,000137
tie 0,105361 0,000047
tiger 1,078810 0,000240
tight 0,494296 0,000110
tightly 0,867501 0,000193
time -0,009950 -0,000004
timorously 2,995732 0,000667
tinge 0,994252 0,000221
tiny 0,820981 0,000365
tired 0,198451 0,000044
tissue 1,427116 0,000635
title 0,116534 0,000026
todd 3,506558 0,000780
tolerance 2,302585 0,000512
tolerant 2,040221 0,000454
tolerate 1,078810 0,000240
tomorrow 0,755023 0,000168
tongue 0,139262 0,000031
tool 0,478036 0,000106
tooth 0,186330 0,000041
toothed 2,813411 0,000626
topic 0,733969 0,000163
torture 0,371064 0,000083
toss 0,494296 0,000110
tossing 0,916291 0,000204
total 0,579818 0,000129
totally 0,916291 0,000204
touch 0,010050 0,000007
tough 0,891598 0,000397
tour 0,916291 0,000204
tower 0,314711 0,000210
town 0,094311 0,000042
toxic 3,506558 0,000780
trace 0,198451 0,000132
track 0,415515 0,000185
tract 1,049822 0,000467
trade 0,287682 0,000064
trademark 0,562119 0,000125
trader 1,272966 0,000567
tradesman 1,139434 0,000254
trading 1,237874 0,000275
tradition 0,755023 0,000336
traditionally 3,912023 0,000870
trail 0,653926 0,000146
train 0,162519 0,000108
training 0,776529 0,000173
traitor 1,078810 0,000240
tramp 0,891598 0,000198
trample 0,597837 0,000133
transcribe 0,462035 0,000103
transcriber 1,714798 0,000382
transcript 2,302585 0,000512
transcription 0,527633 0,000117
transfer 0,693147 0,000154
transit 1,966113 0,000437
translator 1,347074 0,000300
transmitter 3,912023 0,000870
transplant 1,966113 0,000875
transplantation 3,912023 0,000870
transport 0,653926 0,000146
trap 0,527633 0,000117
trapped 2,040221 0,000454
travel 0,198451 0,000177
traveler 1,771957 0,000394
treasure 0,261365 0,000116
treatment 0,127833 0,000028
tremble 0,174353 0,000116
trial 0,261365 0,000058
tricky 2,407946 0,000536
trifle 0,446287 0,000099
trimming 1,660731 0,000370
trip 0,510826 0,000455
triumph 0,261365 0,000058
triumphantly 0,941609 0,000210
trivial 0,776529 0,000173
tropical 1,560648 0,000347
trouble 0,010050 0,000004
trousers 0,843970 0,000188
trove 2,659260 0,000592
truce 1,203973 0,000268
truck 1,560648 0,000347
true 0,020203 0,000004
trump 1,386294 0,000308
trust 0,061875 0,000014
trustingly 3,506558 0,000780
truth 0,030459 0,000007
tube 1,309333 0,000583
tubing 3,218876 0,000716
tubule 3,912023 0,000870
tuck 1,049822 0,000467
tuesday 1,139434 0,000254
tumble 0,494296 0,000110
tumor 2,813411 0,000626
twin 1,108663 0,000247
twist 0,314711 0,000070
type 0,174353 0,000078
typer 3,912023 0,000870
typical 1,560648 0,000347
typography 3,218876 0,000716
ugly 0,385662 0,000086
ultimate 0,941609 0,000210
ultimately 1,108663 0,000247
unable 0,248461 0,000055
unaccompanied 2,525729 0,000562
unaffected 1,386294 0,000308
unafflicted 3,506558 0,000780
unavailable 3,506558 0,000780
unavoidable 1,049822 0,000234
unbearably 2,813411 0,000626
unbecoming 1,660731 0,000370
unbelievable 2,659260 0,000592
unbelieving 1,771957 0,000394
uncanny 1,560648 0,000347
unclenched 3,218876 0,000716
uncomfortably 1,771957 0,000394
unconcerned 1,660731 0,000370
uncontacted 3,912023 0,000870
uncover 0,916291 0,000204
undercurrent 2,995732 0,000667
undergo 0,510826 0,000114
underlie 1,714798 0,000382
underling 2,813411 0,000626
understand 0,020203 0,000013
understanding 0,223144 0,000050
undertake 0,385662 0,000086
undertaking 0,693147 0,000154
uneasiness 0,994252 0,000221
uneasy 0,544727 0,000121
unenforceability 0,562119 0,000125
unexpected 0,430783 0,000096
unfair 1,049822 0,000234
unfamiliar 1,386294 0,000308
unforgivable 3,218876 0,000716
unfortunate 0,314711 0,000070
unhappy 0,400478 0,000089
unharmed 2,207275 0,000491
unidentified 3,912023 0,000870
uniform 0,210721 0,000047
unimaginably 3,912023 0,000870
uninfected 3,912023 0,000870
uninhabited 1,609438 0,000358
unintelligent 2,659260 0,000592
uninvestigated 3,912023 0,000870
unique 1,237874 0,000275
unit 1,771957 0,000789
united 0,094311 0,000021
universal 0,478036 0,000106
universally 0,967584 0,000215
universe 0,733969 0,000163
unleash 2,659260 0,000592
unlink 0,562119 0,000125
unloading 2,120264 0,000472
unmistakable 1,171183 0,000261
unmistakably 1,832581 0,000408
unobtrusively 2,659260 0,000592
unpaid 2,120264 0,000472
unparalleled 2,302585 0,000512
unpleasant 0,562119 0,000125
unpleasantly 1,832581 0,000408
unpronounceable 3,912023 0,000870
unquestionably 1,427116 0,000318
unrelated 3,218876 0,000716
unsolicited 0,510826 0,000114
unsuspected 1,609438 0,000358
unsympathetically 3,506558 0,000780
unthinkably 3,912023 0,000870
untold 1,714798 0,000382
untouched 1,171183 0,000261
untoward 1,897120 0,000422
untrained 2,407946 0,000536
untranslatable 3,506558 0,000780
unusually 0,891598 0,000198
unwarranted 2,813411 0,000626
unwelcome 1,469676 0,000327
unwitting 3,506558 0,000780
unworthy 0,673345 0,000150
update 0,510826 0,000114
uphold 1,237874 0,000275
upright 0,301105 0,000067
uproar 1,021651 0,000227
upset 0,755023 0,000168
urge 0,274437 0,000061
urgent 0,798508 0,000178
ursine 3,912023 0,000870
useless 0,235722 0,000052
user 0,544727 0,000121
usher 0,867501 0,000193
usual 0,139262 0,000031
ut 0,510826 0,000114
utmost 0,356675 0,000079
utter 0,162519 0,000036
vacancy 1,139434 0,000254
vaguely 0,967584 0,000215
vain 0,116534 0,000026
valid 1,966113 0,000437
valley 0,544727 0,000121
valuable 0,342490 0,000076
van 1,021651 0,000227
vanilla 0,544727 0,000121
vanish 0,314711 0,000070
vapor 1,966113 0,000437
variety 0,150823 0,000067
vascular 3,912023 0,000870
vast 0,223144 0,000050
vegetarian 2,995732 0,000667
vegetation 1,560648 0,000347
vehicle 0,843970 0,000376
velvet 0,891598 0,000198
venous 3,218876 0,000716
vent 0,798508 0,000178
ventilation 2,207275 0,000491
verge 0,867501 0,000193
version 0,342490 0,000076
vessel 0,446287 0,000199
vestige 1,272966 0,000283
veto 2,995732 0,000667
vibrate 1,021651 0,000227
vibration 1,832581 0,000408
vicinity 1,078810 0,000240
viciously 2,120264 0,000472
victim 0,385662 0,000086
view 0,040822 0,000027
viewer 3,912023 0,000870
vigilantly 2,995732 0,000667
vigorously 1,021651 0,000227
vii 0,430783 0,000096
viii 0,446287 0,000099
village 0,356675 0,000079
villages 0,820981 0,000183
vindicate 1,427116 0,000318
violate 0,342490 0,000076
violent 0,223144 0,000050
violently 0,462035 0,000103
virological 3,912023 0,000870
virologist 3,912023 0,000870
virtual 2,995732 0,000667
virtually 1,897120 0,000422
virulence 2,813411 0,000626
virus 0,527633 0,000235
visible 0,235722 0,000052
visibly 0,916291 0,000204
vision 0,301105 0,000067
visit 0,030459 0,000027
visitor 0,446287 0,000099
vital 0,693147 0,000154
vividly 1,139434 0,000254
vocal 1,469676 0,000327
voice 0,020203 0,000009
void 0,261365 0,000058
voluminous 2,207275 0,000491
volunteer 0,314711 0,000070
volunteers 0,430783 0,000096
voraciously 2,525729 0,000562
vote 0,843970 0,000376
wade 1,139434 0,000507
wail 0,798508 0,000178
waist 0,693147 0,000154
wait 0,061875 0,000028
waiting 0,083382 0,000019
wake 0,223144 0,000050
walk 0,000000 0,000000
wall 0,094311 0,000042
wander 0,116534 0,000052
war 0,139262 0,000031
ward 0,755023 0,000336
wares 1,832581 0,000408
warm 0,116534 0,000052
warn 0,287682 0,000128
warning 0,235722 0,000052
warrant 0,562119 0,000125
warranty 0,544727 0,000242
wash 0,210721 0,000141
waste 0,127833 0,000057
watch 0,020203 0,000018
water 0,040822 0,000009
wave 0,210721 0,000141
waver 0,733969 0,000163
weak 0,105361 0,000047
weakly 1,309333 0,000291
weakness 0,248461 0,000055
wealth 0,287682 0,000064
weapon 0,400478 0,000089
wear 0,083382 0,000056
wearily 1,272966 0,000283
weary 0,186330 0,000041
weather 0,248461 0,000055
weave 0,693147 0,000154
weed 0,755023 0,000168
week 0,127833 0,000057
weekly 1,171183 0,000261
weigh 0,162519 0,000036
weight 0,116534 0,000026
west 0,083382 0,000019
whatsoever 0,287682 0,000064
wheeze 2,407946 0,001607
whip 0,400478 0,000089
whir 2,207275 0,000491
whisper 0,248461 0,000055
whispering 0,798508 0,000178
whistle 0,462035 0,000308
white 0,051293 0,000011
whoop 1,771957 0,000394
wide 0,030459 0,000014
widen 0,916291 0,000408
widespread 0,916291 0,000204
wilderness 0,673345 0,000150
wilfully 1,609438 0,000358
willingly 0,527633 0,000117
win 0,356675 0,000159
wind 0,094311 0,000021
winded 1,832581 0,000408
wink 0,597837 0,000133
winter 0,198451 0,000044
wipe 0,415515 0,000185
wise 0,094311 0,000021
wispy 3,506558 0,000780
wistful 2,207275 0,000491
wistfully 1,832581 0,000408
wit 0,198451 0,000044
withdraw 0,210721 0,000047
woman 0,030459 0,000007
wood 0,083382 0,000019
word 0,020203 0,000004
workable 3,912023 0,000870
worker 0,941609 0,000210
workman 0,755023 0,000168
worlds 3,218876 0,000716
worry 0,544727 0,000242
worth 0,061875 0,000014
worthy 0,186330 0,000041
wound 0,198451 0,000044
wrap 0,400478 0,000089
wrench 0,967584 0,000215
wriggle 1,171183 0,000521
write 0,020203 0,000009
writing 0,061875 0,000014
wrong 0,072571 0,000016
wryly 3,912023 0,000870
xiv 0,693147 0,000154
xix 0,867501 0,000193
yellow 0,314711 0,000070
yelp 1,660731 0,000370
yield 0,174353 0,000078
york 0,916291 0,000204
youth 0,139262 0,000031
zone 1,660731 0,000370
zoom 3,912023 0,000870
