abandon 0,223144 0,000106
abide 0,248461 0,000059
abnormally 2,302585 0,000549
abominable 0,867501 0,000207
abomination 1,609438 0,000384
abruptly 0,843970 0,000201
absence 0,274437 0,000065
absent 0,371064 0,000089
absolute 0,400478 0,000096
absolutely 0,287682 0,000069
absorb 0,446287 0,000106
abstain 1,139434 0,000272
abstract 0,733969 0,000175
abstraction 1,427116 0,000341
absurd 0,430783 0,000103
abundance 0,843970 0,000201
abundant 0,867501 0,000207
abysmal 3,218876 0,000768
abyss 0,994252 0,000237
acacia 2,813411 0,000671
academic 1,771957 0,000423
accelerate 1,771957 0,000423
accept 0,061875 0,000044
access 0,314711 0,000150
accessible 0,446287 0,000106
accession 1,966113 0,000469
accident 0,274437 0,000065
accompany 0,094311 0,000023
account 0,010050 0,000002
accumulate 0,891598 0,000213
accustomed 0,287682 0,000069
ache 0,733969 0,000175
acquaintance 0,248461 0,000059
action 0,094311 0,000023
active 0,127833 0,000031
activity 0,415515 0,000099
actual 0,174353 0,000042
acutely 1,832581 0,000437
adapt 0,653926 0,000156
adaptation 2,302585 0,000549
addition 0,116534 0,000056
additional 0,198451 0,000047
address 0,072571 0,000052
adjacent 1,469676 0,000351
adjoin 0,798508 0,000191
adjustment 2,207275 0,000527
admired 0,579818 0,000138
admit 0,116534 0,000056
adorn 0,634878 0,000151
adroitly 2,120264 0,000506
advance 0,061875 0,000044
advancement 1,203973 0,000287
advantage 0,127833 0,000031
adventure 0,301105 0,000144
advertisement 1,660731 0,000396
affair 0,094311 0,000023
affection 0,235722 0,000056
afield 2,525729 0,000603
aforementioned 3,912023 0,000933
afraid 0,105361 0,000025
africa 0,967584 0,000231
afternoon 0,274437 0,000065
agape 2,659260 0,000635
age 0,040822 0,000019
aged 0,198451 0,000047
agent 0,223144 0,000053
aghast 1,272966 0,000304
agonised 1,966113 0,000469
agony 0,462035 0,000110
agree 0,051293 0,000024
agreement 0,210721 0,000050
agriculture 1,771957 0,000423
aimlessly 1,897120 0,000453
air 0,061875 0,000015
aisle 1,832581 0,000437
alarmed 0,478036 0,000114
alarming 0,867501 0,000207
alert 0,843970 0,000201
algal 3,506558 0,000837
alike 0,287682 0,000069
alive 0,051293 0,000012
allen 2,120264 0,000506
alliance 1,108663 0,000265
aloft 0,916291 0,000219
aloud 0,301105 0,000072
alter 0,235722 0,000112
alteration 0,261365 0,000062
alternate 0,261365 0,000062
alternation 2,120264 0,000506
altogether 0,198451 0,000047
aluminium 3,506558 0,000837
amateur 1,347074 0,000321
amaze 1,660731 0,000396
amazed 0,634878 0,000151
amazement 0,446287 0,000106
amazing 0,941609 0,000225
ambition 0,510826 0,000122
ambush 1,309333 0,000312
ameliorate 2,813411 0,000671
america 0,579818 0,000138
amorous 1,386294 0,000331
amuse 0,371064 0,000177
amusement 0,478036 0,000114
anachronism 2,302585 0,001099
ancestor 0,462035 0,000110
ancestry 2,525729 0,000603
ancient 0,198451 0,000047
anecdote 1,272966 0,000607
anemone 2,995732 0,000715
anew 0,867501 0,000207
anger 0,287682 0,000069
angle 0,478036 0,000228
angry 0,174353 0,000042
anguish 0,579818 0,000138
animal 0,223144 0,000106
animated 0,755023 0,000180
ankle 0,916291 0,000219
answer 0,020203 0,000010
ant 1,309333 0,000312
antenna 3,506558 0,000837
anticipate 0,616186 0,000294
anticipation 0,733969 0,000350
anxiety 0,287682 0,000069
apace 1,771957 0,000423
apartment 0,597837 0,000285
ape 1,203973 0,000287
aperture 1,560648 0,000745
apologise 1,714798 0,000409
appal 1,021651 0,000244
appalling 1,237874 0,000295
apparatus 1,347074 0,000321
apparition 0,994252 0,000237
appeals 0,916291 0,000219
appearance 0,072571 0,000035
appetite 0,314711 0,000075
applause 0,916291 0,000219
apple 0,494296 0,000118
appliance 2,040221 0,000487
applicable 0,400478 0,000096
apply 0,116534 0,000028
appreciation 1,049822 0,000250
apprehend 0,798508 0,000191
apprehension 0,494296 0,000236
approach 0,040822 0,000029
approval 0,798508 0,000191
arbour 2,040221 0,000487
arch 0,713350 0,000170
arched 1,171183 0,000279
architecture 1,108663 0,000265
archive 0,544727 0,000130
argue 0,371064 0,000177
argument 0,287682 0,000069
argumentative 1,832581 0,000437
aristocracy 1,386294 0,000331
arm 0,030459 0,000015
armed 0,385662 0,000092
arrange 0,198451 0,000047
arrangement 0,274437 0,000065
array 0,248461 0,000059
arrears 2,207275 0,000527
arrival 0,328504 0,000078
arrive 0,083382 0,000040
art 0,127833 0,000031
artery 1,609438 0,000384
articulation 2,302585 0,000549
artificial 0,616186 0,000147
artificially 1,771957 0,000423
artistic 1,049822 0,000250
ascii 0,562119 0,000134
ash 0,400478 0,000096
ashamed 0,248461 0,000059
askew 2,407946 0,000575
asleep 0,162519 0,000039
aspect 0,446287 0,000106
aspiration 1,049822 0,000250
assail 0,891598 0,000213
assemble 0,462035 0,000110
assertion 0,891598 0,000213
assimilation 2,659260 0,000635
assistance 0,105361 0,000025
associate 0,713350 0,000170
assume 0,162519 0,000039
assumption 1,309333 0,000312
assurance 0,430783 0,000103
assure 0,127833 0,000031
astonish 0,261365 0,000062
astonishing 0,653926 0,000156
astonishment 0,301105 0,000072
atmosphere 0,579818 0,000138
atom 1,272966 0,000304
atrocious 1,427116 0,000341
attach 0,116534 0,000028
attachment 0,916291 0,000219
attack 0,198451 0,000047
attain 0,328504 0,000078
attempt 0,051293 0,000024
attend 0,127833 0,000061
attention 0,083382 0,000020
attentively 0,755023 0,000180
attenuate 2,302585 0,000549
attitude 0,446287 0,000106
attract 0,261365 0,000125
audience 0,733969 0,000175
author 0,116534 0,000028
automatic 2,813411 0,000671
avoid 0,105361 0,000050
avoidance 2,040221 0,000487
awake 0,150823 0,000072
awaken 0,430783 0,000103
aware 0,223144 0,000053
awful 0,328504 0,000078
awkward 0,544727 0,000130
awry 1,660731 0,000396
background 0,867501 0,000207
bacterium 3,506558 0,000837
bad 0,020203 0,000014
badly 0,446287 0,000106
balance 0,342490 0,000163
balloon 1,771957 0,000846
band 0,342490 0,000082
bang 1,049822 0,000250
banish 0,562119 0,000134
bank 0,210721 0,000101
bar 0,235722 0,000112
bare 0,150823 0,000036
barely 0,798508 0,000191
barometer 2,207275 0,000527
barrel 0,673345 0,000161
base 0,094311 0,000045
basis 0,673345 0,000161
bathe 1,139434 0,000272
bathing 1,272966 0,000304
batter 0,891598 0,000425
battle 0,235722 0,000056
bawl 1,714798 0,000409
bay 0,510826 0,000122
beach 1,049822 0,000250
bear 0,000000 0,000000
beard 0,527633 0,000126
bearing 1,427116 0,000341
beast 0,235722 0,000112
beat 0,083382 0,000060
beautiful 0,083382 0,000020
beautifully 0,867501 0,000207
beauty 0,162519 0,000039
beckon 0,867501 0,000207
bed 0,051293 0,000012
beget 1,171183 0,000279
begrime 2,407946 0,000575
behave 0,462035 0,000110
behaviour 0,941609 0,000225
behold 0,235722 0,000056
behove 2,302585 0,000549
belemnite 3,912023 0,000933
belief 0,198451 0,000047
bell 0,301105 0,000144
belong 0,072571 0,000017
belt 0,653926 0,000156
bench 0,544727 0,000130
beneath 0,198451 0,000047
bent 0,174353 0,000042
bewilderment 1,660731 0,000396
binary 0,562119 0,000134
bind 0,030459 0,000007
biological 2,813411 0,000671
birch 1,609438 0,000384
bird 0,150823 0,000072
birthright 2,040221 0,000487
bit 0,139262 0,000066
bitter 0,210721 0,000050
bitterly 0,579818 0,000138
bitterness 0,634878 0,000151
black 0,061875 0,000015
blacken 1,139434 0,000816
blackness 1,237874 0,000295
blank 0,527633 0,000126
blast 0,462035 0,000110
blaze 0,634878 0,000151
bleach 2,040221 0,000487
bleat 1,514128 0,000361
bleeding 0,843970 0,000201
blessing 0,415515 0,000099
blind 0,174353 0,000125
blindness 0,994252 0,000237
blink 0,994252 0,000237
block 0,494296 0,000354
blockhead 1,832581 0,000437
blood 0,116534 0,000028
bloody 0,527633 0,000126
blossom 0,673345 0,000321
blot 0,820981 0,000196
blotch 1,660731 0,000396
blow 0,061875 0,000059
blue 0,174353 0,000042
bluish 1,897120 0,000453
blunder 0,776529 0,000371
board 0,261365 0,000062
bodily 0,673345 0,000161
body 0,010050 0,000005
boldly 0,462035 0,000110
bole 2,525729 0,001205
bone 0,198451 0,000095
bonfire 1,966113 0,000469
book 0,040822 0,000010
boot 0,430783 0,000103
boss 1,469676 0,000351
bough 0,916291 0,000219
bow 0,127833 0,000061
box 0,248461 0,000059
brain 0,314711 0,000075
branch 0,186330 0,000044
brass 0,462035 0,000110
breach 0,274437 0,000065
breadth 0,653926 0,000156
break 0,010050 0,000010
breaker 1,347074 0,000321
breath 0,174353 0,000042
breathe 0,261365 0,000125
breathing 0,462035 0,000110
breed 0,342490 0,000082
breeding 0,967584 0,000231
breeze 0,713350 0,000170
bright 0,094311 0,000045
brighten 0,673345 0,000161
brightly 0,994252 0,000237
brilliancy 1,609438 0,000384
brilliant 0,430783 0,000103
brilliantly 1,560648 0,000372
bring 0,000000 0,000000
brittle 1,660731 0,000396
broad 0,127833 0,000061
brontosaurus 3,912023 0,000933
bronze 1,237874 0,000295
brood 0,597837 0,000143
brother 0,127833 0,000031
brow 0,446287 0,000213
brown 0,274437 0,000065
brush 0,478036 0,000228
brute 0,462035 0,000110
bubble 0,941609 0,000225
build 0,094311 0,000045
building 0,210721 0,000101
bulk 0,820981 0,000196
bullet 0,867501 0,000207
burn 0,061875 0,000059
burnish 1,966113 0,000469
burrow 1,609438 0,000384
burst 0,248461 0,000059
bush 0,430783 0,000103
business 0,040822 0,000010
buskin 2,659260 0,000635
busy 0,210721 0,000050
butcher 0,891598 0,000213
butt 1,078810 0,000257
butterfly 1,171183 0,000559
bye 0,776529 0,000185
cab 1,272966 0,000607
cadger 3,912023 0,000933
calamity 0,755023 0,000180
calculate 0,116534 0,000056
calm 0,274437 0,000131
calmly 0,510826 0,000122
camera 2,207275 0,000527
camphor 2,407946 0,000575
cancan 3,218876 0,000768
candle 0,415515 0,000198
candlestick 1,427116 0,000341
cannibal 1,832581 0,000437
canopy 1,514128 0,000361
capable 0,261365 0,000062
capacity 0,510826 0,000122
capitalist 2,659260 0,000635
carbuncle 2,207275 0,000527
card 0,139262 0,000033
care 0,000000 0,000000
career 0,478036 0,000114
careful 0,174353 0,000042
carefully 0,139262 0,000033
caress 0,776529 0,000371
caricature 1,514128 0,000361
carnal 1,714798 0,000409
carnivorous 2,040221 0,000487
carpet 0,462035 0,000110
carpeting 2,995732 0,000715
carriage 0,356675 0,000085
carry 0,010050 0,000007
carter 1,832581 0,000437
cartridge 1,560648 0,000372
carve 1,272966 0,000304
carved 0,843970 0,000201
cast 0,116534 0,000028
casting 0,544727 0,000130
casual 1,078810 0,000257
cat 0,462035 0,000110
catastrophe 1,021651 0,000244
catch 0,072571 0,000035
cattle 0,544727 0,000130
cautiously 0,867501 0,000207
cave 0,653926 0,000156
cavern 0,967584 0,000462
cease 0,061875 0,000030
ceiling 0,510826 0,000122
cemetery 1,469676 0,000351
central 0,733969 0,000175
centre 0,385662 0,000092
century 0,328504 0,000157
ceremony 0,446287 0,000106
certainty 0,342490 0,000082
chain 0,174353 0,000042
chair 0,261365 0,000125
chamber 0,328504 0,000078
champagne 1,469676 0,000351
chance 0,061875 0,000044
change 0,010050 0,000007
channel 0,544727 0,000130
chap 0,891598 0,000425
chapel 1,078810 0,000257
character 0,061875 0,000015
characteristic 0,400478 0,000096
charge 0,040822 0,000019
charitable 0,287682 0,000069
charity 0,186330 0,000044
charred 2,040221 0,000487
chatter 0,713350 0,000170
check 0,072571 0,000052
cheek 0,261365 0,000125
cheerful 0,385662 0,000092
cheerfully 0,820981 0,000196
cheerfulness 0,867501 0,000207
cheerless 1,714798 0,000409
cheerlessly 3,506558 0,000837
chemical 1,469676 0,000351
chemistry 1,714798 0,000409
chequered 2,813411 0,000671
chiefly 0,527633 0,000126
child 0,040822 0,000019
childbearing 3,218876 0,000768
childish 0,713350 0,000170
childlike 1,771957 0,000423
chill 0,597837 0,000143
chilled 1,139434 0,000272
chin 0,478036 0,000228
china 0,776529 0,000185
chinese 1,139434 0,000272
chinless 3,912023 0,000933
choke 0,446287 0,000106
choose 0,020203 0,000014
christmas 0,891598 0,000213
chuckle 0,941609 0,000449
cicerone 3,218876 0,000768
cigar 0,994252 0,000237
cigarette 1,386294 0,000331
circle 0,150823 0,000036
circling 1,203973 0,000287
circuit 0,867501 0,000207
circular 1,021651 0,000244
circumstance 0,116534 0,000028
city 0,051293 0,000012
civilisation 2,040221 0,000487
civilised 1,660731 0,000396
civilising 3,912023 0,000933
claim 0,083382 0,000020
clamber 1,272966 0,000911
clang 1,203973 0,000287
clap 0,755023 0,000180
clapping 1,108663 0,000265
clasp 1,021651 0,000244
class 0,248461 0,000059
clatter 0,941609 0,000225
claw 0,798508 0,000191
clean 0,210721 0,000101
clenched 1,049822 0,000250
clever 0,371064 0,000089
climate 0,713350 0,000170
climax 1,272966 0,000304
climb 0,400478 0,000191
climber 2,407946 0,000575
climbing 0,733969 0,000175
cling 0,415515 0,000297
clock 0,510826 0,000122
close 0,010050 0,000007
closely 0,223144 0,000053
closing 0,446287 0,000106
clothe 0,287682 0,000137
clothes 0,127833 0,000031
clothing 0,776529 0,000185
cloud 0,150823 0,000036
clue 1,049822 0,000501
clumsy 0,994252 0,000237
cluster 0,693147 0,000165
clutch 0,713350 0,000511
coal 0,527633 0,000126
coat 0,235722 0,000056
code 0,287682 0,000069
coil 0,867501 0,000414
cold 0,040822 0,000010
collapse 1,108663 0,000265
collect 0,248461 0,000059
collection 0,162519 0,000039
colossal 1,560648 0,000372
colour 0,510826 0,000122
coloured 0,693147 0,000165
colouring 1,514128 0,000361
colourless 1,832581 0,000437
column 0,562119 0,000134
combe 3,218876 0,000768
comet 1,832581 0,000437
comfort 0,105361 0,000025
comfortable 0,261365 0,000062
command 0,116534 0,000028
commend 0,798508 0,000191
commerce 1,078810 0,000257
commercial 0,274437 0,000065
commit 0,116534 0,000028
common 0,072571 0,000017
communicate 0,446287 0,000106
communication 0,510826 0,000122
communism 2,813411 0,000671
communistic 3,506558 0,000837
companion 0,150823 0,000036
company 0,020203 0,000010
compensation 1,049822 0,000250
compilation 0,478036 0,000114
complacency 1,427116 0,000341
complete 0,105361 0,000025
completely 0,274437 0,000065
complex 1,139434 0,000272
compliance 0,342490 0,000082
complicated 0,798508 0,000191
comply 0,287682 0,000137
compose 0,287682 0,000069
composite 2,302585 0,000549
comprehend 0,478036 0,000114
compressed 0,342490 0,000082
concavity 3,912023 0,000933
conceive 0,223144 0,000106
concept 0,527633 0,000126
concern 0,342490 0,000082
concerned 0,287682 0,000069
conclude 0,235722 0,000112
conclusion 0,210721 0,000101
concrete 1,897120 0,000453
condition 0,051293 0,000024
conductor 1,021651 0,000244
confess 0,127833 0,000031
confidence 0,139262 0,000033
confident 0,510826 0,000122
confirm 0,139262 0,000033
confirmation 0,356675 0,000085
confused 0,248461 0,000059
confusedness 3,506558 0,000837
confusing 1,966113 0,000469
confusion 0,287682 0,000069
conjuror 2,995732 0,000715
connect 0,891598 0,000213
connubial 2,813411 0,000671
conquest 0,967584 0,000231
conscious 0,314711 0,000075
consciousness 0,371064 0,000089
consent 0,223144 0,000053
consequence 0,186330 0,000044
consequential 0,478036 0,000114
considerable 0,105361 0,000025
console 0,673345 0,000161
constant 0,051293 0,000012
constellation 1,897120 0,000453
constitute 0,597837 0,000285
constitution 0,776529 0,000185
construct 0,713350 0,000170
consumptive 2,040221 0,000487
contact 0,210721 0,000050
contagious 2,040221 0,000487
contemplation 0,527633 0,000126
content 0,174353 0,000042
contented 0,400478 0,000096
contents 0,094311 0,000023
continually 0,446287 0,000106
continued 0,072571 0,000017
continuous 0,867501 0,000207
contour 2,120264 0,000506
contract 0,139262 0,000033
contrast 0,385662 0,000092
contribute 0,510826 0,000122
contribution 0,371064 0,000089
contrivance 1,309333 0,000312
contrive 0,994252 0,000237
contrived 0,713350 0,000170
control 0,223144 0,000053
controvert 2,407946 0,000575
convenience 0,673345 0,000161
convenient 0,462035 0,000110
conversation 0,186330 0,000044
conversational 2,120264 0,000506
convert 0,186330 0,000044
convey 0,287682 0,000206
conveyance 1,427116 0,000341
conviction 0,430783 0,000103
convince 0,198451 0,000047
convulsively 1,347074 0,000321
cooing 2,302585 0,000549
cooling 1,272966 0,000304
copying 0,494296 0,000118
copyright 0,415515 0,000099
coral 1,514128 0,000361
corner 0,072571 0,000017
corporation 0,400478 0,000096
correctly 0,843970 0,000201
correspondent 1,237874 0,000295
corridor 1,108663 0,000265
corrode 2,813411 0,000671
corrugated 2,407946 0,000575
corrupt 0,235722 0,000056
cost 0,105361 0,000050
costume 1,021651 0,000244
cottage 0,653926 0,000156
counsel 0,462035 0,000110
countless 1,203973 0,000287
country 0,010050 0,000005
couple 0,248461 0,000059
courage 0,150823 0,000036
court 0,094311 0,000023
cover 0,223144 0,000053
covered 0,139262 0,000033
covering 0,415515 0,000099
crab 1,609438 0,000768
crack 0,478036 0,000114
crackle 1,237874 0,000295
cradle 1,049822 0,000250
cramp 1,609438 0,000384
cramped 1,427116 0,000341
craving 1,108663 0,000265
crawl 0,494296 0,000236
creak 0,967584 0,000231
create 0,094311 0,000068
creation 0,198451 0,000047
creative 1,771957 0,000423
creature 0,116534 0,000056
credible 1,714798 0,000409
credit 0,094311 0,000023
creek 1,514128 0,000361
creep 0,198451 0,000095
crematoria 3,912023 0,000933
crest 0,820981 0,000196
cretaceous 3,912023 0,000933
crimson 0,891598 0,000213
crippling 2,525729 0,000603
critical 0,235722 0,000056
cross 0,083382 0,000020
crouching 1,049822 0,000250
crowbar 2,813411 0,000671
crowd 0,174353 0,000042
crowded 0,301105 0,000072
cruelty 0,462035 0,000110
crumple 1,237874 0,000295
crustacea 3,218876 0,000768
crystal 0,941609 0,000225
crystalline 2,525729 0,000603
cube 2,207275 0,000527
culminate 1,660731 0,000396
cultivate 0,462035 0,000110
culture 1,078810 0,000257
cunning 0,462035 0,000110
cupola 2,207275 0,001053
curb 1,272966 0,000304
curiosity 0,210721 0,000050
curious 0,261365 0,000062
curiously 0,776529 0,000185
curly 1,171183 0,000279
current 0,116534 0,000028
curse 0,342490 0,000082
curtain 0,328504 0,000157
curve 0,916291 0,000219
curved 1,171183 0,000279
cushion 0,820981 0,000196
customary 0,653926 0,000156
cut 0,030459 0,000007
cycle 1,966113 0,000469
daily 0,248461 0,000059
dainty 0,634878 0,000151
damage 0,223144 0,000106
damages 0,400478 0,000096
damned 1,139434 0,000272
damp 0,400478 0,000096
dance 0,235722 0,000112
dancing 0,371064 0,000089
danger 0,105361 0,000050
dark 0,051293 0,000024
darkle 2,407946 0,000575
darkness 0,186330 0,000089
dart 0,562119 0,000268
darwin 2,207275 0,000527
dash 0,400478 0,000191
datum 0,494296 0,000118
dawn 0,314711 0,000150
day 0,000000 0,000000
daylight 0,446287 0,000106
daylit 3,912023 0,000933
dazzle 1,272966 0,000304
dead 0,072571 0,000017
deaden 1,560648 0,000372
deadly 0,478036 0,000228
deal 0,061875 0,000015
death 0,020203 0,000005
decadence 2,995732 0,000715
decadent 2,813411 0,000671
decay 0,544727 0,000260
decayed 1,203973 0,000287
deceive 0,261365 0,000062
deception 0,916291 0,000219
deceptively 3,218876 0,000768
decide 0,040822 0,000010
decision 0,544727 0,000130
declaration 0,967584 0,000231
decorate 0,891598 0,000213
decoration 1,309333 0,000625
deductible 0,562119 0,000134
deep 0,020203 0,000010
deepen 0,867501 0,000207
deeply 0,261365 0,000062
deepness 3,218876 0,000768
deer 0,867501 0,000207
defeat 0,634878 0,000151
defect 0,261365 0,000125
defective 0,356675 0,000085
defence 0,527633 0,000126
defend 0,301105 0,000072
deficiency 1,203973 0,000287
definable 3,218876 0,000768
definite 0,755023 0,000180
degeneration 2,995732 0,000715
degradation 1,108663 0,000265
degree 0,150823 0,000036
delay 0,186330 0,000044
deletion 0,562119 0,000134
deliberately 0,693147 0,000165
delicate 0,301105 0,000072
delicately 1,171183 0,000279
delicious 0,713350 0,000170
delight 0,150823 0,000036
delighted 0,287682 0,000069
delightful 0,478036 0,000114
delightfully 1,560648 0,000372
deliquesce 3,912023 0,000933
delivery 0,994252 0,000237
demand 0,051293 0,000012
demonstrative 1,897120 0,000453
dense 0,693147 0,000331
depart 0,162519 0,000078
department 0,916291 0,000219
depend 0,040822 0,000010
deportment 1,714798 0,000409
depth 0,494296 0,000118
derelict 2,813411 0,000671
derivative 0,510826 0,000122
derive 0,210721 0,000101
descend 0,174353 0,000125
descendant 0,867501 0,000207
descent 0,634878 0,000151
deserted 0,385662 0,000092
desertion 1,514128 0,000361
desiccated 3,912023 0,000933
desire 0,051293 0,000037
desolate 0,733969 0,000175
desolation 0,916291 0,000219
despair 0,174353 0,000042
desperate 0,328504 0,000078
destine 0,494296 0,000118
destiny 0,597837 0,000143
destroy 0,061875 0,000030
detach 0,287682 0,000069
detain 0,544727 0,000130
determination 0,616186 0,000147
determine 0,061875 0,000044
detest 0,891598 0,000213
developed 0,544727 0,000130
development 0,693147 0,000165
device 0,597837 0,000143
devil 0,301105 0,000072
devise 0,733969 0,000175
devoted 0,301105 0,000072
devotion 0,510826 0,000122
dewdrop 2,813411 0,000671
dexterous 1,660731 0,000396
diagram 2,120264 0,000506
dial 1,897120 0,000905
die 0,010050 0,000007
diet 1,078810 0,000257
difference 0,174353 0,000083
differentiate 2,407946 0,000575
differentiation 2,995732 0,000715
difficult 0,116534 0,000028
difficulty 0,116534 0,000056
dilapidated 1,660731 0,000396
dilute 2,207275 0,000527
dim 0,356675 0,000085
dimension 0,916291 0,000656
dimensional 3,912023 0,000933
diminish 0,776529 0,000185
diminished 0,776529 0,000185
diminution 1,832581 0,000437
dimly 0,867501 0,000207
dimness 2,120264 0,000506
dine 0,562119 0,000134
dingy 1,347074 0,000321
dining 0,510826 0,000122
dinner 0,186330 0,000044
direct 0,040822 0,000019
direction 0,051293 0,000024
dirt 0,544727 0,000130
dirty 0,544727 0,000130
disagreeably 1,897120 0,000453
disappear 0,223144 0,000160
disappointed 0,415515 0,000099
disappointing 1,897120 0,000453
disappointment 0,462035 0,000110
disc 2,120264 0,000506
disclaim 0,462035 0,000110
disclaimer 0,562119 0,000268
discomfort 1,108663 0,000265
disconcert 1,171183 0,000279
discontinue 0,510826 0,000122
discontinuous 3,506558 0,000837
discord 1,078810 0,000515
discordantly 3,506558 0,000837
discover 0,030459 0,000015
discovery 0,287682 0,000137
discriminate 1,660731 0,000396
discuss 0,400478 0,000191
disease 0,328504 0,000157
disengage 0,843970 0,000201
disgust 0,430783 0,000103
disgusting 1,272966 0,000304
disinclination 2,407946 0,000575
disjointed 1,832581 0,000437
disk 0,415515 0,000099
dismal 0,843970 0,000201
dismay 0,597837 0,000285
dismiss 0,430783 0,000103
disordered 1,203973 0,000287
display 0,162519 0,000116
disregard 0,820981 0,000196
distance 0,105361 0,000050
distant 0,162519 0,000039
distinct 0,301105 0,000072
distinction 0,356675 0,000085
distinctly 0,478036 0,000114
distinguish 0,314711 0,000075
distress 0,274437 0,000065
distressed 0,673345 0,000161
distressing 1,108663 0,000265
distribute 0,210721 0,000151
distribution 0,430783 0,000103
distributor 0,544727 0,000130
district 0,713350 0,000170
distrust 0,733969 0,000175
disturb 0,198451 0,000047
doctor 0,400478 0,000096
dog 0,186330 0,000044
doll 1,386294 0,000331
domain 0,328504 0,000078
dome 1,309333 0,000312
donate 0,544727 0,000130
donation 0,446287 0,000213
donor 0,478036 0,000114
door 0,000000 0,000000
doorway 0,733969 0,000175
dose 1,108663 0,000265
dotted 1,347074 0,000321
doubt 0,040822 0,000029
doubtless 0,430783 0,000103
download 0,562119 0,000134
downpour 2,525729 0,000603
downstream 2,995732 0,000715
downward 0,798508 0,000191
doze 0,891598 0,000425
dozen 0,415515 0,000198
drag 0,248461 0,000119
drain 0,820981 0,000392
draught 0,527633 0,000126
draughty 3,218876 0,000768
draw 0,020203 0,000019
drawing 1,609438 0,000384
dread 0,248461 0,000119
dreadful 0,342490 0,000082
dream 0,083382 0,000080
dresden 2,659260 0,000635
dress 0,162519 0,000039
dressed 0,261365 0,000062
drift 0,462035 0,000331
drink 0,072571 0,000017
drinking 0,371064 0,000089
drive 0,030459 0,000007
driver 0,713350 0,000170
drop 0,061875 0,000044
drove 2,120264 0,000506
drown 0,314711 0,000150
dry 0,116534 0,000056
dull 0,174353 0,000083
dumb 0,562119 0,000134
dummy 1,966113 0,000469
duplicate 1,714798 0,000409
duration 1,078810 0,000257
dusk 0,941609 0,000225
dust 0,162519 0,000039
dusty 0,967584 0,000231
duty 0,061875 0,000015
dwarf 1,021651 0,000244
dwelling 0,494296 0,000118
dwindle 1,427116 0,000341
dynamite 3,218876 0,000768
eager 0,210721 0,000050
eagerly 0,385662 0,000092
ear 0,061875 0,000030
earnest 0,261365 0,000062
earnestness 0,867501 0,000207
earth 0,051293 0,000012
earthy 1,897120 0,000453
ease 0,150823 0,000036
easily 0,072571 0,000017
east 0,235722 0,000056
eastern 0,733969 0,000175
eastward 1,203973 0,000287
easy 0,000000 0,000000
eat 0,040822 0,000010
eating 0,235722 0,000056
ebb 1,078810 0,000515
ebony 1,660731 0,000396
eccentric 0,916291 0,000219
echo 0,356675 0,000085
eclipse 1,309333 0,000312
economic 1,966113 0,000469
economical 1,514128 0,000361
economise 3,912023 0,000933
eddy 1,237874 0,000886
edge 0,150823 0,000036
edifice 1,272966 0,000304
edition 0,287682 0,000137
editor 1,078810 0,000257
educate 0,544727 0,000130
education 0,415515 0,000099
educational 0,446287 0,000106
efficient 1,309333 0,000312
effort 0,094311 0,000045
eggshell 3,218876 0,000768
egotism 1,832581 0,000437
eighteen 0,462035 0,000110
eke 2,120264 0,001012
elaborate 0,867501 0,000207
elated 1,469676 0,000351
elbow 0,494296 0,000236
elect 0,210721 0,000050
electric 1,171183 0,000279
electronic 0,544727 0,000130
electronically 0,544727 0,000130
element 0,342490 0,000163
elude 1,078810 0,000515
elusive 2,302585 0,000549
email 0,562119 0,000134
embrace 0,235722 0,000056
emerge 0,653926 0,000156
emergence 2,659260 0,000635
eminent 0,967584 0,000231
emotion 0,356675 0,000170
employee 0,510826 0,000244
enable 0,274437 0,000065
encamp 1,560648 0,000372
encircle 1,021651 0,000244
encode 0,653926 0,000156
encounter 0,446287 0,000106
endlessly 2,659260 0,000635
endow 0,673345 0,000161
endure 0,210721 0,000050
enemy 0,105361 0,000050
energetic 1,078810 0,000257
energy 0,371064 0,000089
engaged 0,198451 0,000047
engagement 0,634878 0,000151
engine 0,776529 0,000185
english 0,094311 0,000023
enhance 1,237874 0,000295
enjoy 0,072571 0,000017
enormous 0,430783 0,000103
enormously 1,427116 0,000341
ensure 0,342490 0,000082
enter 0,020203 0,000010
entity 0,544727 0,000130
entry 0,776529 0,000185
environment 1,514128 0,000361
epilogue 1,966113 0,000469
equal 0,162519 0,000039
equip 0,967584 0,000231
equipment 0,415515 0,000099
ere 0,634878 0,000151
erect 0,446287 0,000106
eroticism 3,912023 0,000933
error 0,072571 0,000017
escape 0,061875 0,000030
essay 0,755023 0,000180
estimate 0,653926 0,000156
estuary 2,659260 0,000635
eternal 0,415515 0,000099
etiolate 3,218876 0,000768
eureka 2,995732 0,000715
evening 0,072571 0,000017
evergreen 1,660731 0,000396
evidence 0,235722 0,000112
evident 0,356675 0,000085
evidently 0,371064 0,000089
evil 0,150823 0,000036
evolution 1,171183 0,000279
exact 0,274437 0,000065
examination 0,385662 0,000092
examine 0,150823 0,000108
excellent 0,150823 0,000036
excessive 0,597837 0,000143
excessively 1,469676 0,000351
exchange 0,210721 0,000050
excitement 0,415515 0,000198
exclaim 0,287682 0,000069
exclamation 0,755023 0,000180
exclamatory 3,218876 0,000768
exclusion 0,371064 0,000089
exclusive 1,203973 0,000287
exclusively 1,139434 0,000272
excuse 0,139262 0,000033
exempt 0,314711 0,000075
exertion 0,693147 0,000165
exhausted 0,400478 0,000096
exhibit 0,579818 0,000277
exhilaration 2,659260 0,000635
exist 0,072571 0,000035
existence 0,150823 0,000072
existing 0,891598 0,000213
expanse 1,108663 0,000265
expect 0,051293 0,000037
expectation 0,356675 0,000085
expedition 0,733969 0,000175
expend 0,301105 0,000072
expense 0,127833 0,000061
experience 0,072571 0,000017
experiment 0,494296 0,000118
experimental 1,560648 0,000372
explain 0,116534 0,000056
explanation 0,139262 0,000033
explicit 1,347074 0,000321
exploration 2,407946 0,000575
explorations 2,407946 0,000575
explore 0,713350 0,000511
explosion 1,203973 0,000287
explosive 2,120264 0,001012
export 0,446287 0,000106
exposed 0,301105 0,000072
exposition 1,660731 0,000396
expostulation 2,040221 0,000487
expound 1,309333 0,000312
express 0,072571 0,000017
expression 0,116534 0,000028
exquisite 0,673345 0,000161
extension 1,347074 0,000321
extensive 0,798508 0,000191
extensively 2,525729 0,000603
extent 0,083382 0,000020
extinct 1,108663 0,000265
extinction 1,660731 0,000396
extravagant 0,916291 0,000219
extreme 0,186330 0,000044
extremely 0,385662 0,000092
exuberant 1,966113 0,000469
exultation 1,203973 0,000287
eye 0,000000 0,000000
eyeball 2,207275 0,000527
eyelash 1,609438 0,000384
fabric 1,237874 0,000295
facet 2,813411 0,000671
facility 0,342490 0,000163
facing 2,813411 0,000671
factory 1,272966 0,000304
fade 0,371064 0,000177
fail 0,072571 0,000017
failure 0,415515 0,000099
faint 0,186330 0,000222
faintly 0,713350 0,000170
faintness 1,714798 0,000409
fair 0,051293 0,000012
fall 0,000000 0,000000
falter 0,867501 0,000207
fame 0,478036 0,000114
familiar 0,150823 0,000036
family 0,061875 0,000015
fancy 0,162519 0,000078
fantastic 0,798508 0,000191
fascination 1,078810 0,000257
fashion 0,105361 0,000025
fast 0,030459 0,000015
fastness 2,207275 0,000527
fate 0,174353 0,000042
fatigue 0,494296 0,000236
fatigued 1,203973 0,000287
fatted 2,525729 0,000603
faun 2,407946 0,000575
favoured 1,021651 0,000244
favourite 0,653926 0,000156
fear 0,020203 0,000019
fearfully 1,049822 0,000250
fearless 1,309333 0,000312
feature 0,261365 0,000125
fecundity 2,525729 0,000603
federal 0,527633 0,000126
fee 0,301105 0,000144
feeble 0,356675 0,000085
feebleness 1,832581 0,000437
feed 0,248461 0,000059
feeding 0,616186 0,000147
feel 0,020203 0,000010
feeling 0,072571 0,000017
fellow 0,040822 0,000010
female 0,385662 0,000092
fence 0,693147 0,000165
fermentation 2,659260 0,000635
fern 1,771957 0,000423
fertile 1,021651 0,000244
fervent 1,021651 0,000244
feverish 0,843970 0,000201
fiction 0,843970 0,000201
field 0,094311 0,000023
fierce 0,415515 0,000099
fiercely 0,776529 0,000185
fiftieth 1,832581 0,000437
fight 0,083382 0,000040
figurative 2,120264 0,000506
figure 0,051293 0,000024
file 0,223144 0,000160
filthily 3,218876 0,000768
financial 0,415515 0,000099
fine 0,061875 0,000015
finger 0,150823 0,000072
fingernail 3,218876 0,000768
finish 0,287682 0,000069
finished 0,162519 0,000039
fireplace 1,108663 0,000265
fireside 1,609438 0,000384
firewood 1,897120 0,000453
firmly 0,342490 0,000082
fish 0,287682 0,000137
fist 0,597837 0,000285
fit 0,030459 0,000015
fitfully 1,966113 0,000469
fitness 0,446287 0,000106
fizz 3,506558 0,000837
flag 0,653926 0,000156
flagstone 2,659260 0,000635
flake 1,427116 0,000341
flame 0,248461 0,000178
flap 0,891598 0,000425
flare 1,108663 0,000794
flash 0,261365 0,000125
flat 0,139262 0,000033
flatten 1,560648 0,000372
flaxen 1,660731 0,000396
fleck 1,714798 0,000409
flee 0,301105 0,000072
flesh 0,210721 0,000050
flicker 0,755023 0,000540
flight 0,287682 0,000069
fling 0,462035 0,000220
flirtation 2,040221 0,000487
flit 0,967584 0,000231
float 0,328504 0,000078
flood 0,430783 0,000103
floor 0,174353 0,000042
flopping 2,813411 0,000671
floral 3,912023 0,000933
flourish 0,562119 0,000134
floury 2,995732 0,000715
flow 0,174353 0,000125
flower 0,174353 0,000083
fluctuate 1,771957 0,000846
flush 0,562119 0,000134
fluttering 0,994252 0,000237
fly 0,116534 0,000056
flying 0,235722 0,000056
focus 1,560648 0,000372
foliage 0,916291 0,000219
foliated 3,506558 0,000837
follow 0,020203 0,000005
folly 0,274437 0,000065
fond 0,261365 0,000062
food 0,127833 0,000031
fool 0,235722 0,000112
foolish 0,235722 0,000056
foolishly 1,139434 0,000272
foot 0,051293 0,000024
football 2,040221 0,000487
footfall 2,207275 0,000527
footing 0,820981 0,000196
footnote 1,427116 0,000341
footprint 1,897120 0,000453
footsore 2,659260 0,000635
footstep 0,430783 0,000103
forbid 0,248461 0,000119
force 0,030459 0,000022
forearm 2,407946 0,000575
forefinger 1,272966 0,000304
foremost 0,673345 0,000161
forest 0,356675 0,000085
forget 0,010050 0,000005
forgive 0,314711 0,000075
fork 0,616186 0,000147
form 0,020203 0,000014
format 0,562119 0,000268
forthwith 1,108663 0,000265
fortunate 0,415515 0,000099
fossil 2,207275 0,001053
fossilised 3,506558 0,000837
foul 0,616186 0,000147
foundation 0,127833 0,000031
fours 1,771957 0,000423
fourth 0,174353 0,000042
fracture 1,897120 0,000453
fragile 1,714798 0,000409
fragmentary 1,966113 0,000469
frail 0,967584 0,000231
frame 0,174353 0,000125
framework 1,560648 0,000372
frankly 0,798508 0,000191
frankness 1,272966 0,000304
frantic 0,820981 0,000196
frantically 1,386294 0,000331
freedom 0,223144 0,000053
freely 0,105361 0,000025
frenzy 0,867501 0,000207
frequent 0,287682 0,000137
fresh 0,105361 0,000050
freshen 1,714798 0,000409
freshly 1,347074 0,000321
freshness 1,021651 0,000244
fret 0,713350 0,000170
friday 0,967584 0,000231
friend 0,000000 0,000000
friendliness 1,560648 0,000372
friendly 0,248461 0,000059
friendship 0,261365 0,000062
fright 0,653926 0,000156
frightened 0,301105 0,000072
frightful 0,776529 0,000185
frightfully 1,560648 0,000372
fringe 0,798508 0,000191
fro 0,494296 0,000118
frugivorous 3,912023 0,000933
fruit 0,162519 0,000078
fullness 1,966113 0,000469
fumble 1,660731 0,000396
fumbling 1,609438 0,000384
fungi 2,659260 0,000635
funny 1,021651 0,000244
furiously 0,755023 0,000180
furnish 0,527633 0,000126
furnishing 1,427116 0,000341
furtively 1,897120 0,000453
fuss 1,203973 0,000287
futile 1,469676 0,000351
futility 1,966113 0,000469
future 0,105361 0,000025
futurity 2,207275 0,000527
gain 0,040822 0,000010
gallery 0,693147 0,000331
game 0,210721 0,000050
gap 0,843970 0,000403
garden 0,150823 0,000036
garland 1,203973 0,000575
garment 0,400478 0,000096
gash 1,514128 0,000361
gate 0,210721 0,000050
gather 0,061875 0,000015
gathering 0,415515 0,000099
gaudy 1,347074 0,000321
gaunt 1,139434 0,000272
gay 0,494296 0,000118
gazette 1,609438 0,000384
generation 0,127833 0,000061
gentle 0,274437 0,000065
gentleness 0,916291 0,000219
gently 0,235722 0,000056
genuine 0,597837 0,000143
geology 2,120264 0,000506
geometrical 1,660731 0,000396
geometry 1,771957 0,000423
germ 1,386294 0,000331
german 0,478036 0,000114
gesticulate 1,714798 0,000409
gesture 0,510826 0,000244
ghastly 0,867501 0,000207
ghost 0,462035 0,000220
ghostly 1,237874 0,000295
gibbous 3,218876 0,000768
giddy 1,108663 0,000265
gift 0,210721 0,000050
girdle 1,078810 0,000257
girlish 1,897120 0,000453
glad 0,072571 0,000017
glance 0,186330 0,000133
glare 0,733969 0,000350
glaring 0,967584 0,000231
glass 0,174353 0,000083
glazed 1,660731 0,000396
gleam 0,510826 0,000244
gleefully 2,040221 0,000487
glide 0,673345 0,000321
glimmer 0,967584 0,000462
glimpse 0,462035 0,000110
glitter 0,579818 0,000138
globe 0,755023 0,000180
gloriously 1,427116 0,000341
glow 0,314711 0,000225
gnat 2,207275 0,000527
goal 0,274437 0,000065
god 0,083382 0,000020
gold 0,083382 0,000020
golden 0,342490 0,000082
govern 0,186330 0,000044
graceful 0,494296 0,000118
gracefully 1,203973 0,000287
gradual 1,049822 0,000250
gradually 0,328504 0,000078
granite 1,347074 0,000321
grant 0,061875 0,000030
grape 0,867501 0,000207
grapple 1,203973 0,000287
grasp 0,274437 0,000196
grass 0,301105 0,000072
grate 0,673345 0,000161
gratefully 0,415515 0,000099
gratitude 0,478036 0,000114
grave 0,116534 0,000028
gravitation 2,302585 0,000549
gravity 0,693147 0,000165
greasy 1,347074 0,000321
greatly 0,210721 0,000050
grecian 1,347074 0,000321
greek 0,494296 0,000118
green 0,105361 0,000025
greenery 3,506558 0,000837
greenish 1,832581 0,000437
grey 0,562119 0,000268
greyish 2,525729 0,000603
greyness 2,995732 0,000715
grief 0,356675 0,000085
grieve 0,673345 0,000161
griffin 2,525729 0,000603
grimace 1,386294 0,000331
grimly 1,108663 0,000265
grind 0,755023 0,000180
grindstone 2,302585 0,000549
grip 0,798508 0,000381
groove 1,660731 0,000793
grope 0,733969 0,000175
gross 0,235722 0,000056
grossly 1,386294 0,000331
grotesque 1,021651 0,000244
ground 0,030459 0,000007
grow 0,010050 0,000010
grunt 1,021651 0,000244
guess 0,223144 0,000160
guest 0,235722 0,000056
gulf 0,733969 0,000175
gun 0,544727 0,000130
gunpowder 1,560648 0,000372
gust 1,139434 0,000544
gusty 2,302585 0,000549
gutter 1,049822 0,000250
habit 0,162519 0,000078
habitat 2,813411 0,000671
habitual 0,916291 0,000219
haggard 1,021651 0,000244
hail 0,415515 0,000099
hailstone 2,525729 0,000603
hair 0,072571 0,000017
haired 0,820981 0,000196
hairless 2,813411 0,000671
hairy 1,078810 0,000257
halitus 3,912023 0,000933
hall 0,274437 0,000131
hallo 1,966113 0,000469
halted 0,843970 0,000201
hammer 0,544727 0,000260
hand 0,010050 0,000005
handle 0,223144 0,000106
hang 0,198451 0,000047
happen 0,030459 0,000022
happily 0,478036 0,000114
happy 0,061875 0,000015
hard 0,040822 0,000019
hardship 0,713350 0,000170
harmless 0,248461 0,000059
harmony 0,579818 0,000138
harsh 0,462035 0,000110
harshly 1,078810 0,000257
hart 0,462035 0,000110
harvest 0,713350 0,000170
hastily 0,462035 0,000110
hastings 3,218876 0,000768
hasty 0,510826 0,000122
hatch 1,347074 0,000321
hatchet 1,609438 0,000384
hate 0,150823 0,000036
hateful 0,891598 0,000213
haul 0,941609 0,000225
haunt 0,385662 0,000092
haves 3,912023 0,000933
hawk 1,108663 0,000265
hawthorn 2,659260 0,000635
haze 1,514128 0,000361
hazy 1,771957 0,000423
head 0,000000 0,000000
headline 2,659260 0,000635
headlong 0,843970 0,000201
heal 0,867501 0,000207
health 0,198451 0,000047
heap 0,248461 0,000237
hear 0,010050 0,000005
hearer 1,021651 0,000244
heart 0,010050 0,000002
hearthrug 2,525729 0,000603
heat 0,198451 0,000047
heaven 0,174353 0,000042
heavily 0,400478 0,000096
heavy 0,030459 0,000007
hectic 1,966113 0,000469
hedge 0,597837 0,000143
heel 0,356675 0,000170
heir 0,527633 0,000126
helpful 1,560648 0,000372
helpless 0,328504 0,000078
helplessness 1,386294 0,000331
hermetically 2,525729 0,000603
hesitate 0,314711 0,000150
hesitation 0,616186 0,000147
hettie 3,912023 0,000933
hide 0,072571 0,000035
hiding 0,616186 0,000147
highly 0,261365 0,000062
hilariously 3,218876 0,000768
hill 0,150823 0,000072
hillock 1,966113 0,000938
hillside 1,386294 0,000331
hilt 1,469676 0,000351
hindrance 1,049822 0,000250
hint 0,301105 0,000072
hiss 0,653926 0,000156
historian 0,994252 0,000237
historical 0,843970 0,000201
history 0,186330 0,000044
hitherto 0,385662 0,000092
hoax 2,659260 0,000635
hold 0,010050 0,000010
holder 0,430783 0,000103
hollow 0,430783 0,000103
hollowness 2,659260 0,000635
homer 1,203973 0,000287
hook 0,634878 0,000151
hop 1,108663 0,000265
hope 0,000000 0,000000
hopeless 0,510826 0,000122
hopelessly 1,078810 0,000257
horizon 0,597837 0,000143
horizontal 1,514128 0,000361
horrible 0,356675 0,000085
horribly 0,916291 0,000219
horror 0,198451 0,000047
horse 0,139262 0,000066
horticulture 3,912023 0,000933
hospitality 0,713350 0,000170
host 0,446287 0,000213
hot 0,116534 0,000056
hour 0,061875 0,000030
house 0,020203 0,000010
household 0,430783 0,000103
houses 0,139262 0,000033
hover 0,653926 0,000156
huge 0,400478 0,000096
hugely 2,407946 0,000575
hull 1,347074 0,000321
hum 0,579818 0,000138
human 0,072571 0,000017
humanity 0,494296 0,000118
humbug 1,514128 0,000361
humour 0,713350 0,000170
hundredth 1,309333 0,000625
hung 0,174353 0,000042
hunger 0,478036 0,000114
hungry 0,314711 0,000075
hurriedly 0,891598 0,000213
hurry 0,162519 0,000078
hurt 0,150823 0,000036
hush 0,527633 0,000126
husk 1,897120 0,000453
hypertrophied 3,912023 0,000933
hypothesis 1,237874 0,000295
hysterical 1,469676 0,000351
ice 0,527633 0,000126
ichthyosaurus 3,912023 0,000933
idea 0,083382 0,000040
ideal 0,776529 0,000371
identification 0,527633 0,000126
identify 0,342490 0,000082
idol 1,237874 0,000295
ignorance 0,287682 0,000069
iii 0,287682 0,000069
illuminate 0,941609 0,000225
imagination 0,223144 0,000053
imagine 0,083382 0,000060
imitate 0,579818 0,000277
immaterial 1,966113 0,000469
immemorial 1,714798 0,000409
immense 0,314711 0,000075
imminent 1,514128 0,000361
impart 0,693147 0,000165
impartiality 1,966113 0,000469
impatient 0,371064 0,000089
impede 1,309333 0,000312
impending 1,171183 0,000279
impenetrable 1,049822 0,000250
impenetrably 2,995732 0,000715
imperceptible 1,609438 0,000384
imperfect 0,673345 0,000161
impetus 1,966113 0,000469
imply 0,235722 0,000056
import 0,843970 0,000201
importation 2,525729 0,000603
impose 0,162519 0,000039
impossible 0,094311 0,000023
impressed 0,510826 0,000122
impression 0,210721 0,000101
improper 1,139434 0,000272
improve 0,385662 0,000184
impulse 0,400478 0,000096
inaccessible 1,427116 0,000341
inaccurate 0,510826 0,000122
inactive 1,897120 0,000453
inactivity 2,040221 0,000487
inadequacy 2,659260 0,000635
inadequate 1,237874 0,000295
inarticulate 1,514128 0,000361
incandescent 3,506558 0,000837
incapable 0,562119 0,000134
incessant 0,941609 0,000225
inch 0,430783 0,000103
incident 0,356675 0,000085
incidental 0,446287 0,000106
inclination 0,544727 0,000130
incline 0,733969 0,000175
inclined 0,186330 0,000044
include 0,072571 0,000069
income 0,798508 0,000191
incomplete 0,301105 0,000072
incomprehensible 1,108663 0,000265
incontinently 2,659260 0,000635
increase 0,061875 0,000044
incredible 0,653926 0,000156
incredibleness 3,912023 0,000933
incredibly 1,897120 0,000453
incredulous 1,309333 0,000312
incrustation 2,813411 0,000671
indefinable 2,120264 0,000506
indefinite 1,309333 0,000312
indemnify 0,446287 0,000106
indemnity 0,527633 0,000126
indescribably 1,771957 0,000423
indian 0,544727 0,000130
indicative 2,120264 0,000506
indicator 3,506558 0,000837
indifferently 1,049822 0,000250
indirect 0,446287 0,000106
indirectly 0,371064 0,000089
indistinct 1,139434 0,000272
indistinctly 1,897120 0,000453
individual 0,139262 0,000033
indolent 1,427116 0,000341
indoors 1,469676 0,000351
industrial 2,302585 0,000549
industry 0,843970 0,000201
inequality 1,386294 0,000331
inevitable 0,544727 0,000130
inevitably 0,843970 0,000201
inextinguishable 2,302585 0,000549
infer 0,891598 0,000425
infinitely 0,673345 0,000161
infirm 1,714798 0,000409
infirmity 1,049822 0,000250
inflammable 2,813411 0,000671
inflict 0,579818 0,000138
influence 0,198451 0,000047
infringement 0,544727 0,000130
ingenious 0,693147 0,000165
ingenuity 0,891598 0,000213
inheritance 0,798508 0,000191
inhuman 1,108663 0,000265
initiative 2,207275 0,000527
ink 0,916291 0,000219
inkling 1,427116 0,000341
inky 1,966113 0,000469
innumerable 0,634878 0,000151
inquire 0,235722 0,000056
inquiry 0,446287 0,000106
inscription 1,171183 0,000279
insect 0,916291 0,000219
insecurity 2,995732 0,000715
insensible 0,843970 0,000201
insensibly 1,386294 0,000331
insidious 1,832581 0,000437
insist 0,223144 0,000053
inspiration 0,755023 0,000180
inspire 0,371064 0,000089
instability 2,525729 0,000603
instance 0,116534 0,000056
instant 0,210721 0,000050
instantaneous 1,427116 0,000341
instinct 0,356675 0,000085
instinctive 1,203973 0,000287
instinctively 0,733969 0,000175
institution 0,713350 0,000170
insult 0,415515 0,000099
intellect 0,634878 0,000151
intellectual 0,235722 0,000056
intelligence 0,301105 0,000072
intelligent 0,342490 0,000082
intend 0,094311 0,000023
intense 0,430783 0,000206
intensely 0,820981 0,000196
intent 0,494296 0,000118
intention 0,127833 0,000031
intermarriage 3,218876 0,000768
interminable 1,237874 0,000295
intermission 1,514128 0,000361
intermittent 2,302585 0,000549
intermittently 3,218876 0,000768
internal 0,261365 0,000062
internally 1,897120 0,000453
international 0,494296 0,000118
interpolate 2,659260 0,000635
interpret 0,235722 0,000112
interpretation 0,994252 0,000237
interrogation 1,897120 0,000453
interrogative 2,659260 0,000635
interrupted 0,301105 0,000072
interruption 0,634878 0,000151
interstice 2,525729 0,000603
interval 0,301105 0,000144
intervene 0,713350 0,000170
intervention 1,514128 0,000361
intimate 0,430783 0,000103
intimation 1,272966 0,000304
intolerable 0,673345 0,000161
intonation 1,660731 0,000396
intricate 1,078810 0,000257
introduction 0,385662 0,000092
introspective 2,659260 0,000635
intrusion 1,237874 0,000295
invalidity 0,527633 0,000126
invasion 1,427116 0,000341
invent 0,400478 0,000096
inventive 2,040221 0,000487
inversion 2,813411 0,000671
invest 1,021651 0,000244
investigation 0,713350 0,000170
invisible 0,562119 0,000134
involved 0,579818 0,000138
iron 0,162519 0,000039
irresistible 0,653926 0,000156
irreverent 2,302585 0,000549
irritable 1,469676 0,000351
irs 0,562119 0,000134
island 0,400478 0,000096
iv 0,328504 0,000078
ivory 0,820981 0,000196
ix 0,494296 0,000118
jacket 0,755023 0,000180
jam 1,237874 0,000295
jar 1,021651 0,000731
jealousy 0,430783 0,000103
jerk 0,820981 0,000196
jest 0,616186 0,000147
jocular 2,659260 0,000635
joint 0,446287 0,000106
journalist 1,897120 0,000453
journey 0,150823 0,000036
joy 0,127833 0,000031
joyous 0,941609 0,000225
judge 0,061875 0,000030
judgment 0,198451 0,000047
july 0,616186 0,000147
jump 0,430783 0,000206
jumping 0,798508 0,000191
jurassic 3,912023 0,000933
justification 1,139434 0,000272
keen 0,371064 0,000177
keenly 0,967584 0,000231
keenness 2,302585 0,000549
kensington 2,302585 0,000549
kentucky 2,407946 0,000575
key 0,342490 0,000082
keyhole 1,469676 0,000351
kick 0,314711 0,000075
kill 0,083382 0,000040
kindly 0,223144 0,000053
king 0,210721 0,000050
kiss 0,356675 0,000085
kissing 1,021651 0,000244
knapsack 2,407946 0,000575
knee 0,150823 0,000072
kneel 0,478036 0,000114
knife 0,287682 0,000069
knit 0,673345 0,000161
knock 0,287682 0,000069
knowledge 0,061875 0,000015
knuckle 1,427116 0,000341
kodak 3,218876 0,000768
laboratory 1,832581 0,000437
labour 0,562119 0,000268
labourer 1,309333 0,000312
labyrinth 1,514128 0,000361
lack 0,371064 0,000177
ladder 0,616186 0,000147
laden 0,673345 0,000161
lake 0,162519 0,000039
lame 0,798508 0,000191
lameness 2,407946 0,000575
lamp 0,400478 0,000096
land 0,051293 0,000012
landscape 0,820981 0,000196
language 0,072571 0,000017
languages 0,967584 0,000231
languor 1,560648 0,000372
lank 1,609438 0,000384
lapse 0,733969 0,000175
lash 0,562119 0,000134
late 0,094311 0,000023
laugh 0,094311 0,000068
laughingly 1,714798 0,000409
laughter 0,274437 0,000065
law 0,020203 0,000010
lawn 1,078810 0,000257
lay 0,030459 0,000022
lazily 1,237874 0,000295
lead 0,020203 0,000010
leading 0,139262 0,000033
leak 1,469676 0,000701
leal 3,506558 0,000837
lean 0,127833 0,000092
leap 0,287682 0,000069
leapt 1,560648 0,000372
learn 0,020203 0,000010
leash 2,407946 0,000575
leather 0,527633 0,000126
leave -0,009950 -0,000007
left 0,000000 0,000000
leg 0,235722 0,000056
legal 0,261365 0,000062
legally 0,342490 0,000082
leisure 0,579818 0,000138
lemur 3,506558 0,000837
lemurs 3,912023 0,000933
lend 0,430783 0,000103
leprous 2,407946 0,000575
lessening 1,660731 0,000396
lesson 0,287682 0,000137
letter 0,072571 0,000017
level 0,210721 0,000050
lever 1,427116 0,000681
liability 0,462035 0,000110
liable 0,235722 0,000056
library 0,223144 0,000053
license 0,301105 0,000072
licensed 0,430783 0,000103
lichen 2,120264 0,001012
lichenous 3,506558 0,000837
lick 0,673345 0,000161
lidless 3,506558 0,000837
lie 0,020203 0,000014
lieu 0,415515 0,000099
life -0,009950 -0,000005
lifeless 1,108663 0,000265
lifetime 0,843970 0,000403
lift 0,116534 0,000028
light 0,000000 0,000000
lighted 0,261365 0,000062
lighten 0,597837 0,000143
lightning 0,430783 0,000103
lignite 3,912023 0,000933
likeness 0,673345 0,000161
lily 1,272966 0,000304
limb 0,248461 0,000119
limit 0,287682 0,000069
limitation 0,371064 0,000089
limited 0,261365 0,000062
limp 1,108663 0,000529
limping 1,771957 0,000423
linger 0,446287 0,000106
link 0,174353 0,000083
lip 0,127833 0,000031
liquid 0,843970 0,000201
literary 0,287682 0,000069
literature 0,653926 0,000156
litter 0,843970 0,000201
live 0,010050 0,000005
liverwort 3,912023 0,000933
livid 1,171183 0,000279
living 0,020203 0,000005
load 0,430783 0,000103
loath 1,427116 0,000341
loathe 1,309333 0,000312
locate 0,371064 0,000089
location 0,494296 0,000118
logical 1,021651 0,000244
london 0,415515 0,000099
lonely 0,400478 0,000096
longing 0,653926 0,000156
loom 1,078810 0,000257
loophole 1,660731 0,000396
loose 0,094311 0,000023
lose 0,000000 0,000000
loss 0,083382 0,000020
lot 0,051293 0,000012
loud 0,105361 0,000025
loudly 0,400478 0,000096
love 0,030459 0,000007
loyal 1,203973 0,000287
lucid 1,386294 0,000331
lug 1,771957 0,000423
luminous 1,078810 0,000257
lump 0,916291 0,000219
lunch 0,967584 0,000231
lung 0,867501 0,000207
lurid 1,609438 0,000384
lurk 0,616186 0,000147
lustre 1,139434 0,000272
luxurious 0,916291 0,000219
mace 2,525729 0,000603
machine 0,210721 0,000101
machinery 1,049822 0,000250
maddened 1,897120 0,000453
madness 0,597837 0,000143
magazine 1,203973 0,000287
magnificent 0,328504 0,000078
main 0,127833 0,000031
maintain 0,094311 0,000045
maker 0,653926 0,000156
malachite 3,218876 0,000768
male 0,562119 0,000134
malign 2,120264 0,000506
mall 2,040221 0,000487
mallow 3,506558 0,000837
manager 0,597837 0,000143
manhood 0,776529 0,000185
manifestly 1,469676 0,000351
mankind 0,478036 0,000114
manliness 2,407946 0,000575
manner 0,040822 0,000010
mantel 1,832581 0,000437
marble 0,562119 0,000134
margin 0,994252 0,000237
mark 0,105361 0,000075
marked 0,061875 0,000015
marrow 1,386294 0,000331
masonry 1,832581 0,000437
mass 0,210721 0,000101
massacre 1,309333 0,000312
massive 1,049822 0,000250
master 0,072571 0,000035
masters 0,446287 0,000106
match 0,301105 0,000144
material 0,261365 0,000125
maternity 2,525729 0,000603
mathematical 1,237874 0,000295
mathematician 1,714798 0,000409
matter 0,000000 0,000000
mauve 2,525729 0,000603
maximum 0,478036 0,000114
mayor 1,514128 0,000361
meal 0,261365 0,000062
meaning 0,186330 0,000044
measure 0,127833 0,000031
meat 0,356675 0,000085
mechanical 0,843970 0,000201
mechanism 1,771957 0,000423
meddle 0,994252 0,000237
medical 1,021651 0,000244
medicine 0,562119 0,000134
meditation 0,776529 0,000185
medium 0,223144 0,000053
meek 1,272966 0,000304
meet 0,010050 0,000005
meeting 0,162519 0,000039
megatherium 3,506558 0,000837
melodious 1,609438 0,000384
melt 0,385662 0,000092
memory 0,162519 0,000039
mental 0,430783 0,000103
merchantability 0,994252 0,000237
mercury 1,203973 0,000287
mere 0,094311 0,000045
merge 1,469676 0,000351
merriment 1,139434 0,000272
metal 0,527633 0,000126
metallic 1,514128 0,000361
metalwork 3,912023 0,000933
method 0,094311 0,000045
metropolitan 1,714798 0,000409
mexican 1,966113 0,000469
michael 0,400478 0,000096
middle 0,030459 0,000007
midst 0,287682 0,000069
midway 1,514128 0,000361
mild 0,430783 0,000103
mile 0,174353 0,000083
militant 2,302585 0,000549
military 0,616186 0,000147
milky 1,714798 0,000409
mind 0,020203 0,000010
minded 0,400478 0,000096
mineral 1,609438 0,000384
mineralogy 3,506558 0,000837
mingle 0,356675 0,000085
miniature 1,139434 0,000544
minute 0,150823 0,000072
miraculous 1,171183 0,000279
miscellaneous 1,771957 0,000423
misconception 2,407946 0,000575
miserable 0,210721 0,000050
misery 0,248461 0,000059
mission 0,210721 0,000050
mississippi 0,415515 0,000099
mist 0,430783 0,000103
mistake 0,186330 0,000089
mistaken 0,261365 0,000062
misty 1,309333 0,000312
mite 1,714798 0,000409
moan 0,653926 0,000312
mockery 0,916291 0,000219
mode 0,579818 0,000138
model 0,510826 0,000244
moderate 0,579818 0,000138
modest 0,371064 0,000089
modification 0,478036 0,000114
modify 0,356675 0,000085
moist 0,843970 0,000201
molecule 2,995732 0,000715
moment 0,010050 0,000002
momentary 0,693147 0,000165
money 0,051293 0,000012
monkey 0,941609 0,000225
monomania 2,525729 0,000603
monster 0,527633 0,000252
monstrous 0,400478 0,000096
month 0,040822 0,000010
monument 0,776529 0,000185
moon 0,261365 0,000062
moonlight 0,673345 0,000161
moonlit 1,832581 0,000437
moonrise 2,525729 0,000603
moral 0,301105 0,000072
moralise 2,659260 0,000635
morning 0,040822 0,000010
mortal 0,314711 0,000075
moss 1,049822 0,000250
mother 0,072571 0,000017
motion 0,223144 0,000053
motionless 0,544727 0,000130
motive 0,356675 0,000085
mount 0,210721 0,000050
mountaineering 3,912023 0,000933
mouth 0,061875 0,000030
movement 0,287682 0,000137
multiply 0,776529 0,000185
multitude 0,385662 0,000184
mummy 1,897120 0,000453
murder 0,248461 0,000059
murmur 0,287682 0,000137
murmuring 0,967584 0,000231
museum 1,139434 0,000272
musing 1,237874 0,000295
mute 0,776529 0,000185
mutton 1,237874 0,000295
mutual 0,510826 0,000122
mysterious 0,314711 0,000075
mystery 0,235722 0,000112
mystic 1,108663 0,000265
nail 0,356675 0,000085
naked 0,274437 0,000065
nap 1,469676 0,000351
narrative 0,579818 0,000138
narrow 0,094311 0,000023
narrowly 1,272966 0,000304
nations 0,673345 0,000161
natural 0,094311 0,000023
naturally 0,210721 0,000050
nature 0,094311 0,000023
nausea 2,120264 0,000506
nauseatingly 3,912023 0,000933
nearer 0,400478 0,000096
nebuchadnezzar 2,525729 0,000603
necessity 0,210721 0,000101
neck 0,174353 0,000042
neglect 0,274437 0,000065
negligence 0,415515 0,000099
negro 0,967584 0,000231
neighbourhood 0,776529 0,000185
nemesis 2,525729 0,000603
nerve 0,371064 0,000177
nervously 1,203973 0,000287
nervousness 1,714798 0,000409
nettle 1,272966 0,000304
network 0,415515 0,000099
newsletter 0,562119 0,000134
nickel 3,218876 0,000768
nigh 0,843970 0,000201
night 0,010050 0,000005
nightmare 1,171183 0,000279
nil 2,120264 0,000506
ninepin 3,912023 0,000933
nineteenth 1,171183 0,000279
nipping 2,525729 0,000603
nitrate 2,995732 0,000715
nocturnal 1,272966 0,000304
nod 0,371064 0,000266
noise 0,139262 0,000066
noiseless 1,609438 0,000384
noiselessly 1,237874 0,000295
nonproprietary 0,562119 0,000134
noon 0,430783 0,000103
north 0,083382 0,000020
northward 1,203973 0,000287
nose 0,261365 0,000062
note 0,094311 0,000045
nothingness 1,832581 0,000437
notice 0,020203 0,000014
notify 0,371064 0,000089
notion 0,314711 0,000075
noun 1,832581 0,000437
novelty 0,798508 0,000191
nursery 1,347074 0,000321
obelisk 2,525729 0,000603
object 0,105361 0,000050
objection 0,400478 0,000096
oblique 1,966113 0,000469
obscene 1,660731 0,000396
obscure 0,478036 0,000114
obscurity 0,967584 0,000231
observation 0,446287 0,000106
observe 0,094311 0,000068
obsolete 0,446287 0,000106
obstacle 0,510826 0,000122
obvious 0,415515 0,000099
occasionally 0,371064 0,000089
occidental 3,506558 0,000837
occupation 0,371064 0,000089
occupy 0,174353 0,000042
occur 0,083382 0,000040
occurrence 0,693147 0,000165
ocean 0,415515 0,000099
octagonal 2,659260 0,000635
october 0,653926 0,000156
odd 0,385662 0,000184
oddly 1,469676 0,000351
oddness 3,218876 0,000768
odour 1,021651 0,000244
offer 0,020203 0,000005
office 0,072571 0,000017
official 0,223144 0,000053
offspring 0,994252 0,000237
oil 0,446287 0,000213
oily 1,771957 0,000423
online 0,510826 0,000122
onset 1,469676 0,000351
onward 1,108663 0,000265
oolitic 3,912023 0,000933
operation 0,478036 0,000114
opinion 0,105361 0,000025
opportunity 0,061875 0,000030
opposition 0,494296 0,000118
oppressed 0,693147 0,000165
oppression 0,916291 0,000219
oppressive 1,171183 0,000279
optics 2,813411 0,000671
orange 0,776529 0,000185
ordinary 0,186330 0,000044
organisation 2,407946 0,000575
organise 1,966113 0,000469
organism 1,832581 0,000437
organized 0,356675 0,000085
oriental 1,108663 0,000265
original 0,105361 0,000025
originally 0,673345 0,000161
originator 0,478036 0,000114
ornamental 1,386294 0,000331
ornamented 1,171183 0,000279
outbreak 1,427116 0,000341
outcome 1,714798 0,000409
outdated 0,562119 0,000134
outflank 3,506558 0,000837
outlet 1,386294 0,000331
outline 0,579818 0,000277
overcome 0,198451 0,000142
overcrowded 2,659260 0,000635
overflow 0,616186 0,000294
overhead 0,843970 0,000201
overlook 0,527633 0,000252
overnight 2,525729 0,000603
overpower 0,941609 0,000225
overset 2,525729 0,000603
overtake 0,400478 0,000096
overturn 0,994252 0,000237
overwhelming 1,049822 0,000250
overwhelmingly 2,995732 0,000715
overwork 1,897120 0,000453
overworld 3,506558 0,000837
owe 0,105361 0,000025
owl 1,078810 0,000257
owner 0,083382 0,000020
pace 0,186330 0,000044
padding 2,659260 0,000635
pagoda 2,659260 0,000635
pain 0,051293 0,000012
painful 0,328504 0,000078
painfully 0,916291 0,000219
painting 0,713350 0,000170
pair 0,210721 0,000050
palace 0,494296 0,000236
pale 0,186330 0,000044
pall 1,272966 0,000304
pallid 1,237874 0,000295
pallor 1,347074 0,000321
palp 3,912023 0,000933
palpitate 1,714798 0,000409
palpitation 2,659260 0,000635
pane 1,078810 0,000257
panel 1,203973 0,000287
panic 1,049822 0,000250
panting 0,597837 0,000143
paper 0,083382 0,000040
paperwork 0,562119 0,000134
paradise 0,776529 0,000185
paradox 1,514128 0,000361
paraffin 3,218876 0,000768
paragraph 0,328504 0,000157
parallel 0,843970 0,000201
paralyse 2,407946 0,000575
parapet 1,714798 0,000818
parcel 0,867501 0,000207
parent 0,261365 0,000125
parental 1,514128 0,000361
partake 1,021651 0,000244
partially 0,967584 0,000231
party 0,030459 0,000007
pass 0,020203 0,000010
passage 0,105361 0,000025
passing 0,094311 0,000023
passion 0,174353 0,000042
passionate 0,634878 0,000151
patent 0,941609 0,000225
path 0,150823 0,000036
pathway 1,469676 0,000351
patience 0,139262 0,000033
patient 0,274437 0,000065
patter 1,203973 0,000287
pattern 0,597837 0,000143
pause 0,314711 0,000150
paw 1,021651 0,000244
pay 0,030459 0,000022
payment 0,274437 0,000065
peace 0,094311 0,000023
peach 1,514128 0,000361
peak 0,916291 0,000437
pebble 1,108663 0,000265
peculiar 0,223144 0,000053
peculiarity 0,755023 0,000180
pedestal 1,469676 0,000351
peel 1,139434 0,000272
peer 0,616186 0,000147
peered 1,237874 0,000295
pen 0,235722 0,000056
penetrate 0,415515 0,000099
pensive 1,171183 0,000279
peptone 3,912023 0,000933
perceive 0,198451 0,000095
perfect 0,061875 0,000030
perfection 0,446287 0,000106
perfectly 0,162519 0,000039
perforce 1,609438 0,000384
perform 0,072571 0,000052
performance 0,127833 0,000031
periodic 0,544727 0,000130
perish 0,462035 0,000110
permanency 2,407946 0,000575
permanent 0,223144 0,000053
permission 0,150823 0,000036
permit 0,094311 0,000023
perpetual 0,478036 0,000114
perplexity 0,755023 0,000180
persist 0,478036 0,000114
persistent 1,347074 0,000321
persistently 1,560648 0,000372
person -0,009950 -0,000005
perspective 1,609438 0,000384
persuade 0,223144 0,000106
persuasion 0,891598 0,000213
petal 1,897120 0,000453
petulance 2,040221 0,000487
phantasm 2,525729 0,000603
phase 1,108663 0,000265
philosophical 1,049822 0,000250
photograph 1,347074 0,000321
phrase 0,139262 0,000033
physical 0,198451 0,000047
physically 1,347074 0,000321
pick 0,223144 0,000106
picturesque 0,755023 0,000180
piece 0,020203 0,000010
pile 0,328504 0,000157
pillar 0,597837 0,000285
pillow 0,544727 0,000130
pink 0,820981 0,000196
pinkish 3,218876 0,000768
pinnacle 1,660731 0,000396
pipe 0,385662 0,000092
pistol 0,820981 0,000392
pit 0,597837 0,000143
pitch 0,261365 0,000062
piteous 1,272966 0,000304
pitiless 1,347074 0,000321
pity 0,139262 0,000066
plain 0,040822 0,000010
plainly 0,261365 0,000062
plaintively 2,207275 0,000527
plan 0,198451 0,000047
plane 1,171183 0,000559
planet 1,021651 0,000488
plant 0,186330 0,000044
plate 0,314711 0,000150
plato 1,237874 0,000295
plausibility 2,525729 0,000603
plausible 1,078810 0,000257
play 0,040822 0,000029
playful 1,386294 0,000331
plaything 1,386294 0,000331
pleasant 0,162519 0,000039
pleasure 0,051293 0,000012
plenty 0,235722 0,000056
plesiosaurus 3,912023 0,000933
plight 1,237874 0,000295
plough 0,941609 0,000225
pluck 0,371064 0,000089
plunge 0,314711 0,000075
pocket 0,371064 0,000177
poignant 1,560648 0,000372
poisonous 1,272966 0,000304
pole 0,494296 0,000118
polished 0,673345 0,000161
polynesian 2,813411 0,000671
poor 0,020203 0,000005
popular 0,430783 0,000103
population 0,941609 0,000225
porcelain 1,771957 0,000423
pork 1,272966 0,000304
portal 1,347074 0,000643
portion 0,301105 0,000072
portrait 0,597837 0,000143
position 0,162519 0,000039
possess 0,061875 0,000015
possession 0,083382 0,000020
possibility 0,150823 0,000072
post 0,051293 0,000012
postal 2,659260 0,000635
posterity 1,139434 0,000272
potentiality 3,506558 0,000837
potter 1,171183 0,000279
pour 0,116534 0,000028
powder 0,597837 0,000143
powdery 2,407946 0,000575
power 0,030459 0,000015
powerful 0,223144 0,000053
practicable 1,309333 0,000312
practical 0,494296 0,000118
practically 0,235722 0,000056
precessional 3,912023 0,000933
precious 0,162519 0,000039
precipitous 1,897120 0,000453
precision 0,798508 0,000191
precocious 1,966113 0,000469
preface 0,713350 0,000170
prejudice 0,579818 0,000138
premium 1,832581 0,000437
preoccupation 2,302585 0,000549
preoccupy 1,386294 0,000331
preparation 0,328504 0,000078
prepare 0,116534 0,000028
prepared 0,105361 0,000025
presence 0,094311 0,000023
presentation 1,386294 0,000331
presently 0,385662 0,000092
preservation 1,049822 0,000250
preserve 0,083382 0,000040
press 0,105361 0,000050
pressed 0,274437 0,000065
presume 0,462035 0,000110
preternaturally 2,995732 0,000715
prettiness 3,218876 0,000768
pretty 0,150823 0,000072
prevent 0,040822 0,000019
preventive 2,659260 0,000635
previous 0,094311 0,000023
prey 0,478036 0,000114
price 0,314711 0,000075
prime 0,653926 0,000156
principle 0,274437 0,000065
print 0,116534 0,000056
proceed 0,116534 0,000056
proceeding 0,510826 0,000122
process 0,400478 0,000191
processing 0,562119 0,000134
procure 0,415515 0,000099
prodigious 1,021651 0,000244
produce 0,061875 0,000030
production 0,274437 0,000065
professor 0,261365 0,000062
profile 1,347074 0,000321
profit 0,083382 0,000020
profound 0,446287 0,000106
profoundly 0,994252 0,000237
progress 0,162519 0,000039
prohibition 0,415515 0,000099
project -0,009950 -0,000009
projection 1,714798 0,000409
prolonged 0,597837 0,000143
prominently 0,494296 0,000118
promise 0,051293 0,000024
promote 0,274437 0,000065
promotion 0,342490 0,000082
prompt 0,478036 0,000114
pronoun 2,659260 0,000635
proofread 0,562119 0,000134
proper 0,061875 0,000015
properly 0,385662 0,000092
property 0,127833 0,000031
prophecy 1,021651 0,000244
proportion 0,235722 0,000056
proportionately 2,407946 0,000575
proposition 0,820981 0,000196
proprietary 0,562119 0,000134
protect 0,139262 0,000066
protection 0,314711 0,000075
prove 0,083382 0,000040
provide 0,127833 0,000061
provincial 1,203973 0,000287
provision 0,094311 0,000045
psychologist 2,302585 0,000549
psychology 1,897120 0,000453
public 0,083382 0,000020
publisher 1,237874 0,000295
puff 0,733969 0,000175
puffing 1,771957 0,000423
pull 0,127833 0,000061
pulsate 2,813411 0,000671
pump 1,108663 0,000265
pumping 2,302585 0,000549
punishment 0,287682 0,000069
punitive 0,562119 0,000134
pupil 0,579818 0,000138
purple 0,616186 0,000147
purpose 0,040822 0,000019
purposed 1,832581 0,000437
purposeless 2,120264 0,000506
pursue 0,186330 0,000133
pursuit 0,287682 0,000069
push 0,139262 0,000100
putrefaction 2,407946 0,000575
puzzle 0,941609 0,000449
puzzled 0,494296 0,000118
puzzling 1,560648 0,000372
quack 1,897120 0,000453
quaintly 2,302585 0,000549
quality 0,186330 0,000044
qualm 2,120264 0,000506
quarter 0,105361 0,000050
quartz 2,659260 0,000635
queer 0,776529 0,000185
question 0,020203 0,000010
questioning 0,755023 0,000180
quick 0,127833 0,000031
quiet 0,094311 0,000023
quietly 0,261365 0,000062
quiver 0,494296 0,000118
race 0,162519 0,000078
radiance 1,139434 0,000272
rag 0,693147 0,000165
ragged 0,776529 0,000185
rail 0,579818 0,000138
railway 1,171183 0,000559
rain 0,150823 0,000036
raise 0,020203 0,000005
ram 0,994252 0,000237
ramification 2,813411 0,000671
range 0,328504 0,000078
rap 1,021651 0,000244
rapidly 0,371064 0,000089
rare 0,261365 0,000062
rarefy 2,813411 0,000671
rarely 0,527633 0,000126
raspberry 2,813411 0,000671
rat 0,867501 0,000207
rate 0,261365 0,000062
rave 1,272966 0,000304
raving 1,309333 0,000312
rayless 2,995732 0,000715
reach 0,000000 0,000000
reacquaint 3,912023 0,000933
reaction 1,237874 0,000295
read 0,020203 0,000010
readable 0,510826 0,000122
readjust 2,040221 0,000487
readjustment 3,912023 0,000933
real 0,040822 0,000010
realisation 1,966113 0,000469
realise 1,021651 0,000731
reality 0,301105 0,000144
rearrange 2,207275 0,000527
reason 0,010050 0,000002
reasonable 0,116534 0,000028
reasoning 0,713350 0,000170
reassure 0,820981 0,000392
rebellious 1,049822 0,000250
rebound 1,714798 0,000409
recall 0,235722 0,000112
recede 0,916291 0,000437
receipt 0,261365 0,000062
receive 0,040822 0,000029
reckon 0,385662 0,000092
recognise 0,843970 0,000403
recognition 0,713350 0,000170
recondite 2,813411 0,000671
record 0,223144 0,000160
recover 0,127833 0,000061
recovery 0,616186 0,000147
red 0,061875 0,000015
reddish 1,386294 0,000331
redistribute 0,544727 0,000130
redistributing 0,562119 0,000134
redistribution 0,562119 0,000134
reed 0,941609 0,000225
reef 1,514128 0,000361
reel 0,820981 0,000392
reference 0,198451 0,000095
refine 0,755023 0,000180
refinement 1,049822 0,000250
reflect 0,235722 0,000112
reflection 0,274437 0,000065
refrain 0,597837 0,000285
refresh 0,446287 0,000213
refuge 0,446287 0,000106
refund 0,562119 0,000134
refuse 0,083382 0,000020
regain 0,634878 0,000151
regard 0,083382 0,000020
register 0,287682 0,000069
regularity 1,021651 0,000244
regulate 0,210721 0,000050
reinforce 1,771957 0,000423
rejoin 0,776529 0,000185
relationship 0,867501 0,000207
release 0,105361 0,000025
relief 0,186330 0,000044
relieve 0,198451 0,000095
relight 2,995732 0,000715
reluctantly 0,941609 0,000225
remain 0,040822 0,000029
remains 0,150823 0,000036
remake 3,218876 0,000768
remark 0,223144 0,000106
remarkable 0,235722 0,000056
remarkably 0,733969 0,000175
remarks 0,462035 0,000110
remedy 0,150823 0,000036
remember 0,030459 0,000015
remind 0,301105 0,000216
reminiscence 1,469676 0,000351
remnant 1,049822 0,000250
remote 0,478036 0,000114
removal 1,171183 0,000279
remove 0,040822 0,000019
rename 0,544727 0,000130
render 0,186330 0,000044
renew 0,314711 0,000075
renewal 1,514128 0,000361
rent 0,510826 0,000122
repeat 0,051293 0,000024
replace 0,198451 0,000095
replacement 0,544727 0,000130
replenish 1,203973 0,000287
report 0,051293 0,000024
represent 0,210721 0,000101
representation 0,261365 0,000062
reptilian 3,506558 0,000837
repugnance 1,386294 0,000331
reputation 0,342490 0,000082
request 0,105361 0,000025
require 0,051293 0,000012
required 0,083382 0,000020
requirement 0,400478 0,000096
rescue 0,494296 0,000118
resemblance 0,713350 0,000170
reserve 0,400478 0,000096
resolute 0,891598 0,000213
resolve 0,287682 0,000069
resort 0,733969 0,000175
respect 0,040822 0,000010
rest 0,010050 0,000010
restaurant 1,469676 0,000351
restless 0,478036 0,000114
restlessness 1,347074 0,000321
restore 0,223144 0,000053
restrained 0,776529 0,000185
restraint 0,713350 0,000170
restriction 0,371064 0,000089
result 0,174353 0,000042
resume 0,301105 0,000072
retain 0,235722 0,000056
retard 1,832581 0,000437
retina 2,995732 0,000715
retort 0,820981 0,000196
retreat 0,342490 0,000245
return 0,010050 0,000010
revenue 0,342490 0,000082
reverse 0,527633 0,000378
reversed 1,171183 0,000279
revert 1,049822 0,000250
revive 0,510826 0,000244
revolution 0,634878 0,000303
rhododendron 3,912023 0,001867
rich 0,116534 0,000056
richardson 2,207275 0,000527
richly 0,891598 0,000213
richmond 2,120264 0,000506
richness 1,469676 0,000351
riddle 0,891598 0,000213
ridicule 0,994252 0,000237
rifle 1,078810 0,000257
rigorous 1,560648 0,000372
rill 1,966113 0,000469
rimmed 2,040221 0,000487
rip 1,021651 0,000244
ripe 0,820981 0,000196
ripple 0,820981 0,000196
rise 0,030459 0,000022
risk 0,301105 0,000144
river 0,174353 0,000042
roar 0,356675 0,000085
robe 0,673345 0,000321
rock 0,186330 0,000089
rocket 2,120264 0,000506
rod 0,616186 0,000147
roll 0,150823 0,000072
roof 0,186330 0,000044
root 0,235722 0,000056
rot 0,798508 0,000381
rotundity 2,995732 0,000715
roughly 0,544727 0,000130
royalty 0,371064 0,000177
rub 0,342490 0,000163
ruddy 0,967584 0,000231
rude 0,342490 0,000082
rudimentary 2,659260 0,000635
ruin 0,116534 0,000083
ruinous 1,386294 0,000331
rule 0,030459 0,000007
rush 0,127833 0,000061
rust 1,171183 0,000279
rusting 2,995732 0,000715
rustle 0,967584 0,000231
rustling 1,203973 0,000287
sable 1,514128 0,000361
saddle 0,755023 0,000180
safe 0,116534 0,000056
safety 0,356675 0,000085
saline 2,525729 0,000603
salt 0,105361 0,000025
saltpetre 3,506558 0,000837
sandal 2,120264 0,000506
sandbank 3,218876 0,000768
sanitary 2,040221 0,000487
sanitation 2,813411 0,000671
satisfaction 0,186330 0,000044
satisfy 0,061875 0,000030
saurian 3,218876 0,000768
savage 0,248461 0,000119
save 0,010050 0,000005
scaffolding 2,207275 0,000527
scale 0,274437 0,000065
scan 1,237874 0,000295
scar 1,171183 0,000279
scarce 0,653926 0,000156
scarcely 0,301105 0,000072
scarlet 0,798508 0,000191
scattered 0,139262 0,000033
scene 0,127833 0,000031
scepticism 1,771957 0,000423
scheme 0,462035 0,000220
scholar 0,579818 0,000138
school 0,150823 0,000036
schoolmaster 1,272966 0,000304
science 0,415515 0,000099
scientific 0,776529 0,000185
scientist 1,966113 0,000469
scintillate 2,525729 0,000603
sconce 2,813411 0,000671
scorched 1,386294 0,000331
score 0,446287 0,000106
scorn 0,446287 0,000106
scramble 0,941609 0,000449
scrap 0,820981 0,000196
scrape 0,634878 0,000151
scratch 0,544727 0,000130
scream 0,462035 0,000331
screws 1,966113 0,000469
scrub 1,237874 0,000295
sea 0,116534 0,000028
seal 0,371064 0,000089
search 0,040822 0,000019
seas 0,916291 0,000219
season 0,235722 0,000056
seat 0,051293 0,000024
secret 0,051293 0,000012
secure 0,061875 0,000030
security 0,478036 0,000114
seedless 3,506558 0,000837
seek 0,083382 0,000020
seize 0,116534 0,000028
select 0,301105 0,000072
selective 3,912023 0,000933
selfishness 0,843970 0,000201
semblance 1,049822 0,000250
send 0,020203 0,000014
sensation 0,371064 0,000177
sense 0,051293 0,000012
sensitive 0,693147 0,000165
sensitiveness 2,040221 0,000487
sentence 0,094311 0,000045
sentiment 0,356675 0,000085
sepia 2,813411 0,000671
sepulture 2,525729 0,000603
serenity 1,203973 0,000287
series 0,494296 0,000118
servant 0,105361 0,000050
serve 0,051293 0,000012
service 0,072571 0,000017
set 0,010050 0,000007
settle 0,083382 0,000020
seventeen 0,693147 0,000165
sex 0,462035 0,000110
sha 1,309333 0,000312
shade 0,223144 0,000053
shadow 0,162519 0,000078
shadowy 1,108663 0,000265
shaft 0,713350 0,000511
shake 0,072571 0,000069
shakily 3,506558 0,000837
shallow 0,755023 0,000180
shape 0,150823 0,000072
shaped 0,527633 0,000126
share 0,030459 0,000022
sharer 1,897120 0,000453
sharp 0,139262 0,000033
sharpened 1,049822 0,000250
shattered 0,867501 0,000207
sheep 0,371064 0,000089
sheer 0,820981 0,000196
sheet 0,314711 0,000150
shelf 0,634878 0,000151
shelter 0,301105 0,000144
sheltered 0,820981 0,000196
shift 0,510826 0,000122
shilling 0,967584 0,000231
shin 1,897120 0,000453
shine 0,150823 0,000072
shirk 1,897120 0,000905
shiver 0,478036 0,000228
shoal 1,386294 0,000331
shock 0,235722 0,000056
shoe 0,314711 0,000075
shoot 0,385662 0,000092
shop 0,494296 0,000118
shops 0,843970 0,000201
short 0,020203 0,000005
shoulder 0,139262 0,000066
shout 0,186330 0,000089
shower 0,544727 0,000260
shred 1,108663 0,000265
shrink 0,462035 0,000110
shrivel 1,714798 0,000409
shroud 0,916291 0,000219
shrub 1,237874 0,000295
shrubby 3,218876 0,000768
shudder 0,446287 0,000213
shuffling 1,347074 0,000321
shut 0,051293 0,000012
shy 0,673345 0,000161
sick 0,150823 0,000036
sickening 1,309333 0,000312
sickly 0,891598 0,000213
sickness 0,478036 0,000114
sided 1,714798 0,000409
sideways 1,139434 0,000272
siege 0,941609 0,000225
sigh 0,235722 0,000056
sight 0,040822 0,000010
sightless 2,407946 0,000575
sign 0,051293 0,000037
signal 0,462035 0,000110
silence 0,051293 0,000012
silent 0,051293 0,000012
silently 0,544727 0,000130
silhouette 2,207275 0,000527
silhouetted 2,813411 0,000671
silky 2,040221 0,000487
silver 0,210721 0,000050
silvery 1,203973 0,000287
simon 1,771957 0,000423
simple 0,094311 0,000045
simplicity 0,527633 0,000126
simply 0,150823 0,000036
sing 0,261365 0,000062
single 0,083382 0,000020
singular 0,430783 0,000103
singularly 0,843970 0,000201
sinister 1,108663 0,000265
sir 0,150823 0,000036
sirius 2,995732 0,000715
sit 0,010050 0,000007
situated 0,733969 0,000175
situation 0,198451 0,000047
sixth 0,446287 0,000106
size 0,223144 0,000053
skeleton 0,867501 0,000207
skin 0,174353 0,000042
skirt 0,527633 0,000126
skull 0,843970 0,000201
sky 0,186330 0,000044
skylight 1,966113 0,000469
slab 1,514128 0,000361
slackened 1,203973 0,000287
slake 2,207275 0,000527
slam 1,309333 0,000312
slant 1,203973 0,000287
slay 0,733969 0,000175
sleep 0,051293 0,000037
sleepiness 2,525729 0,000603
sleepy 0,713350 0,000170
sleeve 0,579818 0,000138
sleight 2,525729 0,000603
slender 0,693147 0,000165
slide 0,713350 0,000340
slight 0,072571 0,000035
slightness 3,912023 0,000933
slime 1,386294 0,000331
slip 0,150823 0,000108
slipper 0,916291 0,000219
slit 1,237874 0,000295
slope 0,527633 0,000504
sloth 1,347074 0,000321
slow 0,139262 0,000166
slowly 0,150823 0,000036
slowness 1,514128 0,000361
slumbering 1,386294 0,000331
slumbrous 3,506558 0,000837
smash 1,021651 0,000488
smear 1,171183 0,000559
smell 0,261365 0,000125
smile 0,150823 0,000144
smoke 0,186330 0,000133
smoky 1,514128 0,000361
smote 1,021651 0,000244
smother 0,941609 0,000225
smoulder 1,514128 0,000361
snail 1,660731 0,000396
snap 0,733969 0,000175
snatch 0,462035 0,000110
sniff 1,272966 0,000304
snow 0,478036 0,000114
sob 0,562119 0,000134
sober 0,562119 0,000134
social 0,371064 0,000089
society 0,210721 0,000050
sock 1,469676 0,000351
soft 0,210721 0,000050
softness 0,891598 0,000213
soil 0,478036 0,000114
soiled 1,609438 0,000384
sole 0,301105 0,000072
solemnly 0,579818 0,000138
solicit 0,314711 0,000075
solicitation 0,430783 0,000103
solid 0,274437 0,000065
solitary 0,462035 0,000110
solstice 2,659260 0,000635
solution 0,755023 0,000180
solve 0,478036 0,000228
sombre 1,171183 0,000279
son 0,083382 0,000020
sore 0,527633 0,000126
sorely 1,049822 0,000250
sorrow 0,248461 0,000059
sort 0,072571 0,000035
soul 0,083382 0,000040
sound 0,010050 0,000005
source 0,274437 0,000065
south 0,235722 0,000056
southward 1,609438 0,000384
space 0,105361 0,000025
spark 0,544727 0,000130
sparrow 1,203973 0,000287
spasmodic 1,966113 0,000469
speak 0,030459 0,000022
speaker 0,634878 0,000151
speaking 0,072571 0,000017
special 0,083382 0,000020
specialisation 3,912023 0,000933
specialist 1,771957 0,000423
species 0,634878 0,000151
specimen 0,579818 0,000277
spectacle 0,544727 0,000130
spectral 1,897120 0,000453
speculate 1,514128 0,000361
speculation 0,755023 0,000360
speech 0,139262 0,000033
speed 0,274437 0,000065
speedily 0,713350 0,000170
spellbound 2,407946 0,000575
spend 0,051293 0,000024
sphinx 1,771957 0,000423
spider 1,139434 0,000272
spike 1,386294 0,000331
spill 0,843970 0,000201
spin 0,510826 0,000244
spirit 0,051293 0,000012
spite 0,139262 0,000033
splendid 0,400478 0,000096
splendour 1,237874 0,000295
split 0,798508 0,000191
splitting 1,514128 0,000361
splutter 2,040221 0,000487
spoil 0,274437 0,000065
sport 0,446287 0,000106
spot 0,150823 0,000072
spread 0,051293 0,000037
spring 0,051293 0,000012
squat 0,941609 0,000225
stab 0,967584 0,000231
staff 0,261365 0,000062
stage 0,186330 0,000044
stagger 0,527633 0,000126
stagnant 1,771957 0,000423
stain 0,478036 0,000114
staircase 0,820981 0,000196
stalk 0,755023 0,000360
stamp 0,261365 0,000062
stanch 2,407946 0,000575
stand -0,009950 -0,000009
staple 2,040221 0,000487
star 0,261365 0,000125
stare 0,328504 0,000235
starless 2,407946 0,000575
starlight 1,897120 0,000453
starlike 3,912023 0,000933
start -0,009950 -0,000007
startled 0,415515 0,000099
startling 0,967584 0,000231
starve 0,562119 0,000268
statement 0,186330 0,000044
station 0,235722 0,000056
stationary 1,427116 0,000341
statue 0,634878 0,000151
status 0,446287 0,000106
stave 1,427116 0,000341
stay 0,061875 0,000044
steadfastly 1,660731 0,000396
steadily 0,415515 0,000099
steady 0,301105 0,000072
steatite 3,912023 0,000933
steel 0,494296 0,000118
stem 0,776529 0,000185
step 0,030459 0,000022
stick 0,174353 0,000042
sticks 0,733969 0,000175
stiff 0,430783 0,000103
stillness 0,891598 0,000213
sting 0,616186 0,000294
stir 0,210721 0,000101
stirring 0,494296 0,000118
stolid 1,660731 0,000396
stone 0,094311 0,000023
stony 0,994252 0,000237
stoop 0,400478 0,000191
store 0,061875 0,000030
storm 0,274437 0,000065
story 0,030459 0,000015
stoutly 1,237874 0,000295
straight 0,105361 0,000025
strain 0,248461 0,000059
strange 0,061875 0,000030
strangely 0,579818 0,000138
strangeness 1,386294 0,000331
stranger 0,139262 0,000033
stratification 3,506558 0,000837
streak 0,820981 0,000196
stream 0,139262 0,000066
streamer 2,207275 0,000527
streaming 0,798508 0,000191
strength 0,030459 0,000007
strengthen 0,478036 0,000114
stress 0,891598 0,000213
stretch 0,116534 0,000083
strict 0,186330 0,000044
strictly 0,579818 0,000138
stride 0,616186 0,000147
strike 0,020203 0,000010
striking 0,274437 0,000065
string 0,371064 0,000089
strive 0,385662 0,000092
stroke 0,301105 0,000072
strong 0,020203 0,000005
structure 0,634878 0,000151
struggle 0,127833 0,000092
stud 1,078810 0,000257
study 0,094311 0,000023
stuff 0,223144 0,000053
stuffy 2,120264 0,000506
stumble 0,562119 0,000134
stumbling 1,108663 0,000265
stump 0,994252 0,000237
stunned 1,078810 0,000257
stupor 1,560648 0,000372
style 0,261365 0,000062
subject 0,061875 0,000015
subjugation 2,525729 0,000603
submit 0,430783 0,000103
subscribe 0,342490 0,000082
subside 0,916291 0,000219
substance 0,415515 0,000198
substantial 0,755023 0,000180
substantive 2,525729 0,000603
substitute 0,713350 0,000170
subterranean 1,714798 0,000409
subtle 0,713350 0,000170
subtly 2,207275 0,000527
subway 3,506558 0,000837
succeed 0,105361 0,000050
succession 0,510826 0,000122
succulent 2,525729 0,000603
suck 0,597837 0,000143
sudden 0,072571 0,000017
suddenly 0,040822 0,000010
suffer 0,061875 0,000030
sufferance 2,207275 0,000527
suffering 0,210721 0,000050
sufficient 0,139262 0,000033
suffocate 1,272966 0,000304
suggestion 0,356675 0,000170
suggestive 1,237874 0,000295
suicide 1,049822 0,000250
suit 0,198451 0,000047
sullen 0,798508 0,000191
sulphur 1,609438 0,000384
summer 0,186330 0,000044
summit 0,713350 0,000170
sun 0,072571 0,000017
sunlight 0,843970 0,000201
sunlit 2,407946 0,000575
sunrise 0,891598 0,000213
sunset 0,798508 0,000191
sunshine 0,616186 0,000147
support 0,094311 0,000023
suppose 0,020203 0,000010
supposition 0,776529 0,000185
suppress 0,446287 0,000106
surely 0,186330 0,000044
sureness 3,218876 0,000768
surface 0,287682 0,000069
surmount 0,843970 0,000201
surprise 0,150823 0,000036
surprised 0,210721 0,000050
surrender 0,776529 0,000185
surround 0,162519 0,000039
survey 0,462035 0,000110
survival 2,207275 0,001053
survive 0,186330 0,000089
survivor 1,469676 0,000351
suspect 0,162519 0,000078
suspend 0,527633 0,000126
sustain 0,314711 0,000150
swamp 0,287682 0,000069
sway 0,494296 0,000236
sweat 0,562119 0,000134
sweep 0,274437 0,000065
sweeping 0,820981 0,000196
sweet 0,139262 0,000066
swell 0,186330 0,000089
swiftly 0,713350 0,000170
swim 0,478036 0,000228
swimmer 1,660731 0,000396
swing 0,430783 0,000103
swinging 0,798508 0,000191
switchback 3,912023 0,000933
swoop 1,386294 0,000331
sword 0,430783 0,000103
sympathetic 1,021651 0,000244
sympathy 0,314711 0,000075
synonymous 0,446287 0,000106
table 0,083382 0,000040
tableful 3,912023 0,000933
tail 0,356675 0,000085
tale 0,248461 0,000059
talk 0,061875 0,000030
tall 0,198451 0,000047
tamper 2,407946 0,000575
tangle 1,386294 0,000331
tangled 1,108663 0,000265
tap 0,798508 0,000191
task 0,248461 0,000059
tattered 1,309333 0,000312
tatters 1,771957 0,000423
tax 0,248461 0,000119
teach 0,083382 0,000020
tear 0,030459 0,000015
technical 1,660731 0,000396
telegraph 1,203973 0,000287
telephone 2,120264 0,000506
temerity 1,966113 0,000469
temper 0,261365 0,000062
temperate 1,078810 0,000257
tempered 0,653926 0,000156
temporary 0,713350 0,000170
temptation 0,430783 0,000103
tendency 0,527633 0,000252
tenderness 0,616186 0,000147
tension 1,514128 0,000361
tentacle 3,218876 0,000768
tentative 2,525729 0,000603
tenth 0,733969 0,000175
term 0,061875 0,000015
terrace 1,139434 0,000272
terrestrial 1,427116 0,000341
terrible 0,186330 0,000044
terribly 0,733969 0,000175
terror 0,162519 0,000078
testify 0,820981 0,000196
tether 2,040221 0,000487
texture 1,237874 0,000295
thames 1,660731 0,000396
theorise 3,506558 0,000837
theory 0,400478 0,000191
therewith 1,560648 0,000372
thicken 1,237874 0,000295
thicket 0,967584 0,000231
thickness 1,386294 0,000331
thinking 0,274437 0,000065
thirst 0,494296 0,000118
thirsty 0,820981 0,000196
thither 0,579818 0,000138
thread 0,342490 0,000163
threadbare 1,560648 0,000372
threadlike 3,218876 0,000768
threaten 0,186330 0,000044
threshold 0,562119 0,000134
thrice 0,755023 0,000180
throat 0,223144 0,000053
throb 1,021651 0,000244
throw 0,010050 0,000005
thrust 0,287682 0,000069
thud 1,771957 0,000423
thudding 2,659260 0,000635
thunder 0,430783 0,000103
thunderclap 2,659260 0,000635
thunderstorm 1,771957 0,000423
thursday 1,049822 0,000250
tickle 1,171183 0,000279
tidal 2,659260 0,000635
tie 0,105361 0,000025
tight 0,494296 0,000118
tightly 0,867501 0,000207
tile 1,203973 0,000287
time -0,009950 -0,000005
timepiece 2,813411 0,000671
tin 0,755023 0,000180
tint 1,272966 0,000304
tinted 1,609438 0,000384
tiny 0,820981 0,000196
tire 0,941609 0,000225
tired 0,198451 0,000047
tiring 2,659260 0,000635
title 0,116534 0,000028
tobacco 0,713350 0,000170
toil 0,430783 0,000103
toiler 2,525729 0,000603
tolerably 0,994252 0,000237
tolerance 2,302585 0,000549
tomb 0,755023 0,000180
tomorrow 0,755023 0,000180
tongue 0,139262 0,000066
tonight 1,272966 0,000304
tool 0,478036 0,000114
tooth 0,186330 0,000044
topic 0,733969 0,000175
torch 0,713350 0,000170
torment 0,597837 0,000143
touch 0,010050 0,000007
tower 0,314711 0,000150
toy 0,733969 0,000175
trace 0,198451 0,000142
trademark 0,562119 0,000134
tradition 0,755023 0,000180
traffic 1,171183 0,000279
trail 0,653926 0,000312
train 0,162519 0,000039
trammel 2,525729 0,000603
tramp 0,891598 0,000213
tramps 1,966113 0,000469
tranquil 0,994252 0,000237
transaction 0,967584 0,000231
transcribe 0,462035 0,000110
transcription 0,527633 0,000126
transit 1,966113 0,000469
transitory 1,897120 0,000453
translucent 2,302585 0,000549
transparent 1,021651 0,000244
transverse 2,407946 0,000575
transversely 3,218876 0,000768
trap 0,527633 0,000126
trapped 2,040221 0,000487
travel 0,198451 0,000095
traveller 0,755023 0,000180
travelling 0,693147 0,000165
traverse 0,867501 0,000414
treasure 0,261365 0,000062
treat 0,127833 0,000031
treatment 0,127833 0,000031
tree 0,061875 0,000030
tremble 0,174353 0,000083
triassic 3,506558 0,000837
tribe 0,693147 0,000165
trick 0,274437 0,000196
trickery 2,525729 0,000603
trickle 0,941609 0,000225
triumph 0,261365 0,000187
trophy 1,272966 0,000304
tropical 1,560648 0,000372
trouble 0,010050 0,000007
troublesome 0,843970 0,000201
trouser 2,040221 0,000487
trousers 0,843970 0,000201
true 0,020203 0,000005
truncate 2,813411 0,000671
trust 0,061875 0,000015
truth 0,030459 0,000007
tug 0,916291 0,000437
tumult 0,798508 0,000191
tumulus 3,506558 0,000837
tunic 1,771957 0,000423
tunnel 1,427116 0,001022
turf 1,237874 0,000591
turfy 3,912023 0,000933
twig 1,108663 0,000265
twilight 0,733969 0,000175
twinkle 1,049822 0,000501
twinkling 1,021651 0,000244
twist 0,314711 0,000075
type 0,174353 0,000083
ugly 0,385662 0,000092
ultimate 0,941609 0,000225
ultimately 1,108663 0,000265
unable 0,248461 0,000059
unaccountable 1,108663 0,000265
unaided 2,120264 0,000506
unalterable 1,309333 0,000312
unavoidable 1,049822 0,000250
unavoidably 2,120264 0,000506
unbroken 0,733969 0,000175
uncanny 1,560648 0,000372
uncertain 0,301105 0,000072
uncertainly 2,659260 0,000635
uncivil 1,897120 0,000453
uncomfortable 0,798508 0,000191
uncut 2,659260 0,000635
undecorated 3,912023 0,000933
underground 1,309333 0,000312
understand 0,020203 0,000010
underworld 3,506558 0,000837
undulating 1,560648 0,000372
unemployed 1,897120 0,000453
unendurable 1,966113 0,000469
unenforceability 0,562119 0,000134
uneven 1,427116 0,000341
unexpected 0,430783 0,000103
unfamiliar 1,386294 0,000331
unfathomable 1,771957 0,000423
unfinished 1,049822 0,000250
unfrozen 3,912023 0,000933
ungainly 2,120264 0,000506
unglazed 3,506558 0,000837
unheed 2,995732 0,000715
unhinge 2,207275 0,000527
uniform 0,210721 0,000050
uniformly 1,832581 0,000437
united 0,094311 0,000023
universal 0,478036 0,000114
universally 0,967584 0,000231
universe 0,733969 0,000175
unknown 0,105361 0,000025
unlikelier 3,912023 0,000933
unlink 0,562119 0,000134
unmeaning 2,525729 0,000603
unmelted 3,218876 0,000768
unmistakable 1,171183 0,000279
unnecessary 0,653926 0,000156
unpleasant 0,562119 0,000134
unpolished 2,407946 0,000575
unprotected 0,673345 0,000161
unreal 1,514128 0,000361
unreasonable 0,967584 0,000231
unsatisfying 2,995732 0,000715
unscrew 1,966113 0,000469
unseen 0,616186 0,000147
unsolicited 0,510826 0,000122
unsolved 1,832581 0,000437
unstable 2,040221 0,000487
unsuspected 1,609438 0,000384
unsympathetic 2,813411 0,000671
untravelled 3,218876 0,000768
update 0,510826 0,000122
upper 0,314711 0,000075
uprush 3,912023 0,000933
upset 0,755023 0,000180
upstairs 0,891598 0,000213
upward 0,579818 0,000138
urchin 1,609438 0,000384
useless 0,235722 0,000056
user 0,544727 0,000130
usual 0,139262 0,000033
ut 0,510826 0,000122
utilise 3,218876 0,001536
utopia 2,525729 0,000603
utopian 2,659260 0,000635
utter 0,162519 0,000039
vacant 0,693147 0,000165
vague 0,579818 0,000277
vaguely 0,967584 0,000231
vain 0,116534 0,000028
valley 0,544727 0,000130
valve 2,207275 0,000527
vanilla 0,544727 0,000130
vanish 0,314711 0,000225
vapour 1,514128 0,000361
variegate 1,897120 0,000453
variety 0,150823 0,000036
vary 0,342490 0,000082
vase 1,386294 0,000331
vast 0,223144 0,000053
vastly 1,203973 0,000287
vegetable 0,693147 0,000165
vegetarian 2,995732 0,000715
vegetation 1,560648 0,000372
veil 0,510826 0,000122
velocity 1,966113 0,000469
ventilating 2,813411 0,000671
ventilation 2,207275 0,000527
verb 1,609438 0,000768
verbatim 2,525729 0,000603
verdigris 2,995732 0,000715
verification 2,120264 0,000506
verify 1,171183 0,000279
vermin 1,660731 0,000396
versatility 2,813411 0,000671
version 0,342490 0,000082
vertical 1,966113 0,000469
vertically 2,813411 0,000671
vessel 0,446287 0,000106
vestige 1,272966 0,000607
vibrate 1,021651 0,000244
view 0,040822 0,000029
vigil 1,609438 0,000384
vigour 0,843970 0,000201
vii 0,430783 0,000103
viii 0,446287 0,000106
villainy 1,660731 0,000396
violate 0,342490 0,000082
violence 0,248461 0,000059
violently 0,462035 0,000110
virtue 0,287682 0,000069
virus 0,527633 0,000126
visage 1,203973 0,000287
visible 0,235722 0,000056
visibly 0,916291 0,000219
vision 0,301105 0,000144
visit 0,030459 0,000007
visitor 0,446287 0,000106
vista 1,714798 0,000409
vitality 1,309333 0,000312
vivid 0,776529 0,000185
vividly 1,139434 0,000272
voice 0,020203 0,000010
void 0,261365 0,000062
volatile 2,120264 0,000506
volunteer 0,314711 0,000150
volunteers 0,430783 0,000103
voyage 0,616186 0,000147
wade 1,139434 0,000544
waist 0,693147 0,000165
wait 0,061875 0,000015
waiting 0,083382 0,000020
wake 0,223144 0,000053
walk 0,000000 0,000000
wall 0,094311 0,000045
wan 1,427116 0,000341
wander 0,116534 0,000083
wane 0,967584 0,000462
war 0,139262 0,000033
warm 0,116534 0,000028
warn 0,287682 0,000069
warning 0,235722 0,000056
warped 1,897120 0,000453
warranty 0,544727 0,000260
wash 0,210721 0,000101
waste 0,127833 0,000092
watch 0,020203 0,000014
watchword 2,407946 0,000575
water 0,040822 0,000010
waterless 3,506558 0,000837
wave 0,210721 0,000151
wax 0,446287 0,000106
waxen 1,514128 0,000361
weak 0,105361 0,000050
weakly 1,309333 0,000312
weakness 0,248461 0,000059
wealth 0,287682 0,000069
weapon 0,400478 0,000191
wear 0,083382 0,000060
wearisome 1,139434 0,000272
weary 0,186330 0,000044
weather 0,248461 0,000059
weed 0,755023 0,000360
weedless 3,912023 0,000933
week 0,127833 0,000031
weep 0,356675 0,000085
weight 0,116534 0,000028
weird 1,309333 0,000312
welter 1,966113 0,000469
west 0,083382 0,000020
westward 1,139434 0,000272
wet 0,261365 0,000062
whatsoever 0,287682 0,000069
wheel 0,274437 0,000065
wherewith 1,514128 0,000361
whimper 1,386294 0,000331
whip 0,400478 0,000096
whirl 0,527633 0,000378
whisper 0,248461 0,000059
whispering 0,798508 0,000191
whistle 0,462035 0,000110
white 0,051293 0,000012
whiten 1,771957 0,000423
whitened 1,771957 0,000423
wholesome 0,867501 0,000207
whoop 1,771957 0,000423
wide 0,030459 0,000022
widen 0,916291 0,000219
widespread 0,916291 0,000219
wild 0,051293 0,000012
wilderness 0,673345 0,000161
wildly 0,776529 0,000185
wind 0,094311 0,000023
window 0,162519 0,000039
wine 0,235722 0,000056
wing 0,314711 0,000150
winged 1,272966 0,000304
wink 0,597837 0,000143
wintry 1,386294 0,000331
wire 0,867501 0,000207
wisely 0,653926 0,000156
wit 0,198451 0,000047
withal 1,347074 0,000321
withdraw 0,210721 0,000101
withered 0,843970 0,000201
witness 0,116534 0,000056
woman 0,030459 0,000007
wonderful 0,162519 0,000039
wonderfully 0,510826 0,000122
wonderment 2,302585 0,000549
wood 0,083382 0,000040
wooded 1,609438 0,000384
wooden 0,415515 0,000099
wool 1,049822 0,000250
word 0,020203 0,000005
worker 0,941609 0,000449
workroom 3,218876 0,000768
workshop 1,609438 0,000768
worms 1,078810 0,000257
wrap 0,400478 0,000096
wreck 0,693147 0,000165
wretch 0,653926 0,000156
wretched 0,328504 0,000078
wretchedness 1,139434 0,000272
wriggle 1,171183 0,000279
wrist 0,776529 0,000185
write 0,020203 0,000010
writer 0,328504 0,000078
writhe 0,867501 0,000207
writing 0,061875 0,000015
wrong 0,072571 0,000017
xi 0,597837 0,000143
xii 0,579818 0,000138
xiii 0,673345 0,000161
xiv 0,693147 0,000165
xvi 0,776529 0,000185
yard 0,223144 0,000053
yawn 0,820981 0,000196
yellow 0,314711 0,000075
yesterday 0,301105 0,000072
yield 0,174353 0,000042
yonder 0,843970 0,000201
yore 1,897120 0,000453
york 0,916291 0,000219
zenith 1,469676 0,000351
zoological 2,813411 0,000671
