aback 1,660731 0,000436
abandon 0,223144 0,000059
abate 1,108663 0,000291
abide 0,248461 0,000065
ability 0,478036 0,000126
abominably 1,897120 0,000498
abruptly 0,843970 0,000222
absence 0,274437 0,000072
absolutely 0,287682 0,000076
absorb 0,446287 0,000117
absurd 0,430783 0,000113
absurdity 1,049822 0,000276
abysmal 3,218876 0,000846
academic 1,771957 0,000465
academy 1,347074 0,000354
accent 0,634878 0,000334
accept 0,061875 0,000049
access 0,314711 0,000165
accessibility 2,813411 0,000739
accessible 0,446287 0,000117
accessory 1,427116 0,000375
accompany 0,094311 0,000050
accomplishment 0,994252 0,000261
accord 0,527633 0,000139
accost 1,049822 0,000276
account 0,010050 0,000005
accurate 0,941609 0,000247
accuse 0,385662 0,000203
accustomed 0,287682 0,000076
achieve 0,597837 0,000471
acquaintance 0,248461 0,000065
acquire 0,371064 0,000195
acre 0,776529 0,000204
action 0,094311 0,000025
active 0,127833 0,000034
acts 1,966113 0,000516
actual 0,174353 0,000046
add 0,094311 0,000050
addition 0,116534 0,000061
additional 0,198451 0,000052
address 0,072571 0,000038
admire 0,356675 0,000094
admired 0,579818 0,000152
admit 0,116534 0,000061
adopt 0,673345 0,000177
advance 0,061875 0,000016
advantage 0,127833 0,000067
adventure 0,301105 0,000079
advertize 3,912023 0,002055
advice 0,186330 0,000049
affair 0,094311 0,000050
affection 0,235722 0,000124
affectionate 0,616186 0,000162
affliction 0,798508 0,000210
afford 0,186330 0,000098
afore 1,609438 0,000423
afraid 0,105361 0,000028
african 1,427116 0,000375
afternoon 0,274437 0,000072
afterthought 2,525729 0,000663
age 0,040822 0,000011
aged 0,198451 0,000052
agen 2,813411 0,000739
agent 0,223144 0,000059
aggrieved 1,832581 0,000481
agree 0,051293 0,000027
agreeable 0,462035 0,000121
agreement 0,210721 0,000055
aha 1,771957 0,000465
ahem 2,525729 0,000663
aid 0,210721 0,000055
air 0,061875 0,000016
ajax 2,207275 0,000580
alarmed 0,478036 0,000126
alas 0,462035 0,000121
albert 1,832581 0,000481
alexander 1,108663 0,000291
alfred 1,897120 0,000498
alight 0,755023 0,000198
alive 0,051293 0,000013
alliteration 3,506558 0,000921
allusion 0,755023 0,000198
alphabet 1,609438 0,000423
alter 0,235722 0,000062
alteration 0,261365 0,000069
alternate 0,261365 0,000069
altogether 0,198451 0,000052
amazed 0,634878 0,000167
amazement 0,446287 0,000117
amazing 0,941609 0,000247
ambassador 1,108663 0,000291
ambition 0,510826 0,000134
ambitious 0,891598 0,000234
amen 1,237874 0,000325
amenity 2,302585 0,000605
america 0,579818 0,000152
american 0,634878 0,000334
amiable 0,755023 0,000198
amuse 0,371064 0,000097
amusement 0,478036 0,000251
amusing 0,693147 0,000182
analysis 1,347074 0,000354
anchor 0,776529 0,000204
angel 0,579818 0,000152
angels 0,776529 0,000204
angle 0,478036 0,000251
angrily 0,867501 0,000228
angry 0,174353 0,000046
ankle 0,916291 0,000241
announcement 1,078810 0,000283
answer 0,020203 0,000011
anxiety 0,287682 0,000076
anxious 0,261365 0,000069
ap 2,659260 0,000699
apiece 1,309333 0,000344
apologetically 2,040221 0,000536
apologize 1,309333 0,000688
apology 0,527633 0,000139
apostle 1,386294 0,000364
apostrophe 2,040221 0,000536
appal 1,021651 0,000268
apparent 0,314711 0,000083
apparition 0,994252 0,000261
appeal 0,261365 0,000137
appearance 0,072571 0,000038
appetizing 2,407946 0,000633
apple 0,494296 0,000130
applicable 0,400478 0,000105
apply 0,116534 0,000061
appointment 0,579818 0,000305
appreciatively 3,506558 0,000921
apprehensiveness 3,506558 0,000921
approach 0,040822 0,000021
approval 0,798508 0,000210
apron 1,203973 0,000316
arbitrary 1,309333 0,000344
arcade 2,302585 0,000605
archive 0,544727 0,000143
argue 0,371064 0,000097
arm 0,030459 0,000008
arrange 0,198451 0,000052
arrangement 0,274437 0,000072
array 0,248461 0,000065
arrive 0,083382 0,000022
arrogant 1,347074 0,000354
arrogantly 2,813411 0,000739
art 0,127833 0,000034
artful 1,171183 0,000308
article 0,400478 0,000105
articulate 1,237874 0,000325
artificial 0,616186 0,000162
artistic 1,049822 0,000276
ascii 0,562119 0,000148
ashamed 0,248461 0,000065
asleep 0,162519 0,000043
asparagus 2,207275 0,000580
aspirant 2,120264 0,000557
ass 0,916291 0,000241
assail 0,891598 0,000234
asset 2,659260 0,000699
assistance 0,105361 0,000028
assistant 0,755023 0,000198
association 0,713350 0,000187
assume 0,162519 0,000085
assumption 1,309333 0,000344
assure 0,127833 0,000067
astonish 0,261365 0,000069
astonishing 0,653926 0,000172
astonishment 0,301105 0,000079
astounded 1,427116 0,000375
astride 1,514128 0,000398
attach 0,116534 0,000031
attack 0,198451 0,000052
attempt 0,051293 0,000027
attend 0,127833 0,000067
attention 0,083382 0,000022
attire 0,916291 0,000241
attitude 0,446287 0,000117
attractive 0,820981 0,000216
audacity 1,237874 0,000325
audible 0,916291 0,000241
audibly 1,560648 0,000410
august 0,616186 0,000162
aunt 0,798508 0,000210
author 0,116534 0,000031
average 0,733969 0,000193
avert 0,843970 0,000222
avoid 0,105361 0,000028
await 0,314711 0,000083
aware 0,223144 0,000059
awful 0,328504 0,000086
baby 0,653926 0,000344
bachelor 0,967584 0,000508
bachelordom 3,912023 0,001028
bad 0,020203 0,000016
badly 0,446287 0,000117
baggage 0,941609 0,000247
balcony 1,347074 0,000354
band 0,342490 0,000090
bang 1,049822 0,000276
bank 0,210721 0,000055
banker 1,139434 0,000299
banner 0,967584 0,000254
bannister 3,218876 0,000846
bargain 0,527633 0,000139
barge 1,897120 0,000498
barometrical 3,506558 0,000921
barrel 0,673345 0,000177
base 0,094311 0,000025
basket 0,579818 0,000152
bath 0,274437 0,000072
battleship 3,218876 0,000846
bay 0,510826 0,000134
beach 1,049822 0,000276
beam 0,430783 0,000113
bear 0,000000 0,000000
bearing 1,427116 0,000375
beastly 1,897120 0,000498
beat 0,083382 0,000066
beautiful 0,083382 0,000022
beautifully 0,867501 0,000228
beauty 0,162519 0,000043
bed 0,051293 0,000013
bedroom 0,798508 0,000210
bee 0,673345 0,000177
beethoven 2,207275 0,000580
beetle 1,514128 0,000398
beg 0,116534 0,000031
behave 0,462035 0,000485
behavior 1,714798 0,000450
belief 0,198451 0,000052
bell 0,301105 0,000079
bellow 1,272966 0,000334
belong 0,072571 0,000057
bench 0,544727 0,000143
bend 0,314711 0,000165
beneath 0,198451 0,000052
benzine 3,912023 0,001028
bequest 2,302585 0,000605
bernard 1,966113 0,000516
bess 2,995732 0,000787
bet 0,967584 0,000254
betsy 2,813411 0,000739
betters 1,660731 0,000436
bewilder 0,776529 0,000204
bible 0,755023 0,000397
bid 0,186330 0,000049
bilious 1,966113 0,000516
billet 1,771957 0,000465
binary 0,562119 0,000148
bind 0,030459 0,000008
binman 3,912023 0,001028
biologically 3,912023 0,001028
bird 0,150823 0,000040
bishop 1,049822 0,000276
bit 0,139262 0,000037
bite 0,371064 0,000195
bitter 0,210721 0,000055
black 0,061875 0,000016
blacken 1,139434 0,000299
blackguard 1,514128 0,000398
blackmail 2,207275 0,000580
blame 0,162519 0,000085
blandly 1,897120 0,000498
blas 2,995732 0,000787
blasphemy 1,427116 0,000375
blast 0,462035 0,000243
blasting 2,407946 0,000633
blessed 0,356675 0,000094
blessing 0,415515 0,000109
blighter 3,912023 0,001028
blind 0,174353 0,000046
block 0,494296 0,000260
bloke 3,218876 0,000846
bloody 0,527633 0,000139
bloom 0,527633 0,000139
blossom 0,673345 0,000177
blow 0,061875 0,000033
blue 0,174353 0,000046
boast 0,328504 0,000086
body 0,010050 0,000003
bold 0,223144 0,000059
bolt 0,494296 0,000260
bone 0,198451 0,000052
bonnet 0,994252 0,000261
boo 2,659260 0,000699
boohooing 3,912023 0,001028
book 0,040822 0,000021
bookkeeper 2,813411 0,000739
bookkeeping 3,506558 0,000921
booming 1,560648 0,000410
boot 0,430783 0,000113
booth 1,427116 0,000375
booty 1,309333 0,000344
booze 2,995732 0,000787
bore 0,820981 0,000216
borrow 0,462035 0,000121
bossing 3,912023 0,001028
botanical 2,813411 0,000739
bother 0,843970 0,000665
bounce 1,609438 0,000846
bound 0,301105 0,000079
boundless 0,891598 0,000234
bow 0,127833 0,000067
bowl 0,616186 0,000162
box 0,248461 0,000065
boxes 0,798508 0,000210
boy 0,105361 0,000028
brahms 3,912023 0,001028
brain 0,314711 0,000083
brand 0,733969 0,000193
brass 0,462035 0,000121
bravado 2,207275 0,000580
breach 0,274437 0,000072
bread 0,248461 0,000065
break 0,010050 0,000011
breakfast 0,342490 0,000090
breath 0,174353 0,000046
breathless 0,673345 0,000177
breed 0,342490 0,000090
bridegroom 1,203973 0,000316
brighten 0,673345 0,000177
brilliant 0,430783 0,000113
brilliantly 1,560648 0,000410
brim 0,994252 0,000261
bring 0,000000 0,000000
britannica 2,995732 0,000787
broad 0,127833 0,000034
brocade 2,040221 0,000536
brogue 2,995732 0,000787
brood 0,597837 0,000157
broomstick 2,995732 0,000787
brother 0,127833 0,000034
brougham 2,525729 0,000663
brow 0,446287 0,000117
brown 0,274437 0,000072
brush 0,478036 0,000251
brusquely 2,995732 0,000787
brutal 0,755023 0,000198
brutally 2,040221 0,000536
brute 0,462035 0,000121
build 0,094311 0,000025
bull 0,430783 0,000113
bully 1,203973 0,001265
bunch 0,776529 0,000204
bundle 0,653926 0,000172
burden 0,198451 0,000052
burn 0,061875 0,000033
burner 2,659260 0,000699
burns 1,203973 0,000316
burst 0,248461 0,000131
bus 2,407946 0,000633
busily 1,021651 0,000268
business 0,040822 0,000011
busybody 2,302585 0,000605
butler 1,139434 0,000299
butter 0,798508 0,000210
button 0,693147 0,000364
buttonhole 2,207275 0,000580
bye 0,776529 0,000204
bygones 3,218876 0,000846
bystander 2,040221 0,001072
cab 1,272966 0,000669
cabbage 1,514128 0,000398
cabinet 0,941609 0,000495
cage 0,941609 0,000247
calamity 0,755023 0,000198
calculate 0,116534 0,000061
calligraphy 3,218876 0,000846
callous 1,469676 0,000386
calmly 0,510826 0,000134
cambridge 1,469676 0,000386
canal 1,171183 0,000308
cap 0,356675 0,000094
capable 0,261365 0,000069
capacity 0,510826 0,000134
captain 0,328504 0,000086
capture 0,597837 0,000157
car 0,820981 0,000216
card 0,139262 0,000073
care 0,000000 0,000000
career 0,478036 0,000126
careful 0,174353 0,000046
carefully 0,139262 0,000037
careless 0,494296 0,000130
carelessly 0,776529 0,000204
caricatured 2,813411 0,000739
carpet 0,462035 0,000121
carriage 0,356675 0,000187
carry 0,010050 0,000011
cart 0,597837 0,000157
carved 0,843970 0,000222
cash 0,967584 0,000254
cat 0,462035 0,000121
catch 0,072571 0,000057
cease 0,061875 0,000016
cecil 3,218876 0,000846
ceiling 0,510826 0,000134
celebrated 0,562119 0,000148
central 0,733969 0,000193
centre 0,385662 0,000101
ceremony 0,446287 0,000117
certainty 0,342490 0,000090
chain 0,174353 0,000046
chair 0,261365 0,000137
chamberlain 1,771957 0,000465
champagne 1,469676 0,000386
chance 0,061875 0,000033
change 0,010050 0,000008
chap 0,891598 0,000468
chaperon 2,407946 0,000633
char 2,407946 0,000633
character 0,061875 0,000033
charge 0,040822 0,000021
charing 1,966113 0,000516
charitable 0,287682 0,000076
charity 0,186330 0,000098
charlie 2,813411 0,000739
charm 0,342490 0,000180
cheap 0,579818 0,000305
check 0,072571 0,000038
cheer 0,356675 0,000094
cheerful 0,385662 0,000101
cheerfully 0,820981 0,000216
cheerfulness 0,867501 0,000228
cheerily 1,660731 0,000436
cheese 0,967584 0,000254
cheltenham 3,506558 0,000921
cheque 1,897120 0,000498
chew 0,967584 0,000254
child 0,040822 0,000021
chilled 1,139434 0,000299
chilly 1,237874 0,000325
chimney 0,634878 0,000167
china 0,776529 0,000204
chinese 1,139434 0,000299
chintz 2,407946 0,000633
chippendale 3,912023 0,001028
chivy 3,912023 0,001028
chocolate 1,514128 0,000795
choice 0,150823 0,000040
choke 0,446287 0,000234
choose 0,020203 0,000011
christen 1,347074 0,000354
chronic 1,966113 0,000516
chuck 1,832581 0,000963
chuckle 0,941609 0,000495
chump 3,218876 0,000846
church 0,261365 0,000069
circle 0,150823 0,000040
circular 1,021651 0,000268
circumstance 0,116534 0,000031
circus 1,386294 0,000364
city 0,051293 0,000013
civil 0,544727 0,000143
civilized 1,237874 0,000325
claim 0,083382 0,000044
clara 2,207275 0,000580
clarendon 2,995732 0,000787
class 0,248461 0,000131
classical 1,237874 0,000325
classy 3,912023 0,001028
claw 0,798508 0,000210
clean 0,210721 0,000055
cleanliness 1,237874 0,000325
clergyman 1,078810 0,000283
clerk 0,562119 0,000148
clerkship 3,506558 0,000921
clever 0,371064 0,000097
cleverness 1,609438 0,000423
climax 1,272966 0,000334
cling 0,415515 0,000218
cloak 0,527633 0,000139
clock 0,510826 0,000134
cloistered 2,659260 0,000699
close 0,010050 0,000008
closing 0,446287 0,000117
clothe 0,287682 0,000151
clothes 0,127833 0,000034
club 0,544727 0,000143
clue 1,049822 0,000276
coach 0,755023 0,000198
coal 0,527633 0,000139
coarse 0,478036 0,000126
coat 0,235722 0,000062
coax 1,203973 0,001265
cockney 2,659260 0,000699
code 0,287682 0,000076
coffee 0,562119 0,000148
cogitation 2,302585 0,000605
coin 0,544727 0,000143
cold 0,040822 0,000011
coldness 1,021651 0,000268
collar 0,634878 0,000167
collect 0,248461 0,000065
collection 0,162519 0,000043
collision 1,714798 0,000450
colonel 0,967584 0,000254
color 0,967584 0,000254
column 0,562119 0,000148
combination 0,634878 0,000167
combine 0,843970 0,000222
combined 0,713350 0,000187
comfortable 0,261365 0,000069
comfortingly 3,506558 0,000921
comment 0,478036 0,000126
commercial 0,274437 0,000072
commercialism 3,218876 0,000846
commission 0,579818 0,000152
commit 0,116534 0,000031
common 0,072571 0,000019
commoner 2,120264 0,000557
commonly 0,755023 0,000198
commonplace 1,108663 0,000291
communist 2,995732 0,000787
community 0,579818 0,000152
compactness 2,995732 0,000787
company 0,020203 0,000005
comparable 2,040221 0,000536
comparative 0,994252 0,000261
compare 0,162519 0,000043
comparison 0,446287 0,000117
compel 0,385662 0,000101
competent 1,139434 0,000299
competitor 1,660731 0,000436
compilation 0,478036 0,000126
complain 0,198451 0,000052
complete 0,105361 0,000028
completely 0,274437 0,000072
compliance 0,342490 0,000090
complication 1,771957 0,000465
compliment 0,462035 0,000121
comply 0,287682 0,000151
composedly 2,040221 0,000536
compressed 0,342490 0,000090
compulsory 2,120264 0,000557
conceited 1,139434 0,000299
conceive 0,223144 0,000059
concentrated 0,867501 0,000228
concept 0,527633 0,000139
conception 0,562119 0,000148
concerned 0,287682 0,000076
concert 0,916291 0,000241
concierge 3,218876 0,000846
conciliate 1,771957 0,000465
conciliatory 2,120264 0,000557
conclude 0,235722 0,000062
conclusion 0,210721 0,000055
condescending 1,771957 0,000465
condescension 1,309333 0,000344
condition 0,051293 0,000013
conduct 0,094311 0,000025
confess 0,127833 0,000067
confident 0,510826 0,000134
confidentially 1,897120 0,000498
confidently 1,049822 0,000276
confine 0,223144 0,000059
confirm 0,139262 0,000037
confirmation 0,356675 0,000094
confound 0,430783 0,000113
confront 0,776529 0,000204
confused 0,248461 0,000065
congenitally 3,506558 0,000921
conscience 0,301105 0,000079
conscientiously 1,609438 0,000423
conscious 0,314711 0,000083
consent 0,223144 0,000059
consequential 0,478036 0,000126
considerable 0,105361 0,000028
consideration 0,223144 0,000059
consist 0,314711 0,000083
consolation 0,634878 0,000167
console 0,673345 0,000177
consonant 2,120264 0,000557
consort 1,309333 0,000344
conspicuously 1,771957 0,000465
constant 0,051293 0,000013
consult 0,400478 0,000105
contact 0,210721 0,000055
contemplate 0,544727 0,000143
contempt 0,446287 0,000117
contention 1,203973 0,000316
contents 0,094311 0,000025
context 2,207275 0,000580
continental 1,660731 0,000436
continue 0,186330 0,000098
contract 0,139262 0,000037
contraction 1,514128 0,000398
contrast 0,385662 0,000101
contribute 0,510826 0,000134
contribution 0,371064 0,000097
control 0,223144 0,000117
convenient 0,462035 0,000121
conventional 1,347074 0,000354
conversation 0,186330 0,000098
conversational 2,120264 0,000557
conversationally 3,506558 0,000921
converse 0,494296 0,000130
conversion 1,386294 0,000364
convert 0,186330 0,000049
conviction 0,430783 0,000226
convince 0,198451 0,000052
convulse 1,347074 0,000354
convulsion 0,967584 0,000254
convulsively 1,347074 0,000354
cool 0,248461 0,000065
cope 1,171183 0,000308
copper 0,713350 0,000187
copying 0,494296 0,000130
copyright 0,415515 0,000109
coquet 3,218876 0,000846
cordial 1,049822 0,000276
cordially 1,237874 0,000325
core 1,347074 0,000354
corner 0,072571 0,000019
coronet 2,120264 0,000557
corporation 0,400478 0,000105
correct 0,235722 0,000124
correctness 1,832581 0,000481
corrupt 0,235722 0,000062
cost 0,105361 0,000055
costume 1,021651 0,000537
cotton 0,891598 0,000234
count 0,116534 0,000031
counter 0,733969 0,000193
country 0,010050 0,000005
couple 0,248461 0,000065
court 0,094311 0,000025
courteous 0,967584 0,000254
courtly 1,832581 0,000481
covent 2,207275 0,000580
cover 0,223144 0,000059
covered 0,139262 0,000037
covering 0,415515 0,000109
coward 0,776529 0,000408
coyly 3,912023 0,001028
crack 0,478036 0,000126
crawl 0,494296 0,000130
cream 1,171183 0,000308
create 0,094311 0,000050
creation 0,198451 0,000052
creature 0,116534 0,000061
credit 0,094311 0,000025
crew 0,755023 0,000198
crime 0,261365 0,000069
crisp 1,237874 0,000325
critical 0,235722 0,000062
critically 1,714798 0,000450
croon 2,659260 0,000699
cross 0,083382 0,000044
crouch 0,941609 0,000247
crow 0,867501 0,000228
crowd 0,174353 0,000092
crowded 0,301105 0,000079
crown 0,210721 0,000055
cruel 0,261365 0,000069
crush 0,274437 0,000072
crying 1,560648 0,000410
cryptogram 3,912023 0,001028
cuddle 2,995732 0,000787
cue 2,040221 0,000536
cultivate 0,462035 0,000121
culture 1,078810 0,000567
cunning 0,462035 0,000121
cunningly 1,560648 0,000410
curiosity 0,210721 0,000055
curious 0,261365 0,000069
current 0,116534 0,000031
curtain 0,328504 0,000086
cushion 0,820981 0,000431
custom 0,210721 0,000055
cut 0,030459 0,000016
cylinder 1,771957 0,000931
cynical 1,560648 0,000410
dad 2,040221 0,000536
daily 0,248461 0,000065
dainty 0,634878 0,000167
damage 0,223144 0,000117
damages 0,400478 0,000105
damn 1,309333 0,000344
damnably 2,525729 0,000663
damnation 1,771957 0,000465
damned 1,139434 0,000299
damning 2,525729 0,000663
dan 1,897120 0,000498
dance 0,235722 0,000062
daresay 1,714798 0,000450
dark 0,051293 0,000013
darkly 1,237874 0,000325
darts 1,386294 0,000364
dash 0,400478 0,000316
datum 0,494296 0,000130
daughter 0,174353 0,000046
dawn 0,314711 0,000083
day 0,000000 0,000000
daytime 1,560648 0,000410
dazzle 1,272966 0,000334
dazzling 0,941609 0,000247
dead 0,072571 0,000019
deadly 0,478036 0,000126
deal 0,061875 0,000033
death 0,020203 0,000005
deceive 0,261365 0,000069
decent 0,693147 0,000182
decide 0,040822 0,000021
decipher 1,771957 0,000465
decision 0,544727 0,000143
decisively 1,897120 0,000498
declaim 1,609438 0,000423
declare 0,139262 0,000037
declassee 3,912023 0,001028
decline 0,356675 0,000094
decorate 0,891598 0,000468
decorum 1,771957 0,000465
deductible 0,562119 0,000148
deep 0,020203 0,000016
deepen 0,867501 0,000228
deeply 0,261365 0,000069
defect 0,261365 0,000137
defective 0,356675 0,000094
defend 0,301105 0,000079
deference 0,967584 0,000254
deferentially 2,407946 0,000633
defiance 0,713350 0,000187
defiantly 1,609438 0,000423
deficit 2,659260 0,000699
definition 1,203973 0,000316
deftly 1,660731 0,000436
defy 0,693147 0,000182
degree 0,150823 0,000040
del 1,832581 0,000481
deletion 0,562119 0,000148
deliberately 0,693147 0,000182
delicacy 0,597837 0,000157
delicious 0,713350 0,000187
deliciously 2,302585 0,000605
delight 0,150823 0,000040
delighted 0,287682 0,000076
delightful 0,478036 0,000126
deliver 0,223144 0,000059
demand 0,051293 0,000027
demean 2,659260 0,000699
demonstrate 0,967584 0,000254
demonstrator 3,506558 0,000921
dentist 2,407946 0,000633
deny 0,072571 0,000019
depend 0,040822 0,000021
dependence 1,309333 0,000344
dependent 0,820981 0,000216
deplorable 1,386294 0,000364
deprecating 2,302585 0,000605
deprecation 2,813411 0,000739
depress 0,616186 0,000162
depression 0,967584 0,000254
deputy 1,272966 0,000334
deride 1,386294 0,000364
derision 1,108663 0,000291
derisive 2,407946 0,000633
derivative 0,510826 0,000134
derive 0,210721 0,000111
descend 0,174353 0,000046
desert 0,314711 0,000083
deserved 0,634878 0,000167
deserving 0,891598 0,000234
desire 0,051293 0,000027
desolating 2,813411 0,000739
despair 0,174353 0,000046
despairing 0,798508 0,000210
desperate 0,328504 0,000086
desperation 0,867501 0,000228
despise 0,342490 0,000090
despot 2,040221 0,000536
dessert 1,514128 0,000398
destiny 0,597837 0,000157
destroy 0,061875 0,000033
destructive 1,049822 0,000276
detach 0,287682 0,000076
detective 1,609438 0,000423
determination 0,616186 0,000162
determine 0,061875 0,000033
determinedly 3,218876 0,000846
detest 0,891598 0,000234
detestable 1,203973 0,000316
devil 0,301105 0,000158
devilish 1,237874 0,000325
devoted 0,301105 0,000079
devour 0,462035 0,000121
diagonally 2,525729 0,000663
dialect 1,171183 0,000615
diamond 0,673345 0,000177
dickens 1,560648 0,000410
dickensian 3,912023 0,001028
didactic 2,207275 0,000580
die 0,010050 0,000005
difference 0,174353 0,000046
difficult 0,116534 0,000031
difficulty 0,116534 0,000061
diffident 1,771957 0,000465
dignified 0,755023 0,000198
dignitary 1,966113 0,000516
dignity 0,314711 0,000083
dining 0,510826 0,000134
dinner 0,186330 0,000098
dip 0,673345 0,000177
diphtheria 3,218876 0,000846
direct 0,040822 0,000011
direction 0,051293 0,000027
director 0,733969 0,000193
directory 2,407946 0,000633
dirt 0,544727 0,000143
dirty 0,544727 0,000143
disadvantage 0,843970 0,000222
disagreeable 0,733969 0,000193
disagreeably 1,897120 0,000498
disappear 0,223144 0,000059
disappointed 0,415515 0,000109
disappointment 0,462035 0,000121
disarm 1,237874 0,000325
disarrange 2,207275 0,000580
disastrous 1,108663 0,000291
discard 1,108663 0,000291
disclaim 0,462035 0,000121
disclaimer 0,562119 0,000295
disclose 0,634878 0,000167
discontentedly 3,218876 0,000846
discontinue 0,510826 0,000134
discover 0,030459 0,000016
discovery 0,287682 0,000076
discreetly 1,347074 0,000354
disdain 0,673345 0,000354
disdainfully 1,897120 0,000498
disengagement 3,506558 0,000921
disentanglement 3,912023 0,001028
disgrace 0,462035 0,000243
disgust 0,430783 0,000113
disgusting 1,272966 0,000334
dish 0,478036 0,000126
dishonesty 2,120264 0,000557
disinherit 2,207275 0,000580
disk 0,415515 0,000218
dislike 0,478036 0,000377
dismay 0,597837 0,000157
displacing 2,813411 0,000739
display 0,162519 0,000128
disport 2,120264 0,000557
dispose 0,755023 0,000198
disposed 0,385662 0,000101
disposition 0,371064 0,000097
disqualification 2,813411 0,000739
disqualify 2,525729 0,000663
disquisition 2,407946 0,000633
distance 0,105361 0,000028
distasteful 1,714798 0,000450
distinct 0,301105 0,000079
distinction 0,356675 0,000094
distinguished 0,301105 0,000079
distractedly 1,966113 0,000516
distraught 2,207275 0,000580
distressed 0,673345 0,000177
distribute 0,210721 0,000166
distribution 0,430783 0,000113
distributor 0,544727 0,000143
divan 2,207275 0,000580
divide 0,150823 0,000040
divine 0,356675 0,000094
doctor 0,400478 0,000105
dog 0,186330 0,000049
dogmatically 2,995732 0,000787
doll 1,386294 0,000364
domain 0,328504 0,000086
dominate 1,386294 0,000728
domineering 2,659260 0,000699
donate 0,544727 0,000143
donation 0,446287 0,000234
donor 0,478036 0,000126
door 0,000000 0,000000
doorstep 1,714798 0,000450
double 0,139262 0,000037
doubt 0,040822 0,000011
doux 3,218876 0,000846
dover 1,897120 0,000498
download 0,562119 0,000148
downstairs 1,049822 0,000276
dozen 0,415515 0,000109
drag 0,248461 0,000196
draggletail 3,912023 0,001028
drama 1,203973 0,000316
dramatic 1,078810 0,000283
draught 0,527633 0,000139
draw 0,020203 0,000016
drawer 0,820981 0,000431
dread 0,248461 0,000065
dreadful 0,342490 0,000090
dream 0,083382 0,000044
dreamy 1,347074 0,000354
drearily 2,040221 0,000536
dress 0,162519 0,000128
dressed 0,261365 0,000069
dressmaker 2,120264 0,000557
drift 0,462035 0,000121
drink 0,072571 0,000038
drinking 0,371064 0,000097
dripping 0,891598 0,000234
drive 0,030459 0,000024
driver 0,713350 0,000187
drop 0,061875 0,000065
drudge 1,832581 0,000481
drug 0,967584 0,000254
drunk 0,415515 0,000109
drury 2,525729 0,000663
dry 0,116534 0,000031
ducal 2,995732 0,000787
duchess 1,660731 0,000436
duchesses 2,813411 0,000739
dudgeon 2,813411 0,000739
dungeon 1,237874 0,000325
dust 0,162519 0,000043
dustbin 3,218876 0,000846
dustman 3,218876 0,000846
duty 0,061875 0,000016
dwell 0,342490 0,000090
dye 1,049822 0,000276
eagerly 0,385662 0,000101
ear 0,061875 0,000033
earls 2,302585 0,000605
earn 0,446287 0,000469
earnest 0,261365 0,000069
earnestly 0,415515 0,000109
earth 0,051293 0,000013
ease 0,150823 0,000079
easily 0,072571 0,000019
east 0,235722 0,000062
easterly 1,966113 0,000516
easy 0,000000 0,000000
eat 0,040822 0,000032
eccentric 0,916291 0,000241
economic 1,966113 0,000516
economics 2,659260 0,000699
edge 0,150823 0,000040
edgeway 2,813411 0,000739
edition 0,287682 0,000151
editor 1,078810 0,000283
educate 0,544727 0,000143
education 0,415515 0,000109
educational 0,446287 0,000117
effort 0,094311 0,000050
eggs 0,776529 0,000204
eighteen 0,462035 0,000121
elation 2,659260 0,000699
elbow 0,494296 0,000130
elderly 0,843970 0,000222
elect 0,210721 0,000055
electric 1,171183 0,000308
electronic 0,544727 0,000143
electronically 0,544727 0,000143
elegant 0,634878 0,000167
elegantly 1,714798 0,000450
element 0,342490 0,000090
elementary 1,427116 0,000375
eligible 1,560648 0,000410
eliminate 1,714798 0,000450
eliza 2,207275 0,000580
elizabeth 1,514128 0,000398
elizabethan 2,407946 0,000633
elocution 2,407946 0,000633
elocutionary 3,912023 0,001028
em 3,218876 0,000846
email 0,562119 0,000148
embankment 1,771957 0,000465
emergency 1,049822 0,000552
eminence 1,237874 0,000325
emotion 0,356675 0,000094
emphasis 0,891598 0,000234
emphatically 1,203973 0,000316
empire 0,634878 0,000167
employ 0,235722 0,000062
employee 0,510826 0,000268
employment 0,527633 0,000139
enable 0,274437 0,000144
encode 0,653926 0,000172
encourage 0,301105 0,000158
encouragement 0,755023 0,000198
encouraging 0,798508 0,000210
encyclopaedia 2,813411 0,000739
endurance 0,891598 0,000234
enemy 0,105361 0,000028
energetic 1,078810 0,000283
energetically 1,714798 0,000450
enfeebled 2,207275 0,000580
engage 0,494296 0,000130
engaged 0,198451 0,000052
england 0,385662 0,000101
english 0,094311 0,000025
englishman 0,820981 0,000431
engraving 1,660731 0,000436
enjoy 0,072571 0,000038
enlighten 0,562119 0,000148
enormous 0,430783 0,000113
enormously 1,427116 0,000375
ensue 0,579818 0,000305
ensure 0,342490 0,000090
enter 0,020203 0,000016
enterprise 0,755023 0,000198
enthusiasm 0,653926 0,000172
enthusiast 1,714798 0,000450
entire 0,274437 0,000072
entitle 0,653926 0,000172
entity 0,544727 0,000143
envelope 1,347074 0,000354
envy 0,446287 0,000117
epsom 3,218876 0,000846
equal 0,162519 0,000043
equally 0,223144 0,000059
equipment 0,415515 0,000109
equivalent 1,078810 0,000283
errand 0,733969 0,000193
error 0,072571 0,000019
escape 0,061875 0,000016
espionage 3,506558 0,000921
esquire 2,120264 0,000557
essay 0,755023 0,000198
establish 0,579818 0,000152
established 0,301105 0,000079
establishment 0,673345 0,000177
esteemed 0,916291 0,000241
estheticism 3,912023 0,001028
europe 0,510826 0,000134
evade 0,891598 0,000234
evasively 2,040221 0,000536
eve 0,673345 0,000177
evening 0,072571 0,000038
event 0,150823 0,000079
evidence 0,235722 0,000062
evident 0,356675 0,000094
evidently 0,371064 0,000097
evil 0,150823 0,000040
exact 0,274437 0,000072
exacting 1,272966 0,000334
exactness 1,514128 0,000398
examine 0,150823 0,000040
exasperated 1,386294 0,000364
exceedingly 0,462035 0,000121
excellent 0,150823 0,000040
exceptional 1,386294 0,000364
excessive 0,597837 0,000157
exchange 0,210721 0,000055
excited 0,248461 0,000065
excitedly 1,609438 0,000423
excitement 0,415515 0,000109
exciting 0,693147 0,000182
exclaim 0,287682 0,000151
exclamation 0,755023 0,000198
exclusion 0,371064 0,000097
excuse 0,139262 0,000073
exempt 0,314711 0,000083
exercise 0,235722 0,000062
exhibition 0,994252 0,000522
exist 0,072571 0,000057
existence 0,150823 0,000040
exit 1,347074 0,000354
exorbitant 1,771957 0,000465
expansively 3,506558 0,000921
expect 0,051293 0,000027
expectation 0,356675 0,000094
expend 0,301105 0,000079
expense 0,127833 0,000067
experience 0,072571 0,000019
experienced 0,356675 0,000094
experiment 0,494296 0,000130
expert 1,021651 0,000268
explain 0,116534 0,000092
explanation 0,139262 0,000037
expletive 3,506558 0,000921
exploit 0,867501 0,000228
explosively 3,506558 0,000921
export 0,446287 0,000117
exposed 0,301105 0,000079
express 0,072571 0,000057
expression 0,116534 0,000031
expressive 0,733969 0,000193
exquisite 0,673345 0,000177
exquisitely 1,386294 0,000364
exquisiteness 3,506558 0,000921
extend 0,261365 0,000069
extension 1,347074 0,000354
extent 0,083382 0,000022
extort 1,347074 0,000354
extra 0,820981 0,000216
extraordinarily 1,714798 0,000450
extraordinary 0,371064 0,000097
extreme 0,186330 0,000049
extremely 0,385662 0,000101
extricate 1,272966 0,000334
eye 0,000000 0,000000
eyeopener 3,912023 0,001028
ezra 2,813411 0,000739
facility 0,342490 0,000090
fail 0,072571 0,000019
failure 0,415515 0,000109
faint 0,186330 0,000049
fair 0,051293 0,000013
faith 0,210721 0,000055
fall 0,000000 0,000000
familiarity 0,843970 0,000222
family 0,061875 0,000016
fan 0,579818 0,000152
fancy 0,162519 0,000128
fantastically 2,302585 0,000605
fare 0,597837 0,000157
farthing 1,347074 0,000354
fascinating 1,139434 0,000299
fascination 1,078810 0,000283
fashion 0,105361 0,000055
fashionable 0,916291 0,000241
fast 0,030459 0,000008
fat 0,314711 0,000083
fatal 0,342490 0,000090
father 0,061875 0,000033
fatherly 1,966113 0,000516
fault 0,139262 0,000037
favor 0,994252 0,000261
favorite 1,309333 0,000344
fear 0,020203 0,000005
fearful 0,400478 0,000105
fearfully 1,049822 0,000276
feat 0,967584 0,000254
feather 0,462035 0,000121
featherweight 3,506558 0,000921
feature 0,261365 0,000069
february 0,820981 0,000216
federal 0,527633 0,000139
fee 0,301105 0,000158
feeble 0,356675 0,000094
feed 0,248461 0,000065
feeding 0,616186 0,000162
feel 0,020203 0,000011
feeling 0,072571 0,000038
fellow 0,040822 0,000011
fellowship 1,237874 0,000325
female 0,385662 0,000101
feminine 1,049822 0,000276
fender 1,714798 0,000450
fervently 1,427116 0,000375
fetch 0,510826 0,000268
fidget 1,609438 0,000423
fiercely 0,776529 0,000204
fight 0,083382 0,000022
figure 0,051293 0,000013
file 0,223144 0,000117
filthy 1,049822 0,000276
final 0,342490 0,000090
finally 0,150823 0,000040
financial 0,415515 0,000109
fine 0,061875 0,000049
finger 0,150823 0,000079
finish 0,287682 0,000076
finished 0,162519 0,000043
finishing 0,843970 0,000222
fireplace 1,108663 0,000291
firmly 0,342490 0,000090
fishbone 3,912023 0,001028
fit 0,030459 0,000008
fitness 0,446287 0,000117
fiver 2,813411 0,000739
flame 0,248461 0,000065
flash 0,261365 0,000069
flat 0,139262 0,000037
flattery 0,867501 0,000228
flavor 1,897120 0,000498
flesh 0,210721 0,000055
flinch 1,714798 0,000450
fling 0,462035 0,000243
floor 0,174353 0,000046
florin 2,302585 0,000605
florist 3,218876 0,000846
flourish 0,562119 0,000148
flower 0,174353 0,000092
flustered 2,302585 0,000605
folding 1,049822 0,000276
follow 0,020203 0,000005
folly 0,274437 0,000144
fond 0,261365 0,000069
food 0,127833 0,000034
fool 0,235722 0,000124
foolish 0,235722 0,000062
foot 0,051293 0,000027
forbid 0,248461 0,000065
force 0,030459 0,000016
forecastle 2,207275 0,000580
foreign 0,301105 0,000079
foreigner 0,891598 0,000234
forget 0,010050 0,000013
forgive 0,314711 0,000083
fork 0,616186 0,000324
form 0,020203 0,000011
formally 1,386294 0,000364
format 0,562119 0,000295
formidable 0,673345 0,000177
formula 1,469676 0,000386
fortunately 0,579818 0,000152
fortune 0,162519 0,000043
foundation 0,127833 0,000034
fourpence 2,813411 0,000739
frank 0,597837 0,000157
frankly 0,798508 0,000210
frantically 1,386294 0,000364
freddy 3,912023 0,001028
frederick 1,272966 0,000334
freely 0,105361 0,000028
french 0,342490 0,000090
frenchman 1,272966 0,000334
frequently 0,287682 0,000076
friend 0,000000 0,000000
friendly 0,248461 0,000065
friendship 0,261365 0,000069
frighten 0,733969 0,000193
frightened 0,301105 0,000079
frightening 1,514128 0,000398
frightfully 1,560648 0,000410
frock 1,021651 0,000268
frozen 0,733969 0,000193
fruit 0,162519 0,000043
fulfil 0,385662 0,000101
fun 0,798508 0,000210
funny 1,021651 0,000268
furious 0,430783 0,000113
furiously 0,755023 0,000198
furniture 0,415515 0,000109
fury 0,328504 0,000086
fuss 1,203973 0,000633
future 0,105361 0,000055
gaily 1,078810 0,000283
gain 0,040822 0,000011
galatea 3,218876 0,000846
gallery 0,693147 0,000182
game 0,210721 0,000055
garden 0,150823 0,000079
garn 3,912023 0,001028
gas 1,139434 0,000299
gasp 0,579818 0,000305
gather 0,061875 0,000016
gaul 2,407946 0,000633
gay 0,494296 0,000130
gel 3,912023 0,001028
generation 0,127833 0,000034
generous 0,356675 0,000094
genial 0,994252 0,000261
genially 2,207275 0,000580
genius 0,400478 0,000105
genteel 1,427116 0,000375
gentility 2,207275 0,000580
gentleman 0,223144 0,000117
gently 0,235722 0,000062
genuine 0,597837 0,000157
george 0,616186 0,000162
german 0,478036 0,000126
gesture 0,510826 0,000134
ghost 0,462035 0,000121
gift 0,210721 0,000055
gin 1,427116 0,000375
ginger 2,120264 0,000557
girl 0,198451 0,000104
glad 0,072571 0,000019
gladly 0,544727 0,000143
glance 0,186330 0,000098
glass 0,174353 0,000046
glimpse 0,462035 0,000121
gloom 0,579818 0,000152
gloomily 1,386294 0,000364
glove 0,597837 0,000157
glumly 3,218876 0,000846
goal 0,274437 0,000072
god 0,083382 0,000022
godlike 1,771957 0,000465
gold 0,083382 0,000022
golden 0,342490 0,000090
golf 2,659260 0,001397
goodbye 2,407946 0,000633
goodness 0,328504 0,000086
gorge 1,237874 0,000325
govern 0,186330 0,000049
governor 0,733969 0,000386
gown 0,616186 0,000162
grace 0,235722 0,000062
gracefully 1,203973 0,000316
graduate 1,771957 0,000465
grammar 1,171183 0,000308
gramophone 2,995732 0,000787
grand 0,342490 0,000090
grandeur 0,994252 0,000261
grant 0,061875 0,000016
grasp 0,274437 0,000072
grate 0,673345 0,000177
grateful 0,446287 0,000117
gratefully 0,415515 0,000109
grave 0,116534 0,000031
gravely 0,693147 0,000182
gravity 0,693147 0,000182
greek 0,494296 0,000130
green 0,105361 0,000028
greengrocer 2,995732 0,000787
grey 0,562119 0,000148
grievance 1,108663 0,000291
grimly 1,108663 0,000291
grin 0,733969 0,000386
grind 0,755023 0,000198
grip 0,798508 0,000419
groan 0,446287 0,000117
grocer 1,832581 0,000481
gross 0,235722 0,000062
ground 0,030459 0,000016
grounds 0,446287 0,000117
grove 0,733969 0,000193
grow 0,010050 0,000011
grudge 0,994252 0,000261
guard 0,083382 0,000022
guess 0,223144 0,000059
guest 0,235722 0,000062
guide 0,083382 0,000022
guineas 1,427116 0,000375
gulf 0,733969 0,000193
gumption 3,506558 0,000921
gush 0,891598 0,000234
gutter 1,049822 0,000276
guttersnipe 3,912023 0,001028
gypsy 2,302585 0,000605
ha 0,891598 0,000234
habit 0,162519 0,000085
habitual 0,916291 0,000241
habitually 1,469676 0,000386
hair 0,072571 0,000019
halfpence 2,407946 0,000633
hall 0,274437 0,000144
hallo 1,966113 0,000516
halting 1,309333 0,000344
ham 1,139434 0,000299
hammersmith 2,995732 0,000787
hand 0,010050 0,000008
handful 0,776529 0,000204
handkerchief 0,616186 0,000162
handle 0,223144 0,000059
handsome 0,328504 0,000086
handwriting 1,237874 0,000325
hanging 0,235722 0,000062
hanover 2,659260 0,000699
happen 0,030459 0,000016
happiness 0,150823 0,000040
happy 0,061875 0,000033
hard 0,040822 0,000021
harm 0,210721 0,000055
harmless 0,248461 0,000065
harrow 1,771957 0,000465
harshness 1,560648 0,000410
hart 0,462035 0,000121
hastily 0,462035 0,000121
hat 0,446287 0,000234
hate 0,150823 0,000079
hatted 3,506558 0,000921
haughtily 1,771957 0,000465
haw 2,302585 0,000605
head 0,000000 0,000000
health 0,198451 0,000052
healthy 0,356675 0,000094
heap 0,248461 0,000131
hear 0,010050 0,000008
hearing 0,139262 0,000037
heart 0,010050 0,000003
hearted 0,415515 0,000109
hearth 0,843970 0,000222
hearthrug 2,525729 0,000663
heartily 0,597837 0,000157
heartless 1,347074 0,000354
hearty 0,616186 0,000162
heat 0,198451 0,000052
heaven 0,174353 0,000092
heavy 0,030459 0,000008
heel 0,356675 0,000187
helpfully 3,506558 0,000921
helpless 0,328504 0,000086
helplessly 1,514128 0,000398
henry 0,713350 0,000187
hero 0,430783 0,000226
heroine 1,560648 0,000410
hesitate 0,314711 0,000165
hide 0,072571 0,000038
hiding 0,616186 0,000162
highly 0,261365 0,000069
hill 0,150823 0,000040
hint 0,301105 0,000079
hire 0,733969 0,000386
history 0,186330 0,000049
hit 0,314711 0,000083
ho 1,203973 0,000316
hobby 2,040221 0,000536
hog 1,309333 0,000344
hold 0,010050 0,000008
holder 0,430783 0,000113
hole 0,261365 0,000069
honest 0,235722 0,000062
honeymoon 1,966113 0,000516
honor 0,891598 0,000468
honorable 1,386294 0,000364
honored 1,427116 0,000375
hoo 2,995732 0,000787
hop 1,108663 0,000291
hope 0,000000 0,000000
hopeless 0,510826 0,000134
horrible 0,356675 0,000094
horribly 0,916291 0,000241
horrified 1,272966 0,000334
horse 0,139262 0,000037
hospital 0,755023 0,000198
hostess 1,347074 0,000354
hostility 1,171183 0,000308
hot 0,116534 0,000031
hotel 0,820981 0,000216
hottentot 2,813411 0,000739
hour 0,061875 0,000016
house 0,020203 0,000005
houseful 2,813411 0,000739
household 0,430783 0,000113
housekeeper 1,139434 0,000299
housekeeping 1,427116 0,000375
housemaid 1,514128 0,000398
houses 0,139262 0,000037
housing 1,897120 0,000498
hubbub 1,966113 0,000516
huge 0,400478 0,000105
human 0,072571 0,000019
humanity 0,494296 0,000130
humble 0,261365 0,000137
humbly 0,867501 0,000228
humbug 1,514128 0,000398
humiliation 0,916291 0,000241
humility 0,867501 0,000228
humor 1,203973 0,000633
humorist 2,995732 0,000787
hung 0,174353 0,000046
hurl 0,798508 0,000210
hurricane 1,560648 0,000410
hurry 0,162519 0,000128
hurt 0,150823 0,000079
husband 0,198451 0,000104
hyde 1,897120 0,000498
hysterical 1,469676 0,000386
hysterically 2,302585 0,000605
idea 0,083382 0,000044
ideal 0,776529 0,000204
idealism 2,302585 0,000605
idealize 2,995732 0,000787
idealized 2,659260 0,000699
identification 0,527633 0,000139
identify 0,342490 0,000090
idiot 0,776529 0,000408
idiotic 1,347074 0,000354
idle 0,261365 0,000069
ignoramus 2,659260 0,000699
ignorance 0,287682 0,000076
ignorant 0,301105 0,000079
iii 0,287682 0,000076
illiberally 3,912023 0,001028
image 0,301105 0,000079
imagination 0,223144 0,000117
imaginative 1,609438 0,000423
imagine 0,083382 0,000022
imitate 0,579818 0,000152
imitation 0,673345 0,000177
immense 0,314711 0,000083
immensely 1,171183 0,000308
immorality 1,966113 0,000516
impatience 0,634878 0,000167
impatient 0,371064 0,000097
impatiently 0,634878 0,000167
imperial 1,021651 0,000268
impertinent 1,171183 0,000308
impetuous 1,021651 0,000268
imply 0,235722 0,000062
impose 0,162519 0,000043
impossible 0,094311 0,000025
impostor 1,514128 0,000398
imprecation 1,897120 0,000498
impressed 0,510826 0,000134
impression 0,210721 0,000055
impressive 1,237874 0,000325
impressively 1,966113 0,000516
improbable 1,021651 0,000268
improper 1,139434 0,000299
improve 0,385662 0,000101
impudence 1,272966 0,000334
impudent 1,469676 0,000386
impulse 0,400478 0,000105
impulsively 2,407946 0,000633
inaccurate 0,510826 0,000134
incapable 0,562119 0,000148
incense 0,755023 0,000198
incident 0,356675 0,000094
incidental 0,446287 0,000117
incipient 2,525729 0,000663
include 0,072571 0,000076
income 0,798508 0,000210
incompetent 2,040221 0,000536
incomplete 0,301105 0,000079
inconsiderate 2,302585 0,000605
incorrigible 1,832581 0,000481
increase 0,061875 0,000049
incursion 2,407946 0,000633
indemnify 0,446287 0,000117
indemnity 0,527633 0,000139
independence 0,843970 0,000222
independent 0,510826 0,000134
india 0,843970 0,000222
indian 0,544727 0,000143
indication 0,798508 0,000210
indictment 2,120264 0,000557
indifference 0,527633 0,000139
indifferent 0,400478 0,000105
indignant 0,820981 0,000216
indignantly 1,203973 0,000316
indirect 0,446287 0,000117
indirectly 0,371064 0,000097
indispensable 0,843970 0,000222
individual 0,139262 0,000037
induce 0,328504 0,000086
indulgently 2,407946 0,000633
inefficient 2,525729 0,000663
ineligible 2,813411 0,000739
inept 2,659260 0,000699
inevitable 0,544727 0,000143
inexplicable 1,171183 0,000308
infamous 1,049822 0,000276
infatuated 2,120264 0,000557
infatuation 1,660731 0,000436
inferiority 1,609438 0,000423
infinite 0,430783 0,000113
infinitely 0,673345 0,000177
influenza 3,218876 0,000846
inform 0,198451 0,000052
informer 1,966113 0,000516
infringement 0,544727 0,000143
inigo 3,506558 0,000921
injure 0,356675 0,000094
injury 0,301105 0,000079
innocent 0,186330 0,000049
inscrutable 1,514128 0,000398
insect 0,916291 0,000241
insensibility 1,609438 0,000423
insist 0,223144 0,000059
inspector 1,427116 0,000375
inspire 0,371064 0,000097
instance 0,116534 0,000031
instantly 0,356675 0,000094
instinct 0,356675 0,000187
instinctively 0,733969 0,000193
institute 1,203973 0,000316
institution 0,713350 0,000187
instruction 0,328504 0,000086
instrument 0,248461 0,000065
insult 0,415515 0,000218
intellectual 0,235722 0,000062
intelligence 0,301105 0,000079
intend 0,094311 0,000050
intensely 0,820981 0,000216
intensity 0,994252 0,000261
intention 0,127833 0,000067
intercepting 2,407946 0,000633
interfere 0,415515 0,000109
internal 0,261365 0,000069
international 0,494296 0,000130
interpose 0,916291 0,000241
interpret 0,235722 0,000062
interrupt 0,562119 0,000148
interrupted 0,301105 0,000079
intimacy 0,843970 0,000222
intimate 0,430783 0,000113
intimidate 1,514128 0,000398
intolerable 0,673345 0,000177
intolerantly 3,912023 0,001028
introduce 0,261365 0,000137
invalidity 0,527633 0,000139
invent 0,400478 0,000210
inveterate 1,560648 0,000410
invitation 0,494296 0,000130
invite 0,261365 0,000069
involve 0,820981 0,000216
ireland 1,514128 0,000398
irishman 2,120264 0,000557
iron 0,162519 0,000043
ironically 1,771957 0,000465
irresistible 0,653926 0,000172
irritated 1,078810 0,000283
irritation 1,108663 0,000291
irs 0,562119 0,000148
island 0,400478 0,000105
islands 0,755023 0,000198
italian 0,653926 0,000172
iv 0,328504 0,000086
jacket 0,755023 0,000198
jam 1,237874 0,000325
japanese 1,660731 0,000436
jasmine 2,407946 0,000633
jaunt 2,407946 0,000633
jaw 0,544727 0,000143
jealous 0,446287 0,000117
jewel 0,634878 0,000167
jeweler 2,813411 0,000739
jewellery 2,302585 0,000605
jewelry 2,040221 0,000536
jingle 1,171183 0,000308
job 0,597837 0,000157
jointure 2,995732 0,000787
joke 0,356675 0,000187
jolly 0,994252 0,000261
jones 1,309333 0,000344
joseph 0,994252 0,000261
jot 1,897120 0,000997
journey 0,150823 0,000040
jove 1,108663 0,000291
joy 0,127833 0,000034
judicial 1,309333 0,000344
judicially 3,218876 0,000846
jumping 0,798508 0,000210
junior 1,272966 0,000334
justice 0,162519 0,000043
justifiable 2,040221 0,000536
keenly 0,967584 0,000254
kensington 2,302585 0,000605
kentish 2,813411 0,000739
kerb 3,912023 0,001028
kerbstone 3,912023 0,001028
keyboard 2,813411 0,000739
kick 0,314711 0,000083
kill 0,083382 0,000066
kimono 3,912023 0,001028
kindly 0,223144 0,000059
kindness 0,274437 0,000072
king 0,210721 0,000111
kiss 0,356675 0,000187
kissing 1,021651 0,000268
kitchen 0,562119 0,000148
knee 0,150823 0,000079
knock 0,287682 0,000076
knowledge 0,061875 0,000016
laboratory 1,832581 0,000481
lack 0,371064 0,000097
lad 0,653926 0,000172
ladder 0,616186 0,000162
ladle 2,302585 0,000605
lady 0,162519 0,000085
ladylike 3,218876 0,000846
lake 0,162519 0,000043
lamentably 2,995732 0,000787
lamp 0,400478 0,000105
landing 0,544727 0,000143
landlady 1,514128 0,000398
landscape 0,820981 0,000216
lane 0,653926 0,000172
language 0,072571 0,000019
languish 1,139434 0,000299
lark 1,386294 0,000364
laryngoscope 3,912023 0,001028
latin 0,653926 0,000172
laugh 0,094311 0,000074
laughter 0,274437 0,000072
laureate 2,995732 0,000787
lavish 1,108663 0,000291
law 0,020203 0,000011
lawful 1,078810 0,000283
lawson 2,995732 0,000787
lay 0,030459 0,000016
lazy 0,616186 0,000162
lead 0,020203 0,000011
leading 0,139262 0,000037
leaf 0,446287 0,000117
league 0,653926 0,000172
lean 0,127833 0,000034
learn 0,020203 0,000021
leather 0,527633 0,000139
leave -0,009950 -0,000008
lecture 0,673345 0,000354
left 0,000000 0,000000
leg 0,235722 0,000062
legal 0,261365 0,000069
legally 0,342490 0,000090
legible 1,966113 0,000516
lender 2,407946 0,000633
lesson 0,287682 0,000151
letter 0,072571 0,000038
level 0,210721 0,000055
liability 0,462035 0,000121
liable 0,235722 0,000062
liar 1,021651 0,000268
libelous 3,218876 0,000846
liberty 0,198451 0,000052
library 0,223144 0,000059
license 0,301105 0,000079
licensed 0,430783 0,000113
lick 0,673345 0,000177
lid 0,597837 0,000157
lie 0,020203 0,000011
lieu 0,415515 0,000109
lieutenant 1,203973 0,000316
life -0,009950 -0,000005
lifetime 0,843970 0,000222
lift 0,116534 0,000092
light 0,000000 0,000000
lighted 0,261365 0,000069
lightning 0,430783 0,000113
likeable 3,506558 0,000921
likes 1,771957 0,000465
limelight 3,506558 0,000921
limitation 0,371064 0,000097
limited 0,261365 0,000069
linen 0,527633 0,000139
lingo 2,813411 0,000739
link 0,174353 0,000092
lion 0,579818 0,000152
lionel 3,218876 0,000846
lip 0,127833 0,000067
liquor 0,798508 0,000210
listen 0,105361 0,000055
literary 0,287682 0,000076
literature 0,653926 0,000172
lithographed 3,912023 0,001028
litter 0,843970 0,000222
live 0,010050 0,000005
livelihood 1,514128 0,000398
living 0,020203 0,000005
liza 2,995732 0,000787
loathe 1,309333 0,000344
locate 0,371064 0,000097
location 0,494296 0,000130
lock 0,162519 0,000043
lodging 0,776529 0,000204
loftily 2,302585 0,000605
lofty 0,494296 0,000260
london 0,415515 0,000109
lonely 0,400478 0,000105
loose 0,094311 0,000025
lord 0,223144 0,000059
lose 0,000000 0,000000
loss 0,083382 0,000022
lot 0,051293 0,000027
loud 0,105361 0,000055
loudly 0,400478 0,000105
love 0,030459 0,000024
loveable 3,506558 0,000921
loving 0,478036 0,000126
luck 0,446287 0,000117
ludgate 3,218876 0,000846
luggage 1,203973 0,000316
maam 3,912023 0,001028
machine 0,210721 0,000111
mad 0,235722 0,000062
magisterially 2,995732 0,000787
magnanimous 1,469676 0,000386
maid 0,415515 0,000218
main 0,127833 0,000034
maintain 0,094311 0,000050
maker 0,653926 0,000172
makings 2,813411 0,000739
male 0,562119 0,000148
malice 0,776529 0,000204
mam 3,506558 0,000921
mamma 1,203973 0,000316
manage 0,261365 0,000137
manager 0,597837 0,000157
manner 0,040822 0,000011
manners 0,274437 0,000072
mantelpiece 1,714798 0,000450
manual 1,469676 0,000386
march 0,223144 0,000059
marching 1,171183 0,000308
margin 0,994252 0,000261
marked 0,061875 0,000016
market 0,510826 0,000134
marquis 1,609438 0,000423
marriage 0,314711 0,000083
married 0,248461 0,000065
marry 0,356675 0,000281
masculine 1,347074 0,000354
master 0,072571 0,000038
masterpiece 1,427116 0,000375
match 0,301105 0,000158
mather 3,218876 0,000846
matrimonial 2,040221 0,000536
matrimonially 3,506558 0,000921
matter 0,000000 0,000000
maximum 0,478036 0,000126
meaning 0,186330 0,000049
meddle 0,994252 0,000261
medium 0,223144 0,000059
meet 0,010050 0,000008
meeting 0,162519 0,000085
melancholy 0,342490 0,000090
melt 0,385662 0,000101
menacingly 2,407946 0,000633
mendacity 3,218876 0,000846
mention 0,105361 0,000055
merchantability 0,994252 0,000261
mercy 0,210721 0,000055
mere 0,094311 0,000025
merit 0,371064 0,000097
metaphorically 2,659260 0,000699
metaphysics 1,514128 0,000398
method 0,094311 0,000050
mezzotint 3,912023 0,001028
michael 0,400478 0,000105
middle 0,030459 0,000008
midnight 0,328504 0,000086
mildly 1,171183 0,000308
mile 0,174353 0,000046
military 0,616186 0,000162
milk 0,400478 0,000105
millennium 2,207275 0,000580
millionaire 2,207275 0,001160
millstone 2,302585 0,000605
milton 1,609438 0,000423
miltonic 3,218876 0,000846
mimic 1,427116 0,000750
mind 0,020203 0,000005
mingle 0,356675 0,000094
ministers 0,776529 0,000204
minute 0,150823 0,000079
mischief 0,494296 0,000130
mischievous 1,078810 0,000283
misfit 3,912023 0,001028
mislay 2,120264 0,000557
missing 1,386294 0,000364
mission 0,210721 0,000055
mississippi 0,415515 0,000109
missus 2,995732 0,000787
mistake 0,186330 0,000049
mistrust 1,171183 0,000308
misunderstanding 1,469676 0,000386
mob 1,139434 0,000599
mock 0,478036 0,000126
mode 0,579818 0,000152
model 0,510826 0,000134
moderate 0,579818 0,000152
modern 0,301105 0,000079
modification 0,478036 0,000126
modify 0,356675 0,000094
modulation 2,407946 0,000633
moist 0,843970 0,000222
molestation 2,525729 0,000663
moment 0,010050 0,000005
monday 0,891598 0,000234
money 0,051293 0,000013
monkey 0,941609 0,000247
month 0,040822 0,000011
monthly 1,427116 0,000375
moodily 1,966113 0,000516
moral 0,301105 0,000158
moralist 1,660731 0,000436
morality 0,867501 0,000228
morning 0,040822 0,000011
morris 1,966113 0,000516
mortal 0,314711 0,000083
mother 0,072571 0,000038
motionless 0,544727 0,000143
motor 2,207275 0,000580
moustache 1,514128 0,000398
mousy 3,912023 0,001028
mouth 0,061875 0,000033
movement 0,287682 0,000076
mud 0,462035 0,000121
mulish 3,912023 0,001028
munch 1,832581 0,000481
murderous 1,078810 0,000283
murmur 0,287682 0,000076
museum 1,139434 0,000299
music 0,198451 0,000052
musical 0,579818 0,000152
mutter 0,653926 0,000172
mysterious 0,314711 0,000083
nag 1,771957 0,000465
nagging 2,525729 0,000663
nail 0,356675 0,000187
napkin 1,514128 0,000398
nark 3,506558 0,000921
native 0,314711 0,000083
natural 0,094311 0,000025
naturally 0,210721 0,000055
nature 0,094311 0,000025
natured 0,733969 0,000193
naughty 1,714798 0,000450
navvy 2,813411 0,000739
nearer 0,400478 0,000105
neatness 1,514128 0,000398
necessity 0,210721 0,000055
neck 0,174353 0,000046
nectar 1,966113 0,000516
needlework 1,966113 0,000516
neglect 0,274437 0,000072
negligence 0,415515 0,000109
neighborhood 1,171183 0,000308
nell 2,659260 0,000699
nerve 0,371064 0,000097
nervous 0,494296 0,000130
nest 0,579818 0,000152
network 0,415515 0,000109
news 0,210721 0,000055
newsletter 0,562119 0,000148
newspaper 0,693147 0,000364
nice 0,371064 0,000097
nicely 1,021651 0,000268
niceness 3,506558 0,000921
nicknack 3,912023 0,001028
nietzsche 3,218876 0,000846
nietzschean 3,506558 0,000921
nigh 0,843970 0,000222
night 0,010050 0,000003
nobility 0,755023 0,000198
noble 0,198451 0,000052
nod 0,371064 0,000097
noise 0,139262 0,000037
noisily 1,609438 0,000423
nomenclature 2,525729 0,000663
nonproprietary 0,562119 0,000148
nonsense 0,478036 0,000126
normal 1,237874 0,000325
north 0,083382 0,000022
nose 0,261365 0,000069
notable 1,272966 0,000334
note 0,094311 0,000050
notebook 1,966113 0,000516
notice 0,020203 0,000011
notify 0,371064 0,000097
notion 0,314711 0,000165
notorious 1,049822 0,000276
novelist 1,832581 0,000481
nuisance 1,309333 0,000344
nurse 0,301105 0,000079
nursing 0,867501 0,000228
nursling 3,218876 0,000846
oath 0,385662 0,000101
obey 0,223144 0,000117
object 0,105361 0,000055
objection 0,400478 0,000105
objective 1,660731 0,000436
obligation 0,597837 0,000157
oblige 0,210721 0,000055
obscurity 0,967584 0,000254
observe 0,094311 0,000025
obsolete 0,446287 0,000117
obstinate 0,713350 0,000187
obtuse 2,207275 0,000580
occasion 0,105361 0,000055
occasional 0,510826 0,000134
occasionally 0,371064 0,000097
occupation 0,371064 0,000097
occupy 0,174353 0,000046
occur 0,083382 0,000066
odds 1,108663 0,000291
odious 0,941609 0,000247
offend 0,798508 0,000210
offended 0,616186 0,000162
offer 0,020203 0,000021
office 0,072571 0,000019
officer 0,314711 0,000083
official 0,223144 0,000059
oil 0,446287 0,000117
online 0,510826 0,000134
ooh 3,506558 0,000921
oooo 3,506558 0,000921
opera 1,139434 0,000299
opportunity 0,061875 0,000033
opposition 0,494296 0,000130
opulence 2,120264 0,000557
orange 0,776529 0,000408
orchestrate 3,912023 0,001028
ordinary 0,186330 0,000049
orf 3,506558 0,000921
organ 0,634878 0,000334
organization 1,469676 0,000386
organize 2,040221 0,000536
organized 0,356675 0,000094
original 0,105361 0,000028
originality 1,514128 0,000398
originator 0,478036 0,000126
ornament 0,527633 0,000139
ostrich 1,660731 0,000436
ottoman 2,207275 0,000580
outburst 1,272966 0,000334
outdated 0,562119 0,000148
outrageous 1,386294 0,000364
oven 1,386294 0,000364
overbearing 1,966113 0,000516
overcoat 1,609438 0,000846
overcome 0,198451 0,000052
overwhelm 1,514128 0,000398
overwhelmed 0,891598 0,000234
ow 1,832581 0,000481
owe 0,105361 0,000055
owner 0,083382 0,000022
oxford 1,272966 0,000334
oxonian 3,912023 0,001028
pain 0,051293 0,000013
painful 0,328504 0,000086
painter 0,755023 0,000198
painting 0,713350 0,000375
pair 0,210721 0,000055
palace 0,494296 0,000130
pall 1,272966 0,000334
pallor 1,347074 0,000354
pantomime 1,966113 0,000516
pantry 1,897120 0,000498
papa 1,203973 0,000316
paper 0,083382 0,000044
paperwork 0,562119 0,000148
paragraph 0,328504 0,000173
pardon 0,287682 0,000076
parent 0,261365 0,000137
parental 1,514128 0,000398
park 0,713350 0,000187
parlor 1,660731 0,000436
parrot 1,560648 0,000410
partly 0,301105 0,000079
partner 0,510826 0,000134
party 0,030459 0,000016
pass 0,020203 0,000016
passion 0,174353 0,000046
pat 0,776529 0,000408
patent 0,941609 0,000247
pathos 1,309333 0,000344
patience 0,139262 0,000037
patient 0,274437 0,000072
patiently 0,733969 0,000193
patriarch 1,897120 0,000498
paul 0,798508 0,000210
pauper 1,966113 0,000516
pauperize 3,506558 0,000921
pause 0,314711 0,000083
pay 0,030459 0,000024
payment 0,274437 0,000072
peal 1,078810 0,000283
pearce 3,912023 0,001028
pebble 1,108663 0,000291
pedantic 1,660731 0,000436
pedestal 1,469676 0,000386
pedestrian 1,966113 0,000516
peer 0,616186 0,000162
pen 0,235722 0,000062
penknife 2,302585 0,000605
penniless 1,714798 0,000450
pennilessness 3,912023 0,001028
penny 0,634878 0,000500
percentage 2,659260 0,000699
peremptorily 1,660731 0,000436
perfect 0,061875 0,000016
perfectly 0,162519 0,000043
perforce 1,609438 0,000423
perform 0,072571 0,000057
performance 0,127833 0,000067
perfunctorily 3,506558 0,000921
period 0,235722 0,000062
periodic 0,544727 0,000143
permanent 0,223144 0,000059
permission 0,150823 0,000040
permit 0,094311 0,000025
perplex 0,653926 0,000172
persist 0,478036 0,000126
person -0,009950 -0,000008
personal 0,223144 0,000059
persuade 0,223144 0,000117
pertly 2,995732 0,000787
pet 0,891598 0,000234
petulance 2,040221 0,000536
pharisaic 3,506558 0,000921
phew 2,659260 0,000699
philosophic 1,203973 0,000316
philosophy 0,597837 0,000157
phonetic 3,218876 0,000846
phonetically 3,912023 0,001028
phonetician 3,912023 0,002055
phonetics 3,912023 0,001028
phonograph 2,813411 0,000739
photograph 1,347074 0,000354
phrase 0,139262 0,000037
physical 0,198451 0,000052
physique 2,525729 0,000663
piano 1,078810 0,000283
pick 0,223144 0,000176
pickering 3,912023 0,001028
picking 0,634878 0,000167
pickpocket 2,207275 0,000580
picture 0,139262 0,000037
piece 0,020203 0,000005
pierce 0,356675 0,000094
pig 0,544727 0,000143
pigeon 1,108663 0,000291
pile 0,328504 0,000086
pillar 0,597837 0,000314
pin 0,478036 0,000126
pinched 1,139434 0,000299
pipe 0,385662 0,000101
pitch 0,261365 0,000069
piteous 1,272966 0,000334
pitfall 2,525729 0,000663
pitiably 3,506558 0,000921
pitman 3,912023 0,001028
pity 0,139262 0,000073
placidly 1,832581 0,000481
plain 0,040822 0,000011
plainly 0,261365 0,000069
plaint 2,120264 0,000557
plant 0,186330 0,000098
plate 0,314711 0,000083
play 0,040822 0,000043
player 0,713350 0,000187
plea 1,049822 0,000276
pleasant 0,162519 0,000043
pleased 0,150823 0,000040
pleasure 0,051293 0,000013
pledge 0,634878 0,000167
plenty 0,235722 0,000062
plight 1,237874 0,000325
plinth 2,995732 0,000787
plot 0,693147 0,000182
plug 1,714798 0,000450
pneumonia 2,995732 0,000787
pocket 0,371064 0,000195
poet 0,544727 0,000143
poetry 0,693147 0,000182
police 0,755023 0,000198
policeman 1,237874 0,000325
politely 1,078810 0,000283
politics 0,713350 0,000187
polytechnic 3,506558 0,001842
poor 0,020203 0,000011
pop 1,203973 0,000316
popular 0,430783 0,000113
popularize 3,218876 0,000846
pore 1,203973 0,000316
porridge 2,040221 0,000536
portico 1,771957 0,000465
portrait 0,597837 0,000314
portraiture 2,995732 0,000787
pose 1,021651 0,000268
poser 2,995732 0,000787
position 0,162519 0,000043
positive 0,597837 0,000157
positively 0,776529 0,000204
possess 0,061875 0,000016
possession 0,083382 0,000022
possibility 0,150823 0,000040
post 0,051293 0,000040
postcard 3,506558 0,000921
pot 0,478036 0,000126
pound 0,314711 0,000165
pour 0,116534 0,000092
poverty 0,446287 0,000117
power 0,030459 0,000016
practically 0,235722 0,000062
practice 0,116534 0,000031
practise 0,510826 0,000134
pram 3,912023 0,001028
pray 0,261365 0,000069
prayer 0,287682 0,000076
preach 0,755023 0,000198
preacher 1,049822 0,000552
precaution 0,733969 0,000193
precisely 0,510826 0,000134
predestinate 2,995732 0,000787
preface 0,713350 0,000187
prefer 0,174353 0,000046
preference 0,843970 0,000222
prejudice 0,579818 0,000152
preoccupy 1,386294 0,000364
prepare 0,116534 0,000031
prepared 0,105361 0,000028
presence 0,094311 0,000025
presentable 2,207275 0,000580
presently 0,385662 0,000101
preserve 0,083382 0,000022
press 0,105361 0,000055
pressure 0,527633 0,000139
presume 0,462035 0,000121
presumptuous 1,469676 0,000386
pretend 0,186330 0,000147
pretension 1,049822 0,000276
pretentious 2,525729 0,000663
pretty 0,150823 0,000040
prevail 0,287682 0,000076
prevent 0,040822 0,000021
previous 0,094311 0,000025
price 0,314711 0,000165
pride 0,150823 0,000040
prime 0,653926 0,000172
primroses 2,995732 0,000787
principle 0,274437 0,000072
print 0,116534 0,000061
prior 1,237874 0,000325
private 0,198451 0,000052
procedure 1,832581 0,000481
processing 0,562119 0,000148
proclaim 0,527633 0,000139
procure 0,415515 0,000109
produce 0,061875 0,000049
product 1,108663 0,000291
production 0,274437 0,000072
profess 0,616186 0,000162
profession 0,446287 0,000117
professional 0,820981 0,000216
professionally 2,525729 0,000663
professor 0,261365 0,000069
proffer 1,560648 0,000410
proficiency 1,660731 0,000436
profit 0,083382 0,000022
prohibition 0,415515 0,000109
project -0,009950 -0,000003
prominently 0,494296 0,000130
promise 0,051293 0,000027
promote 0,274437 0,000072
promotion 0,342490 0,000090
pronounce 0,798508 0,000419
pronunciation 1,609438 0,000423
proofread 0,562119 0,000148
proper 0,061875 0,000016
properly 0,385662 0,000101
property 0,127833 0,000034
prophecy 1,021651 0,000268
propose 0,186330 0,000049
proprietary 0,562119 0,000148
prospects 1,203973 0,000316
prosper 1,171183 0,000308
prostrate 0,673345 0,000177
protect 0,139262 0,000110
protection 0,314711 0,000083
protest 0,342490 0,000090
protrude 1,203973 0,000316
prove 0,083382 0,000044
provide 0,127833 0,000067
providence 0,693147 0,000182
provision 0,094311 0,000050
provocation 1,049822 0,000276
provoke 0,510826 0,000134
proximity 1,609438 0,000423
prudent 0,616186 0,000162
prudery 2,995732 0,000787
public 0,083382 0,000022
publish 0,478036 0,000126
publisher 1,237874 0,000325
puissant 2,813411 0,000739
pull 0,127833 0,000067
pulpit 1,171183 0,000308
punitive 0,562119 0,000148
pupil 0,579818 0,000305
puppy 1,386294 0,000364
pure 0,139262 0,000037
purely 0,713350 0,000187
purgatory 1,966113 0,000516
purpose 0,040822 0,000011
push 0,139262 0,000110
pusher 3,912023 0,001028
puzzle 0,941609 0,000247
puzzled 0,494296 0,000130
pygmalion 2,995732 0,000787
pyin 3,912023 0,001028
quaint 1,021651 0,000537
qualification 1,386294 0,000364
qualified 0,967584 0,000254
qualify 1,560648 0,000410
quality 0,186330 0,000098
quarrel 0,287682 0,000076
quarrelling 1,386294 0,000364
quarter 0,105361 0,000028
queen 0,415515 0,000109
queens 1,660731 0,000436
question 0,020203 0,000005
quick 0,127833 0,000034
quickness 1,237874 0,000325
quiet 0,094311 0,000050
quietly 0,261365 0,000069
radiance 1,139434 0,000299
radiant 0,867501 0,000228
rage 0,139262 0,000073
rail 0,579818 0,000152
raillery 1,966113 0,000516
railway 1,171183 0,000308
rain 0,150823 0,000040
raise 0,020203 0,000011
ram 0,994252 0,000261
rascal 0,867501 0,000228
rash 0,891598 0,000234
rashly 1,560648 0,000410
rate 0,261365 0,000069
rational 0,867501 0,000228
rattle 0,616186 0,000162
rattling 0,916291 0,000241
raving 1,309333 0,000344
reach 0,000000 0,000000
reaction 1,237874 0,000325
read 0,020203 0,000016
readable 0,510826 0,000134
readership 3,912023 0,001028
ready 0,030459 0,000008
real 0,040822 0,000011
realize 0,693147 0,000364
reason 0,010050 0,000003
reasonable 0,116534 0,000031
reassure 0,820981 0,000216
rebellious 1,049822 0,000276
rebuke 0,843970 0,000222
receipt 0,261365 0,000069
receive 0,040822 0,000032
recognition 0,713350 0,000187
recognize 0,733969 0,000386
recoil 1,272966 0,000334
recollect 0,562119 0,000295
recommend 0,400478 0,000210
record 0,223144 0,000059
recover 0,127833 0,000101
red 0,061875 0,000016
redistribute 0,544727 0,000143
redistributing 0,562119 0,000148
redistribution 0,562119 0,000148
reduce 0,314711 0,000083
reek 1,469676 0,000386
refer 0,223144 0,000059
reference 0,198451 0,000052
reflectively 1,897120 0,000498
reform 0,891598 0,000234
reformer 1,771957 0,000465
refuge 0,446287 0,000117
refund 0,562119 0,000148
refusal 0,820981 0,000216
refuse 0,083382 0,000044
regard 0,083382 0,000044
register 0,287682 0,000076
regular 0,287682 0,000076
regularly 0,616186 0,000162
regulate 0,210721 0,000055
reindeer 3,506558 0,000921
reject 0,478036 0,000126
relapse 1,021651 0,000268
relapsing 2,302585 0,000605
relation 0,223144 0,000117
relative 0,462035 0,000243
release 0,105361 0,000028
relent 1,609438 0,000423
relic 0,867501 0,000228
relieve 0,198451 0,000052
religion 0,415515 0,000109
religious 0,446287 0,000117
reluctant 1,021651 0,000268
reluctantly 0,941609 0,000247
remain 0,040822 0,000021
remains 0,150823 0,000040
remark 0,223144 0,000059
remarkable 0,235722 0,000062
remarkably 0,733969 0,000193
remarks 0,462035 0,000121
remedy 0,150823 0,000040
remember 0,030459 0,000016
remind 0,301105 0,000079
reminder 1,897120 0,000498
remonstrance 1,171183 0,000308
remonstrate 1,386294 0,000364
remote 0,478036 0,000126
remove 0,040822 0,000021
rename 0,544727 0,000143
renounce 0,941609 0,000247
repeat 0,051293 0,000013
replace 0,198451 0,000104
replacement 0,544727 0,000143
reply 0,105361 0,000055
report 0,051293 0,000027
represent 0,210721 0,000055
representation 0,261365 0,000069
reproach 0,301105 0,000079
reproduce 1,078810 0,000283
repudiate 1,660731 0,000872
repudiation 2,995732 0,000787
repulsive 1,049822 0,000276
request 0,105361 0,000028
require 0,051293 0,000040
required 0,083382 0,000022
requirement 0,400478 0,000105
rescue 0,494296 0,000130
resent 0,820981 0,000216
resentment 0,798508 0,000210
reserve 0,400478 0,000105
resign 0,693147 0,000364
resignation 0,994252 0,000261
resignedly 2,525729 0,000663
resist 0,274437 0,000072
resistance 0,430783 0,000113
resolutely 1,108663 0,000291
resolution 0,385662 0,000101
resort 0,733969 0,000193
respect 0,040822 0,000011
respectability 1,427116 0,000375
respectable 0,430783 0,000113
responsible 0,693147 0,000182
rest 0,010050 0,000005
restlessly 1,514128 0,000398
restore 0,223144 0,000059
restriction 0,371064 0,000097
result 0,174353 0,000046
resume 0,301105 0,000079
retail 2,207275 0,000580
retire 0,415515 0,000109
retirement 1,108663 0,000291
retort 0,820981 0,000216
retreat 0,342490 0,000090
retrieve 1,832581 0,000481
return 0,010050 0,000011
reveal 0,223144 0,000059
revenue 0,342490 0,000090
review 0,693147 0,000182
revolt 0,967584 0,000254
reward 0,174353 0,000046
rhetoric 1,560648 0,000410
rhythm 1,897120 0,000498
rich 0,116534 0,000031
rid 0,223144 0,000059
ride 0,261365 0,000137
ridicule 0,994252 0,000522
ridiculous 0,478036 0,000126
ridiculously 1,897120 0,000498
righteous 1,203973 0,000316
rip 1,021651 0,000268
rise 0,030459 0,000040
risk 0,301105 0,000079
rival 0,494296 0,000130
river 0,174353 0,000046
road 0,116534 0,000031
roar 0,356675 0,000094
robust 0,967584 0,000254
rogue 1,272966 0,000334
romance 0,673345 0,000177
romantic 0,891598 0,000234
romic 3,912023 0,001028
rotter 3,912023 0,001028
rough 0,186330 0,000049
roughly 0,544727 0,000143
route 0,713350 0,000187
routine 1,237874 0,000325
row 0,385662 0,000101
royal 0,400478 0,000105
royalty 0,371064 0,000195
rubbish 1,108663 0,000291
rubens 2,302585 0,000605
rude 0,342490 0,000090
rudely 1,309333 0,000344
ruin 0,116534 0,000031
rule 0,030459 0,000008
rush 0,127833 0,000067
ruthlessly 1,771957 0,000465
sacred 0,415515 0,000109
sad 0,223144 0,000059
sadly 0,510826 0,000134
safe 0,116534 0,000031
sail 0,415515 0,000109
sailor 0,544727 0,000143
sake 0,083382 0,000022
salt 0,105361 0,000028
salutation 1,237874 0,000325
samuel 1,237874 0,000325
san 1,272966 0,000334
sanguinary 2,040221 0,000536
sarcastic 1,427116 0,000375
satanic 2,813411 0,000739
satire 1,514128 0,000398
satisfaction 0,186330 0,000049
satisfactory 0,562119 0,000148
satisfy 0,061875 0,000033
saturate 1,609438 0,000423
saucepan 2,040221 0,000536
saucy 1,897120 0,000498
savage 0,248461 0,000065
savagely 1,427116 0,000375
save 0,010050 0,000005
scale 0,274437 0,000072
scattered 0,139262 0,000037
scene 0,127833 0,000034
school 0,150823 0,000079
science 0,415515 0,000109
scientific 0,776529 0,000204
scientifically 2,407946 0,000633
scold 1,078810 0,000283
scolding 1,309333 0,000344
score 0,446287 0,000117
scorn 0,446287 0,000117
scrape 0,634878 0,000167
scream 0,462035 0,000243
scribble 1,309333 0,000344
script 2,525729 0,000663
scrub 1,237874 0,000325
scrupulousness 3,506558 0,000921
scullery 2,040221 0,000536
sculpture 1,660731 0,000436
scutcheon 3,218876 0,000846
scuttle 1,237874 0,000325
search 0,040822 0,000011
seasoned 1,609438 0,000423
seat 0,051293 0,000027
secondary 1,347074 0,000354
secret 0,051293 0,000013
secretary 0,820981 0,000216
secretaryship 3,506558 0,000921
secure 0,061875 0,000016
security 0,478036 0,000126
seek 0,083382 0,000044
seldom 0,301105 0,000079
select 0,301105 0,000079
selfish 0,798508 0,000210
sell 0,210721 0,000166
send 0,020203 0,000011
sensation 0,371064 0,000097
sensational 2,207275 0,000580
sense 0,051293 0,000013
sensibility 1,237874 0,000325
sentence 0,094311 0,000025
sentiment 0,356675 0,000094
sentimental 1,139434 0,000299
separate 0,094311 0,000025
sequel 1,078810 0,000283
serene 0,916291 0,000241
series 0,494296 0,000130
servant 0,105361 0,000055
serve 0,051293 0,000013
service 0,072571 0,000038
set 0,010050 0,000005
settee 2,302585 0,000605
settle 0,083382 0,000044
severely 0,634878 0,000167
sex 0,462035 0,000121
sexual 2,525729 0,000663
sha 1,309333 0,000344
shake 0,072571 0,000076
shallow 0,755023 0,000198
sham 1,560648 0,000410
shape 0,150823 0,000040
shaped 0,527633 0,000139
share 0,030459 0,000024
shaw 2,813411 0,000739
sheer 0,820981 0,000216
sheet 0,314711 0,000165
shelter 0,301105 0,000079
sheltered 0,820981 0,000216
shift 0,510826 0,000134
shilling 0,967584 0,000508
ship 0,198451 0,000052
shock 0,235722 0,000186
shoddy 3,218876 0,000846
shoe 0,314711 0,000165
shooting 0,634878 0,000167
shop 0,494296 0,000130
shops 0,843970 0,000222
short 0,020203 0,000005
shorthand 3,218876 0,000846
shortly 0,462035 0,000121
shot 0,223144 0,000059
shoulder 0,139262 0,000073
shout 0,186330 0,000049
shove 0,967584 0,000508
shrieking 1,347074 0,000354
shrug 0,994252 0,000261
shrugging 1,897120 0,000498
shun 0,994252 0,000261
shut 0,051293 0,000027
shy 0,673345 0,000354
shyly 2,040221 0,000536
sick 0,150823 0,000040
sight 0,040822 0,000011
sign 0,051293 0,000027
signal 0,462035 0,000121
silent 0,051293 0,000013
silently 0,544727 0,000143
silk 0,478036 0,000126
silliness 2,302585 0,000605
silly 0,400478 0,000105
silvery 1,203973 0,000316
simple 0,094311 0,000025
simply 0,150823 0,000040
simul 3,506558 0,000921
sin 0,314711 0,000083
sincerity 0,653926 0,000172
sinecure 2,302585 0,000605
sinful 1,309333 0,000344
singing 0,371064 0,000097
single 0,083382 0,000022
sink 0,072571 0,000019
sir 0,150823 0,000040
sit 0,010050 0,000011
situation 0,198451 0,000104
sixpence 1,469676 0,000386
sixth 0,446287 0,000117
size 0,223144 0,000117
skilly 3,912023 0,001028
skin 0,174353 0,000046
skirt 0,527633 0,000277
skull 0,843970 0,000222
sky 0,186330 0,000049
slam 1,309333 0,000344
slamming 2,302585 0,000605
slang 1,832581 0,000481
slave 0,356675 0,000187
slavish 1,771957 0,000465
slavishly 3,218876 0,000846
sleep 0,051293 0,000027
sleepy 0,713350 0,000187
sleeve 0,579818 0,000152
slight 0,072571 0,000019
sling 1,309333 0,000688
slip 0,150823 0,000040
slipper 0,916291 0,000241
slough 1,469676 0,000386
slovenly 2,040221 0,000536
slowly 0,150823 0,000040
slum 2,659260 0,000699
slut 2,207275 0,000580
smart 0,597837 0,000314
smash 1,021651 0,000268
smell 0,261365 0,000206
smile 0,150823 0,000079
smith 0,820981 0,000216
smoke 0,186330 0,000098
snap 0,733969 0,000386
snatch 0,462035 0,000243
sneer 0,994252 0,000522
sneering 1,609438 0,000423
snigger 2,813411 0,000739
snivelling 2,813411 0,000739
snob 3,506558 0,000921
snobbery 3,506558 0,000921
soak 1,171183 0,000308
soap 1,272966 0,000334
sob 0,562119 0,000148
sober 0,562119 0,000148
social 0,371064 0,000097
socially 2,407946 0,000633
society 0,210721 0,000111
soft 0,210721 0,000055
softening 1,514128 0,000398
soiree 3,218876 0,000846
sole 0,301105 0,000079
solemnly 0,579818 0,000152
solicit 0,314711 0,000083
solicitation 0,430783 0,000113
solicitor 1,966113 0,000516
solution 0,755023 0,000198
solve 0,478036 0,000377
son 0,083382 0,000022
song 0,261365 0,000069
soot 1,609438 0,000423
sorely 1,049822 0,000276
sort 0,072571 0,000057
soul 0,083382 0,000044
sound 0,010050 0,000008
south 0,235722 0,000062
sovereign 0,733969 0,000193
space 0,105361 0,000028
spain 0,994252 0,000261
spanish 0,733969 0,000193
spare 0,116534 0,000061
spark 0,544727 0,000143
spawl 3,912023 0,001028
speak 0,030459 0,000032
speaking 0,072571 0,000019
special 0,083382 0,000022
specialist 1,771957 0,000465
spectacle 0,544727 0,000143
spectacles 0,843970 0,000222
spectator 0,544727 0,000143
speech 0,139262 0,000073
speechless 0,916291 0,000241
spell 0,653926 0,000172
spend 0,051293 0,000040
spinster 2,407946 0,000633
spirit 0,051293 0,000027
spirited 0,713350 0,000187
spiritedly 3,506558 0,000921
spite 0,139262 0,000037
splendid 0,400478 0,000105
splendor 1,514128 0,000398
spoil 0,274437 0,000144
spoon 1,021651 0,000268
sporting 1,427116 0,000375
sportsman 1,660731 0,000436
spot 0,150823 0,000040
spraddle 3,912023 0,001028
spread 0,051293 0,000013
spree 2,407946 0,000633
spring 0,051293 0,000027
squabble 2,040221 0,000536
square 0,223144 0,000117
squashed 2,813411 0,000739
squeeze 0,798508 0,000419
staff 0,261365 0,000069
stage 0,186330 0,000049
staggeringly 3,506558 0,000921
staid 1,237874 0,000325
stair 0,415515 0,000109
stale 1,309333 0,000344
stamp 0,261365 0,000137
stand -0,009950 -0,000008
standard 0,544727 0,000143
stare 0,328504 0,000259
start -0,009950 -0,000008
startled 0,415515 0,000109
startling 0,967584 0,000254
statement 0,186330 0,000049
station 0,235722 0,000062
stationery 2,659260 0,000699
status 0,446287 0,000117
stay 0,061875 0,000016
stead 1,139434 0,000299
steadfastly 1,660731 0,000436
steadily 0,415515 0,000109
steady 0,301105 0,000079
steal 0,105361 0,000055
step 0,030459 0,000008
stepmother 2,207275 0,000580
stern 0,478036 0,000126
sternly 0,820981 0,000216
stiff 0,430783 0,000113
stifle 0,967584 0,000254
stilton 3,506558 0,000921
sting 0,616186 0,000162
stir 0,210721 0,000055
stitch 1,347074 0,000708
stock 0,235722 0,000062
stolidly 2,120264 0,000557
stonily 2,659260 0,000699
stoop 0,400478 0,000105
store 0,061875 0,000016
storm 0,274437 0,000144
stormy 0,755023 0,000198
story 0,030459 0,000016
straight 0,105361 0,000028
straighten 0,967584 0,000254
strain 0,248461 0,000131
straiten 2,120264 0,000557
strand 0,820981 0,000216
stranger 0,139262 0,000037
strap 1,203973 0,000316
straw 0,342490 0,000090
stray 0,562119 0,000148
stream 0,139262 0,000037
street 0,116534 0,000061
strength 0,030459 0,000008
stretch 0,116534 0,000061
strew 0,733969 0,000193
stricken 0,653926 0,000172
strict 0,186330 0,000049
strictly 0,579818 0,000152
strike 0,020203 0,000011
string 0,371064 0,000097
stroke 0,301105 0,000079
stroll 0,820981 0,000431
strong 0,020203 0,000016
structure 0,634878 0,000167
struggle 0,127833 0,000101
student 0,579818 0,000152
study 0,094311 0,000025
stuff 0,223144 0,000059
stumble 0,562119 0,000148
stumbling 1,108663 0,000291
stupent 3,912023 0,001028
stupid 0,478036 0,000126
stupidity 0,916291 0,000241
style 0,261365 0,000069
subject 0,061875 0,000033
subjective 2,120264 0,000557
submission 0,776529 0,000204
subscribe 0,342490 0,000090
subside 0,916291 0,000481
succeed 0,105361 0,000055
success 0,162519 0,000043
successful 0,478036 0,000126
sudden 0,072571 0,000019
suddenly 0,040822 0,000011
suffer 0,061875 0,000033
sufferer 0,891598 0,000234
suffering 0,210721 0,000055
sufficient 0,139262 0,000037
suffocate 1,272966 0,000334
suit 0,198451 0,000052
sulkily 2,302585 0,000605
sulky 1,514128 0,000398
sum 0,261365 0,000069
summer 0,186330 0,000049
sunday 0,494296 0,000130
sunnily 3,912023 0,001028
sunny 0,843970 0,000222
superior 0,261365 0,000069
superiority 0,673345 0,000177
superlatively 2,659260 0,000699
superstitiously 2,995732 0,000787
supper 0,446287 0,000117
supplant 1,771957 0,000465
supply 0,210721 0,000111
support 0,094311 0,000025
suppose 0,020203 0,000011
suppress 0,446287 0,000117
surely 0,186330 0,000049
surprise 0,150823 0,000040
surprised 0,210721 0,000055
surprising 0,544727 0,000143
survive 0,186330 0,000049
susceptible 1,386294 0,000364
suspect 0,162519 0,000085
suspicious 0,579818 0,000152
suspiciously 1,832581 0,000481
swallow 0,261365 0,000069
swamp 0,287682 0,000076
swank 3,912023 0,002055
swear 0,261365 0,000137
swearing 0,994252 0,000261
sweat 0,562119 0,000148
sweep 0,274437 0,000072
sweet 0,139262 0,000073
sweetly 1,049822 0,000276
sweetness 0,673345 0,000177
swine 1,347074 0,000354
switch 1,514128 0,000795
swoop 1,386294 0,000364
sybil 2,659260 0,000699
sympathetic 1,021651 0,000268
sympathetically 1,897120 0,000498
sympathize 1,309333 0,000344
sympathy 0,314711 0,000083
syndicate 3,506558 0,000921
synonymous 0,446287 0,000117
table 0,083382 0,000044
tablecloth 1,966113 0,000516
tack 1,139434 0,000299
tackle 1,139434 0,000299
taker 2,207275 0,000580
talent 0,385662 0,000101
talk 0,061875 0,000049
talking 0,150823 0,000040
tall 0,198451 0,000052
tanner 2,302585 0,000605
tap 0,798508 0,000210
task 0,248461 0,000065
taste 0,105361 0,000028
tasteless 2,995732 0,000787
tax 0,248461 0,000131
taxi 3,506558 0,000921
taxicab 3,506558 0,000921
taxis 3,912023 0,001028
te 1,609438 0,000423
tea 0,579818 0,000152
teach 0,083382 0,000088
teachable 2,813411 0,000739
teacher 0,415515 0,000218
tear 0,030459 0,000016
tease 1,386294 0,000364
tec 3,912023 0,001028
tedious 0,755023 0,000198
teem 1,309333 0,000344
telephone 2,120264 0,001114
temper 0,261365 0,000137
temperament 0,967584 0,000254
tempt 0,415515 0,000109
tempting 0,967584 0,000254
tender 0,301105 0,000158
term 0,061875 0,000016
terrify 0,579818 0,000152
terror 0,162519 0,000043
textbook 2,659260 0,000699
thames 1,660731 0,000436
theatre 0,820981 0,000216
thereabout 1,514128 0,000398
thersites 2,995732 0,000787
thief 0,462035 0,000121
thinking 0,274437 0,000072
thoughtfully 0,994252 0,000261
thoughtless 1,108663 0,000291
threat 0,634878 0,000167
threateningly 2,302585 0,000605
thrilling 1,139434 0,000299
thrillingly 3,912023 0,001028
throat 0,223144 0,000059
throw 0,010050 0,000013
thrust 0,287682 0,000227
thumb 0,916291 0,000241
thunder 0,430783 0,000113
thundering 1,237874 0,000325
tickle 1,171183 0,000308
tidy 1,171183 0,000308
tie 0,105361 0,000083
time -0,009950 -0,000005
tiny 0,820981 0,000216
tipmost 3,912023 0,001028
tiptoe 0,941609 0,000247
tired 0,198451 0,000052
tiresome 1,078810 0,000283
title 0,116534 0,000031
toady 2,813411 0,000739
tobacco 0,713350 0,000187
toe 0,616186 0,000162
toff 3,506558 0,000921
tog 2,659260 0,000699
tolerable 0,994252 0,000261
tolerably 0,994252 0,000261
tolerantly 3,506558 0,000921
tomorrow 0,755023 0,000198
tone 0,198451 0,000104
tongue 0,139262 0,000037
tonight 1,272966 0,000334
tooth 0,186330 0,000049
topmost 1,714798 0,000450
torrent 0,713350 0,000187
tosh 3,912023 0,001028
touch 0,010050 0,000008
towel 1,427116 0,000750
tower 0,314711 0,000165
town 0,094311 0,000025
track 0,415515 0,000109
trade 0,287682 0,000076
trademark 0,562119 0,000148
tradition 0,755023 0,000397
tragedy 0,733969 0,000193
tragic 0,820981 0,000216
train 0,162519 0,000043
training 0,776529 0,000204
trample 0,597837 0,000157
transcendence 3,912023 0,001028
transcribe 0,462035 0,000121
transcriber 1,714798 0,000450
transcript 2,302585 0,001210
transcription 0,527633 0,000139
transfiguration 2,659260 0,001397
tread 0,328504 0,000086
treasure 0,261365 0,000137
treat 0,127833 0,000101
treatment 0,127833 0,000034
tremendous 0,693147 0,000182
trial 0,261365 0,000069
trick 0,274437 0,000144
trifle 0,446287 0,000117
triumph 0,261365 0,000137
triumphant 0,798508 0,000210
trivial 0,776529 0,000204
trivially 3,912023 0,001028
trouble 0,010050 0,000005
troublesome 0,843970 0,000222
trouser 2,040221 0,000536
trousers 0,843970 0,000222
truck 1,560648 0,000410
true 0,020203 0,000005
trust 0,061875 0,000033
truth 0,030459 0,000016
tube 1,309333 0,000344
tumult 0,798508 0,000210
tuning 2,813411 0,000739
tuppence 3,912023 0,001028
twinkle 1,049822 0,000276
twist 0,314711 0,000083
twopence 2,120264 0,000557
type 0,174353 0,000092
typewrite 2,525729 0,000663
tyrannical 1,514128 0,000398
tyrant 0,843970 0,000222
ugly 0,385662 0,000101
umbrella 1,203973 0,000316
unabashed 2,659260 0,000699
unable 0,248461 0,000065
unaffected 1,386294 0,000364
unaffectedly 2,813411 0,000739
unamiable 2,525729 0,000663
unassailable 2,407946 0,000633
unbearable 1,560648 0,000410
unbounded 1,309333 0,000344
uncertain 0,301105 0,000079
uncommercial 3,506558 0,000921
uncommon 0,798508 0,000210
unconcealed 2,995732 0,000787
unconscious 0,400478 0,000105
unconsciously 0,634878 0,000167
uncultivated 2,207275 0,000580
underrate 2,813411 0,001478
understand 0,020203 0,000011
understanding 0,223144 0,000059
undeserving 2,302585 0,000605
uneasy 0,544727 0,000143
unenforceability 0,562119 0,000148
unexpected 0,430783 0,000113
unfeeling 1,609438 0,000423
unfortunate 0,314711 0,000083
ungraciously 2,995732 0,000787
ungrateful 0,798508 0,000210
unhappiness 1,560648 0,000410
unhappy 0,400478 0,000105
uniform 0,210721 0,000055
unintelligible 1,237874 0,000325
unintended 3,506558 0,000921
union 0,494296 0,000130
united 0,094311 0,000025
universal 0,478036 0,000126
university 0,967584 0,000254
unlace 3,218876 0,001691
unladylike 3,506558 0,000921
unlink 0,562119 0,000148
unlock 0,755023 0,000198
unmanly 2,207275 0,000580
unmoved 0,916291 0,000241
unnatural 0,713350 0,000187
unnecessary 0,653926 0,000172
unpleasant 0,562119 0,000148
unprotected 0,673345 0,000177
unreason 3,506558 0,000921
unreasonable 0,967584 0,000254
unsolicited 0,510826 0,000134
untaught 2,407946 0,000633
untidy 1,660731 0,000436
unwelcome 1,469676 0,000386
update 0,510826 0,000134
uproarious 2,659260 0,000699
uproariously 2,813411 0,000739
upset 0,755023 0,000198
upstairs 0,891598 0,000234
upstart 2,040221 0,000536
useless 0,235722 0,000062
user 0,544727 0,000143
usher 0,867501 0,000228
usual 0,139262 0,000037
ut 0,510826 0,000134
utter 0,162519 0,000128
utterly 0,371064 0,000097
vacant 0,693147 0,000182
vaguely 0,967584 0,000254
vainly 0,634878 0,000167
vanilla 0,544727 0,000143
vanity 0,400478 0,000105
variety 0,150823 0,000040
vary 0,342490 0,000090
vegetable 0,693147 0,000182
vehement 1,427116 0,000375
velvet 0,891598 0,000234
vent 0,798508 0,000210
verse 0,478036 0,000126
version 0,342490 0,000090
veteran 1,609438 0,000423
vex 0,579818 0,000152
vexation 0,820981 0,000216
victim 0,385662 0,000101
victoria 1,966113 0,000516
victorian 2,995732 0,000787
victory 0,356675 0,000094
view 0,040822 0,000032
vigorous 0,544727 0,000143
violate 0,342490 0,000090
violent 0,223144 0,000059
violently 0,462035 0,000121
violet 1,139434 0,000299
virus 0,527633 0,000139
visible 0,235722 0,000062
visit 0,030459 0,000008
visitor 0,446287 0,000117
vital 0,693147 0,000182
vocal 1,469676 0,000386
vogue 1,609438 0,000423
voice 0,020203 0,000005
void 0,261365 0,000069
volunteer 0,314711 0,000083
volunteers 0,430783 0,000113
vouchsafe 1,309333 0,000344
vowel 2,120264 0,001114
vulgar 0,634878 0,000167
vulgarly 2,302585 0,000605
wages 0,916291 0,000241
waist 0,693147 0,000182
waistcoat 0,941609 0,000247
wait 0,061875 0,000016
waiting 0,083382 0,000022
wake 0,223144 0,000059
waken 1,139434 0,000299
wales 1,660731 0,000436
walk 0,000000 0,000000
wall 0,094311 0,000050
wallop 3,506558 0,001842
wander 0,116534 0,000031
warm 0,116534 0,000061
warn 0,287682 0,000076
warning 0,235722 0,000062
warningly 2,407946 0,000633
warrant 0,562119 0,000148
warranty 0,544727 0,000286
wash 0,210721 0,000111
waste 0,127833 0,000034
watch 0,020203 0,000011
water 0,040822 0,000011
wax 0,446287 0,000117
weak 0,105361 0,000055
wear 0,083382 0,000110
wearily 1,272966 0,000334
weather 0,248461 0,000065
wedding 0,733969 0,000193
week 0,127833 0,000067
weekly 1,171183 0,000308
weep 0,356675 0,000187
weight 0,116534 0,000031
wellsian 3,912023 0,001028
welsh 2,407946 0,000633
west 0,083382 0,000022
wet 0,261365 0,000069
wh 2,813411 0,000739
whatsoever 0,287682 0,000076
whew 2,407946 0,000633
whimper 1,386294 0,000364
whip 0,400478 0,000316
whistle 0,462035 0,000243
whistler 2,813411 0,000739
white 0,051293 0,000013
wholly 0,400478 0,000105
wicked 0,328504 0,000086
wide 0,030459 0,000008
widespread 0,916291 0,000241
widow 0,510826 0,000134
wife 0,083382 0,000022
wild 0,051293 0,000013
wilderness 0,673345 0,000177
win 0,356675 0,000187
wind 0,094311 0,000025
window 0,162519 0,000085
wink 0,597837 0,000157
winter 0,198451 0,000052
wipe 0,415515 0,000109
wiseacre 2,995732 0,000787
wit 0,198451 0,000052
withdraw 0,210721 0,000055
withered 0,843970 0,000222
witty 1,139434 0,000299
woman 0,030459 0,000016
wonderful 0,162519 0,000043
wood 0,083382 0,000044
wooden 0,415515 0,000109
woodnote 3,912023 0,001028
woolly 2,120264 0,000557
word 0,020203 0,000005
workhouse 2,207275 0,000580
worrit 3,218876 0,000846
worry 0,544727 0,000286
worship 0,415515 0,000218
worth 0,061875 0,000016
worthy 0,186330 0,000049
wounded 0,274437 0,000072
wrap 0,400478 0,000105
wrath 0,634878 0,000167
wring 0,798508 0,000210
wrist 0,776529 0,000204
write 0,020203 0,000021
writhe 0,867501 0,000228
writing 0,061875 0,000016
wrong 0,072571 0,000019
ya 2,659260 0,000699
yawn 0,820981 0,000216
yawning 1,237874 0,000325
yell 0,798508 0,000210
yer 2,040221 0,000536
yorkshireman 3,912023 0,001028
youth 0,139262 0,000073
zephyr 2,407946 0,000633
