abandon 0,223144 0,000151
abyss 0,994252 0,000671
accept 0,061875 0,000084
accomplish 0,634878 0,000429
achieve 0,597837 0,000404
achievement 1,171183 0,000791
acid 1,832581 0,001237
actor 0,755023 0,000510
afraid 0,105361 0,000071
age 0,040822 0,000055
agony 0,462035 0,000312
agree 0,051293 0,000035
ailment 1,832581 0,001237
aim 0,287682 0,000194
air 0,061875 0,000042
alike 0,287682 0,000194
alive 0,051293 0,000035
alliance 1,108663 0,000749
alms 1,309333 0,000884
aloud 0,301105 0,000203
altar 0,755023 0,000510
alter 0,235722 0,000159
amen 1,237874 0,000836
ancient 0,198451 0,000134
ancients 1,347074 0,000910
anger 0,287682 0,000194
angry 0,174353 0,000118
animal 0,223144 0,000151
answer 0,020203 0,000027
answering 0,510826 0,000345
anthem 2,525729 0,001705
anxiety 0,287682 0,000194
appoint 0,328504 0,000222
approach 0,040822 0,000028
approval 0,798508 0,000539
approve 0,342490 0,000231
apron 1,203973 0,000813
arm 0,030459 0,000041
arrive 0,083382 0,000056
arrow 0,510826 0,000690
artist 0,562119 0,000380
asleep 0,162519 0,000110
assign 0,597837 0,000404
atone 1,203973 0,000813
attack 0,198451 0,000134
avert 0,843970 0,000570
await 0,314711 0,000637
awake 0,150823 0,000102
awaken 0,430783 0,000291
awe 0,597837 0,000404
bag 0,446287 0,000301
bandage 1,108663 0,000749
banner 0,967584 0,001307
bar 0,235722 0,000318
bare 0,150823 0,000102
barren 0,713350 0,000482
barrier 0,776529 0,000524
base 0,094311 0,000064
battle 0,235722 0,000159
beacon 1,714798 0,001158
beam 0,430783 0,000291
bear 0,000000 0,000000
bearer 0,776529 0,000524
beast 0,235722 0,000159
beat 0,083382 0,000113
beautiful 0,083382 0,000056
beauty 0,162519 0,000110
bed 0,051293 0,000069
befall 0,527633 0,000356
beg 0,116534 0,000157
beggar 0,597837 0,000404
behold 0,235722 0,000159
bell 0,301105 0,000203
belong 0,072571 0,000098
beneath 0,198451 0,000134
bent 0,174353 0,000118
betray 0,301105 0,000610
bid 0,186330 0,000252
bird 0,150823 0,000204
birth 0,301105 0,000203
birthday 1,108663 0,000749
bit 0,139262 0,000094
bitterness 0,634878 0,000429
black 0,061875 0,000042
blacker 1,660731 0,001121
blade 0,616186 0,000416
blanket 0,891598 0,000602
bleed 0,967584 0,000653
bless 0,415515 0,000281
blessed 0,356675 0,000241
blessing 0,415515 0,000281
blind 0,174353 0,000235
blindly 0,941609 0,000636
blindness 0,994252 0,000671
blood 0,116534 0,000079
blow 0,061875 0,000167
blue 0,174353 0,000118
boast 0,328504 0,000222
body 0,010050 0,000014
bond 0,478036 0,000323
bone 0,198451 0,000134
book 0,040822 0,000055
boon 1,560648 0,001054
bore 0,820981 0,000554
botch 2,407946 0,001626
bottle 0,430783 0,000291
bow 0,127833 0,000173
box 0,248461 0,000168
boxes 0,798508 0,000539
boy 0,105361 0,000071
bracelet 1,309333 0,000884
brain 0,314711 0,000212
branch 0,186330 0,000252
brass 0,462035 0,000312
bread 0,248461 0,000168
break 0,010050 0,000020
breakfast 0,342490 0,000231
breast 0,198451 0,000134
breath 0,174353 0,000118
breathe 0,261365 0,000176
brick 0,653926 0,000883
brigade 2,040221 0,002755
bright 0,094311 0,000127
brightness 0,634878 0,000429
brine 2,040221 0,001378
bring 0,000000 0,000000
broad 0,127833 0,000086
broom 1,347074 0,000910
brother 0,127833 0,000086
brotherhood 1,660731 0,001121
brothers 0,356675 0,000241
brown 0,274437 0,000185
brute 0,462035 0,000312
build 0,094311 0,000127
builder 1,108663 0,000749
building 0,210721 0,000142
burden 0,198451 0,000134
burn 0,061875 0,000125
burst 0,248461 0,000168
bury 0,186330 0,000126
bush 0,430783 0,000291
button 0,693147 0,000936
calm 0,274437 0,000185
candidate 1,469676 0,000992
candle 0,415515 0,000561
capable 0,261365 0,000176
capital 0,314711 0,000212
care 0,000000 0,000000
carpenter 0,891598 0,000602
carry 0,010050 0,000014
catch 0,072571 0,000049
ceiling 0,510826 0,000345
cell 0,776529 0,000524
cellar 0,798508 0,000539
century 0,328504 0,000222
cesspool 2,525729 0,001705
chain 0,174353 0,000235
chance 0,061875 0,000042
change 0,010050 0,000014
chapter 0,328504 0,000222
cheek 0,261365 0,000176
child 0,040822 0,000055
childhood 0,527633 0,000356
chill 0,597837 0,000404
chin 0,478036 0,000323
choice 0,150823 0,000102
choke 0,446287 0,000301
choose 0,020203 0,000055
chorus 0,941609 0,000636
circle 0,150823 0,000204
city 0,051293 0,000069
claim 0,083382 0,000056
claw 0,798508 0,000539
clay 0,494296 0,000334
clean 0,210721 0,000285
cleaner 2,120264 0,001432
cleanliness 1,237874 0,000836
clearing 1,386294 0,000936
clerk 0,562119 0,000380
cliff 0,916291 0,000619
climb 0,400478 0,000270
cling 0,415515 0,000281
close 0,010050 0,000020
cloth 0,356675 0,000241
clothes 0,127833 0,000086
cloud 0,150823 0,000102
coal 0,527633 0,000713
cobweb 2,207275 0,001490
cobwebs 1,832581 0,001237
coil 0,867501 0,000586
coin 0,544727 0,000368
cold 0,040822 0,000028
coldness 1,021651 0,000690
collapse 1,108663 0,000749
collective 1,966113 0,001328
color 0,967584 0,000653
column 0,562119 0,000759
command 0,116534 0,000079
commandment 1,514128 0,001022
commit 0,116534 0,000079
compass 0,579818 0,000392
conceive 0,223144 0,000151
concern 0,342490 0,000231
confess 0,127833 0,000086
confession 0,579818 0,000392
conquer 0,527633 0,000356
contents 0,094311 0,000064
convulsion 0,967584 0,000653
cook 0,223144 0,000452
cool 0,248461 0,000168
copper 0,713350 0,000482
cord 0,693147 0,000468
core 1,347074 0,000910
corner 0,072571 0,000098
corrective 2,407946 0,001626
corruption 0,820981 0,000554
council 0,653926 0,000883
count 0,116534 0,000157
courage 0,150823 0,000102
courtyard 1,514128 0,001022
covet 0,967584 0,000653
cowardice 0,994252 0,000671
crack 0,478036 0,000646
crawl 0,494296 0,000668
create 0,094311 0,000064
creature 0,116534 0,000157
creed 1,139434 0,000769
crime 0,261365 0,000353
cringe 1,609438 0,001087
cross 0,083382 0,000113
crowd 0,174353 0,000118
crown 0,210721 0,000142
crumble 1,078810 0,000728
crush 0,274437 0,000185
crystal 0,941609 0,000636
cup 0,342490 0,000231
cure 0,314711 0,000212
curiosity 0,210721 0,000142
current 0,116534 0,000079
curse 0,342490 0,000694
curtain 0,328504 0,000222
curve 0,916291 0,000619
cushion 0,820981 0,000554
cut 0,030459 0,000041
dais 2,813411 0,001900
damnation 1,771957 0,001196
damned 1,139434 0,000769
dance 0,235722 0,000318
dancing 0,371064 0,000251
danger 0,105361 0,000071
dark 0,051293 0,000035
darkness 0,186330 0,000126
dawn 0,314711 0,000212
day 0,000000 0,000000
dead 0,072571 0,000049
death 0,020203 0,000014
debt 0,494296 0,000334
decide 0,040822 0,000028
declare 0,139262 0,000094
decree 0,673345 0,000455
deed 0,287682 0,000194
deep 0,020203 0,000014
defy 0,693147 0,001404
deign 0,994252 0,000671
deliver 0,223144 0,000301
deliverance 0,941609 0,000636
democracy 1,832581 0,001237
depart 0,162519 0,000110
department 0,916291 0,000619
depraved 1,560648 0,001054
depth 0,494296 0,000334
deserve 0,314711 0,000212
desire 0,051293 0,000035
despair 0,174353 0,000118
destroy 0,061875 0,000084
detention 1,897120 0,001281
devise 0,733969 0,000496
dew 0,755023 0,000510
dictate 0,579818 0,000392
die 0,010050 0,000014
dignity 0,314711 0,000212
dim 0,356675 0,000241
dining 0,510826 0,000345
dinner 0,186330 0,000126
direction 0,051293 0,000035
disaster 0,820981 0,000554
discard 1,108663 0,000749
discover 0,030459 0,000021
discovery 0,287682 0,000194
dispose 0,755023 0,000510
distant 0,162519 0,000110
distinguish 0,314711 0,000212
disturb 0,198451 0,000134
divide 0,150823 0,000102
doctor 0,400478 0,000541
doom 0,579818 0,000392
door 0,000000 0,000000
doubt 0,040822 0,000055
draw 0,020203 0,000055
dress 0,162519 0,000110
drink 0,072571 0,000098
drive 0,030459 0,000041
drop 0,061875 0,000084
dry 0,116534 0,000157
dull 0,174353 0,000235
dust 0,162519 0,000110
duty 0,061875 0,000042
eager 0,210721 0,000142
ear 0,061875 0,000042
earn 0,446287 0,000603
earth 0,051293 0,000035
ease 0,150823 0,000102
east 0,235722 0,000159
easy 0,000000 0,000000
eat 0,040822 0,000055
eating 0,235722 0,000159
ecstasy 0,798508 0,000539
edge 0,150823 0,000204
edict 1,714798 0,001158
ego 1,771957 0,001196
eighteen 0,462035 0,000312
elect 0,210721 0,000142
electricity 1,966113 0,001328
endeavor 1,203973 0,000813
endure 0,210721 0,000142
engine 0,776529 0,000524
enslave 1,272966 0,000860
enter 0,020203 0,000027
equality 0,967584 0,000653
equally 0,223144 0,000151
erase 1,660731 0,001121
error 0,072571 0,000049
escape 0,061875 0,000042
eternity 0,673345 0,000455
eugenics 3,218876 0,002173
evening 0,072571 0,000049
evil 0,150823 0,000204
exist 0,072571 0,000098
expect 0,051293 0,000035
explain 0,116534 0,000157
explore 0,713350 0,000482
eye 0,000000 0,000000
fall 0,000000 0,000000
false 0,210721 0,000142
falsehood 0,693147 0,000468
falter 0,867501 0,000586
famous 0,261365 0,000176
fan 0,579818 0,000392
fang 1,560648 0,001054
fast 0,030459 0,000021
fate 0,174353 0,000118
fathom 1,139434 0,000769
fear 0,020203 0,000014
fearful 0,400478 0,000270
feel 0,020203 0,000014
fellow 0,040822 0,000028
female 0,385662 0,000260
field 0,094311 0,000127
fifteenth 1,237874 0,000836
fight 0,083382 0,000169
final 0,342490 0,000231
finger 0,150823 0,000204
fingertip 2,659260 0,001796
finish 0,287682 0,000194
finished 0,162519 0,000110
firefly 2,995732 0,002023
fist 0,597837 0,000807
fit 0,030459 0,000021
flame 0,248461 0,000503
flat 0,139262 0,000094
flee 0,301105 0,000203
flesh 0,210721 0,000142
flicker 0,755023 0,000510
fling 0,462035 0,000936
flint 1,171183 0,001582
flood 0,430783 0,000291
floor 0,174353 0,000118
flow 0,174353 0,000118
flower 0,174353 0,000118
fluid 1,203973 0,000813
flush 0,562119 0,000380
fly 0,116534 0,000079
flying 0,235722 0,000159
foe 0,616186 0,000416
fold 0,287682 0,000388
follow 0,020203 0,000014
food 0,127833 0,000086
fool 0,235722 0,000159
foot 0,051293 0,000069
footstep 0,430783 0,000291
forbid 0,248461 0,000503
force 0,030459 0,000021
forehead 0,400478 0,000270
forest 0,356675 0,000482
forget 0,010050 0,000014
forgive 0,314711 0,000425
fort 1,171183 0,000791
fortress 1,021651 0,000690
fortune 0,162519 0,000110
foul 0,616186 0,000416
fragment 0,597837 0,000404
fraternity 1,897120 0,001281
freedom 0,223144 0,000151
friend 0,000000 0,000000
frighten 0,733969 0,000991
frightened 0,301105 0,000203
frightful 0,776529 0,000524
frog 1,139434 0,000769
froth 1,386294 0,001872
frown 0,673345 0,000455
frozen 0,733969 0,000496
fruit 0,162519 0,000110
furrow 1,139434 0,000769
future 0,105361 0,000071
gaea 3,912023 0,002641
garment 0,400478 0,000270
gasp 0,579818 0,000392
gate 0,210721 0,000142
gather 0,061875 0,000084
gathering 0,415515 0,000281
gay 0,494296 0,000334
gender 2,407946 0,001626
gently 0,235722 0,000159
gift 0,210721 0,000285
glad 0,072571 0,000049
gladly 0,544727 0,000368
glance 0,186330 0,000126
glass 0,174353 0,000118
gleam 0,510826 0,000345
glisten 0,820981 0,001109
globe 0,755023 0,000510
glory 0,301105 0,000203
glow 0,314711 0,000637
goal 0,274437 0,000185
goat 1,021651 0,000690
god 0,083382 0,000113
goddess 1,049822 0,000709
gold 0,083382 0,000056
golden 0,342490 0,000231
grace 0,235722 0,000159
graceless 2,995732 0,002023
granite 1,347074 0,000910
grant 0,061875 0,000125
green 0,105361 0,000071
greet 0,653926 0,000883
greeting 0,798508 0,000539
grey 0,562119 0,000380
grill 2,995732 0,002023
groove 1,660731 0,001121
grope 0,733969 0,000496
ground 0,030459 0,000021
grow 0,010050 0,000027
guard 0,083382 0,000169
guess 0,223144 0,000301
guidance 0,776529 0,000524
guide 0,083382 0,000056
guilt 0,544727 0,000368
guilty 0,356675 0,000241
gull 1,660731 0,001121
gutter 1,049822 0,000709
hair 0,072571 0,000049
hall 0,274437 0,000371
halting 1,309333 0,000884
hand 0,010050 0,000014
handwriting 1,237874 0,000836
hanging 0,235722 0,000159
happen 0,030459 0,000021
happiness 0,150823 0,000102
happy 0,061875 0,000084
hard 0,040822 0,000028
harden 1,021651 0,000690
harmony 0,579818 0,000392
harness 0,843970 0,000570
hasten 0,371064 0,000501
hatred 0,494296 0,000334
haunt 0,385662 0,000521
hawk 1,108663 0,000749
head 0,000000 0,000000
healthy 0,356675 0,000241
hear 0,010050 0,000014
hearing 0,139262 0,000094
heart 0,010050 0,000014
hearth 0,843970 0,000570
heavy 0,030459 0,000041
hedge 0,597837 0,000404
heed 0,510826 0,000345
heir 0,527633 0,000356
helplessly 1,514128 0,001022
hide 0,072571 0,000098
history 0,186330 0,000126
hold 0,010050 0,000020
hole 0,261365 0,000176
hollow 0,430783 0,000291
holy 0,371064 0,000501
homes 2,813411 0,001900
honor 0,891598 0,000602
honored 1,427116 0,000964
hood 1,237874 0,000836
hooded 2,407946 0,001626
hope 0,000000 0,000000
hopeless 0,510826 0,000345
horror 0,198451 0,000134
horse 0,139262 0,000094
hot 0,116534 0,000079
hour 0,061875 0,000084
house 0,020203 0,000014
houses 0,139262 0,000094
huddle 1,078810 0,000728
human 0,072571 0,000098
humble 0,261365 0,000353
hunch 1,771957 0,001196
hung 0,174353 0,000118
hunger 0,478036 0,000323
hungry 0,314711 0,000212
hymn 0,994252 0,001343
idea 0,083382 0,000056
illness 0,616186 0,000416
illustrious 1,021651 0,000690
impassable 1,560648 0,001054
impotent 1,272966 0,000860
indivisible 2,407946 0,001626
infamy 1,139434 0,000769
infants 1,171183 0,000791
international 0,494296 0,000334
invent 0,400478 0,000270
iron 0,162519 0,000110
jar 1,021651 0,000690
jerk 0,820981 0,001109
jewel 0,634878 0,000857
journey 0,150823 0,000102
joy 0,127833 0,000173
judge 0,061875 0,000084
judgement 2,120264 0,001432
justice 0,162519 0,000110
key 0,342490 0,000231
kill 0,083382 0,000113
kin 1,139434 0,000769
kindness 0,274437 0,000185
king 0,210721 0,000285
knee 0,150823 0,000102
kneel 0,478036 0,000968
knife 0,287682 0,000388
knock 0,287682 0,000194
knowledge 0,061875 0,000042
labor 1,108663 0,000749
lad 0,653926 0,000442
lake 0,162519 0,000110
land 0,051293 0,000069
language 0,072571 0,000049
lantern 0,843970 0,000570
larder 2,120264 0,001432
lash 0,562119 0,001139
lassitude 1,897120 0,001281
laugh 0,094311 0,000191
laughter 0,274437 0,000185
law 0,020203 0,000027
lay 0,030459 0,000021
lead 0,020203 0,000027
leader 0,356675 0,000482
leading 0,139262 0,000094
leaf 0,446287 0,000301
leap 0,287682 0,000388
leapt 1,560648 0,001054
learn 0,020203 0,000041
leather 0,527633 0,000356
leave -0,009950 -0,000020
left 0,000000 0,000000
leg 0,235722 0,000318
legend 0,820981 0,001109
lesson 0,287682 0,000194
letter 0,072571 0,000049
liberty 0,198451 0,000134
lid 0,597837 0,000404
lie 0,020203 0,000055
life -0,009950 -0,000013
lifetime 0,843970 0,000570
lift 0,116534 0,000157
light 0,000000 0,000000
lighten 0,597837 0,000404
lightning 0,430783 0,000291
likeness 0,673345 0,000455
limb 0,248461 0,000168
lime 1,309333 0,000884
limit 0,287682 0,000194
lip 0,127833 0,000086
liquid 0,843970 0,000570
listen 0,105361 0,000142
live 0,010050 0,000014
living 0,020203 0,000014
loadstone 2,525729 0,001705
lock 0,162519 0,000329
lose 0,000000 0,000000
loud 0,105361 0,000071
love 0,030459 0,000041
lung 0,867501 0,000586
lunge 1,966113 0,001328
madness 0,597837 0,000404
majority 0,597837 0,000404
male 0,562119 0,000380
mandate 2,120264 0,002863
mankind 0,478036 0,000323
manuscript 0,967584 0,000653
map 0,916291 0,000619
marble 0,562119 0,000380
mark 0,105361 0,000071
marked 0,061875 0,000042
martyrs 1,714798 0,001158
masters 0,446287 0,000301
mating 2,995732 0,002023
matter 0,000000 0,000000
meal 0,261365 0,000176
meaning 0,186330 0,000126
meet 0,010050 0,000014
meeting 0,162519 0,000219
melt 0,385662 0,000260
memory 0,162519 0,000110
mercy 0,210721 0,000142
metal 0,527633 0,000713
midday 1,108663 0,000749
midst 0,287682 0,000194
mile 0,174353 0,000118
milepost 3,912023 0,002641
mind 0,020203 0,000027
minute 0,150823 0,000102
miracle 0,597837 0,000404
misery 0,248461 0,000168
mission 0,210721 0,000142
mist 0,430783 0,000582
mix 0,274437 0,000185
moan 0,653926 0,000442
moat 1,897120 0,001281
modern 0,301105 0,000203
moment 0,010050 0,000007
monster 0,527633 0,000356
monstrous 0,400478 0,000270
month 0,040822 0,000055
moonlight 0,673345 0,000455
morning 0,040822 0,000028
moss 1,049822 0,000709
moth 1,714798 0,001158
mother 0,072571 0,000049
mould 0,755023 0,000510
mount 0,210721 0,000142
mountain 0,400478 0,000270
mountains 0,400478 0,000270
mountaintop 3,912023 0,002641
mouth 0,061875 0,000042
movement 0,287682 0,000194
muscle 0,755023 0,000510
mystery 0,235722 0,000159
naked 0,274437 0,000185
narrow 0,094311 0,000064
nature 0,094311 0,000064
neck 0,174353 0,000118
needle 0,673345 0,000455
night 0,010050 0,000014
north 0,083382 0,000056
northern 0,653926 0,000442
notice 0,020203 0,000014
obediently 1,469676 0,000992
obey 0,223144 0,000151
occur 0,083382 0,000056
odor 1,386294 0,000936
offense 1,609438 0,001087
offer 0,020203 0,000027
outcast 1,203973 0,000813
oven 1,386294 0,000936
owe 0,105361 0,000071
pace 0,186330 0,000126
pain 0,051293 0,000035
painting 0,713350 0,000482
palace 0,494296 0,000334
pale 0,186330 0,000126
palm 0,494296 0,000334
palms 0,820981 0,000554
paper 0,083382 0,000113
parent 0,261365 0,000176
pass 0,020203 0,000041
passage 0,105361 0,000071
passer 1,078810 0,000728
passing 0,094311 0,000064
patch 0,616186 0,000416
path 0,150823 0,000204
pavement 0,755023 0,000510
pay 0,030459 0,000021
peace 0,094311 0,000064
peak 0,916291 0,001237
peasant 0,798508 0,000539
perish 0,462035 0,000624
permit 0,094311 0,000127
person -0,009950 -0,000007
pick 0,223144 0,000151
picture 0,139262 0,000094
piece 0,020203 0,000027
pierce 0,356675 0,000241
pile 0,328504 0,000222
pillow 0,544727 0,000368
pity 0,139262 0,000094
plain 0,040822 0,000028
plan 0,198451 0,000134
plant 0,186330 0,000126
plate 0,314711 0,000212
play 0,040822 0,000083
plead 0,400478 0,000541
pleasure 0,051293 0,000035
pleat 3,912023 0,002641
plough 0,941609 0,000636
plunder 0,994252 0,000671
ponder 0,820981 0,000554
poor 0,020203 0,000014
portal 1,347074 0,000910
possess 0,061875 0,000042
post 0,051293 0,000035
pot 0,478036 0,000323
pour 0,116534 0,000079
powder 0,597837 0,000404
power 0,030459 0,000021
precious 0,162519 0,000110
prefer 0,174353 0,000118
preference 0,843970 0,000570
pregnant 1,272966 0,000860
prescribe 0,776529 0,000524
preserve 0,083382 0,000056
pressed 0,274437 0,000185
prevent 0,040822 0,000028
pride 0,150823 0,000102
prison 0,248461 0,000168
probe 1,660731 0,001121
produce 0,061875 0,000042
project -0,009950 -0,000007
prometheus 2,302585 0,001555
proper 0,061875 0,000042
protect 0,139262 0,000188
protest 0,342490 0,000231
provide 0,127833 0,000086
puddle 1,203973 0,000813
pull 0,127833 0,000086
pulpit 1,171183 0,000791
punish 0,314711 0,000212
punishment 0,287682 0,000194
pure 0,139262 0,000094
purple 0,616186 0,000416
purpose 0,040822 0,000028
push 0,139262 0,000094
puzzle 0,941609 0,000636
pyre 2,040221 0,001378
quest 0,776529 0,000524
question 0,020203 0,000041
quick 0,127833 0,000086
quiet 0,094311 0,000064
race 0,162519 0,000110
rag 0,693147 0,000468
rage 0,139262 0,000188
rain 0,150823 0,000204
raise 0,020203 0,000027
rake 1,139434 0,000769
rand 2,995732 0,002023
rare 0,261365 0,000176
ravine 1,771957 0,001196
ray 0,462035 0,000312
raze 2,407946 0,001626
reach 0,000000 0,000000
read 0,020203 0,000014
ready 0,030459 0,000021
reason 0,010050 0,000014
rebirth 2,995732 0,002023
rebuild 1,427116 0,000964
receive 0,040822 0,000028
recover 0,127833 0,000086
recreation 1,309333 0,000884
red 0,061875 0,000042
redemption 1,272966 0,000860
reel 0,820981 0,000554
refuse 0,083382 0,000056
regret 0,342490 0,000231
relation 0,223144 0,000151
remain 0,040822 0,000028
remains 0,150823 0,000102
remember 0,030459 0,000041
remove 0,040822 0,000083
repair 0,342490 0,000231
repeat 0,051293 0,000035
report 0,051293 0,000035
represent 0,210721 0,000142
reprimand 1,386294 0,000936
resist 0,274437 0,000185
respect 0,040822 0,000028
rest 0,010050 0,000007
restrain 0,579818 0,000392
return 0,010050 0,000020
reveal 0,223144 0,000151
reverence 0,579818 0,000392
revolve 0,776529 0,000524
reward 0,174353 0,000118
ripple 0,820981 0,000554
rise 0,030459 0,000082
river 0,174353 0,000118
rivers 0,713350 0,000482
road 0,116534 0,000157
roam 0,994252 0,000671
rock 0,186330 0,000252
rod 0,616186 0,000416
roll 0,150823 0,000102
roof 0,186330 0,000126
root 0,235722 0,000318
row 0,385662 0,000260
rub 0,342490 0,000231
ruin 0,116534 0,000157
rule 0,030459 0,000021
rust 1,171183 0,000791
rustle 0,967584 0,000653
sacred 0,415515 0,000281
sacrifice 0,210721 0,000142
sadness 0,820981 0,000554
sage 0,820981 0,000554
sail 0,415515 0,000281
saint 0,673345 0,000455
saints 1,049822 0,000709
sake 0,083382 0,000056
salute 0,634878 0,000429
sanction 1,237874 0,000836
sand 0,494296 0,000668
satisfaction 0,186330 0,000126
savage 0,248461 0,000168
save 0,010050 0,000007
scar 1,171183 0,000791
scholar 0,579818 0,000783
science 0,415515 0,000281
score 0,446287 0,000301
scornful 1,203973 0,000813
scrap 0,820981 0,000554
scrape 0,634878 0,000429
scream 0,462035 0,000624
script 2,525729 0,003411
sea 0,116534 0,000079
searchlight 3,506558 0,002368
seas 0,916291 0,000619
seat 0,051293 0,000035
secret 0,051293 0,000069
secure 0,061875 0,000042
seed 0,510826 0,000345
seek 0,083382 0,000169
seize 0,116534 0,000079
send 0,020203 0,000014
sense 0,051293 0,000035
sentence 0,094311 0,000064
serfdom 2,659260 0,001796
servant 0,105361 0,000071
set 0,010050 0,000014
seventeen 0,693147 0,000468
shackle 2,302585 0,001555
shade 0,223144 0,000151
shading 1,560648 0,001054
shadow 0,162519 0,000219
shaft 0,713350 0,000482
shake 0,072571 0,000098
shame 0,223144 0,000151
shameful 0,916291 0,000619
shape 0,150823 0,000204
shapeless 2,120264 0,001432
share 0,030459 0,000041
sharp 0,139262 0,000094
sheer 0,820981 0,000554
shelf 0,634878 0,000429
shine 0,150823 0,000102
ship 0,198451 0,000134
shoulder 0,139262 0,000188
shove 0,967584 0,000653
shriek 0,634878 0,000429
shrink 0,462035 0,000624
shudder 0,446287 0,000301
shut 0,051293 0,000035
sickly 0,891598 0,000602
sieve 1,897120 0,001281
sigh 0,235722 0,000159
sight 0,040822 0,000028
sign 0,051293 0,000035
signal 0,462035 0,000312
silence 0,051293 0,000035
silent 0,051293 0,000035
silk 0,478036 0,000323
silver 0,210721 0,000142
similarity 1,386294 0,000936
simple 0,094311 0,000064
simply 0,150823 0,000102
sin 0,314711 0,000425
sing 0,261365 0,000176
singing 0,371064 0,000251
single 0,083382 0,000056
sink 0,072571 0,000049
sister 0,223144 0,000151
sit 0,010050 0,000020
size 0,223144 0,000151
skin 0,174353 0,000118
sky 0,186330 0,000126
slash 1,309333 0,000884
slave 0,356675 0,000241
sleep 0,051293 0,000104
slip 0,150823 0,000102
slowly 0,150823 0,000102
smear 1,171183 0,000791
smile 0,150823 0,000306
smoke 0,186330 0,000126
smooth 0,235722 0,000159
smoulder 1,514128 0,001022
snap 0,733969 0,000496
snarl 1,078810 0,000728
snore 1,272966 0,000860
sob 0,562119 0,000380
social 0,371064 0,000251
soft 0,210721 0,000142
softly 0,400478 0,000270
soggy 3,506558 0,002368
soil 0,478036 0,000323
solemn 0,301105 0,000203
solidarity 2,659260 0,001796
solitude 0,510826 0,000345
solve 0,478036 0,000323
son 0,083382 0,000113
song 0,261365 0,000176
soul 0,083382 0,000056
sound 0,010050 0,000007
south 0,235722 0,000159
space 0,105361 0,000071
spangle 2,207275 0,001490
spark 0,544727 0,000736
sparkle 0,941609 0,000636
sparkling 0,776529 0,000524
speak 0,030459 0,000062
speaking 0,072571 0,000049
speck 0,916291 0,000619
speech 0,139262 0,000094
speedily 0,713350 0,000482
spend 0,051293 0,000035
spider 1,139434 0,000769
spill 0,843970 0,001140
spine 1,771957 0,001196
spirit 0,051293 0,000035
spit 0,843970 0,000570
spray 1,237874 0,000836
spread 0,051293 0,000069
spring 0,051293 0,000069
sprinkle 0,776529 0,000524
square 0,223144 0,000301
stage 0,186330 0,000126
stain 0,478036 0,000646
stake 0,446287 0,000301
stand -0,009950 -0,000027
star 0,261365 0,000353
stare 0,328504 0,000222
start -0,009950 -0,000013
stay 0,061875 0,000042
steadily 0,415515 0,000281
steady 0,301105 0,000203
steal 0,105361 0,000285
steel 0,494296 0,000334
step 0,030459 0,000082
stir 0,210721 0,000285
stomach 0,616186 0,000416
stone 0,094311 0,000127
story 0,030459 0,000041
straight 0,105361 0,000071
strand 0,820981 0,000554
strange 0,061875 0,000042
streak 0,820981 0,001663
stream 0,139262 0,000094
street 0,116534 0,000157
strength 0,030459 0,000021
stretch 0,116534 0,000157
stricken 0,653926 0,000442
strike 0,020203 0,000027
striking 0,274437 0,000185
string 0,371064 0,000251
strive 0,385662 0,000260
stroke 0,301105 0,000407
strong 0,020203 0,000014
structure 0,634878 0,000429
struggle 0,127833 0,000086
student 0,579818 0,000783
study 0,094311 0,000127
submission 0,776529 0,000524
sudden 0,072571 0,000049
suddenly 0,040822 0,000028
suffer 0,061875 0,000084
summer 0,186330 0,000126
summit 0,713350 0,000482
sun 0,072571 0,000049
sundial 3,218876 0,002173
sunlight 0,843970 0,000570
sunrise 0,891598 0,000602
superior 0,261365 0,000176
supreme 0,616186 0,000416
surrender 0,776529 0,000524
survive 0,186330 0,000126
suspect 0,162519 0,000110
suspicion 0,210721 0,000142
swallow 0,261365 0,000176
sway 0,494296 0,000334
sweeper 2,407946 0,003252
sweeping 0,820981 0,000554
swiftly 0,713350 0,000482
swim 0,478036 0,000323
swing 0,430783 0,000291
table 0,083382 0,000113
tall 0,198451 0,000268
tame 0,820981 0,000554
tarry 1,386294 0,000936
taste 0,105361 0,000071
taut 2,207275 0,001490
teach 0,083382 0,000056
teacher 0,415515 0,000281
tear 0,030459 0,000082
temple 0,314711 0,000212
tempt 0,415515 0,000281
tent 0,713350 0,000482
terror 0,162519 0,000110
theatre 0,820981 0,000554
thinking 0,274437 0,000185
thirsty 0,820981 0,000554
thread 0,342490 0,000463
threaten 0,186330 0,000126
threshold 0,562119 0,000380
thrice 0,755023 0,000510
throat 0,223144 0,000151
throw 0,010050 0,000014
thunderstorm 1,771957 0,001196
tie 0,105361 0,000071
tight 0,494296 0,000334
time -0,009950 -0,000013
tired 0,198451 0,000134
toga 2,525729 0,001705
toil 0,430783 0,000873
tomorrow 0,755023 0,000510
tongue 0,139262 0,000094
tonight 1,272966 0,000860
tool 0,478036 0,000323
torch 0,713350 0,000482
torrent 0,713350 0,000482
torture 0,371064 0,000251
touch 0,010050 0,000020
tower 0,314711 0,000425
track 0,415515 0,000561
trade 0,287682 0,000194
traitor 1,078810 0,000728
transgression 1,560648 0,002108
transgressor 2,302585 0,001555
transition 1,272966 0,000860
travel 0,198451 0,000134
treasure 0,261365 0,000176
tree 0,061875 0,000084
treetop 2,525729 0,001705
tremble 0,174353 0,000353
trial 0,261365 0,000176
trickle 0,941609 0,000636
triumph 0,261365 0,000176
trouble 0,010050 0,000007
true 0,020203 0,000014
trust 0,061875 0,000042
truth 0,030459 0,000021
tune 0,616186 0,000416
tunic 1,771957 0,002393
tunnel 1,427116 0,000964
twinkling 1,021651 0,000690
ugly 0,385662 0,000260
unanimity 2,302585 0,001555
unbroken 0,733969 0,000496
uncharted 2,813411 0,001900
unclean 1,386294 0,000936
unconquered 2,813411 0,001900
undefiled 2,207275 0,001490
understand 0,020203 0,000027
understanding 0,223144 0,000151
undress 1,560648 0,001054
unexplored 1,771957 0,001196
union 0,494296 0,000334
universe 0,733969 0,000496
unknown 0,105361 0,000071
unmentionable 3,218876 0,002173
unmoving 2,995732 0,002023
unspeakable 0,994252 0,000671
untouched 1,171183 0,000791
unveiling 2,813411 0,001900
unworthy 0,673345 0,000455
upturned 2,040221 0,001378
useless 0,235722 0,000159
vainly 0,634878 0,000429
veil 0,510826 0,000345
vein 0,446287 0,000603
vial 2,120264 0,001432
vice 0,478036 0,000323
victim 0,385662 0,000260
victory 0,356675 0,000241
vindicate 1,427116 0,000964
virtue 0,287682 0,000194
visit 0,030459 0,000021
vocation 1,272966 0,000860
voice 0,020203 0,000027
vote 0,843970 0,001140
wagon 1,078810 0,000728
wait 0,061875 0,000125
waiting 0,083382 0,000056
walk 0,000000 0,000000
wall 0,094311 0,000127
ward 0,755023 0,000510
warm 0,116534 0,000079
warmth 0,579818 0,000392
warning 0,235722 0,000159
warrant 0,562119 0,000380
waste 0,127833 0,000086
watch 0,020203 0,000041
water 0,040822 0,000028
wave 0,210721 0,000142
wax 0,446287 0,000301
weak 0,105361 0,000142
wear 0,083382 0,000113
weariness 0,755023 0,000510
weary 0,186330 0,000126
weather 0,248461 0,000168
weed 0,755023 0,000510
weep 0,356675 0,000241
west 0,083382 0,000056
whatsoever 0,287682 0,000194
whip 0,400478 0,000270
whirl 0,527633 0,000713
whisper 0,248461 0,000503
whistle 0,462035 0,000312
white 0,051293 0,000035
wide 0,030459 0,000041
wild 0,051293 0,000035
wilderness 0,673345 0,000455
wildly 0,776529 0,000524
willingly 0,527633 0,000356
wind 0,094311 0,000191
window 0,162519 0,000219
windowpane 2,995732 0,002023
wing 0,314711 0,000212
winter 0,198451 0,000134
wire 0,867501 0,001172
wisdom 0,287682 0,000194
wise 0,094311 0,000127
withered 0,843970 0,000570
witness 0,116534 0,000079
woman 0,030459 0,000021
wood 0,083382 0,000056
word 0,020203 0,000014
worship 0,415515 0,000281
wound 0,198451 0,000268
wreck 0,693147 0,000468
wretch 0,653926 0,000442
wrist 0,776529 0,000524
write 0,020203 0,000041
writing 0,061875 0,000042
yard 0,223144 0,000151
yellow 0,314711 0,000212
yoke 0,994252 0,000671
youth 0,139262 0,000094
zinc 2,995732 0,002023
