abandon 0,223144 0,000063
abide 0,248461 0,000070
ability 0,478036 0,000135
ablaze 2,207275 0,000621
aboard 1,237874 0,000348
absence 0,274437 0,000077
absent 0,371064 0,000104
absently 2,302585 0,000648
absolutely 0,287682 0,000081
absorb 0,446287 0,000126
accept 0,061875 0,000017
accidentally 0,820981 0,000231
accompany 0,094311 0,000027
account 0,010050 0,000006
accurate 0,941609 0,000265
accustomed 0,287682 0,000081
ache 0,733969 0,000207
achievement 1,171183 0,000659
acquaint 0,342490 0,000096
acre 0,776529 0,000218
action 0,094311 0,000053
active 0,127833 0,000036
activity 0,415515 0,000117
address 0,072571 0,000020
adjoin 0,798508 0,000225
administer 0,867501 0,000244
admire 0,356675 0,000100
admiringly 2,407946 0,000678
admission 0,693147 0,000195
admit 0,116534 0,000098
adrift 1,660731 0,000467
advance 0,061875 0,000017
advantage 0,127833 0,000036
adventure 0,301105 0,000085
advice 0,186330 0,000052
advise 0,301105 0,000169
affair 0,094311 0,000053
affect 0,478036 0,000135
affirm 0,843970 0,000237
afford 0,186330 0,000105
afraid 0,105361 0,000030
african 1,427116 0,000402
afternoon 0,274437 0,000077
afterward 1,139434 0,000321
age 0,040822 0,000023
agent 0,223144 0,000063
aggravate 1,171183 0,000330
aggravation 1,832581 0,000516
agility 1,272966 0,000358
agonizing 1,832581 0,000516
agony 0,462035 0,000130
agree 0,051293 0,000029
ahem 2,525729 0,000711
aid 0,210721 0,000059
aim 0,287682 0,000162
air 0,061875 0,000035
airily 2,120264 0,000597
akin 1,203973 0,000339
alarm 0,314711 0,000089
alarmed 0,478036 0,000135
alaska 2,813411 0,000792
alert 0,843970 0,000237
alive 0,051293 0,000014
alkali 2,525729 0,000711
alligator 2,407946 0,001355
aloud 0,301105 0,000085
alternate 0,261365 0,000074
alternately 1,021651 0,000287
amaze 1,660731 0,000467
amazed 0,634878 0,000179
amazement 0,446287 0,000126
ambiguous 1,771957 0,000499
amble 2,207275 0,001242
america 0,579818 0,000163
american 0,634878 0,000179
ammunition 1,660731 0,000467
amuse 0,371064 0,000104
amusement 0,478036 0,000135
anchor 0,776529 0,000218
anger 0,287682 0,000081
angleworm 3,912023 0,001101
angrily 0,867501 0,000244
angry 0,174353 0,000049
animal 0,223144 0,000126
ankle 0,916291 0,000516
annoying 1,469676 0,000414
answer 0,020203 0,000011
answering 0,510826 0,000144
antic 2,040221 0,000574
anticipation 0,733969 0,000207
anxious 0,261365 0,000074
anxiously 0,693147 0,000195
apologize 1,309333 0,001105
apology 0,527633 0,000148
appearance 0,072571 0,000020
appetite 0,314711 0,000177
applaud 1,021651 0,000287
appoint 0,328504 0,000092
appreciation 1,049822 0,000295
appreciatively 3,506558 0,000987
apprehensive 1,514128 0,000426
apprehensively 2,207275 0,000621
approach 0,040822 0,000023
approval 0,798508 0,000225
approve 0,342490 0,000193
approvingly 1,771957 0,000499
argument 0,287682 0,000162
aright 1,078810 0,000304
arizona 2,813411 0,000792
arm 0,030459 0,000017
armed 0,385662 0,000109
armful 2,207275 0,000621
army 0,356675 0,000100
arouse 0,653926 0,000736
arrange 0,198451 0,000112
arrangement 0,274437 0,000154
arrest 0,544727 0,000153
arrival 0,328504 0,000092
arrive 0,083382 0,000047
ash 0,400478 0,000113
asleep 0,162519 0,000046
assail 0,891598 0,000251
assailant 1,139434 0,000641
assault 0,798508 0,000225
assent 0,579818 0,000163
assign 0,597837 0,000168
assist 0,328504 0,000185
assistance 0,105361 0,000030
assume 0,162519 0,000046
assure 0,127833 0,000036
astonish 0,261365 0,000074
astride 1,514128 0,000426
attach 0,116534 0,000033
attack 0,198451 0,000223
attempt 0,051293 0,000014
attend 0,127833 0,000072
attention 0,083382 0,000023
attentively 0,755023 0,000212
attract 0,261365 0,000147
audibly 1,560648 0,000439
aunt 0,798508 0,000225
author 0,116534 0,000033
aver 1,660731 0,000467
average 0,733969 0,000207
avoid 0,105361 0,000059
await 0,314711 0,000089
awake 0,150823 0,000042
awaken 0,430783 0,000121
awakening 1,108663 0,000312
awe 0,597837 0,000168
awed 1,560648 0,000439
awful 0,328504 0,000092
awkward 0,544727 0,000153
awkwardness 1,386294 0,000390
axe 1,049822 0,000295
baby 0,653926 0,000184
bacon 0,994252 0,000280
bad 0,020203 0,000017
badly 0,446287 0,000126
bag 0,446287 0,000251
baggage 0,941609 0,000265
bagging 3,506558 0,000987
bait 0,994252 0,000280
baked 1,237874 0,000348
balance 0,342490 0,000096
bamboo 1,771957 0,000499
band 0,342490 0,000096
bang 1,049822 0,000591
bank 0,210721 0,000059
bar 0,235722 0,000066
bare 0,150823 0,000042
barefooted 1,714798 0,000482
barely 0,798508 0,000225
bargain 0,527633 0,000148
bark 0,478036 0,000135
barker 2,995732 0,000843
base 0,094311 0,000027
bath 0,274437 0,000077
battle 0,235722 0,000199
bay 0,510826 0,000144
baying 2,120264 0,000597
bayou 2,995732 0,000843
bayous 3,218876 0,000906
beach 1,049822 0,000295
bead 1,171183 0,000330
beaked 2,407946 0,000678
bear 0,000000 0,000000
beard 0,527633 0,000148
bearded 1,108663 0,000312
beast 0,235722 0,000133
beastly 1,897120 0,000534
beat 0,083382 0,000070
beautifully 0,867501 0,000244
bed 0,051293 0,000014
bedraggled 2,995732 0,000843
bee 0,673345 0,000189
befall 0,527633 0,000148
beg 0,116534 0,000066
behave 0,462035 0,000130
behavior 1,714798 0,000482
belligerently 3,912023 0,001101
belong 0,072571 0,000020
belongings 1,714798 0,000482
belt 0,653926 0,000184
bend 0,314711 0,000089
beneath 0,198451 0,000056
benefit 0,356675 0,000100
bent 0,174353 0,000049
berry 1,347074 0,000379
bet 0,967584 0,000272
bid 0,186330 0,000105
billy 2,207275 0,000621
bind 0,030459 0,000009
birch 1,609438 0,000453
bird 0,150823 0,000085
bit 0,139262 0,000039
bite 0,371064 0,000209
black 0,061875 0,000035
blacken 1,139434 0,000321
blade 0,616186 0,000173
blame 0,162519 0,000046
blanket 0,891598 0,000502
blast 0,462035 0,000260
blaze 0,634878 0,000536
blazes 1,832581 0,000516
bleed 0,967584 0,000272
bleeding 0,843970 0,000237
blind 0,174353 0,000049
blink 0,994252 0,000560
blister 1,609438 0,000453
blood 0,116534 0,000033
blooded 1,560648 0,000439
bloodshed 1,386294 0,000390
blow 0,061875 0,000087
blue 0,174353 0,000049
boar 1,347074 0,000758
bodied 1,897120 0,000534
body 0,010050 0,000006
boil 0,385662 0,000217
bone 0,198451 0,000168
boot 0,430783 0,000242
bootless 2,995732 0,000843
bore 0,820981 0,000231
boss 1,469676 0,000414
bother 0,843970 0,000950
bounce 1,609438 0,000453
bound 0,301105 0,000169
bout 1,237874 0,000348
bow 0,127833 0,000144
box 0,248461 0,000070
boxer 2,407946 0,000678
boy 0,105361 0,000059
brag 1,609438 0,000906
brain 0,314711 0,000089
brake 1,514128 0,000852
branch 0,186330 0,000052
brave 0,342490 0,000193
bravery 1,272966 0,000358
break 0,010050 0,000014
breakfast 0,342490 0,000096
breast 0,198451 0,000056
breath 0,174353 0,000049
breathe 0,261365 0,000074
breathing 0,462035 0,000130
breed 0,342490 0,000096
breeze 0,713350 0,000201
bridle 0,916291 0,000258
bright 0,094311 0,000053
bring 0,000000 0,000000
brisk 0,941609 0,000265
briskly 0,967584 0,000272
bristle 0,941609 0,000265
broad 0,127833 0,000036
broadly 1,897120 0,000534
brother 0,127833 0,000036
brown 0,274437 0,000077
browsing 2,407946 0,000678
bruin 3,506558 0,000987
brush 0,478036 0,000269
buck 1,386294 0,000390
bucket 1,049822 0,000591
bud 0,867501 0,000244
build 0,094311 0,000027
bulge 1,347074 0,000379
bullet 0,867501 0,000488
bunch 0,776529 0,000218
bundle 0,653926 0,000184
burden 0,198451 0,000056
burn 0,061875 0,000052
burro 3,506558 0,000987
burst 0,248461 0,000070
bury 0,186330 0,000157
bush 0,430783 0,000242
bushy 1,272966 0,000358
business 0,040822 0,000011
bustle 0,693147 0,000195
busy 0,210721 0,000059
butler 1,139434 0,000321
butt 1,078810 0,000304
button 0,693147 0,000195
buzz 1,049822 0,000886
bye 0,776529 0,000218
cache 3,218876 0,000906
cackling 2,407946 0,000678
cage 0,941609 0,000265
calculation 0,713350 0,000201
calf 0,798508 0,000225
calm 0,274437 0,000077
calmly 0,510826 0,000144
camel 1,309333 0,000368
camp 0,544727 0,000307
camper 3,912023 0,001101
campfire 2,995732 0,000843
cane 0,843970 0,000475
canebrake 3,506558 0,001973
cannon 0,916291 0,000258
captain 0,328504 0,000092
captor 2,302585 0,000648
capture 0,597837 0,000336
carcass 1,171183 0,000330
care 0,000000 0,000000
careful 0,174353 0,000049
carefully 0,139262 0,000039
carelessly 0,776529 0,000218
carpet 0,462035 0,000130
carry 0,010050 0,000008
cartridge 1,560648 0,000878
castaway 2,207275 0,000621
casting 0,544727 0,000153
cat 0,462035 0,000130
cataract 1,897120 0,000534
catch 0,072571 0,000061
caution 0,478036 0,000135
cautious 0,673345 0,000189
cautiously 0,867501 0,000244
cave 0,653926 0,000184
cavern 0,967584 0,000272
cayuse 3,506558 0,000987
cease 0,061875 0,000017
cent 1,049822 0,000295
center 1,309333 0,000368
centipede 2,659260 0,000748
chafe 1,021651 0,000287
chair 0,261365 0,000074
champion 0,916291 0,000258
chance 0,061875 0,000070
chandelier 1,966113 0,000553
change 0,010050 0,000008
channel 0,544727 0,000153
chapter 0,328504 0,000092
character 0,061875 0,000017
characteristic 0,400478 0,000113
charge 0,040822 0,000034
charm 0,342490 0,000096
charming 0,527633 0,000148
chase 0,430783 0,000364
chaser 2,813411 0,000792
chatter 0,713350 0,000201
check 0,072571 0,000041
cheek 0,261365 0,000074
cheer 0,356675 0,000100
cheerful 0,385662 0,000109
cheerfully 0,820981 0,000231
cheerily 1,660731 0,000467
cheery 1,514128 0,000426
chest 0,342490 0,000096
chew 0,967584 0,000272
chief 0,094311 0,000027
child 0,040822 0,000011
chin 0,478036 0,000135
chip 1,386294 0,000390
chivalrous 1,560648 0,000439
choice 0,150823 0,000042
choke 0,446287 0,000126
choker 3,218876 0,000906
choose 0,020203 0,000011
choosing 0,867501 0,000244
chop 1,021651 0,000862
chorus 0,941609 0,000265
chuckle 0,941609 0,000530
chunk 2,207275 0,000621
chunky 3,912023 0,001101
cinch 3,506558 0,001973
circle 0,150823 0,000127
circling 1,203973 0,000339
circumstance 0,116534 0,000033
circus 1,386294 0,000390
clamber 1,272966 0,000358
clapping 1,108663 0,000312
clash 1,078810 0,000304
class 0,248461 0,000140
clean 0,210721 0,000119
cleaning 1,049822 0,000295
clever 0,371064 0,000104
climb 0,400478 0,000225
climbing 0,733969 0,000207
cling 0,415515 0,000117
clip 1,469676 0,000414
close 0,010050 0,000008
closely 0,223144 0,000063
closing 0,446287 0,000126
cloth 0,356675 0,000100
clothes 0,127833 0,000036
clothing 0,776529 0,000218
cloud 0,150823 0,000085
club 0,544727 0,000307
clucking 2,813411 0,000792
clue 1,049822 0,000295
clump 1,171183 0,000330
clutch 0,713350 0,000401
coach 0,755023 0,000212
coat 0,235722 0,000199
cob 2,302585 0,000648
cocked 1,237874 0,000348
coffee 0,562119 0,000158
coil 0,867501 0,000732
cold 0,040822 0,000011
coldly 0,916291 0,000258
collapse 1,108663 0,000312
collar 0,634878 0,000179
collect 0,248461 0,000070
colonel 0,967584 0,000272
colonels 2,525729 0,000711
color 0,967584 0,000272
colored 1,171183 0,000330
colorless 2,525729 0,000711
combatant 1,660731 0,000467
combustible 2,040221 0,000574
comfort 0,105361 0,000030
comfortable 0,261365 0,000074
command 0,116534 0,000098
commence 0,579818 0,000163
comment 0,478036 0,000135
common 0,072571 0,000020
commotion 1,049822 0,000295
companion 0,150823 0,000085
company 0,020203 0,000006
comparatively 0,634878 0,000179
comparison 0,446287 0,000126
compass 0,579818 0,000163
complain 0,198451 0,000112
complaint 0,478036 0,000135
complete 0,105361 0,000030
comprehend 0,478036 0,000269
comprehension 1,203973 0,000339
compression 2,407946 0,000678
comrade 0,693147 0,000195
concentrated 0,867501 0,000244
concerned 0,287682 0,000081
conclude 0,235722 0,000133
conclusion 0,210721 0,000059
condescend 1,139434 0,000321
condition 0,051293 0,000029
conduct 0,094311 0,000027
confess 0,127833 0,000036
confidence 0,139262 0,000039
confident 0,510826 0,000144
confidently 1,049822 0,000295
confine 0,223144 0,000063
conflict 0,597837 0,000168
confound 0,430783 0,000121
conquer 0,527633 0,000148
consciousness 0,371064 0,000104
consent 0,223144 0,000126
consequence 0,186330 0,000105
considerable 0,105361 0,000030
considerably 0,776529 0,000218
consideration 0,223144 0,000063
constant 0,051293 0,000014
constantly 0,371064 0,000104
construct 0,713350 0,000201
consult 0,400478 0,000113
consume 0,462035 0,000130
contact 0,210721 0,000059
contend 0,597837 0,000168
contents 0,094311 0,000027
continued 0,072571 0,000020
contract 0,139262 0,000039
contrary 0,198451 0,000056
control 0,223144 0,000063
convenient 0,462035 0,000130
converge 2,207275 0,000621
conversation 0,186330 0,000052
convict 0,941609 0,000265
convulse 1,347074 0,000379
cook 0,223144 0,000188
cool 0,248461 0,000070
coon 2,995732 0,000843
copperhead 3,506558 0,001973
copyright 0,415515 0,000117
corner 0,072571 0,000020
correct 0,235722 0,000066
correctly 0,843970 0,000237
count 0,116534 0,000098
countenance 0,371064 0,000104
country 0,010050 0,000003
couple 0,248461 0,000070
courage 0,150823 0,000042
court 0,094311 0,000027
courtliness 2,995732 0,000843
cover 0,223144 0,000063
covered 0,139262 0,000039
cow 0,653926 0,000184
coward 0,776529 0,000218
cowardly 0,994252 0,000280
cowboy 3,506558 0,000987
crab 1,609438 0,000906
crack 0,478036 0,000135
crackle 1,237874 0,000697
crash 0,733969 0,000207
crashing 1,386294 0,000390
crawl 0,494296 0,000278
crazy 0,916291 0,000258
cream 1,171183 0,000330
credit 0,094311 0,000027
creep 0,198451 0,000168
creeper 2,040221 0,000574
crib 2,120264 0,000597
criminal 0,673345 0,000379
crinkle 2,813411 0,000792
crisp 1,237874 0,000348
critical 0,235722 0,000066
critter 2,995732 0,000843
cross 0,083382 0,000047
crosswise 2,659260 0,000748
crotch 3,218876 0,000906
crouch 0,941609 0,000530
crouching 1,049822 0,000295
crowd 0,174353 0,000049
crunch 1,832581 0,000516
crush 0,274437 0,000077
cub 1,771957 0,000499
cunning 0,462035 0,000130
cur 1,347074 0,000379
curious 0,261365 0,000074
curiously 0,776529 0,000218
curl 0,510826 0,000144
current 0,116534 0,000033
curve 0,916291 0,000258
cut 0,030459 0,000026
cute 3,218876 0,000906
cypress 1,609438 0,000453
dab 2,407946 0,000678
daffy 3,218876 0,000906
damage 0,223144 0,000063
damp 0,400478 0,000113
dan 1,897120 0,000534
dance 0,235722 0,000066
dancing 0,371064 0,000104
dandy 1,609438 0,000453
danger 0,105361 0,000059
dangerous 0,150823 0,000042
dangling 1,139434 0,000321
dark 0,051293 0,000014
darkness 0,186330 0,000052
dart 0,562119 0,000316
dash 0,400478 0,000338
dat 2,525729 0,000711
daughter 0,174353 0,000049
dawn 0,314711 0,000177
day 0,000000 0,000000
daybreak 1,203973 0,000339
daylight 0,446287 0,000126
daze 1,309333 0,000368
dazedly 3,506558 0,000987
dead 0,072571 0,000020
deadly 0,478036 0,000135
deaf 0,634878 0,000179
deal 0,061875 0,000035
death 0,020203 0,000006
deceive 0,261365 0,000147
decide 0,040822 0,000023
decision 0,544727 0,000153
declare 0,139262 0,000078
decorate 0,891598 0,000251
deduce 1,660731 0,000467
deem 0,562119 0,000158
deep 0,020203 0,000011
deeply 0,261365 0,000074
deer 0,867501 0,000244
defend 0,301105 0,000169
defense 1,514128 0,000426
defensive 1,560648 0,000439
defiantly 1,609438 0,000453
definite 0,755023 0,000212
definition 1,203973 0,000339
deftly 1,660731 0,000467
degree 0,150823 0,000042
delay 0,186330 0,000052
deliberate 0,673345 0,000189
delicious 0,713350 0,000201
delight 0,150823 0,000042
delighted 0,287682 0,000081
deluge 1,427116 0,000402
demand 0,051293 0,000014
demonstrate 0,967584 0,000272
demur 1,771957 0,000499
den 0,693147 0,000195
denizen 1,966113 0,000553
dense 0,693147 0,000195
deny 0,072571 0,000020
depart 0,162519 0,000046
depend 0,040822 0,000034
depth 0,494296 0,000139
depths 0,446287 0,000126
descend 0,174353 0,000049
description 0,248461 0,000070
desire 0,051293 0,000029
desperate 0,328504 0,000092
desperately 0,843970 0,000237
destination 1,078810 0,000304
destine 0,494296 0,000139
destroy 0,061875 0,000035
determine 0,061875 0,000035
detonating 3,912023 0,001101
detour 2,120264 0,000597
develop 0,891598 0,000251
diagnosis 2,659260 0,000748
die 0,010050 0,000006
difference 0,174353 0,000049
difficult 0,116534 0,000033
difficulty 0,116534 0,000066
dig 0,356675 0,000301
digger 1,966113 0,000553
dignified 0,755023 0,000212
dignifiedly 3,912023 0,001101
dignity 0,314711 0,000089
dine 0,562119 0,000158
dining 0,510826 0,000144
dinner 0,186330 0,000052
dip 0,673345 0,000189
dire 1,171183 0,000330
direct 0,040822 0,000023
direction 0,051293 0,000029
dirt 0,544727 0,000153
disadvantage 0,843970 0,000237
disagreeable 0,733969 0,000207
disappear 0,223144 0,000126
disapproving 2,207275 0,000621
disarm 1,237874 0,000697
discard 1,108663 0,000312
discipline 0,634878 0,000179
disconsolate 1,609438 0,000453
discord 1,078810 0,000304
discover 0,030459 0,000017
discovery 0,287682 0,000081
discreetly 1,347074 0,000379
discuss 0,400478 0,000225
disengage 0,843970 0,000237
disgrace 0,462035 0,000130
disgust 0,430783 0,000121
dish 0,478036 0,000135
dismal 0,843970 0,000237
dismally 1,771957 0,000499
dismount 1,272966 0,001075
dispel 1,139434 0,000321
dispose 0,755023 0,000425
disposed 0,385662 0,000109
disposition 0,371064 0,000104
distance 0,105361 0,000059
distinctness 1,469676 0,000414
distinguish 0,314711 0,000177
distinguished 0,301105 0,000085
distract 0,510826 0,000144
distress 0,274437 0,000077
disturb 0,198451 0,000056
disturbance 0,713350 0,000201
dive 0,967584 0,000272
divide 0,150823 0,000085
diving 1,660731 0,000467
divulge 1,609438 0,000453
docile 1,714798 0,000482
dodge 1,049822 0,000591
doe 2,995732 0,000843
dog 0,186330 0,000105
doings 0,967584 0,000272
door 0,000000 0,000000
dose 1,108663 0,000312
double 0,139262 0,000078
doubt 0,040822 0,000023
doughty 2,995732 0,000843
dozen 0,415515 0,000117
drag 0,248461 0,000140
dragon 1,021651 0,000287
draw 0,020203 0,000023
drawl 1,514128 0,000426
dread 0,248461 0,000070
dream 0,083382 0,000023
dress 0,162519 0,000091
dressed 0,261365 0,000074
driftwood 2,995732 0,000843
drink 0,072571 0,000041
drip 1,427116 0,000402
dripping 0,891598 0,000251
drive 0,030459 0,000043
drollery 3,218876 0,000906
droop 0,798508 0,000449
drop 0,061875 0,000070
drown 0,314711 0,000177
drubbing 2,813411 0,000792
dry 0,116534 0,000066
dude 3,218876 0,000906
duke 0,967584 0,000272
dull 0,174353 0,000049
dust 0,162519 0,000046
duty 0,061875 0,000035
dye 1,049822 0,000295
eager 0,210721 0,000059
eagerly 0,385662 0,000109
eagerness 0,544727 0,000153
ear 0,061875 0,000035
earn 0,446287 0,000126
earnest 0,261365 0,000074
earnestly 0,415515 0,000117
earth 0,051293 0,000014
ease 0,150823 0,000042
easily 0,072571 0,000020
east 0,235722 0,000066
eastern 0,733969 0,000207
eastward 1,203973 0,000339
easy 0,000000 0,000000
eat 0,040822 0,000034
echo 0,356675 0,000201
edge 0,150823 0,000042
education 0,415515 0,000117
effective 0,967584 0,000272
effort 0,094311 0,000053
elapse 0,891598 0,000251
elated 1,469676 0,000414
eld 0,385662 0,000109
element 0,342490 0,000096
elephant 0,967584 0,000272
elevated 0,891598 0,000251
ember 1,108663 0,000312
embrace 0,235722 0,000066
emergency 1,049822 0,000295
emphasis 0,891598 0,000251
emphatic 1,427116 0,000402
enable 0,274437 0,000077
enclose 0,713350 0,000401
encourage 0,301105 0,000085
endurable 2,407946 0,000678
enemy 0,105361 0,000030
engaged 0,198451 0,000056
engineer 1,237874 0,000348
england 0,385662 0,000109
enjoy 0,072571 0,000061
enjoyment 0,562119 0,000158
enrage 0,916291 0,000258
enter 0,020203 0,000006
entertained 0,616186 0,000173
enthusiasm 0,653926 0,000184
enthusiastic 1,021651 0,000287
entire 0,274437 0,000077
entrance 0,210721 0,000059
entry 0,776529 0,000218
equal 0,162519 0,000046
equip 0,967584 0,000272
equipment 0,415515 0,000117
ere 0,634878 0,000179
error 0,072571 0,000020
escape 0,061875 0,000035
espy 1,966113 0,000553
establishment 0,673345 0,000189
estimate 0,653926 0,000184
evasive 2,207275 0,000621
evasively 2,040221 0,000574
evening 0,072571 0,000020
event 0,150823 0,000085
eventful 1,897120 0,000534
eventually 1,171183 0,000330
evidence 0,235722 0,000066
evident 0,356675 0,000100
evidently 0,371064 0,000104
exact 0,274437 0,000077
examine 0,150823 0,000127
excellent 0,150823 0,000042
exception 0,446287 0,000126
excited 0,248461 0,000070
excitedly 1,609438 0,000453
excitement 0,415515 0,000117
exciting 0,693147 0,000195
exclaim 0,287682 0,000081
exclamation 0,755023 0,000212
exclusion 0,371064 0,000104
excursion 0,891598 0,000251
excuse 0,139262 0,000039
execution 0,597837 0,000168
exhibition 0,994252 0,000280
exist 0,072571 0,000041
expect 0,051293 0,000029
expectantly 2,407946 0,000678
experience 0,072571 0,000041
experienced 0,356675 0,000100
expert 1,021651 0,000287
explain 0,116534 0,000098
explode 1,309333 0,000737
explorations 2,407946 0,000678
explosion 1,203973 0,000678
expose 0,597837 0,000168
express 0,072571 0,000020
expression 0,116534 0,000033
expressively 2,407946 0,000678
extend 0,261365 0,000147
extent 0,083382 0,000023
extract 0,544727 0,000153
exult 1,309333 0,000368
exultant 1,897120 0,000534
eye 0,000000 0,000000
eyebrow 0,673345 0,000189
eyed 0,597837 0,000168
faced 0,820981 0,000231
fail 0,072571 0,000041
failure 0,415515 0,000117
faint 0,186330 0,000052
faintly 0,713350 0,000201
fair 0,051293 0,000014
faithful 0,261365 0,000074
fall 0,000000 0,000000
falls 0,328504 0,000092
false 0,210721 0,000059
familiar 0,150823 0,000042
familiarly 1,272966 0,000358
family 0,061875 0,000017
famished 1,272966 0,000358
fan 0,579818 0,000326
fancy 0,162519 0,000046
fang 1,560648 0,000439
fangled 2,207275 0,000621
fantastic 0,798508 0,000225
fascinate 1,171183 0,000330
fascinating 1,139434 0,000321
fascination 1,078810 0,000304
fashion 0,105361 0,000030
fast 0,030459 0,000017
fasten 0,478036 0,000135
fat 0,314711 0,000089
fatigue 0,494296 0,000139
fault 0,139262 0,000039
favor 0,994252 0,000560
favorable 1,469676 0,000414
fear 0,020203 0,000017
fearful 0,400478 0,000113
feat 0,967584 0,000272
feather 0,462035 0,000130
feature 0,261365 0,000147
feeble 0,356675 0,000100
feed 0,248461 0,000070
feel 0,020203 0,000011
feeling 0,072571 0,000020
feign 0,776529 0,000218
fellow 0,040822 0,000023
fence 0,693147 0,000195
ferocious 1,203973 0,000339
ferociously 2,525729 0,000711
festoon 1,609438 0,000453
fetch 0,510826 0,000431
fever 0,342490 0,000096
fiercely 0,776529 0,000218
fight 0,083382 0,000094
fighter 1,714798 0,000482
figure 0,051293 0,000029
file 0,223144 0,000063
filter 1,771957 0,000499
final 0,342490 0,000096
finally 0,150823 0,000042
finch 3,506558 0,000987
fine 0,061875 0,000035
finger 0,150823 0,000085
finish 0,287682 0,000081
finished 0,162519 0,000046
fireman 2,207275 0,000621
firewood 1,897120 0,000534
firing 1,660731 0,000467
firm 0,248461 0,000070
firmly 0,342490 0,000096
fishing 0,755023 0,000212
fishpole 3,912023 0,001101
fist 0,597837 0,000168
fit 0,030459 0,000026
fixedly 1,427116 0,000402
fizzle 3,506558 0,000987
flame 0,248461 0,000140
flank 0,941609 0,000530
flare 1,108663 0,000312
flash 0,261365 0,000147
flat 0,139262 0,000039
fleck 1,714798 0,000482
flee 0,301105 0,000085
flesh 0,210721 0,000059
flicker 0,755023 0,000212
fling 0,462035 0,000260
float 0,328504 0,000185
flood 0,430783 0,000121
floor 0,174353 0,000098
flop 2,040221 0,000574
flounder 1,237874 0,000348
flower 0,174353 0,000049
flush 0,562119 0,000316
fluttering 0,994252 0,000280
fly 0,116534 0,000066
flying 0,235722 0,000066
fog 0,653926 0,000184
folding 1,049822 0,000295
foliage 0,916291 0,000258
folk 0,527633 0,000148
follow 0,020203 0,000006
fond 0,261365 0,000074
food 0,127833 0,000036
fool 0,235722 0,000066
foolish 0,235722 0,000066
foot 0,051293 0,000029
footprint 1,897120 0,000534
force 0,030459 0,000026
forcibly 0,820981 0,000231
fore 0,755023 0,000212
forehead 0,400478 0,000113
forenoon 1,347074 0,000379
foresight 1,139434 0,000321
forest 0,356675 0,000201
forget 0,010050 0,000011
form 0,020203 0,000017
formation 1,139434 0,000641
fortunate 0,415515 0,000117
foul 0,616186 0,000173
foundation 0,127833 0,000036
fours 1,771957 0,000499
foxy 3,506558 0,000987
fraction 1,660731 0,000467
fraid 2,995732 0,000843
frame 0,174353 0,000049
frank 0,597837 0,000168
frantic 0,820981 0,000231
frantically 1,386294 0,000390
fraught 1,514128 0,000426
fray 1,021651 0,000287
freckle 2,302585 0,000648
freed 2,995732 0,000843
freedom 0,223144 0,000063
freely 0,105361 0,000030
frequent 0,287682 0,000081
frequently 0,287682 0,000081
fresh 0,105361 0,000059
fret 0,713350 0,000201
friend 0,000000 0,000000
fright 0,653926 0,000184
frighten 0,733969 0,000207
frightened 0,301105 0,000085
frontispiece 1,714798 0,000482
frowningly 2,995732 0,000843
fry 1,171183 0,000659
fudge 3,506558 0,000987
fumble 1,660731 0,000467
fun 0,798508 0,000225
funny 1,021651 0,000287
fur 0,994252 0,000280
furnished 0,328504 0,000092
furnishing 1,427116 0,000402
furry 2,207275 0,000621
fury 0,328504 0,000092
fuse 1,966113 0,000553
fuss 1,203973 0,000678
gain 0,040822 0,000023
gallop 0,820981 0,000693
game 0,210721 0,000059
gang 1,203973 0,000339
garden 0,150823 0,000042
garfish 3,506558 0,000987
garment 0,400478 0,000113
gasp 0,579818 0,000326
gather 0,061875 0,000035
gathering 0,415515 0,000117
gator 3,912023 0,001101
gaze 0,314711 0,000266
gee 2,659260 0,000748
gentle 0,274437 0,000077
gentleman 0,223144 0,000126
genuine 0,597837 0,000168
genuinely 1,897120 0,000534
george 0,616186 0,000173
german 0,478036 0,000269
germany 1,049822 0,000295
gesture 0,510826 0,000144
ghostly 1,237874 0,000348
giant 0,562119 0,000158
gifted 1,049822 0,000295
giggle 1,714798 0,000482
girl 0,198451 0,000056
girth 1,771957 0,000499
git 2,302585 0,000648
glad 0,072571 0,000020
glance 0,186330 0,000210
glow 0,314711 0,000177
glower 2,207275 0,000621
glue 1,609438 0,000453
gnarl 1,514128 0,000426
gold 0,083382 0,000023
goner 2,995732 0,000843
goodness 0,328504 0,000092
goose 0,755023 0,000212
government 0,462035 0,000130
grab 1,514128 0,001278
gracious 0,544727 0,000153
gradually 0,328504 0,000092
grand 0,342490 0,000096
grasp 0,274437 0,000154
gravely 0,693147 0,000195
gray 0,733969 0,000413
greatly 0,210721 0,000059
greedily 1,078810 0,000304
green 0,105361 0,000030
greet 0,653926 0,000184
grilling 2,995732 0,000843
grim 0,776529 0,000218
grimly 1,108663 0,000312
grin 0,733969 0,000620
grip 0,798508 0,000449
grit 2,120264 0,000597
groan 0,446287 0,000251
grope 0,733969 0,000207
grouchy 3,506558 0,000987
ground 0,030459 0,000009
grounds 0,446287 0,000126
grow 0,010050 0,000011
growl 0,941609 0,000530
growling 1,427116 0,000402
growth 0,430783 0,000242
grudge 0,994252 0,000280
grumble 0,867501 0,000732
grumblingly 2,813411 0,000792
grunt 1,021651 0,000287
guard 0,083382 0,000023
guardian 0,597837 0,000168
guess 0,223144 0,000126
guest 0,235722 0,000066
guidance 0,776529 0,000218
guide 0,083382 0,000070
guilt 0,544727 0,000153
gulf 0,733969 0,000207
gum 1,386294 0,000390
gun 0,544727 0,000307
gwine 3,218876 0,000906
ha 0,891598 0,000251
habit 0,162519 0,000046
hail 0,415515 0,000234
hair 0,072571 0,000041
haired 0,820981 0,000231
halted 0,843970 0,000237
halting 1,309333 0,000368
hand 0,010050 0,000011
handful 0,776529 0,000437
handkerchief 0,616186 0,000173
handle 0,223144 0,000126
handsome 0,328504 0,000092
handy 0,967584 0,000272
hang 0,198451 0,000112
hanging 0,235722 0,000066
hankering 2,120264 0,000597
hapless 1,714798 0,000482
happen 0,030459 0,000017
happily 0,478036 0,000135
happiness 0,150823 0,000042
happy 0,061875 0,000017
hard 0,040822 0,000023
hardy 0,967584 0,000272
harm 0,210721 0,000059
harry 1,203973 0,000339
harshly 1,078810 0,000304
haste 0,371064 0,000104
hasten 0,371064 0,000104
hastily 0,462035 0,000130
hasty 0,510826 0,000144
hat 0,446287 0,000251
hatchet 1,609438 0,000453
hate 0,150823 0,000042
haul 0,941609 0,000530
hauling 1,660731 0,000467
haunch 1,469676 0,000414
haunt 0,385662 0,000109
havoc 1,714798 0,000482
haw 2,302585 0,000648
haying 3,218876 0,000906
head 0,000000 0,000000
headed 0,510826 0,000144
headway 1,966113 0,000553
healthy 0,356675 0,000100
heap 0,248461 0,000280
hear 0,010050 0,000006
hearing 0,139262 0,000039
heart 0,010050 0,000003
hearted 0,415515 0,000117
heartily 0,597837 0,000168
heat 0,198451 0,000056
heavily 0,400478 0,000113
heavy 0,030459 0,000017
heed 0,510826 0,000144
heel 0,356675 0,000100
height 0,210721 0,000059
helpless 0,328504 0,000092
henry 0,713350 0,000201
herd 0,597837 0,000168
herding 2,525729 0,000711
hereabouts 2,040221 0,000574
hero 0,430783 0,000121
hesitate 0,314711 0,000177
hewing 2,659260 0,000748
hey 1,347074 0,000379
hide 0,072571 0,000020
hideous 0,527633 0,000148
hiding 0,616186 0,000173
highway 0,916291 0,000258
hike 3,218876 0,001811
hinder 0,579818 0,000163
hinge 0,916291 0,000516
hit 0,314711 0,000266
hitch 1,347074 0,000379
ho 1,203973 0,000339
hoarse 0,867501 0,000244
hoarsely 1,560648 0,000439
hold 0,010050 0,000011
hole 0,261365 0,000074
hollow 0,430783 0,000242
holster 2,995732 0,000843
honda 3,506558 0,000987
honored 1,427116 0,000402
hoof 0,867501 0,000244
hoofprint 3,912023 0,001101
hook 0,634878 0,000179
hooray 2,995732 0,000843
hoot 2,040221 0,000574
hooting 2,407946 0,000678
hope 0,000000 0,000000
horn 0,478036 0,000269
horrible 0,356675 0,000100
horse 0,139262 0,000078
horseback 0,843970 0,000237
horseless 3,912023 0,001101
horseman 0,967584 0,000272
horsemanship 2,995732 0,000843
hospitable 1,078810 0,000304
hospitality 0,713350 0,000201
host 0,446287 0,000126
hostelry 2,525729 0,000711
hostess 1,347074 0,000379
hot 0,116534 0,000033
hotel 0,820981 0,000231
hound 0,843970 0,000475
hour 0,061875 0,000035
house 0,020203 0,000006
howard 2,659260 0,000748
howdy 2,995732 0,000843
howl 0,527633 0,000445
huddle 1,078810 0,000304
huge 0,400478 0,000113
huh 3,218876 0,000906
hum 0,579818 0,000163
human 0,072571 0,000020
humble 0,261365 0,000074
humiliate 1,469676 0,000414
hummer 3,912023 0,001101
humor 1,203973 0,000339
hunch 1,771957 0,000499
hung 0,174353 0,000049
hungry 0,314711 0,000089
hunt 0,371064 0,000104
hunter 0,579818 0,000326
hunting 0,462035 0,000130
hurl 0,798508 0,000225
hurrah 1,386294 0,000390
hurry 0,162519 0,000091
hurt 0,150823 0,000042
hustle 2,040221 0,000574
hustler 3,912023 0,001101
hut 0,776529 0,000218
idea 0,083382 0,000023
identify 0,342490 0,000193
idle 0,261365 0,000074
ignore 1,309333 0,000368
iii 0,287682 0,000081
illustrate 0,616186 0,000173
imagination 0,223144 0,000063
imagine 0,083382 0,000047
immaterial 1,966113 0,000553
impatient 0,371064 0,000104
impending 1,171183 0,000330
impossible 0,094311 0,000027
impression 0,210721 0,000059
imprint 1,139434 0,000321
improve 0,385662 0,000109
improvement 0,616186 0,000173
inactivity 2,040221 0,000574
inanimate 1,237874 0,000348
incessant 0,941609 0,000265
inch 0,430783 0,000242
incident 0,356675 0,000100
incisive 2,659260 0,000748
inclined 0,186330 0,000052
include 0,072571 0,000020
increase 0,061875 0,000035
indefinitely 1,469676 0,000414
indian 0,544727 0,000307
indication 0,798508 0,000225
indifferent 0,400478 0,000113
indignantly 1,203973 0,000339
induce 0,328504 0,000092
inexperienced 1,203973 0,000339
infest 1,832581 0,000516
influence 0,198451 0,000056
inform 0,198451 0,000056
inhabitants 0,446287 0,000126
injure 0,356675 0,000100
injury 0,301105 0,000085
innocent 0,186330 0,000052
innocently 1,427116 0,000402
inquire 0,235722 0,000133
insecure 2,207275 0,000621
insist 0,223144 0,000188
inspection 0,798508 0,000225
inspiring 1,108663 0,000312
instance 0,116534 0,000066
instant 0,210721 0,000059
instantly 0,356675 0,000100
instinct 0,356675 0,000100
instinctively 0,733969 0,000207
instruction 0,328504 0,000092
insult 0,415515 0,000117
intend 0,094311 0,000106
intention 0,127833 0,000036
interestingly 3,506558 0,000987
interfere 0,415515 0,000351
interior 0,673345 0,000379
interject 2,813411 0,000792
interpret 0,235722 0,000066
interrupted 0,301105 0,000085
interruption 0,634878 0,000179
interview 0,634878 0,000179
introduce 0,261365 0,000147
investigate 0,820981 0,000231
investigation 0,713350 0,000201
inwardly 0,798508 0,000225
irresistibly 1,203973 0,000339
island 0,400478 0,000113
iv 0,328504 0,000092
ix 0,494296 0,000139
jab 3,912023 0,001101
jack 0,755023 0,000212
jackson 1,714798 0,000482
january 0,693147 0,000195
jaunt 2,407946 0,000678
jaw 0,544727 0,000307
jealous 0,446287 0,000126
jeer 1,469676 0,000414
jeering 1,714798 0,000482
jerk 0,820981 0,000462
jest 0,616186 0,000173
jig 2,302585 0,000648
jingle 1,171183 0,000330
job 0,597837 0,000168
jog 1,897120 0,001068
joint 0,446287 0,000251
joke 0,356675 0,000401
jolting 2,120264 0,000597
journey 0,150823 0,000042
joy 0,127833 0,000036
joyful 0,798508 0,000225
judge 0,061875 0,000035
judging 0,713350 0,000201
judgment 0,198451 0,000056
jump 0,430783 0,000242
jumping 0,798508 0,000225
juncture 1,386294 0,000390
jungle 1,832581 0,000516
keel 1,309333 0,000368
keen 0,371064 0,000209
keener 1,469676 0,000414
keenly 0,967584 0,000272
kick 0,314711 0,000266
kicker 3,218876 0,000906
kid 1,203973 0,000678
kiddie 3,506558 0,000987
kill 0,083382 0,000070
killer 2,040221 0,001148
kindly 0,223144 0,000063
kit 2,040221 0,001148
knee 0,150823 0,000085
kneel 0,478036 0,000135
knife 0,287682 0,000081
knot 0,510826 0,000287
knowledge 0,061875 0,000017
lad 0,653926 0,000368
lady 0,162519 0,000046
lake 0,162519 0,000091
lamely 2,995732 0,000843
land 0,051293 0,000043
landing 0,544727 0,000153
language 0,072571 0,000020
lariat 3,912023 0,001101
lash 0,562119 0,000474
lashing 2,525729 0,000711
lasso 2,659260 0,000748
late 0,094311 0,000027
laugh 0,094311 0,000080
laughingly 1,714798 0,000482
laughter 0,274437 0,000077
launch 0,798508 0,000225
lawn 1,078810 0,000304
lay 0,030459 0,000034
lazily 1,237874 0,000348
lead 0,020203 0,000011
leader 0,356675 0,000100
leadin 3,218876 0,000906
leading 0,139262 0,000039
lean 0,127833 0,000072
leap 0,287682 0,000243
learn 0,020203 0,000011
learnedly 2,813411 0,000792
leash 2,407946 0,001355
leather 0,527633 0,000148
leave -0,009950 -0,000008
left 0,000000 0,000000
leg 0,235722 0,000133
lemonade 2,525729 0,000711
lessen 0,713350 0,000201
lessening 1,660731 0,000467
lesson 0,287682 0,000081
letter 0,072571 0,000020
level 0,210721 0,000059
leveling 3,506558 0,000987
liberal 0,597837 0,000168
liberty 0,198451 0,000056
lick 0,673345 0,000568
lie 0,020203 0,000011
lief 3,218876 0,000906
life -0,009950 -0,000006
lift 0,116534 0,000033
light 0,000000 0,000000
lighted 0,261365 0,000074
lightly 0,430783 0,000121
lilly 3,912023 0,001101
limb 0,248461 0,000140
limber 2,659260 0,001496
limping 1,771957 0,000499
lip 0,127833 0,000036
listen 0,105361 0,000089
listener 0,843970 0,000237
literally 0,713350 0,000201
litter 0,843970 0,000237
live 0,010050 0,000006
lively 0,385662 0,000109
liver 1,171183 0,000330
living 0,020203 0,000006
load 0,430783 0,000242
loader 3,506558 0,000987
loading 1,309333 0,000368
lobby 2,040221 0,000574
locate 0,371064 0,000209
lock 0,162519 0,000046
log 0,798508 0,000225
lone 1,514128 0,000426
lonely 0,400478 0,000113
lookout 1,427116 0,000402
loop 1,272966 0,000358
loose 0,094311 0,000027
loosening 2,302585 0,000648
lope 2,659260 0,000748
loping 3,912023 0,001101
lose 0,000000 0,000000
loss 0,083382 0,000023
lot 0,051293 0,000029
loud 0,105361 0,000059
loudly 0,400478 0,000113
louisiana 2,302585 0,000648
love 0,030459 0,000017
luck 0,446287 0,000126
lucky 0,494296 0,000139
ludicrous 1,386294 0,000390
lunge 1,966113 0,000553
lurch 1,660731 0,000467
lurk 0,616186 0,000347
lustily 1,897120 0,000534
luxuriant 1,427116 0,000402
luxury 0,462035 0,000130
mad 0,235722 0,000066
magazine 1,203973 0,000339
main 0,127833 0,000036
maine 2,120264 0,000597
mainspring 2,407946 0,000678
majesty 0,510826 0,000144
major 1,108663 0,000312
majors 3,506558 0,000987
malicious 0,941609 0,000265
maligned 2,995732 0,000843
manage 0,261365 0,000147
manhunt 3,912023 0,001101
manifold 1,386294 0,000390
manner 0,040822 0,000011
manners 0,274437 0,000077
mansion 0,820981 0,000231
mark 0,105361 0,000089
marked 0,061875 0,000017
maroon 2,302585 0,000648
marvelous 1,609438 0,000453
mary 0,693147 0,000195
master 0,072571 0,000020
match 0,301105 0,000169
mate 0,713350 0,000201
matter 0,000000 0,000000
maul 2,407946 0,000678
maze 1,272966 0,000358
meal 0,261365 0,000147
meaning 0,186330 0,000052
measly 3,912023 0,001101
measure 0,127833 0,000036
meat 0,356675 0,000100
medicine 0,562119 0,000158
meet 0,010050 0,000008
meeting 0,162519 0,000046
memory 0,162519 0,000046
menacing 1,272966 0,000358
menagerie 2,040221 0,000574
mere 0,094311 0,000027
merrily 1,272966 0,000358
merriment 1,139434 0,000321
mess 0,867501 0,000244
message 0,356675 0,000100
methodically 2,120264 0,000597
mexico 1,660731 0,000467
middle 0,030459 0,000009
midway 1,514128 0,000426
mighty 0,328504 0,000092
mile 0,174353 0,000098
mind 0,020203 0,000011
minute 0,150823 0,000085
mischief 0,494296 0,000139
mischievous 1,078810 0,000304
mischievously 2,407946 0,000678
miserable 0,210721 0,000059
mishap 1,660731 0,000467
missing 1,386294 0,000390
mission 0,210721 0,000059
mississippi 0,415515 0,000117
missouri 2,120264 0,000597
mist 0,430783 0,000242
mistake 0,186330 0,000052
mistaken 0,261365 0,000074
mister 1,832581 0,000516
mix 0,274437 0,000154
moan 0,653926 0,000368
moccasin 2,659260 0,001496
mock 0,478036 0,000269
mockingbird 3,912023 0,001101
mockingly 1,966113 0,000553
modest 0,371064 0,000104
modestly 1,139434 0,000321
moist 0,843970 0,000237
moisture 1,108663 0,000312
moment 0,010050 0,000006
momentarily 1,832581 0,000516
momentum 2,525729 0,000711
money 0,051293 0,000014
monkey 0,941609 0,000265
monosyllable 1,897120 0,000534
monster 0,527633 0,000148
monstrous 0,400478 0,000113
montana 3,506558 0,000987
mood 0,462035 0,000130
morning 0,040822 0,000011
morrow 0,328504 0,000092
mosquito 1,897120 0,001068
mother 0,072571 0,000020
motion 0,223144 0,000063
motionless 0,544727 0,000153
motive 0,356675 0,000100
mount 0,210721 0,000178
mountain 0,400478 0,000113
mountains 0,400478 0,000113
mourn 0,994252 0,000280
moustache 1,514128 0,000426
mouth 0,061875 0,000017
mouthful 1,237874 0,000348
movement 0,287682 0,000162
muck 2,302585 0,000648
mud 0,462035 0,000130
muddy 0,867501 0,000244
mumble 1,386294 0,000390
murder 0,248461 0,000070
muriel 3,912023 0,001101
murmur 0,287682 0,000081
murmuring 0,967584 0,000272
muscle 0,755023 0,000425
muscular 1,203973 0,000339
muse 1,139434 0,000321
music 0,198451 0,000056
muskrat 3,506558 0,000987
mustang 3,218876 0,000906
mutter 0,653926 0,000184
mutton 1,237874 0,000348
muzzle 1,171183 0,000330
mysteriously 1,171183 0,000330
mystery 0,235722 0,000066
nag 1,771957 0,000499
nagging 2,525729 0,000711
nail 0,356675 0,000100
nap 1,469676 0,000827
narrow 0,094311 0,000027
narrowly 1,272966 0,000358
nary 2,813411 0,000792
nasty 1,139434 0,000321
natural 0,094311 0,000027
nature 0,094311 0,000027
natured 0,733969 0,000207
naturedly 1,897120 0,000534
navigate 1,771957 0,000499
nearby 2,659260 0,000748
nearer 0,400478 0,000113
neat 0,653926 0,000184
neatly 1,049822 0,000295
neck 0,174353 0,000098
ned 2,407946 0,000678
neglect 0,274437 0,000077
neglectful 2,525729 0,000711
neigh 1,832581 0,000516
nerve 0,371064 0,000104
nervously 1,203973 0,000339
nervousness 1,714798 0,000482
newcomer 1,560648 0,000439
news 0,210721 0,000059
nibble 1,609438 0,000453
nice 0,371064 0,000104
nigger 2,407946 0,000678
nigh 0,843970 0,000237
night 0,010050 0,000003
nod 0,371064 0,000313
noise 0,139262 0,000078
noiseless 1,609438 0,000453
noisiest 3,218876 0,000906
nonsense 0,478036 0,000135
noon 0,430783 0,000121
north 0,083382 0,000023
northwest 2,302585 0,000648
nose 0,261365 0,000147
nosed 1,560648 0,000439
nostril 0,798508 0,000225
note 0,094311 0,000053
notice 0,020203 0,000011
notion 0,314711 0,000089
novice 1,560648 0,000439
oaks 1,237874 0,000348
ob 2,407946 0,000678
obey 0,223144 0,000126
object 0,105361 0,000059
objection 0,400478 0,000225
oblige 0,210721 0,000059
obliquely 2,120264 0,000597
observable 1,771957 0,000499
observe 0,094311 0,000080
observer 0,820981 0,000231
obstacle 0,510826 0,000144
occasion 0,105361 0,000030
occasional 0,510826 0,000144
occupy 0,174353 0,000098
occur 0,083382 0,000070
odor 1,386294 0,000780
offer 0,020203 0,000011
oftener 1,049822 0,000295
oil 0,446287 0,000126
ooze 1,427116 0,000803
oozy 2,995732 0,000843
operation 0,478036 0,000135
opinion 0,105361 0,000030
opportunity 0,061875 0,000017
orderly 0,941609 0,000265
ordinary 0,186330 0,000052
original 0,105361 0,000030
ouch 2,813411 0,000792
outdistance 2,659260 0,000748
outdo 1,660731 0,000467
outdoors 2,995732 0,000843
outer 0,510826 0,000144
outfit 1,171183 0,000659
outing 2,525729 0,000711
outright 1,309333 0,000368
outskirts 1,560648 0,000439
outwit 1,966113 0,000553
overcast 1,609438 0,000453
overcharge 2,120264 0,000597
overcome 0,198451 0,000112
overflow 0,616186 0,000173
overhaul 1,897120 0,001601
overtake 0,400478 0,000113
overwhelmed 0,891598 0,000251
ow 1,832581 0,000516
owe 0,105361 0,000059
owl 1,078810 0,000607
owner 0,083382 0,000023
pace 0,186330 0,000105
pack 0,579818 0,000326
package 1,560648 0,000439
packed 0,616186 0,000173
packing 1,108663 0,000312
pail 1,309333 0,000368
pailful 3,218876 0,000906
pain 0,051293 0,000029
pained 1,203973 0,000339
painful 0,328504 0,000092
painting 0,713350 0,000201
pair 0,210721 0,000059
pajamas 3,506558 0,000987
palatable 2,659260 0,000748
pale 0,186330 0,000052
pallid 1,237874 0,000348
palmetto 2,659260 0,000748
pan 0,755023 0,000212
pant 1,272966 0,000358
pantry 1,897120 0,000534
parallel 0,843970 0,000237
paralyze 1,660731 0,000467
pardon 0,287682 0,000081
parley 1,514128 0,000426
parlor 1,660731 0,000467
partially 0,967584 0,000272
party 0,030459 0,000017
pass 0,020203 0,000011
passing 0,094311 0,000027
path 0,150823 0,000042
patience 0,139262 0,000039
patient 0,274437 0,000077
patiently 0,733969 0,000207
pause 0,314711 0,000177
paw 1,021651 0,000862
pay 0,030459 0,000017
peal 1,078810 0,000304
peculiar 0,223144 0,000063
peculiarity 0,755023 0,000212
peel 1,139434 0,000321
peer 0,616186 0,000173
peered 1,237874 0,000348
pelt 1,386294 0,000390
perceive 0,198451 0,000056
perceptible 1,171183 0,000330
perch 0,891598 0,000251
perfect 0,061875 0,000017
performance 0,127833 0,000036
peril 0,693147 0,000390
perilous 0,798508 0,000225
period 0,235722 0,000066
permanent 0,223144 0,000063
permission 0,150823 0,000042
permit 0,094311 0,000053
perplex 0,653926 0,000184
perplexedly 3,218876 0,000906
persist 0,478036 0,000135
person -0,009950 -0,000008
personal 0,223144 0,000063
perspiration 1,237874 0,000348
pert 1,966113 0,000553
pest 1,560648 0,000439
pete 2,813411 0,000792
petty 0,776529 0,000218
phantom 0,967584 0,000272
phase 1,108663 0,000312
philadelphia 2,120264 0,000597
phrase 0,139262 0,000039
physician 0,693147 0,000195
pick 0,223144 0,000126
pickaninny 3,506558 0,000987
picking 0,634878 0,000179
piece 0,020203 0,000006
pierce 0,356675 0,000100
pig 0,544727 0,000307
pigeon 1,108663 0,000312
pile 0,328504 0,000092
pillared 2,525729 0,000711
pinch 0,843970 0,000237
pinioned 2,207275 0,000621
pink 0,820981 0,000231
pipe 0,385662 0,000109
pistol 0,820981 0,000231
pitch 0,261365 0,000147
pitcher 1,560648 0,000439
pith 2,525729 0,000711
pity 0,139262 0,000039
plain 0,040822 0,000011
plainly 0,261365 0,000074
plains 0,967584 0,000272
plan 0,198451 0,000168
plant 0,186330 0,000052
plantation 1,237874 0,000697
plaster 0,916291 0,000258
plate 0,314711 0,000089
play 0,040822 0,000034
plead 0,400478 0,000113
pleasant 0,162519 0,000046
pleasantry 1,347074 0,000379
pleased 0,150823 0,000042
pleasure 0,051293 0,000014
plentiful 1,049822 0,000295
plenty 0,235722 0,000066
plow 1,897120 0,000534
pluck 0,371064 0,000104
pluckily 3,506558 0,000987
plucky 2,207275 0,000621
plug 1,714798 0,000482
plume 0,994252 0,000280
plunge 0,314711 0,000177
plunk 3,506558 0,000987
pocket 0,371064 0,000209
poise 1,203973 0,000339
poke 0,941609 0,000530
pole 0,494296 0,000278
pommel 2,120264 0,000597
pompously 2,207275 0,000621
pond 0,994252 0,000280
ponder 0,820981 0,000462
pony 1,469676 0,000827
pooh 1,514128 0,000426
pool 0,693147 0,000195
poor 0,020203 0,000006
pop 1,203973 0,000339
population 0,941609 0,000265
pork 1,272966 0,000358
porter 0,941609 0,000265
portion 0,301105 0,000085
position 0,162519 0,000091
positive 0,597837 0,000168
possess 0,061875 0,000035
possum 2,995732 0,000843
post 0,051293 0,000029
posture 0,967584 0,000272
pot 0,478036 0,000135
potato 1,078810 0,000304
pound 0,314711 0,000089
pounder 2,659260 0,000748
pour 0,116534 0,000033
pouter 3,506558 0,000987
power 0,030459 0,000009
powerful 0,223144 0,000063
powerless 1,139434 0,000321
practically 0,235722 0,000066
practice 0,116534 0,000033
practise 0,510826 0,000144
pray 0,261365 0,000074
precious 0,162519 0,000046
predicament 1,469676 0,000414
predict 1,139434 0,000321
prediction 1,386294 0,000390
prefer 0,174353 0,000147
preliminary 0,941609 0,000265
preparation 0,328504 0,000092
prepare 0,116534 0,000033
prepared 0,105361 0,000030
presence 0,094311 0,000027
press 0,105361 0,000030
pressed 0,274437 0,000077
pressure 0,527633 0,000148
presume 0,462035 0,000130
pretend 0,186330 0,000052
pretty 0,150823 0,000085
previous 0,094311 0,000027
prey 0,478036 0,000135
price 0,314711 0,000089
prick 0,843970 0,000237
pricking 1,966113 0,000553
print 0,116534 0,000066
prison 0,248461 0,000070
prisoner 0,356675 0,000100
prize 0,494296 0,000139
probability 0,733969 0,000207
proceed 0,116534 0,000066
proceeding 0,510826 0,000144
proceedings 0,713350 0,000201
proclaim 0,527633 0,000148
procure 0,415515 0,000234
prod 2,407946 0,000678
professor 0,261365 0,000074
profit 0,083382 0,000023
programme 1,560648 0,000439
progress 0,162519 0,000046
project -0,009950 -0,000003
promise 0,051293 0,000029
proper 0,061875 0,000017
property 0,127833 0,000036
prophet 0,867501 0,000244
proportion 0,235722 0,000066
proposal 0,733969 0,000207
propose 0,186330 0,000105
prospect 0,430783 0,000121
prostrate 0,673345 0,000189
protect 0,139262 0,000078
protection 0,314711 0,000089
protest 0,342490 0,000193
protrude 1,203973 0,000339
proudly 0,733969 0,000207
prove 0,083382 0,000094
provocation 1,049822 0,000295
prowess 1,609438 0,000453
prudence 0,713350 0,000201
prudent 0,616186 0,000173
pshaw 2,659260 0,000748
publish 0,478036 0,000135
puddle 1,203973 0,000339
puff 0,733969 0,000413
pull 0,127833 0,000108
pulse 0,733969 0,000207
punch 1,203973 0,000339
punish 0,314711 0,000089
punk 3,218876 0,000906
purpose 0,040822 0,000011
pursue 0,186330 0,000105
pursuit 0,287682 0,000081
push 0,139262 0,000039
puzzle 0,941609 0,000265
puzzled 0,494296 0,000139
quarry 1,171183 0,000330
quarter 0,105361 0,000059
queer 0,776529 0,000218
quest 0,776529 0,000218
question 0,020203 0,000017
questioning 0,755023 0,000212
quick 0,127833 0,000072
quickness 1,237874 0,000348
quiet 0,094311 0,000027
quietly 0,261365 0,000074
quiz 2,659260 0,000748
quizzically 3,506558 0,000987
rabbit 0,994252 0,000280
race 0,162519 0,000091
racket 2,040221 0,000574
rage 0,139262 0,000078
rail 0,579818 0,000163
railway 1,171183 0,000330
rain 0,150823 0,000042
raise 0,020203 0,000011
rake 1,139434 0,000321
rampage 2,995732 0,000843
rancher 3,506558 0,000987
range 0,328504 0,000092
ranger 2,813411 0,000792
rank 0,223144 0,000126
rapid 0,371064 0,000104
rapidly 0,371064 0,000104
rate 0,261365 0,000074
rattle 0,616186 0,000173
rattler 3,506558 0,000987
rattling 0,916291 0,000258
raw 0,713350 0,000201
reach 0,000000 0,000000
read 0,020203 0,000006
reader 0,301105 0,000085
ready 0,030459 0,000009
real 0,040822 0,000011
reality 0,301105 0,000085
realize 0,693147 0,000585
reappearing 2,120264 0,000597
rear 0,371064 0,000313
reason 0,010050 0,000008
reasoning 0,713350 0,000201
rebelliously 2,995732 0,000843
rebuke 0,843970 0,000237
rebukingly 3,912023 0,001101
receipt 0,261365 0,000074
receive 0,040822 0,000034
reckon 0,385662 0,000326
reckoning 0,843970 0,000475
recognize 0,733969 0,000207
recollection 0,527633 0,000148
recommend 0,400478 0,000113
recover 0,127833 0,000108
recovery 0,616186 0,000173
rector 1,966113 0,000553
red 0,061875 0,000035
redeem 0,776529 0,000218
redwood 3,912023 0,001101
refer 0,223144 0,000126
refinement 1,049822 0,000295
reflect 0,235722 0,000133
reflection 0,274437 0,000077
reflectively 1,897120 0,000534
refuse 0,083382 0,000023
regard 0,083382 0,000023
regret 0,342490 0,000096
regretful 2,659260 0,000748
regular 0,287682 0,000081
regulations 1,237874 0,000348
rein 0,867501 0,000488
rejoin 0,776529 0,000218
relapse 1,021651 0,000287
relate 0,415515 0,000117
relaxed 0,994252 0,000280
release 0,105361 0,000030
relic 0,867501 0,000244
relief 0,186330 0,000052
relieve 0,198451 0,000056
reluctant 1,021651 0,000287
reluctantly 0,941609 0,000265
remain 0,040822 0,000023
remains 0,150823 0,000042
remark 0,223144 0,000126
remarkable 0,235722 0,000066
remedy 0,150823 0,000042
remember 0,030459 0,000009
remind 0,301105 0,000085
remote 0,478036 0,000135
remove 0,040822 0,000034
renew 0,314711 0,000089
rent 0,510826 0,000287
repair 0,342490 0,000096
repeat 0,051293 0,000029
replace 0,198451 0,000056
reply 0,105361 0,000059
report 0,051293 0,000014
represent 0,210721 0,000059
repress 0,867501 0,000244
reproachfully 1,714798 0,000482
reprovingly 2,659260 0,000748
reptile 1,609438 0,000906
reputation 0,342490 0,000096
request 0,105361 0,000030
require 0,051293 0,000029
rescue 0,494296 0,000278
resemble 0,400478 0,000113
resentful 1,966113 0,000553
reserve 0,400478 0,000113
resident 1,203973 0,000339
resist 0,274437 0,000077
resolution 0,385662 0,000109
respectable 0,430783 0,000121
respond 0,693147 0,000195
response 0,843970 0,000237
responsibility 0,733969 0,000413
responsible 0,693147 0,000195
rest 0,010050 0,000008
restless 0,478036 0,000135
restore 0,223144 0,000063
restraint 0,713350 0,000201
result 0,174353 0,000049
resume 0,301105 0,000085
retard 1,832581 0,000516
retarded 1,832581 0,000516
retort 0,820981 0,000231
retreat 0,342490 0,000096
return 0,010050 0,000008
reveal 0,223144 0,000063
revelation 0,693147 0,000195
revenge 0,462035 0,000130
revengeful 1,469676 0,000414
revolver 1,514128 0,000852
reward 0,174353 0,000049
rib 0,843970 0,000237
ribbon 0,843970 0,000237
rid 0,223144 0,000063
ride 0,261365 0,000294
rider 0,967584 0,000545
riderless 3,506558 0,000987
ridge 0,891598 0,000502
rifle 1,078810 0,000304
rig 1,272966 0,000716
rink 3,218876 0,000906
rip 1,021651 0,000287
ripple 0,820981 0,000462
rise 0,030459 0,000034
rival 0,494296 0,000139
river 0,174353 0,000049
road 0,116534 0,000033
roam 0,994252 0,000280
roar 0,356675 0,000201
roaring 0,693147 0,000195
rockies 3,506558 0,000987
rocky 1,049822 0,000295
rod 0,616186 0,000347
roil 3,218876 0,000906
roll 0,150823 0,000127
roller 2,120264 0,000597
roof 0,186330 0,000052
root 0,235722 0,000066
rope 0,430783 0,000485
roper 3,912023 0,001101
rot 0,798508 0,000225
rotten 0,941609 0,000265
rough 0,186330 0,000052
roughly 0,544727 0,000153
roundabout 1,771957 0,000499
rout 1,560648 0,000439
route 0,713350 0,000201
row 0,385662 0,000109
rowel 3,218876 0,000906
royal 0,400478 0,000113
rub 0,342490 0,000193
rubber 1,609438 0,000453
rug 1,203973 0,000678
rule 0,030459 0,000009
running 0,967584 0,000272
runway 3,218876 0,000906
ruse 1,771957 0,000499
rush 0,127833 0,000072
rust 1,171183 0,000330
rustle 0,967584 0,000272
sad 0,223144 0,000063
saddle 0,755023 0,000425
sadly 0,510826 0,000144
safe 0,116534 0,000066
safely 0,371064 0,000104
safety 0,356675 0,000100
sah 3,506558 0,000987
sail 0,415515 0,000117
sailing 0,653926 0,000184
sake 0,083382 0,000023
salute 0,634878 0,000179
salvation 0,798508 0,000225
sandwich 1,660731 0,000467
sarcastic 1,427116 0,000402
sarcastically 2,120264 0,000597
satisfaction 0,186330 0,000052
satisfactory 0,562119 0,000158
satisfy 0,061875 0,000052
saturate 1,609438 0,000453
saunter 1,309333 0,000368
savage 0,248461 0,000070
savagely 1,427116 0,000402
save 0,010050 0,000008
scan 1,237874 0,000348
scarcely 0,301105 0,000085
scare 1,237874 0,000348
scared 0,941609 0,000265
scatter 0,693147 0,000195
scattered 0,139262 0,000039
scene 0,127833 0,000036
scent 0,544727 0,000460
scheme 0,462035 0,000130
school 0,150823 0,000042
scoff 1,514128 0,000426
scoop 1,514128 0,000426
scoundrel 1,078810 0,000304
scout 1,386294 0,000390
scowl 1,049822 0,000295
scramble 0,941609 0,000265
scratch 0,544727 0,000307
scratching 1,108663 0,000312
scream 0,462035 0,000130
screech 1,609438 0,000453
screen 0,843970 0,000237
scrub 1,237874 0,000348
scrubbing 2,040221 0,000574
scurry 1,966113 0,000553
search 0,040822 0,000034
season 0,235722 0,000066
seasoned 1,609438 0,000453
seat 0,051293 0,000014
seating 1,609438 0,000453
secret 0,051293 0,000014
secrete 1,897120 0,000534
secure 0,061875 0,000052
seech 3,912023 0,001101
seek 0,083382 0,000047
seemingly 0,967584 0,000272
seize 0,116534 0,000033
seldom 0,301105 0,000085
semicircle 1,771957 0,000499
send 0,020203 0,000011
sense 0,051293 0,000014
sensitive 0,693147 0,000195
sentiment 0,356675 0,000100
separate 0,094311 0,000027
series 0,494296 0,000139
servant 0,105361 0,000059
serve 0,051293 0,000043
service 0,072571 0,000041
set 0,010050 0,000006
settle 0,083382 0,000070
sha 1,309333 0,000368
shack 3,218876 0,001811
shade 0,223144 0,000063
shadow 0,162519 0,000046
shake 0,072571 0,000082
shape 0,150823 0,000085
share 0,030459 0,000009
sharp 0,139262 0,000039
sharply 0,510826 0,000144
shattered 0,867501 0,000244
sheepish 2,120264 0,000597
sheepishly 2,207275 0,000621
shelf 0,634878 0,000179
shield 0,634878 0,000179
shin 1,897120 0,001068
shine 0,150823 0,000085
shirk 1,897120 0,000534
shirt 0,527633 0,000148
shiver 0,478036 0,000135
shock 0,235722 0,000066
shoe 0,314711 0,000266
shoot 0,385662 0,000109
shooter 2,120264 0,000597
shooting 0,634878 0,000179
shore 0,287682 0,000162
short 0,020203 0,000006
shortly 0,462035 0,000130
shot 0,223144 0,000126
shoulder 0,139262 0,000118
shout 0,186330 0,000157
shove 0,967584 0,000272
shred 1,108663 0,000312
shrewdly 1,714798 0,000482
shriek 0,634878 0,000179
shrill 0,798508 0,000225
shrug 0,994252 0,000280
shudder 0,446287 0,000126
shut 0,051293 0,000014
shy 0,673345 0,000189
sick 0,150823 0,000042
sided 1,714798 0,000482
sidewalk 2,120264 0,000597
sierras 3,506558 0,000987
sight 0,040822 0,000023
sighted 0,733969 0,000207
sign 0,051293 0,000029
signal 0,462035 0,000130
signaling 2,995732 0,000843
silence 0,051293 0,000014
silent 0,051293 0,000014
silently 0,544727 0,000153
silly 0,400478 0,000113
simply 0,150823 0,000042
sincerely 0,867501 0,000244
sing 0,261365 0,000074
sink 0,072571 0,000041
sir 0,150823 0,000042
sit 0,010050 0,000008
situation 0,198451 0,000056
size 0,223144 0,000126
skate 2,525729 0,000711
skating 2,207275 0,000621
skill 0,287682 0,000081
skin 0,174353 0,000049
skinned 1,609438 0,000453
skirmish 1,469676 0,000414
sky 0,186330 0,000052
slack 1,171183 0,000330
slackened 1,203973 0,000339
slap 0,798508 0,000449
slash 1,309333 0,000737
sleep 0,051293 0,000043
sleepily 2,120264 0,000597
sleepy 0,713350 0,000201
slice 1,108663 0,000312
slick 2,813411 0,000792
slight 0,072571 0,000041
slink 1,386294 0,000390
slip 0,150823 0,000127
sloppy 2,813411 0,000792
slow 0,139262 0,000078
slowly 0,150823 0,000042
slumber 0,510826 0,000144
smack 1,171183 0,000330
smart 0,597837 0,000168
smear 1,171183 0,000330
smell 0,261365 0,000221
smile 0,150823 0,000127
smoke 0,186330 0,000157
smote 1,021651 0,000287
smother 0,941609 0,000265
smudge 2,525729 0,000711
smuggler 2,407946 0,000678
smuggling 2,659260 0,000748
snake 0,891598 0,000251
snakes 1,347074 0,000379
snap 0,733969 0,000620
snarl 1,078810 0,000304
snatch 0,462035 0,000390
sneak 1,237874 0,000348
sneer 0,994252 0,000280
snore 1,272966 0,000358
snort 1,272966 0,000716
snout 1,897120 0,000534
snub 1,660731 0,000467
soak 1,171183 0,000330
soberly 1,469676 0,000414
social 0,371064 0,000104
soft 0,210721 0,000059
sole 0,301105 0,000085
solemn 0,301105 0,000085
solemnly 0,579818 0,000163
solve 0,478036 0,000269
sombrero 3,218876 0,000906
song 0,261365 0,000147
soothe 0,798508 0,000225
sore 0,527633 0,000148
sorrow 0,248461 0,000070
sort 0,072571 0,000041
sortie 2,813411 0,000792
sot 2,120264 0,000597
sound 0,010050 0,000011
soundly 1,021651 0,000287
south 0,235722 0,000066
southern 0,579818 0,000163
southerner 3,218876 0,000906
southwest 2,302585 0,000648
space 0,105361 0,000030
spare 0,116534 0,000033
sparrow 1,203973 0,000339
spatter 1,832581 0,000516
speak 0,030459 0,000026
speaking 0,072571 0,000020
special 0,083382 0,000023
speck 0,916291 0,000258
spectacular 2,813411 0,000792
spectator 0,544727 0,000307
speed 0,274437 0,000232
spell 0,653926 0,000184
spend 0,051293 0,000029
spider 1,139434 0,000321
spin 0,510826 0,000144
spite 0,139262 0,000039
splash 0,867501 0,000732
splendid 0,400478 0,000113
split 0,798508 0,000225
spoil 0,274437 0,000154
sport 0,446287 0,000126
sportsman 1,660731 0,000467
spot 0,150823 0,000085
sprawl 1,139434 0,000321
spread 0,051293 0,000029
spring 0,051293 0,000043
sprinting 3,506558 0,000987
spur 0,693147 0,000390
spurt 2,040221 0,000574
sputtering 2,525729 0,000711
squarely 1,966113 0,000553
squat 0,941609 0,000265
squawk 3,506558 0,000987
squirm 2,302585 0,001296
squirrel 1,771957 0,000997
stable 0,478036 0,000135
stacy 3,912023 0,001101
stage 0,186330 0,000052
stagger 0,527633 0,000445
stair 0,415515 0,000117
stake 0,446287 0,000126
stalk 0,755023 0,000425
stammer 0,891598 0,000251
stamp 0,261365 0,000147
stampede 2,525729 0,000711
stand -0,009950 -0,000011
standard 0,544727 0,000153
stare 0,328504 0,000185
start -0,009950 -0,000008
startled 0,415515 0,000117
startling 0,967584 0,000272
station 0,235722 0,000133
stay 0,061875 0,000017
steadily 0,415515 0,000117
steady 0,301105 0,000085
steak 1,832581 0,001031
steal 0,105361 0,000119
steam 0,579818 0,000163
steel 0,494296 0,000139
stem 0,776529 0,000437
step 0,030459 0,000034
sternly 0,820981 0,000231
stew 1,427116 0,000402
stick 0,174353 0,000098
sticks 0,733969 0,000207
sticky 2,120264 0,001193
stiff 0,430783 0,000121
stillman 3,912023 0,001101
stir 0,210721 0,000119
stirrup 1,832581 0,001031
stock 0,235722 0,000066
stocking 0,843970 0,000475
stomach 0,616186 0,000173
stone 0,094311 0,000027
stoop 0,400478 0,000225
store 0,061875 0,000017
storm 0,274437 0,000077
story 0,030459 0,000017
stow 1,309333 0,000737
straight 0,105361 0,000059
straighten 0,967584 0,000545
strain 0,248461 0,000070
strange 0,061875 0,000017
strangely 0,579818 0,000163
stranger 0,139262 0,000039
straw 0,342490 0,000096
stray 0,562119 0,000158
streak 0,820981 0,000693
stream 0,139262 0,000039
street 0,116534 0,000066
strength 0,030459 0,000009
strenuous 1,514128 0,000426
stretch 0,116534 0,000098
strew 0,733969 0,000207
stride 0,616186 0,000520
strike 0,020203 0,000017
striking 0,274437 0,000077
string 0,371064 0,000209
stringent 2,120264 0,000597
strip 0,385662 0,000217
stroll 0,820981 0,000462
strong 0,020203 0,000006
struggle 0,127833 0,000036
stub 2,407946 0,000678
stubbornly 1,832581 0,000516
study 0,094311 0,000053
stuff 0,223144 0,000063
stuffy 2,120264 0,000597
stumble 0,562119 0,000316
stumbling 1,108663 0,000312
stump 0,994252 0,000280
stunt 1,832581 0,001031
stupor 1,560648 0,000439
sturdy 1,108663 0,000312
subdued 0,494296 0,000139
subject 0,061875 0,000035
submit 0,430783 0,000121
substantial 0,755023 0,000212
succeed 0,105361 0,000030
success 0,162519 0,000046
sudden 0,072571 0,000020
suddenly 0,040822 0,000011
suffer 0,061875 0,000035
suffering 0,210721 0,000059
sufficient 0,139262 0,000039
suffocate 1,272966 0,000358
suggestion 0,356675 0,000100
suggestively 2,659260 0,000748
suit 0,198451 0,000056
sum 0,261365 0,000074
summer 0,186330 0,000052
sun 0,072571 0,000020
sunflower 2,525729 0,000711
sunlight 0,843970 0,000237
sunny 0,843970 0,000237
supervise 2,207275 0,000621
supper 0,446287 0,000126
supply 0,210721 0,000119
suppose 0,020203 0,000011
surely 0,186330 0,000052
surface 0,287682 0,000162
surmise 1,237874 0,000697
surplus 1,771957 0,000499
surprise 0,150823 0,000085
surprised 0,210721 0,000059
surrender 0,776529 0,000218
surround 0,162519 0,000046
surroundings 0,994252 0,000280
survey 0,462035 0,000130
suspect 0,162519 0,000091
suspend 0,527633 0,000148
suspicion 0,210721 0,000059
suspicious 0,579818 0,000163
sustain 0,314711 0,000089
swale 3,218876 0,000906
swamp 0,287682 0,000081
swampy 2,302585 0,000648
swat 3,912023 0,001101
sway 0,494296 0,000139
sweep 0,274437 0,000154
sweet 0,139262 0,000039
swell 0,186330 0,000105
swerve 1,832581 0,001031
swift 0,385662 0,000109
swiftly 0,713350 0,000201
swim 0,478036 0,000404
swing 0,430783 0,000242
swinging 0,798508 0,000225
swoon 1,171183 0,000330
swoop 1,386294 0,000390
sympathetically 1,897120 0,000534
table 0,083382 0,000047
tackle 1,139434 0,000962
tactic 1,832581 0,000516
tad 2,995732 0,000843
tail 0,356675 0,000100
taku 3,912023 0,001101
talk 0,061875 0,000052
talking 0,150823 0,000042
tall 0,198451 0,000056
tan 1,272966 0,000358
tap 0,798508 0,000225
target 1,514128 0,000426
tarnation 3,506558 0,000987
task 0,248461 0,000070
taunt 1,514128 0,000426
taut 2,207275 0,000621
tautness 3,912023 0,001101
tawny 1,771957 0,000499
tear 0,030459 0,000026
tease 1,386294 0,000390
temper 0,261365 0,000074
temporary 0,713350 0,000201
tempting 0,967584 0,000272
tend 0,430783 0,000121
tender 0,301105 0,000085
tenderfeet 3,912023 0,001101
tenderfoot 3,218876 0,000906
tensas 3,506558 0,000987
tense 1,386294 0,000390
tent 0,713350 0,000401
term 0,061875 0,000017
terrible 0,186330 0,000052
terrific 1,108663 0,000312
terror 0,162519 0,000046
terse 2,040221 0,000574
tersely 2,995732 0,000843
testily 2,120264 0,000597
tether 2,040221 0,001148
texas 2,407946 0,000678
tha 2,995732 0,000843
thaddeus 3,506558 0,000987
thankful 0,843970 0,000237
thatch 1,714798 0,000482
theft 1,237874 0,000348
thickly 1,108663 0,000312
thief 0,462035 0,000130
thigh 1,078810 0,000304
thinking 0,274437 0,000077
thirsty 0,820981 0,000231
thorn 0,967584 0,000272
thoughtful 0,693147 0,000195
thoughtfully 0,994252 0,000280
thrash 1,237874 0,000348
threat 0,634878 0,000179
threaten 0,186330 0,000105
threshing 2,207275 0,000621
thrill 0,713350 0,000401
thrilling 1,139434 0,000321
throat 0,223144 0,000063
throw 0,010050 0,000011
thrush 2,207275 0,000621
thrust 0,287682 0,000162
tickle 1,171183 0,000330
tide 0,616186 0,000173
tie 0,105361 0,000059
tight 0,494296 0,000139
tightly 0,867501 0,000244
tilt 1,309333 0,000368
tilting 2,207275 0,000621
time -0,009950 -0,000006
timely 1,514128 0,000426
timidity 1,469676 0,000414
tire 0,941609 0,000265
tired 0,198451 0,000056
tiresome 1,078810 0,000304
tiring 2,659260 0,000748
title 0,116534 0,000033
toe 0,616186 0,000347
tog 2,659260 0,000748
tomorrow 0,755023 0,000212
tone 0,198451 0,000056
tonight 1,272966 0,000358
tooth 0,186330 0,000052
toots 3,506558 0,000987
topple 2,040221 0,000574
torch 0,713350 0,000201
tornado 2,525729 0,000711
torrent 0,713350 0,000201
toss 0,494296 0,000139
tossing 0,916291 0,000258
tote 2,813411 0,000792
touch 0,010050 0,000008
touchy 2,813411 0,000792
tough 0,891598 0,000502
tower 0,314711 0,000089
town 0,094311 0,000027
trace 0,198451 0,000056
track 0,415515 0,000351
trackless 2,813411 0,000792
trade 0,287682 0,000081
trail 0,653926 0,000736
trailer 3,506558 0,000987
train 0,162519 0,000091
tramp 0,891598 0,000251
trample 0,597837 0,000336
trap 0,527633 0,000297
trappings 1,832581 0,000516
travel 0,198451 0,000168
tread 0,328504 0,000185
treat 0,127833 0,000072
treatment 0,127833 0,000036
tree 0,061875 0,000035
tremble 0,174353 0,000049
tribal 3,912023 0,001101
tribe 0,693147 0,000195
trick 0,274437 0,000154
trifle 0,446287 0,000126
trigger 1,714798 0,000482
trip 0,510826 0,000431
triumph 0,261365 0,000074
trivial 0,776529 0,000218
tropical 1,560648 0,000439
trot 0,867501 0,000732
trouble 0,010050 0,000006
trouncing 3,506558 0,000987
trousers 0,843970 0,000237
truant 2,207275 0,000621
true 0,020203 0,000006
trunk 0,579818 0,000326
trust 0,061875 0,000017
truth 0,030459 0,000009
tug 0,916291 0,000773
tumble 0,494296 0,000278
tune 0,616186 0,000173
turkey 1,049822 0,000295
turtle 1,609438 0,000906
tut 1,897120 0,000534
tutor 1,078810 0,000304
twig 1,108663 0,000312
twilight 0,733969 0,000207
twinkling 1,021651 0,000287
twist 0,314711 0,000177
twitch 1,386294 0,000390
type 0,174353 0,000049
ugh 1,771957 0,000499
ugly 0,385662 0,000109
unable 0,248461 0,000070
unafraid 3,506558 0,000987
unaided 2,120264 0,000597
unarmed 1,514128 0,000426
unbend 2,813411 0,000792
uncanny 1,560648 0,000439
uncertain 0,301105 0,000085
uncertainty 0,776529 0,000218
unconcernedly 2,659260 0,000748
unconscious 0,400478 0,000113
underclothing 2,995732 0,000843
underfoot 2,207275 0,000621
undergo 0,510826 0,000144
understand 0,020203 0,000011
understanding 0,223144 0,000063
understudy 3,912023 0,001101
underwear 3,218876 0,000906
undo 0,693147 0,000195
undoubtedly 0,634878 0,000179
undue 2,040221 0,000574
uneasily 1,347074 0,000379
unerringly 3,218876 0,000906
unexpected 0,430783 0,000121
unexpectedly 0,916291 0,000258
unfamiliar 1,386294 0,000390
unfortunate 0,314711 0,000089
ungrateful 0,798508 0,000225
unhealthful 3,506558 0,000987
unhorse 3,506558 0,000987
unhorsed 3,218876 0,000906
unimportant 1,386294 0,000390
united 0,094311 0,000027
unity 1,049822 0,000295
unknown 0,105361 0,000030
unleash 2,659260 0,000748
unlooked 2,040221 0,000574
unmanageable 2,407946 0,000678
unpleasantness 1,832581 0,000516
unrecognizable 3,218876 0,000906
unreliable 2,302585 0,000648
unseat 2,659260 0,000748
unspeakable 0,994252 0,000280
unsurpassed 2,995732 0,000843
untie 1,309333 0,000368
untroubled 1,966113 0,000553
unusual 0,415515 0,000117
unusually 0,891598 0,000251
unwillingly 1,171183 0,000330
uproar 1,021651 0,000287
upset 0,755023 0,000212
upstairs 0,891598 0,000251
upward 0,579818 0,000163
urge 0,274437 0,000154
urgent 0,798508 0,000225
usual 0,139262 0,000039
utmost 0,356675 0,000100
utter 0,162519 0,000137
vain 0,116534 0,000033
valuable 0,342490 0,000096
vantage 2,120264 0,000597
variety 0,150823 0,000085
vast 0,223144 0,000063
vault 0,798508 0,000225
vegetation 1,560648 0,000439
venison 1,771957 0,000499
venture 0,223144 0,000126
venturesome 2,525729 0,000711
veranda 2,407946 0,000678
verge 0,867501 0,000244
verification 2,120264 0,000597
veritable 1,560648 0,000439
veteran 1,609438 0,000453
vibration 1,832581 0,000516
vicinity 1,078810 0,000304
vicious 0,653926 0,000184
victim 0,385662 0,000217
view 0,040822 0,000011
vigilance 1,309333 0,000368
vigor 1,347074 0,000379
vii 0,430783 0,000121
viii 0,446287 0,000126
village 0,356675 0,000100
villainous 1,609438 0,000453
vine 0,867501 0,000488
violent 0,223144 0,000063
violently 0,462035 0,000130
visit 0,030459 0,000017
vital 0,693147 0,000195
voice 0,020203 0,000011
voiced 1,714798 0,000482
volume 0,356675 0,000100
voraciously 2,525729 0,000711
voting 2,120264 0,000597
waffle 3,506558 0,001973
wage 1,203973 0,000339
wager 1,347074 0,000379
wagon 1,078810 0,000304
wail 0,798508 0,000225
waist 0,693147 0,000195
wait 0,061875 0,000035
waiting 0,083382 0,000023
wake 0,223144 0,000188
walk 0,000000 0,000000
wall 0,094311 0,000027
walter 1,966113 0,000553
wander 0,116534 0,000033
war 0,139262 0,000039
ward 0,755023 0,000212
warm 0,116534 0,000033
warn 0,287682 0,000081
warning 0,235722 0,000066
warrant 0,562119 0,000158
wary 1,171183 0,000330
wash 0,210721 0,000059
washington 1,609438 0,000453
waste 0,127833 0,000036
watch 0,020203 0,000023
watchful 1,171183 0,000330
water 0,040822 0,000023
watery 1,272966 0,000358
waugh 3,912023 0,001101
wave 0,210721 0,000178
wax 0,446287 0,000126
weak 0,105361 0,000059
weakly 1,309333 0,000368
weapon 0,400478 0,000225
wear 0,083382 0,000070
weather 0,248461 0,000070
weazened 3,218876 0,000906
week 0,127833 0,000036
weight 0,116534 0,000033
weird 1,309333 0,000368
west 0,083382 0,000023
westward 1,139434 0,000321
wet 0,261365 0,000074
wha 3,218876 0,000906
whack 2,525729 0,001421
wheel 0,274437 0,000077
wheeling 1,514128 0,000426
whelp 1,897120 0,001068
whereat 1,560648 0,000439
whew 2,407946 0,000678
whinny 2,813411 0,000792
whip 0,400478 0,000225
whipcord 2,995732 0,000843
whirl 0,527633 0,000297
whisper 0,248461 0,000070
white 0,051293 0,000014
whites 1,469676 0,000414
whoa 2,813411 0,000792
wholesome 0,867501 0,000244
wholly 0,400478 0,000113
whoop 1,771957 0,000499
whoope 3,912023 0,001101
whooping 2,407946 0,000678
wide 0,030459 0,000009
widen 0,916291 0,000258
wife 0,083382 0,000023
wild 0,051293 0,000014
wildness 1,514128 0,000426
win 0,356675 0,000201
wind 0,094311 0,000053
window 0,162519 0,000091
wing 0,314711 0,000089
wink 0,597837 0,000336
winter 0,198451 0,000056
wipe 0,415515 0,000234
wiry 1,832581 0,000516
wisdom 0,287682 0,000081
wise 0,094311 0,000027
wisely 0,653926 0,000184
wit 0,198451 0,000112
withdraw 0,210721 0,000119
witness 0,116534 0,000033
wobble 2,659260 0,000748
wolf 0,597837 0,000336
woman 0,030459 0,000017
wonderful 0,162519 0,000046
wood 0,083382 0,000047
wooden 0,415515 0,000117
woodman 2,207275 0,000621
woodsman 3,218876 0,000906
word 0,020203 0,000006
worry 0,544727 0,000460
worth 0,061875 0,000017
wound 0,198451 0,000112
wounded 0,274437 0,000077
wow 2,407946 0,000678
wrap 0,400478 0,000225
wreck 0,693147 0,000195
wretch 0,653926 0,000184
wriggle 1,171183 0,000659
write 0,020203 0,000011
writhe 0,867501 0,000244
wrong 0,072571 0,000020
xi 0,597837 0,000168
xii 0,579818 0,000163
xiii 0,673345 0,000189
xiv 0,693147 0,000195
xix 0,867501 0,000244
xvi 0,776529 0,000218
xvii 0,843970 0,000237
xviii 0,891598 0,000251
xx 0,916291 0,000258
xxi 0,867501 0,000244
xxii 0,967584 0,000272
xxiii 0,967584 0,000272
xxiv 0,994252 0,000280
ya 2,659260 0,000748
yard 0,223144 0,000063
yearling 2,995732 0,000843
yell 0,798508 0,000899
yelp 1,660731 0,000467
yelping 2,040221 0,000574
yesterday 0,301105 0,000085
yonder 0,843970 0,000237
youngster 1,171183 0,000659
youth 0,139262 0,000039
