abandon 0,223144 0,000087
abel 2,120264 0,000829
abhor 1,203973 0,000470
abide 0,248461 0,000097
aboard 1,237874 0,000484
abominable 0,867501 0,000339
absent 0,371064 0,000145
absolute 0,400478 0,000156
absolutely 0,287682 0,000112
absurd 0,430783 0,000168
absurdly 1,427116 0,000558
accept 0,061875 0,000073
access 0,314711 0,000246
accessible 0,446287 0,000174
accident 0,274437 0,000214
accidental 0,755023 0,000295
accommodation 1,203973 0,000470
accompany 0,094311 0,000037
account 0,010050 0,000008
acquaintance 0,248461 0,000097
action 0,094311 0,000074
active 0,127833 0,000050
actual 0,174353 0,000068
acutely 1,832581 0,000716
addition 0,116534 0,000091
additional 0,198451 0,000078
address 0,072571 0,000085
adequacy 3,912023 0,001529
admission 0,693147 0,000271
admit 0,116534 0,000046
advance 0,061875 0,000024
advantage 0,127833 0,000050
adventure 0,301105 0,000118
affair 0,094311 0,000037
affection 0,235722 0,000092
afraid 0,105361 0,000041
aft 1,771957 0,000692
afternoon 0,274437 0,000107
aged 0,198451 0,000078
agent 0,223144 0,000087
agitation 0,673345 0,000263
agree 0,051293 0,000040
agreeably 1,171183 0,000458
agreement 0,210721 0,000082
aha 1,771957 0,000692
air 0,061875 0,000024
airy 1,237874 0,000484
ak 1,347074 0,000526
alee 3,218876 0,001258
alertness 2,207275 0,000863
alive 0,051293 0,000020
allude 0,891598 0,000348
alteration 0,261365 0,000102
alternate 0,261365 0,000102
alternative 0,994252 0,000777
altogether 0,198451 0,000078
amazing 0,941609 0,000368
american 0,634878 0,000248
anchor 0,776529 0,000607
anchorage 2,525729 0,000987
angel 0,579818 0,000227
angle 0,478036 0,000187
animated 0,755023 0,000295
annoyed 0,733969 0,000287
answer 0,020203 0,000016
anxiety 0,287682 0,000112
anxious 0,261365 0,000102
anxiously 0,693147 0,000271
appal 1,021651 0,000399
appeal 0,261365 0,000204
appearance 0,072571 0,000028
applicable 0,400478 0,000156
apply 0,116534 0,000046
appoint 0,328504 0,000128
approach 0,040822 0,000032
arbitrarily 2,302585 0,000900
archipelago 2,120264 0,000829
archive 0,544727 0,000213
arduous 1,714798 0,000670
arid 1,966113 0,000768
arm 0,030459 0,000024
arouse 0,653926 0,000256
arrangement 0,274437 0,000107
array 0,248461 0,000097
arrest 0,544727 0,000213
arrival 0,328504 0,000128
arrive 0,083382 0,000033
ascii 0,562119 0,000220
ashamed 0,248461 0,000097
ashore 1,139434 0,000445
asparagus 2,207275 0,000863
aspect 0,446287 0,000174
assent 0,579818 0,000227
assert 0,462035 0,000181
assistance 0,105361 0,000041
assurance 0,430783 0,000168
assure 0,127833 0,000100
astonish 0,261365 0,000102
astonishment 0,301105 0,000118
astounded 1,427116 0,000558
athwart 1,560648 0,000610
atlantic 1,171183 0,000458
attach 0,116534 0,000046
attain 0,328504 0,000128
attempt 0,051293 0,000020
attend 0,127833 0,000050
attention 0,083382 0,000033
attire 0,916291 0,000358
attitude 0,446287 0,000174
audible 0,916291 0,000358
author 0,116534 0,000046
avoid 0,105361 0,000041
await 0,314711 0,000123
awake 0,150823 0,000059
aware 0,223144 0,000087
awash 3,506558 0,001370
awed 1,560648 0,000610
awful 0,328504 0,000128
background 0,867501 0,000339
bad 0,020203 0,000016
balance 0,342490 0,000134
bamboo 1,771957 0,000692
banana 2,207275 0,000863
bandy 2,040221 0,000797
bang 1,049822 0,000410
bar 0,235722 0,000184
bare 0,150823 0,000059
barefooted 1,714798 0,000670
bareheaded 1,966113 0,000768
barely 0,798508 0,000312
bark 0,478036 0,000187
barren 0,713350 0,000279
base 0,094311 0,000037
bath 0,274437 0,000107
bathroom 2,659260 0,001039
batter 0,891598 0,000348
bawl 1,714798 0,000670
beam 0,430783 0,000168
bear 0,000000 0,000000
bearing 1,427116 0,000558
beast 0,235722 0,000092
beastly 1,897120 0,000741
beat 0,083382 0,000065
beauty 0,162519 0,000064
beckon 0,867501 0,000339
bed 0,051293 0,000020
beg 0,116534 0,000046
behave 0,462035 0,000181
behold 0,235722 0,000092
bell 0,301105 0,000118
belong 0,072571 0,000028
belt 0,653926 0,000256
bent 0,174353 0,000068
bethink 1,272966 0,000497
bible 0,755023 0,000295
biggish 3,912023 0,001529
binary 0,562119 0,000220
bind 0,030459 0,000012
binnacle 3,506558 0,001370
bird 0,150823 0,000059
bit 0,139262 0,000054
bitter 0,210721 0,000082
black 0,061875 0,000024
blackness 1,237874 0,000484
blame 0,162519 0,000064
blank 0,527633 0,000206
blast 0,462035 0,000181
bless 0,415515 0,000162
blockhouse 3,218876 0,001258
blow 0,061875 0,000024
blue 0,174353 0,000068
bluntly 1,966113 0,000768
board 0,261365 0,000102
boat 0,446287 0,000174
boats 0,820981 0,000321
bodily 0,673345 0,000263
body 0,010050 0,000008
boil 0,385662 0,000151
bold 0,223144 0,000087
boldly 0,462035 0,000181
bolt 0,494296 0,000386
book 0,040822 0,000016
bookcase 1,897120 0,000741
boot 0,430783 0,000168
border 0,400478 0,000156
borrow 0,462035 0,000181
boss 1,469676 0,000574
bother 0,843970 0,000660
bottle 0,430783 0,000337
bow 0,127833 0,000100
boy 0,105361 0,000041
brace 0,891598 0,000697
brand 0,733969 0,000287
brass 0,462035 0,000181
breach 0,274437 0,000107
bread 0,248461 0,000097
break 0,010050 0,000016
breakfast 0,342490 0,000134
breast 0,198451 0,000078
breath 0,174353 0,000068
breathe 0,261365 0,000102
breathless 0,673345 0,000263
breeze 0,713350 0,000558
bright 0,094311 0,000037
bring 0,000000 0,000000
brisk 0,941609 0,000368
broad 0,127833 0,000050
brood 0,597837 0,000234
brown 0,274437 0,000107
brush 0,478036 0,000187
brusque 2,659260 0,001039
brusquely 2,995732 0,001171
brute 0,462035 0,000181
bulkhead 2,995732 0,001171
bullock 1,714798 0,000670
bunch 0,776529 0,000303
bundle 0,653926 0,000256
bunk 2,120264 0,000829
bunting 2,525729 0,000987
burial 0,941609 0,000368
burn 0,061875 0,000048
bush 0,430783 0,000168
busily 1,021651 0,000399
business 0,040822 0,000016
busy 0,210721 0,000082
cabin 0,843970 0,000330
cadaverous 2,407946 0,000941
cain 1,660731 0,000649
calculate 0,116534 0,000091
calm 0,274437 0,000107
calmness 1,203973 0,000470
campstool 3,506558 0,001370
canoe 1,609438 0,000629
cap 0,356675 0,000279
capable 0,261365 0,000102
capital 0,314711 0,000123
caprice 1,309333 0,000512
captain 0,328504 0,000257
carcass 1,171183 0,000458
card 0,139262 0,000054
care 0,000000 0,000000
careful 0,174353 0,000068
carefully 0,139262 0,000054
cargo 1,237874 0,000484
carpenter 0,891598 0,000348
carry 0,010050 0,000012
casing 2,813411 0,001099
cast 0,116534 0,000046
casually 1,386294 0,000542
cat 0,462035 0,000181
catch 0,072571 0,000085
cautious 0,673345 0,000263
cease 0,061875 0,000048
celestial 1,171183 0,000458
ceremoniously 2,525729 0,000987
chain 0,174353 0,000068
chair 0,261365 0,000102
chance 0,061875 0,000048
change 0,010050 0,000008
chap 0,891598 0,000348
chapter 0,328504 0,000128
character 0,061875 0,000024
characteristic 0,400478 0,000156
charge 0,040822 0,000032
charitable 0,287682 0,000112
charity 0,186330 0,000073
chart 1,514128 0,000592
chase 0,430783 0,000168
check 0,072571 0,000085
cheek 0,261365 0,000204
cheeked 1,966113 0,000768
cheerful 0,385662 0,000151
cheery 1,514128 0,000592
chest 0,342490 0,000134
chicken 0,941609 0,000368
chief 0,094311 0,000037
childlike 1,771957 0,000692
chin 0,478036 0,000187
china 0,776529 0,000303
choice 0,150823 0,000059
choose 0,020203 0,000008
chronometer 2,525729 0,000987
chuck 1,832581 0,000716
cigar 0,994252 0,000389
circle 0,150823 0,000059
circumstance 0,116534 0,000046
cistern 1,560648 0,000610
city 0,051293 0,000020
claim 0,083382 0,000033
clap 0,755023 0,000295
clasp 1,021651 0,000399
clatter 0,941609 0,000368
clean 0,210721 0,000082
climb 0,400478 0,000313
close 0,010050 0,000012
closeness 2,040221 0,000797
closing 0,446287 0,000174
clothes 0,127833 0,000050
cloud 0,150823 0,000059
clump 1,171183 0,000458
clutch 0,713350 0,000279
coal 0,527633 0,000206
coast 0,544727 0,000213
coat 0,235722 0,000184
coaxingly 2,995732 0,001171
cochin 2,995732 0,001171
code 0,287682 0,000112
coffee 0,562119 0,000220
collaboration 2,995732 0,001171
collect 0,248461 0,000097
collection 0,162519 0,000064
color 0,967584 0,000378
comfort 0,105361 0,000082
command 0,116534 0,000046
commander 0,867501 0,000339
comment 0,478036 0,000187
commercial 0,274437 0,000107
commit 0,116534 0,000091
commotion 1,049822 0,000410
communicate 0,446287 0,000174
communication 0,510826 0,000200
communion 1,427116 0,000558
companion 0,150823 0,000059
company 0,020203 0,000008
compare 0,162519 0,000064
compass 0,579818 0,000227
compilation 0,478036 0,000187
complete 0,105361 0,000041
completely 0,274437 0,000107
complexion 0,755023 0,000295
compliance 0,342490 0,000134
complication 1,771957 0,000692
comply 0,287682 0,000225
compressed 0,342490 0,000134
compunction 1,660731 0,000649
conceal 0,198451 0,000155
concentrated 0,867501 0,000339
concept 0,527633 0,000206
conception 0,562119 0,000220
concern 0,342490 0,000134
concerned 0,287682 0,000112
conclude 0,235722 0,000092
conclusion 0,210721 0,000082
condition 0,051293 0,000060
conduct 0,094311 0,000037
confabulation 2,813411 0,001099
confess 0,127833 0,000050
confession 0,579818 0,000227
confidence 0,139262 0,000054
confident 0,510826 0,000200
confidential 1,021651 0,000399
confidently 1,049822 0,000410
confirm 0,139262 0,000054
confirmation 0,356675 0,000139
confound 0,430783 0,000168
confront 0,776529 0,000303
confused 0,248461 0,000097
connected 0,415515 0,000162
conrad 3,218876 0,001258
conscience 0,301105 0,000118
conscientious 1,272966 0,000497
consequence 0,186330 0,000073
consequential 0,478036 0,000187
considerable 0,105361 0,000041
consideration 0,223144 0,000087
constant 0,051293 0,000020
constantly 0,371064 0,000145
consul 1,832581 0,000716
contact 0,210721 0,000082
contemplative 1,714798 0,000670
contents 0,094311 0,000037
continued 0,072571 0,000028
contract 0,139262 0,000054
contribution 0,371064 0,000145
contrived 0,713350 0,000279
control 0,223144 0,000087
convenient 0,462035 0,000181
conversation 0,186330 0,000073
convert 0,186330 0,000073
convey 0,287682 0,000112
convict 0,941609 0,000368
cook 0,223144 0,000174
copying 0,494296 0,000193
copyright 0,415515 0,000162
corner 0,072571 0,000028
corporation 0,400478 0,000156
corpse 0,616186 0,000241
correct 0,235722 0,000092
corrupt 0,235722 0,000092
cost 0,105361 0,000082
couch 0,579818 0,000227
count 0,116534 0,000046
countenance 0,371064 0,000145
country 0,010050 0,000008
couple 0,248461 0,000097
courtesy 0,693147 0,000271
covered 0,139262 0,000054
covering 0,415515 0,000162
cowardice 0,994252 0,000389
craft 0,733969 0,000287
cramp 1,609438 0,000629
crash 0,733969 0,000287
craze 1,714798 0,000670
crazy 0,916291 0,000358
create 0,094311 0,000074
creation 0,198451 0,000078
creature 0,116534 0,000046
credit 0,094311 0,000037
creep 0,198451 0,000078
crew 0,755023 0,000295
criminal 0,673345 0,000263
critical 0,235722 0,000092
critically 1,714798 0,000670
criticism 0,820981 0,000321
crop 0,653926 0,000256
cross 0,083382 0,000098
cruet 2,813411 0,001099
crush 0,274437 0,000107
cub 1,771957 0,000692
cuddy 3,912023 0,001529
cup 0,342490 0,000134
cur 1,347074 0,000526
curiosity 0,210721 0,000082
current 0,116534 0,000046
curse 0,342490 0,000268
curtain 0,328504 0,000128
curve 0,916291 0,000358
damage 0,223144 0,000174
damages 0,400478 0,000156
damp 0,400478 0,000156
danger 0,105361 0,000082
dangerous 0,150823 0,000059
dark 0,051293 0,000020
darken 0,634878 0,000248
darkle 2,407946 0,000941
darkly 1,237874 0,000484
darkness 0,186330 0,000073
datum 0,494296 0,000193
david 0,597837 0,000234
dawn 0,314711 0,000123
day 0,000000 0,000000
daylight 0,446287 0,000174
daytime 1,560648 0,000610
dead 0,072571 0,000028
deaden 1,560648 0,000610
deafness 2,813411 0,001099
death 0,020203 0,000008
decency 1,108663 0,000433
deck 0,544727 0,000426
declare 0,139262 0,000109
deductible 0,562119 0,000220
deep 0,020203 0,000008
defect 0,261365 0,000204
defective 0,356675 0,000139
defense 1,514128 0,000592
deference 0,967584 0,000378
deletion 0,562119 0,000220
delicacy 0,597837 0,000234
delighted 0,287682 0,000112
demand 0,051293 0,000020
dense 0,693147 0,000271
densely 1,832581 0,000716
deny 0,072571 0,000028
depart 0,162519 0,000064
depend 0,040822 0,000016
dependent 0,820981 0,000321
deprive 0,415515 0,000162
depths 0,446287 0,000174
derivative 0,510826 0,000200
derive 0,210721 0,000165
descend 0,174353 0,000068
deserved 0,634878 0,000248
desire 0,051293 0,000020
desisted 1,966113 0,000768
desk 0,867501 0,000339
despair 0,174353 0,000068
desperate 0,328504 0,000128
desperately 0,843970 0,000330
desperation 0,867501 0,000339
destination 1,078810 0,000422
destiny 0,597837 0,000234
destroy 0,061875 0,000024
detach 0,287682 0,000112
detain 0,544727 0,000213
detect 0,562119 0,000220
determine 0,061875 0,000024
developed 0,544727 0,000213
devil 0,301105 0,000235
devious 2,302585 0,000900
devoted 0,301105 0,000118
dew 0,755023 0,000295
die 0,010050 0,000004
difficulty 0,116534 0,000046
dignity 0,314711 0,000123
dimly 0,867501 0,000339
dinner 0,186330 0,000073
direct 0,040822 0,000032
director 0,733969 0,000287
disappearance 1,272966 0,000497
disaster 0,820981 0,000321
discipline 0,634878 0,000248
disclaim 0,462035 0,000181
disclaimer 0,562119 0,000439
discomfiture 1,660731 0,000649
disconcert 1,171183 0,000915
disconnected 1,771957 0,000692
discontinue 0,510826 0,000200
discover 0,030459 0,000024
discovery 0,287682 0,000112
disease 0,328504 0,000128
dish 0,478036 0,000187
disk 0,415515 0,000162
dislike 0,478036 0,000187
dismally 1,771957 0,000692
dismiss 0,430783 0,000168
dispassionately 2,813411 0,001099
display 0,162519 0,000191
dispute 0,446287 0,000174
disquieting 2,120264 0,000829
distance 0,105361 0,000082
distant 0,162519 0,000064
distinctly 0,478036 0,000187
distinguished 0,301105 0,000118
distract 0,510826 0,000200
distressed 0,673345 0,000263
distribute 0,210721 0,000247
distribution 0,430783 0,000168
distributor 0,544727 0,000213
distrust 0,733969 0,000574
disturb 0,198451 0,000155
dive 0,967584 0,000378
division 0,527633 0,000206
dock 1,514128 0,000592
dodge 1,049822 0,000410
dogmatic 2,302585 0,000900
doings 0,967584 0,000378
doleful 1,427116 0,000558
domain 0,328504 0,000128
dome 1,309333 0,000512
dominant 1,660731 0,000649
dominate 1,386294 0,000542
donate 0,544727 0,000213
donation 0,446287 0,000349
donor 0,478036 0,000187
door 0,000000 0,000000
doorway 0,733969 0,000287
double 0,139262 0,000054
doubly 1,049822 0,000410
doubt 0,040822 0,000032
download 0,562119 0,000220
downright 1,272966 0,000497
draw 0,020203 0,000032
drawer 0,820981 0,000642
dread 0,248461 0,000097
dreamy 1,347074 0,000526
dress 0,162519 0,000127
drift 0,462035 0,000542
drink 0,072571 0,000028
drive 0,030459 0,000048
drop 0,061875 0,000048
drown 0,314711 0,000246
drunk 0,415515 0,000162
drunkenness 1,237874 0,000484
dry 0,116534 0,000046
dual 2,302585 0,000900
dusk 0,941609 0,000368
dust 0,162519 0,000064
dustpan 3,218876 0,001258
duty 0,061875 0,000048
eager 0,210721 0,000082
eagerly 0,385662 0,000151
ear 0,061875 0,000048
earnest 0,261365 0,000102
earth 0,051293 0,000020
ease 0,150823 0,000059
easily 0,072571 0,000028
east 0,235722 0,000092
eastward 1,203973 0,000470
easy 0,000000 0,000000
eat 0,040822 0,000032
eating 0,235722 0,000092
eccentric 0,916291 0,000358
eccentricity 1,469676 0,000574
eclipse 1,309333 0,000512
edge 0,150823 0,000059
edification 2,207275 0,000863
edition 0,287682 0,000225
educational 0,446287 0,000174
effort 0,094311 0,000074
eighteen 0,462035 0,000181
ejaculation 1,714798 0,000670
elapse 0,891598 0,000348
elbow 0,494296 0,000386
elect 0,210721 0,000082
electronic 0,544727 0,000213
electronically 0,544727 0,000213
element 0,342490 0,000134
elementary 1,427116 0,000558
elongated 2,207275 0,000863
elusive 2,302585 0,000900
email 0,562119 0,000220
emit 1,469676 0,000574
employee 0,510826 0,000399
encode 0,653926 0,000256
encourage 0,301105 0,000118
endless 0,478036 0,000187
engage 0,494296 0,000193
engaged 0,198451 0,000078
english 0,094311 0,000037
enlarge 0,673345 0,000263
enormous 0,430783 0,000168
ensure 0,342490 0,000134
enter 0,020203 0,000016
enterprise 0,755023 0,000295
entity 0,544727 0,000213
equal 0,162519 0,000064
equipment 0,415515 0,000162
equivocal 2,207275 0,000863
erebus 2,813411 0,001099
errand 0,733969 0,000287
error 0,072571 0,000028
escape 0,061875 0,000048
escort 0,755023 0,000295
established 0,301105 0,000118
evanescent 2,659260 0,001039
evening 0,072571 0,000028
event 0,150823 0,000059
evergreen 1,660731 0,000649
everlasting 0,891598 0,000348
evidently 0,371064 0,000145
evolve 2,120264 0,000829
exactitude 2,302585 0,000900
exasperate 1,514128 0,000592
exchange 0,210721 0,000247
excitement 0,415515 0,000162
exclaim 0,287682 0,000112
exclamation 0,755023 0,000295
exclusion 0,371064 0,000145
excuse 0,139262 0,000109
execute 0,527633 0,000206
executive 1,171183 0,000458
exempt 0,314711 0,000123
exercise 0,235722 0,000092
exhaustion 1,021651 0,000399
exist 0,072571 0,000028
existence 0,150823 0,000118
expect 0,051293 0,000040
expectation 0,356675 0,000139
expend 0,301105 0,000118
expense 0,127833 0,000100
experience 0,072571 0,000028
explain 0,116534 0,000091
explanation 0,139262 0,000054
explore 0,713350 0,000279
export 0,446287 0,000174
express 0,072571 0,000028
expression 0,116534 0,000046
expressly 0,820981 0,000321
extend 0,261365 0,000102
extent 0,083382 0,000033
extraordinary 0,371064 0,000145
extreme 0,186330 0,000073
extremely 0,385662 0,000151
eye 0,000000 0,000000
eyebrow 0,673345 0,000263
eyelid 0,891598 0,000348
faced 0,820981 0,000321
facility 0,342490 0,000134
fade 0,371064 0,000145
fag 1,609438 0,000629
fail 0,072571 0,000028
faint 0,186330 0,000218
faintly 0,713350 0,000279
faintness 1,714798 0,000670
fairbanks 1,386294 0,000542
faithful 0,261365 0,000102
fall 0,000000 0,000000
falter 0,867501 0,000339
familiar 0,150823 0,000059
fan 0,579818 0,000227
fascinate 1,171183 0,000458
fashion 0,105361 0,000041
fast 0,030459 0,000012
fasten 0,478036 0,000187
fate 0,174353 0,000068
father 0,061875 0,000024
fault 0,139262 0,000054
favorable 1,469676 0,000574
fear 0,020203 0,000008
fearful 0,400478 0,000156
feature 0,261365 0,000102
federal 0,527633 0,000206
fee 0,301105 0,000235
feel 0,020203 0,000016
feeling 0,072571 0,000057
felicitous 2,995732 0,001171
fell 1,171183 0,000458
fellow 0,040822 0,000032
fence 0,693147 0,000271
fend 2,659260 0,001039
ferocity 1,237874 0,000484
fervently 1,427116 0,000558
fetch 0,510826 0,000200
field 0,094311 0,000037
fierce 0,415515 0,000162
fight 0,083382 0,000033
figure 0,051293 0,000040
file 0,223144 0,000262
finally 0,150823 0,000059
financial 0,415515 0,000162
fine 0,061875 0,000024
finely 1,171183 0,000458
finger 0,150823 0,000118
finish 0,287682 0,000112
finished 0,162519 0,000064
finishing 0,843970 0,000330
firmly 0,342490 0,000134
fish 0,287682 0,000225
fisherman 1,049822 0,000410
fishing 0,755023 0,000295
fishlike 3,506558 0,001370
fit 0,030459 0,000024
fitness 0,446287 0,000174
flame 0,248461 0,000097
flash 0,261365 0,000204
flat 0,139262 0,000054
flee 0,301105 0,000118
flesh 0,210721 0,000082
flicker 0,755023 0,000295
fling 0,462035 0,000542
flit 0,967584 0,000378
float 0,328504 0,000385
floor 0,174353 0,000068
floppy 3,912023 0,001529
flow 0,174353 0,000068
flower 0,174353 0,000068
fluttering 0,994252 0,000389
fly 0,116534 0,000046
flying 0,235722 0,000092
foam 0,733969 0,000287
fold 0,287682 0,000112
folding 1,049822 0,000410
follow 0,020203 0,000008
foot 0,051293 0,000040
footfall 2,207275 0,000863
footstep 0,430783 0,000168
force 0,030459 0,000024
fore 0,755023 0,000295
forecastle 2,207275 0,000863
forefinger 1,272966 0,000497
forehead 0,400478 0,000156
foremast 2,407946 0,000941
forenoon 1,347074 0,000526
foresail 2,995732 0,001171
foreyard 3,912023 0,001529
forget 0,010050 0,000012
fork 0,616186 0,000241
form 0,020203 0,000008
formally 1,386294 0,000542
format 0,562119 0,000439
formula 1,469676 0,000574
fortnight 0,941609 0,000368
foundation 0,127833 0,000100
fourth 0,174353 0,000068
fragment 0,597837 0,000234
freely 0,105361 0,000041
freeze 0,941609 0,000736
fresh 0,105361 0,000041
friend 0,000000 0,000000
friendly 0,248461 0,000097
frightened 0,301105 0,000118
frightful 0,776529 0,000303
frigid 1,897120 0,000741
fringe 0,798508 0,000312
fro 0,494296 0,000193
frost 0,653926 0,000256
frown 0,673345 0,000263
fruit 0,162519 0,000064
fugitive 0,967584 0,000378
fumbling 1,609438 0,000629
fun 0,798508 0,000312
funk 2,659260 0,001039
funnel 1,832581 0,000716
furious 0,430783 0,000168
futile 1,469676 0,000574
future 0,105361 0,000041
gain 0,040822 0,000016
gait 1,078810 0,000422
gale 1,078810 0,000422
galley 1,514128 0,000592
gallows 1,386294 0,000542
gangway 2,040221 0,000797
gape 0,798508 0,000312
garment 0,400478 0,000156
gasp 0,579818 0,000227
gate 0,210721 0,000082
gateway 1,309333 0,000512
gather 0,061875 0,000024
gaze 0,314711 0,000246
generation 0,127833 0,000050
gentle 0,274437 0,000107
gentlemanly 1,771957 0,000692
gently 0,235722 0,000092
geography 1,514128 0,000592
gesture 0,510826 0,000399
ghastly 0,867501 0,000339
ghost 0,462035 0,000181
ghostly 1,237874 0,000484
gimbal 3,912023 0,001529
glad 0,072571 0,000028
glance 0,186330 0,000218
glare 0,733969 0,000287
glass 0,174353 0,000136
glassy 1,660731 0,000649
gleam 0,510826 0,000399
glide 0,673345 0,000263
glimmer 0,967584 0,000378
glimpse 0,462035 0,000181
glisten 0,820981 0,000321
glitter 0,579818 0,000227
glow 0,314711 0,000246
goal 0,274437 0,000107
god 0,083382 0,000033
gold 0,083382 0,000033
goodness 0,328504 0,000128
gorge 1,237874 0,000484
govern 0,186330 0,000073
grant 0,061875 0,000024
graphic 2,302585 0,000900
gras 3,506558 0,001370
gratefully 0,415515 0,000162
grave 0,116534 0,000046
gray 0,733969 0,000287
greatly 0,210721 0,000082
greatness 0,693147 0,000271
green 0,105361 0,000041
greenish 1,832581 0,000716
gregory 1,139434 0,000445
grip 0,798508 0,000624
grope 0,733969 0,000287
gropingly 2,995732 0,001171
gross 0,235722 0,000092
grove 0,733969 0,000287
grow 0,010050 0,000008
growth 0,430783 0,000168
guess 0,223144 0,000087
guilt 0,544727 0,000213
guiltily 2,813411 0,001099
guilty 0,356675 0,000139
gulf 0,733969 0,000287
ha 0,891598 0,000348
habitation 1,021651 0,000399
haggard 1,021651 0,000399
hail 0,415515 0,000325
hair 0,072571 0,000028
haired 0,820981 0,000321
halfway 1,386294 0,000542
halter 2,040221 0,000797
hand 0,010050 0,000008
handkerchief 0,616186 0,000241
handle 0,223144 0,000087
hang 0,198451 0,000078
hanging 0,235722 0,000092
happen 0,030459 0,000024
harbor 1,427116 0,000558
hard 0,040822 0,000016
harmless 0,248461 0,000097
hart 0,462035 0,000181
hasten 0,371064 0,000145
hat 0,446287 0,000174
hatch 1,347074 0,000526
hate 0,150823 0,000118
haul 0,941609 0,000736
hauling 1,660731 0,000649
haunt 0,385662 0,000151
head 0,000000 0,000000
headed 0,510826 0,000200
headless 1,897120 0,000741
hear 0,010050 0,000008
hearing 0,139262 0,000054
heart 0,010050 0,000004
heartily 0,597837 0,000234
heat 0,198451 0,000078
heave 0,820981 0,000321
heaven 0,174353 0,000136
heavy 0,030459 0,000012
height 0,210721 0,000082
hellish 1,966113 0,000768
helm 1,347074 0,000526
helmsman 2,407946 0,000941
helplessly 1,514128 0,000592
henceforth 0,867501 0,000339
hesitate 0,314711 0,000246
hesitation 0,616186 0,000241
hide 0,072571 0,000057
hill 0,150823 0,000118
hiss 0,653926 0,000256
hit 0,314711 0,000123
hoarse 0,867501 0,000339
hold 0,010050 0,000012
holder 0,430783 0,000168
hole 0,261365 0,000102
homeless 1,832581 0,000716
homeward 0,891598 0,000348
homicidal 2,659260 0,001039
hook 0,634878 0,000744
hope 0,000000 0,000000
horizon 0,597837 0,000234
horrible 0,356675 0,000139
horrid 0,713350 0,000279
hot 0,116534 0,000046
hour 0,061875 0,000048
howl 0,527633 0,000206
hull 1,347074 0,000526
hullabaloo 3,218876 0,001258
human 0,072571 0,000028
humbug 1,514128 0,000592
hung 0,174353 0,000068
hunt 0,371064 0,000145
hurricane 1,560648 0,000610
hurriedly 0,891598 0,000348
hurry 0,162519 0,000064
hush 0,527633 0,000206
idea 0,083382 0,000033
ideal 0,776529 0,000303
identical 0,994252 0,000389
identification 0,527633 0,000206
identify 0,342490 0,000268
identity 1,021651 0,000399
ignorance 0,287682 0,000112
imagine 0,083382 0,000033
imbecile 1,514128 0,000592
immaculate 1,714798 0,000670
immense 0,314711 0,000123
immensely 1,171183 0,000458
immerse 1,427116 0,000558
immobility 2,659260 0,001039
immovableness 3,912023 0,001529
impart 0,693147 0,000542
impassive 1,714798 0,000670
impeccable 3,506558 0,001370
imperceptible 1,609438 0,000629
imperceptibly 1,469676 0,000574
imply 0,235722 0,000092
impose 0,162519 0,000064
imposing 0,843970 0,000330
impossible 0,094311 0,000037
impressed 0,510826 0,000200
impression 0,210721 0,000165
impressively 1,966113 0,000768
improper 1,139434 0,000445
impudence 1,272966 0,000497
impulse 0,400478 0,000156
inaccurate 0,510826 0,000200
incapable 0,562119 0,000220
incertitude 3,218876 0,001258
incidental 0,446287 0,000174
incidentally 1,609438 0,000629
include 0,072571 0,000113
incomplete 0,301105 0,000118
incomprehensible 1,108663 0,000433
inconceivable 1,078810 0,000422
increase 0,061875 0,000024
incredulity 1,386294 0,000542
incredulously 2,302585 0,000900
indemnify 0,446287 0,000174
indemnity 0,527633 0,000206
independent 0,510826 0,000200
india 0,843970 0,000330
indian 0,544727 0,000213
indirect 0,446287 0,000174
indirectly 0,371064 0,000145
individual 0,139262 0,000054
induce 0,328504 0,000128
inexplicable 1,171183 0,000458
infinitely 0,673345 0,000263
inform 0,198451 0,000155
informality 2,813411 0,001099
infringement 0,544727 0,000213
ingenious 0,693147 0,000271
inhabit 0,597837 0,000234
inhuman 1,108663 0,000433
inkling 1,427116 0,000558
inkwell 3,912023 0,001529
inland 1,469676 0,000574
inquire 0,235722 0,000184
inquiry 0,446287 0,000174
insanity 1,469676 0,000574
inshore 3,218876 0,001258
insignificance 2,207275 0,000863
insignificant 0,891598 0,000348
insist 0,223144 0,000174
insistence 1,897120 0,000741
insolence 0,994252 0,000389
inspect 0,798508 0,000312
instance 0,116534 0,000091
instant 0,210721 0,000082
instinctively 0,733969 0,000287
instruct 0,494296 0,000193
intellect 0,634878 0,000248
intellectual 0,235722 0,000092
intelligence 0,301105 0,000118
intelligent 0,342490 0,000134
intense 0,430783 0,000168
intently 0,891598 0,000348
interchange 1,427116 0,000558
interfere 0,415515 0,000162
interlude 2,407946 0,000941
internal 0,261365 0,000102
international 0,494296 0,000193
interpret 0,235722 0,000092
interrupted 0,301105 0,000118
interval 0,301105 0,000118
intimate 0,430783 0,000168
intolerable 0,673345 0,000263
intuition 1,560648 0,000610
invade 0,755023 0,000295
invalidity 0,527633 0,000206
invest 1,021651 0,000399
invisible 0,562119 0,000220
invite 0,261365 0,000204
invulnerable 2,040221 0,000797
irresistible 0,653926 0,000256
irresistibly 1,203973 0,000470
irresolute 1,427116 0,000558
irretrievably 2,995732 0,001171
irs 0,562119 0,000220
islands 0,755023 0,000295
islet 2,120264 0,001657
issue 0,198451 0,000155
item 1,139434 0,000445
jacket 0,755023 0,000295
jam 1,237874 0,000484
java 2,525729 0,000987
jeering 1,714798 0,000670
jerk 0,820981 0,000321
job 0,597837 0,000234
joint 0,446287 0,000174
joseph 0,994252 0,000389
journey 0,150823 0,000059
jove 1,108663 0,000433
judge 0,061875 0,000073
judgment 0,198451 0,000078
judith 2,120264 0,000829
juggling 2,659260 0,001039
jump 0,430783 0,000168
june 0,527633 0,000206
jury 1,108663 0,000433
keel 1,309333 0,000512
keen 0,371064 0,000145
ken 1,714798 0,000670
kettle 1,108663 0,000433
key 0,342490 0,000134
kick 0,314711 0,000123
kill 0,083382 0,000065
knee 0,150823 0,000059
knife 0,287682 0,000112
knit 0,673345 0,000263
knock 0,287682 0,000225
knowledge 0,061875 0,000024
lack 0,371064 0,000145
ladder 0,616186 0,000241
lake 0,162519 0,000064
lamp 0,400478 0,000156
land 0,051293 0,000040
language 0,072571 0,000028
launch 0,798508 0,000312
law 0,020203 0,000016
lay 0,030459 0,000036
lazy 0,616186 0,000241
leading 0,139262 0,000054
leaf 0,446287 0,000174
leafage 3,218876 0,001258
lean 0,127833 0,000100
learn 0,020203 0,000016
leave -0,009950 -0,000008
leeward 2,207275 0,000863
left 0,000000 0,000000
leg 0,235722 0,000184
legal 0,261365 0,000102
legally 0,342490 0,000134
leisure 0,579818 0,000227
letter 0,072571 0,000057
level 0,210721 0,000165
liability 0,462035 0,000181
liable 0,235722 0,000092
library 0,223144 0,000087
license 0,301105 0,000118
licensed 0,430783 0,000168
lie 0,020203 0,000016
lieu 0,415515 0,000162
life -0,009950 -0,000008
lift 0,116534 0,000091
light 0,000000 0,000000
lighted 0,261365 0,000102
lightless 3,912023 0,001529
lightly 0,430783 0,000168
lightning 0,430783 0,000168
limb 0,248461 0,000194
limitation 0,371064 0,000145
limited 0,261365 0,000102
linger 0,446287 0,000349
link 0,174353 0,000136
lip 0,127833 0,000100
liquor 0,798508 0,000312
listen 0,105361 0,000124
literally 0,713350 0,000279
literary 0,287682 0,000112
litter 0,843970 0,000330
live 0,010050 0,000008
liverpool 1,897120 0,000741
livid 1,171183 0,000458
living 0,020203 0,000008
lo 0,916291 0,000358
load 0,430783 0,000168
loafer 2,813411 0,001099
lobby 2,040221 0,000797
locate 0,371064 0,000145
location 0,494296 0,000193
lock 0,162519 0,000191
locker 2,120264 0,001657
lofty 0,494296 0,000386
loll 1,771957 0,000692
lonely 0,400478 0,000156
lookout 1,427116 0,000558
loom 1,078810 0,000422
loose 0,094311 0,000037
lose 0,000000 0,000000
loss 0,083382 0,000033
lot 0,051293 0,000020
loud 0,105361 0,000082
loudly 0,400478 0,000156
loudness 2,207275 0,000863
lucky 0,494296 0,000193
ludicrous 1,386294 0,000542
lunacy 2,813411 0,001099
lunatic 1,203973 0,000470
machine 0,210721 0,000082
mad 0,235722 0,000092
madden 1,771957 0,000692
main 0,127833 0,000050
mainland 2,407946 0,000941
mainsail 2,995732 0,001171
maintain 0,094311 0,000037
malay 2,659260 0,001039
manage 0,261365 0,000204
maneuver 2,040221 0,000797
manned 1,771957 0,000692
manner 0,040822 0,000016
mantle 0,776529 0,000303
mark 0,105361 0,000041
marked 0,061875 0,000024
maroon 2,302585 0,000900
marvel 0,693147 0,000271
mass 0,210721 0,000082
mast 0,941609 0,000368
master 0,072571 0,000028
masthead 2,659260 0,001039
mat 0,820981 0,000321
mate 0,713350 0,000558
matter 0,000000 0,000000
maximum 0,478036 0,000187
meal 0,261365 0,000102
meaningly 3,506558 0,001370
measure 0,127833 0,000050
mechanically 1,078810 0,000422
meddle 0,994252 0,000389
meditative 1,660731 0,000649
medium 0,223144 0,000087
meet 0,010050 0,000008
menace 1,021651 0,000399
menacing 1,272966 0,000497
mental 0,430783 0,000168
mention 0,105361 0,000041
merchant 0,494296 0,000193
mercy 0,210721 0,000082
mere 0,094311 0,000037
merit 0,371064 0,000145
method 0,094311 0,000074
michael 0,400478 0,000156
middle 0,030459 0,000012
middling 1,966113 0,000768
midnight 0,328504 0,000128
mildly 1,171183 0,000458
mile 0,174353 0,000136
mind 0,020203 0,000008
mingle 0,356675 0,000139
minister 0,562119 0,000220
minor 0,713350 0,000279
minute 0,150823 0,000118
miracle 0,597837 0,000234
miraculous 1,171183 0,000458
mirror 0,579818 0,000227
miserable 0,210721 0,000082
mishap 1,660731 0,000649
mission 0,210721 0,000082
mississippi 0,415515 0,000162
mistrust 1,171183 0,000458
miter 2,995732 0,001171
mizzen 2,813411 0,001099
moan 0,653926 0,000256
modification 0,478036 0,000187
modify 0,356675 0,000139
moment 0,010050 0,000008
money 0,051293 0,000020
monotonous 1,078810 0,000422
month 0,040822 0,000016
mood 0,462035 0,000181
moor 0,994252 0,000389
moral 0,301105 0,000118
morning 0,040822 0,000016
mother 0,072571 0,000028
motion 0,223144 0,000174
motionless 0,544727 0,000213
motive 0,356675 0,000139
mountain 0,400478 0,000156
mountainous 1,560648 0,000610
mouth 0,061875 0,000024
movement 0,287682 0,000225
muddled 1,897120 0,000741
multitude 0,385662 0,000151
mumble 1,386294 0,000542
mumbling 1,714798 0,000670
murder 0,248461 0,000291
murmur 0,287682 0,000337
mustache 2,040221 0,000797
mute 0,776529 0,000303
mutinous 2,120264 0,000829
mysterious 0,314711 0,000123
mystery 0,235722 0,000092
mystical 1,469676 0,000574
mystify 1,609438 0,000629
naked 0,274437 0,000107
narrative 0,579818 0,000227
narrow 0,094311 0,000037
native 0,314711 0,000123
natural 0,094311 0,000037
naturally 0,210721 0,000082
nature 0,094311 0,000037
nearer 0,400478 0,000156
nearness 1,771957 0,000692
neatly 1,049822 0,000410
necessity 0,210721 0,000082
neck 0,174353 0,000068
negligence 0,415515 0,000162
negligently 2,207275 0,000863
nerve 0,371064 0,000290
nervousness 1,714798 0,000670
network 0,415515 0,000162
news 0,210721 0,000082
newsletter 0,562119 0,000220
nice 0,371064 0,000145
night 0,010050 0,000004
nod 0,371064 0,000290
noise 0,139262 0,000054
noiseless 1,609438 0,000629
noisy 0,776529 0,000303
nomad 2,525729 0,000987
nonproprietary 0,562119 0,000220
noon 0,430783 0,000168
norfolk 2,120264 0,000829
north 0,083382 0,000033
notice 0,020203 0,000024
notify 0,371064 0,000145
notion 0,314711 0,000123
novelty 0,798508 0,000312
november 0,544727 0,000213
numerous 0,235722 0,000092
object 0,105361 0,000041
obligation 0,597837 0,000234
oblique 1,966113 0,000768
obscure 0,478036 0,000187
observe 0,094311 0,000037
obsolete 0,446287 0,000174
occasion 0,105361 0,000041
occur 0,083382 0,000065
ocean 0,415515 0,000162
offense 1,609438 0,000629
offer 0,020203 0,000016
office 0,072571 0,000028
officer 0,314711 0,000246
official 0,223144 0,000087
oilskin 3,218876 0,002516
ominously 1,966113 0,000768
online 0,510826 0,000200
opaque 1,897120 0,000741
operation 0,478036 0,000187
opportunity 0,061875 0,000048
oppressive 1,171183 0,000458
ordinary 0,186330 0,000073
organized 0,356675 0,000139
original 0,105361 0,000041
originator 0,478036 0,000187
outdated 0,562119 0,000220
outer 0,510826 0,000200
outline 0,579818 0,000227
oval 1,560648 0,000610
oven 1,386294 0,000542
overboard 1,347074 0,000526
overcharge 2,120264 0,000829
overdo 1,966113 0,000768
overdone 2,207275 0,000863
overhaul 1,897120 0,000741
overhead 0,843970 0,000330
overhear 0,994252 0,000389
overwhelming 1,049822 0,000410
owe 0,105361 0,000041
owner 0,083382 0,000065
ox 0,941609 0,000368
oyster 1,203973 0,000470
pace 0,186330 0,000073
pagoda 2,659260 0,001039
painful 0,328504 0,000128
painfully 0,916291 0,000358
painstaking 2,207275 0,000863
pair 0,210721 0,000082
pale 0,186330 0,000073
pant 1,272966 0,000497
pantomime 1,966113 0,000768
pantry 1,897120 0,000741
paper 0,083382 0,000065
paperwork 0,562119 0,000220
paragraph 0,328504 0,000257
pardon 0,287682 0,000112
parson 1,514128 0,000592
partial 0,733969 0,000287
particulars 0,776529 0,000303
partnership 1,514128 0,000592
party 0,030459 0,000012
pass 0,020203 0,000016
passage 0,105361 0,000041
passing 0,094311 0,000037
patch 0,616186 0,000241
pate 2,302585 0,000900
patience 0,139262 0,000054
patient 0,274437 0,000107
pattern 0,597837 0,000234
pause 0,314711 0,000246
pay 0,030459 0,000036
payment 0,274437 0,000107
peacefully 1,108663 0,000433
peculiarly 0,755023 0,000295
peep 0,634878 0,000248
peg 1,139434 0,000445
penetrate 0,415515 0,000162
peremptorily 1,660731 0,000649
perfect 0,061875 0,000024
perfectly 0,162519 0,000064
perform 0,072571 0,000085
performance 0,127833 0,000050
periodic 0,544727 0,000213
permanent 0,223144 0,000087
permission 0,150823 0,000059
permit 0,094311 0,000037
perplexing 1,560648 0,000610
perplexity 0,755023 0,000295
persist 0,478036 0,000187
person -0,009950 -0,000008
personality 0,967584 0,000378
personally 0,798508 0,000312
perspiration 1,237874 0,000484
pestiferous 2,995732 0,001171
phantom 0,967584 0,000378
phase 1,108663 0,000433
phenomenon 0,820981 0,000321
phosphorescence 2,813411 0,001099
phosphorescent 2,525729 0,000987
phrase 0,139262 0,000054
physical 0,198451 0,000078
physically 1,347074 0,000526
pick 0,223144 0,000087
picture 0,139262 0,000054
piece 0,020203 0,000016
pin 0,478036 0,000374
pitiless 1,347074 0,000526
pity 0,139262 0,000054
pivot 2,040221 0,000797
plain 0,040822 0,000016
plainly 0,261365 0,000102
plan 0,198451 0,000078
plate 0,314711 0,000246
play 0,040822 0,000048
plenty 0,235722 0,000092
plop 2,813411 0,001099
pocket 0,371064 0,000145
poison 0,371064 0,000145
pole 0,494296 0,000193
polite 0,693147 0,000271
politely 1,078810 0,000422
politeness 0,798508 0,000312
poll 2,207275 0,000863
poop 2,302585 0,000900
poor 0,020203 0,000008
pop 1,203973 0,000470
port 0,579818 0,000453
porthole 3,218876 0,001258
position 0,162519 0,000064
positively 0,776529 0,000303
possess 0,061875 0,000024
possession 0,083382 0,000033
possibility 0,150823 0,000059
post 0,051293 0,000020
power 0,030459 0,000012
practically 0,235722 0,000092
practice 0,116534 0,000046
prayer 0,287682 0,000112
precious 0,162519 0,000064
preference 0,843970 0,000330
preoccupy 1,386294 0,000542
preparatory 1,309333 0,000512
prepare 0,116534 0,000046
prepared 0,105361 0,000041
preposterous 1,609438 0,000629
presently 0,385662 0,000151
preserve 0,083382 0,000065
preside 0,843970 0,000330
pressed 0,274437 0,000107
pretend 0,186330 0,000073
pretense 1,966113 0,000768
pretty 0,150823 0,000059
prevent 0,040822 0,000032
previous 0,094311 0,000037
price 0,314711 0,000123
principal 0,287682 0,000112
print 0,116534 0,000091
prison 0,248461 0,000097
privilege 0,527633 0,000206
prize 0,494296 0,000193
proceed 0,116534 0,000046
proceedings 0,713350 0,000279
processing 0,562119 0,000220
produce 0,061875 0,000073
production 0,274437 0,000107
professor 0,261365 0,000102
profit 0,083382 0,000065
profound 0,446287 0,000174
profoundly 0,994252 0,000389
prohibition 0,415515 0,000162
project -0,009950 -0,000004
prolonged 0,597837 0,000234
prominently 0,494296 0,000193
promote 0,274437 0,000107
promotion 0,342490 0,000134
prompt 0,478036 0,000187
pronounced 0,446287 0,000174
pronouncement 2,659260 0,001039
proof 0,274437 0,000107
proofread 0,562119 0,000220
propel 1,714798 0,000670
proper 0,061875 0,000024
properly 0,385662 0,000151
property 0,127833 0,000050
propose 0,186330 0,000073
proprietary 0,562119 0,000220
protect 0,139262 0,000054
protest 0,342490 0,000134
provide 0,127833 0,000100
providence 0,693147 0,000271
provision 0,094311 0,000074
provoke 0,510826 0,000200
prudent 0,616186 0,000241
psychological 1,660731 0,000649
public 0,083382 0,000033
pull 0,127833 0,000100
punctilious 2,207275 0,000863
punishment 0,287682 0,000112
punitive 0,562119 0,000220
pure 0,139262 0,000054
purpose 0,040822 0,000016
purposely 1,171183 0,000458
pursue 0,186330 0,000073
push 0,139262 0,000054
puzzled 0,494296 0,000193
quality 0,186330 0,000073
quarter 0,105361 0,000041
quaver 2,040221 0,000797
queer 0,776529 0,000607
question 0,020203 0,000008
quick 0,127833 0,000050
quiet 0,094311 0,000074
quietly 0,261365 0,000102
quietness 1,832581 0,000716
quiver 0,494296 0,000386
rail 0,579818 0,000453
raise 0,020203 0,000024
ram 0,994252 0,000389
range 0,328504 0,000128
rapture 0,820981 0,000321
rat 0,867501 0,000339
ratlin 3,506558 0,001370
raving 1,309333 0,000512
reach 0,000000 0,000000
read 0,020203 0,000016
readable 0,510826 0,000200
ready 0,030459 0,000012
real 0,040822 0,000016
realize 0,693147 0,000271
reappear 1,203973 0,000470
reason 0,010050 0,000008
reasonable 0,116534 0,000046
recall 0,235722 0,000184
receipt 0,261365 0,000102
receive 0,040822 0,000048
recess 1,021651 0,000798
recklessly 1,832581 0,000716
reckon 0,385662 0,000301
recline 1,108663 0,000433
recognize 0,733969 0,000287
recoil 1,272966 0,000995
record 0,223144 0,000087
recover 0,127833 0,000100
red 0,061875 0,000024
redden 1,171183 0,000915
redistribute 0,544727 0,000213
redistributing 0,562119 0,000220
redistribution 0,562119 0,000220
reef 1,514128 0,001183
refer 0,223144 0,000087
reference 0,198451 0,000155
reflect 0,235722 0,000092
reflection 0,274437 0,000107
refund 0,562119 0,000220
refuse 0,083382 0,000033
region 0,462035 0,000181
register 0,287682 0,000112
regret 0,342490 0,000268
regretfully 2,040221 0,000797
regular 0,287682 0,000112
regulate 0,210721 0,000082
rejoice 0,400478 0,000156
rejoin 0,776529 0,000303
release 0,105361 0,000082
relief 0,186330 0,000073
relieve 0,198451 0,000155
reluctant 1,021651 0,000399
remain 0,040822 0,000048
remark 0,223144 0,000174
remedy 0,150823 0,000059
remember 0,030459 0,000012
remind 0,301105 0,000118
remove 0,040822 0,000032
rename 0,544727 0,000213
renew 0,314711 0,000123
repassing 2,525729 0,000987
repeat 0,051293 0,000040
replace 0,198451 0,000155
replacement 0,544727 0,000213
report 0,051293 0,000060
represent 0,210721 0,000082
representation 0,261365 0,000102
repression 2,407946 0,000941
reproof 1,272966 0,000497
request 0,105361 0,000041
require 0,051293 0,000020
required 0,083382 0,000033
requirement 0,400478 0,000156
resemble 0,400478 0,000313
resignedly 2,525729 0,000987
resolute 0,891598 0,000348
respect 0,040822 0,000016
respectable 0,430783 0,000168
respective 1,171183 0,000458
responsibility 0,733969 0,000287
rest 0,010050 0,000012
restless 0,478036 0,000187
restrain 0,579818 0,000227
restrained 0,776529 0,000303
restriction 0,371064 0,000145
return 0,010050 0,000016
reveal 0,223144 0,000174
revenue 0,342490 0,000134
reverberate 2,120264 0,000829
reverse 0,527633 0,000206
rhyme 1,237874 0,000484
rib 0,843970 0,000330
ride 0,261365 0,000102
ridge 0,891598 0,000697
rigging 1,771957 0,000692
rigidly 1,832581 0,000716
ripple 0,820981 0,000321
rise 0,030459 0,000036
river 0,174353 0,000068
road 0,116534 0,000046
roadstead 2,407946 0,000941
roam 0,994252 0,000777
rock 0,186330 0,000073
rod 0,616186 0,000241
roll 0,150823 0,000059
roomy 2,120264 0,000829
rope 0,430783 0,000168
roughly 0,544727 0,000213
rounded 1,021651 0,000399
roundness 2,302585 0,000900
routine 1,237874 0,000484
royalty 0,371064 0,000290
rub 0,342490 0,000134
rubber 1,609438 0,000629
rudder 1,832581 0,000716
ruffian 1,347074 0,000526
ruin 0,116534 0,000046
rule 0,030459 0,000012
rush 0,127833 0,000100
safe 0,116534 0,000091
safety 0,356675 0,000139
sail 0,415515 0,000325
sailing 0,653926 0,000256
saloon 1,427116 0,000558
salt 0,105361 0,000041
sane 1,309333 0,000512
sanity 1,832581 0,000716
sardine 2,813411 0,001099
satisfaction 0,186330 0,000073
save 0,010050 0,000012
scandalize 2,525729 0,000987
scanty 0,941609 0,000368
scare 1,237874 0,000484
scattered 0,139262 0,000054
scene 0,127833 0,000050
scheme 0,462035 0,000181
score 0,446287 0,000174
scornful 1,203973 0,000470
scorpion 1,966113 0,000768
scramble 0,941609 0,000736
scream 0,462035 0,000181
scrimmage 3,218876 0,001258
scrubbing 2,040221 0,000797
scruff 2,659260 0,001039
sea 0,116534 0,000046
seaman 1,203973 0,000941
search 0,040822 0,000032
seas 0,916291 0,000358
seat 0,051293 0,000040
secrecy 0,798508 0,000312
secret 0,051293 0,000020
secretly 0,597837 0,000234
secure 0,061875 0,000024
security 0,478036 0,000187
seedy 2,813411 0,001099
seek 0,083382 0,000033
seize 0,116534 0,000091
select 0,301105 0,000118
send 0,020203 0,000016
sensation 0,371064 0,000290
sense 0,051293 0,000020
sentence 0,094311 0,000074
sentiment 0,356675 0,000139
separate 0,094311 0,000074
serge 2,813411 0,001099
serve 0,051293 0,000040
service 0,072571 0,000028
set 0,010050 0,000012
settlement 0,994252 0,000389
seventeen 0,693147 0,000271
shade 0,223144 0,000087
shades 0,916291 0,000358
shadow 0,162519 0,000127
shadowily 3,912023 0,001529
shadowy 1,108663 0,000433
shake 0,072571 0,000113
sham 1,560648 0,000610
shame 0,223144 0,000087
shape 0,150823 0,000059
shaped 0,527633 0,000206
share 0,030459 0,000036
sharer 1,897120 0,000741
sharply 0,510826 0,000200
shave 0,916291 0,000358
sheer 0,820981 0,000321
sheet 0,314711 0,000246
shift 0,510826 0,000399
shifting 0,891598 0,000348
shimmer 2,525729 0,000987
shine 0,150823 0,000059
ship 0,198451 0,000155
shipmaster 3,218876 0,001258
shipmate 3,218876 0,001258
shoal 1,386294 0,000542
shock 0,235722 0,000092
shore 0,287682 0,000112
short 0,020203 0,000008
shoulder 0,139262 0,000109
shout 0,186330 0,000218
shower 0,544727 0,000213
showy 1,966113 0,000768
shudder 0,446287 0,000174
shuffle 1,427116 0,000558
shut 0,051293 0,000020
shy 0,673345 0,000526
siam 2,813411 0,001099
sick 0,150823 0,000059
sickly 0,891598 0,000348
sideboard 1,560648 0,000610
sigh 0,235722 0,000184
sight 0,040822 0,000016
sighted 0,733969 0,000287
sign 0,051293 0,000040
significance 1,021651 0,000399
silence 0,051293 0,000020
silent 0,051293 0,000020
silently 0,544727 0,000213
silk 0,478036 0,000187
silly 0,400478 0,000156
silver 0,210721 0,000082
silvery 1,203973 0,000470
similitude 2,207275 0,000863
simmer 2,407946 0,000941
simple 0,094311 0,000037
simply 0,150823 0,000059
simultaneously 1,203973 0,000470
single 0,083382 0,000033
singleness 2,407946 0,000941
sink 0,072571 0,000085
sir 0,150823 0,000059
sit 0,010050 0,000012
situation 0,198451 0,000078
size 0,223144 0,000087
skin 0,174353 0,000068
skipper 1,897120 0,000741
sky 0,186330 0,000073
skylight 1,966113 0,000768
slack 1,171183 0,000458
slap 0,798508 0,000312
slaying 1,714798 0,000670
sleep 0,051293 0,000060
sleeper 1,078810 0,000422
sleepily 2,120264 0,000829
sleepless 1,049822 0,000410
sleepy 0,713350 0,000279
slide 0,713350 0,000279
slight 0,072571 0,000057
slip 0,150823 0,000118
slipper 0,916291 0,000358
slow 0,139262 0,000054
slowly 0,150823 0,000059
smart 0,597837 0,000234
smash 1,021651 0,000399
smeary 3,506558 0,001370
smile 0,150823 0,000118
smoke 0,186330 0,000073
smooth 0,235722 0,000092
smoothly 1,021651 0,000399
smoothness 1,897120 0,000741
smother 0,941609 0,000736
smuggle 2,040221 0,000797
snarl 1,078810 0,000422
snatch 0,462035 0,000181
sneering 1,609438 0,000629
snore 1,272966 0,000995
soft 0,210721 0,000082
softly 0,400478 0,000156
solemnity 0,843970 0,000330
solicit 0,314711 0,000123
solicitation 0,430783 0,000168
solid 0,274437 0,000107
solitary 0,462035 0,000181
solitude 0,510826 0,000200
somber 2,120264 0,000829
soothing 0,798508 0,000312
sort 0,072571 0,000057
soul 0,083382 0,000033
sound 0,010050 0,000008
soundless 2,995732 0,001171
south 0,235722 0,000092
southern 0,579818 0,000227
sovereign 0,733969 0,000287
space 0,105361 0,000041
spar 1,771957 0,001385
spare 0,116534 0,000046
sparkle 0,941609 0,000368
speak 0,030459 0,000024
speaking 0,072571 0,000028
special 0,083382 0,000033
specific 0,820981 0,000321
spectator 0,544727 0,000213
speech 0,139262 0,000054
spell 0,653926 0,000256
spin 0,510826 0,000200
spirit 0,051293 0,000020
spiritless 1,832581 0,000716
splash 0,867501 0,000678
spot 0,150823 0,000059
spread 0,051293 0,000020
spring 0,051293 0,000040
squall 1,560648 0,000610
square 0,223144 0,000087
squat 0,941609 0,000368
stable 0,478036 0,000187
staff 0,261365 0,000102
stage 0,186330 0,000073
stair 0,415515 0,000162
stake 0,446287 0,000174
stammer 0,891598 0,000348
stand -0,009950 -0,000012
star 0,261365 0,000204
starboard 2,040221 0,000797
stare 0,328504 0,000385
stark 1,386294 0,000542
starry 1,272966 0,000497
start -0,009950 -0,000012
startle 1,347074 0,000526
startled 0,415515 0,000162
statement 0,186330 0,000073
stateroom 2,995732 0,001171
station 0,235722 0,000092
statue 0,634878 0,000248
stature 0,867501 0,000339
status 0,446287 0,000174
stay 0,061875 0,000073
steadfast 1,309333 0,000512
steady 0,301105 0,000118
steal 0,105361 0,000041
stealthily 1,560648 0,000610
stealthiness 3,912023 0,001529
stealthy 1,469676 0,000574
steam 0,579818 0,000227
step 0,030459 0,000036
stern 0,478036 0,000187
sternly 0,820981 0,000321
stew 1,427116 0,000558
steward 1,078810 0,000422
stick 0,174353 0,000068
stillness 0,891598 0,000348
stir 0,210721 0,000082
stock 0,235722 0,000092
stolidly 2,120264 0,000829
stone 0,094311 0,000037
stony 0,994252 0,000389
stool 0,653926 0,000256
store 0,061875 0,000024
storeroom 2,302585 0,000900
story 0,030459 0,000012
stow 1,309333 0,000512
straight 0,105361 0,000041
straightforwardness 3,218876 0,001258
strain 0,248461 0,000194
straits 1,427116 0,000558
strange 0,061875 0,000024
strangely 0,579818 0,000227
strangeness 1,386294 0,000542
stranger 0,139262 0,000054
strangers 0,356675 0,000139
strangle 0,843970 0,000330
straw 0,342490 0,000134
stream 0,139262 0,000054
strength 0,030459 0,000012
stretch 0,116534 0,000046
strict 0,186330 0,000073
strike 0,020203 0,000008
striking 0,274437 0,000107
string 0,371064 0,000145
stripe 1,171183 0,000458
stroll 0,820981 0,000321
strong 0,020203 0,000008
struggle 0,127833 0,000050
stubborn 0,843970 0,000330
style 0,261365 0,000102
subdue 0,941609 0,000368
subject 0,061875 0,000024
submerge 1,560648 0,000610
subscribe 0,342490 0,000134
success 0,162519 0,000064
sudden 0,072571 0,000028
suddenly 0,040822 0,000016
suddenness 1,469676 0,000574
sufficient 0,139262 0,000054
suggestion 0,356675 0,000279
suicide 1,049822 0,000410
suit 0,198451 0,000155
summer 0,186330 0,000073
sun 0,072571 0,000028
sunburn 3,912023 0,001529
sunday 0,494296 0,000193
sunrise 0,891598 0,000348
superfluously 2,995732 0,001171
supper 0,446287 0,000174
support 0,094311 0,000037
suppose 0,020203 0,000016
suppress 0,446287 0,000174
surface 0,287682 0,000112
surlily 2,813411 0,001099
surliness 3,506558 0,001370
surmount 0,843970 0,000330
surprise 0,150823 0,000118
surprising 0,544727 0,000213
surround 0,162519 0,000064
survey 0,462035 0,000181
survive 0,186330 0,000073
suspect 0,162519 0,000127
suspicion 0,210721 0,000082
sustain 0,314711 0,000123
swallow 0,261365 0,000204
swamp 0,287682 0,000112
swarm 0,634878 0,000248
swear 0,261365 0,000102
sweep 0,274437 0,000107
swiftly 0,713350 0,000279
swim 0,478036 0,000560
swimmer 1,660731 0,000649
swing 0,430783 0,000337
swirl 1,897120 0,000741
sword 0,430783 0,000168
symbolic 2,120264 0,000829
symmetrically 2,525729 0,000987
sympathize 1,309333 0,000512
sympathy 0,314711 0,000123
synonymous 0,446287 0,000174
table 0,083382 0,000033
tack 1,139434 0,000445
taffrail 3,506558 0,001370
tale 0,248461 0,000194
talk 0,061875 0,000048
talking 0,150823 0,000059
tangle 1,386294 0,000542
tap 0,798508 0,000312
task 0,248461 0,000194
tax 0,248461 0,000194
tea 0,579818 0,000227
tear 0,030459 0,000024
telescope 1,386294 0,000542
temper 0,261365 0,000102
temptation 0,430783 0,000168
tenacious 1,714798 0,000670
tenacity 1,609438 0,000629
tentatively 2,525729 0,000987
term 0,061875 0,000024
terrible 0,186330 0,000073
terrific 1,108663 0,000433
terrifically 2,995732 0,001171
terrify 0,579818 0,000227
terror 0,162519 0,000064
theoretically 2,120264 0,000829
theory 0,400478 0,000156
thereabout 1,514128 0,000592
thinking 0,274437 0,000107
thirsty 0,820981 0,000321
thoughtful 0,693147 0,000271
thoughtfully 0,994252 0,000389
threshold 0,562119 0,000220
throat 0,223144 0,000087
throw 0,010050 0,000016
thrust 0,287682 0,000112
thump 1,203973 0,000470
thunder 0,430783 0,000168
thunderstruck 2,207275 0,000863
tide 0,616186 0,000482
tidy 1,171183 0,000458
tie 0,105361 0,000082
tiff 3,218876 0,001258
time -0,009950 -0,000008
tin 0,755023 0,000295
tinkle 1,078810 0,000422
tiny 0,820981 0,000321
tired 0,198451 0,000078
title 0,116534 0,000046
tomorrow 0,755023 0,000295
tone 0,198451 0,000155
tongue 0,139262 0,000054
tonight 1,272966 0,000497
tooth 0,186330 0,000073
topsail 2,995732 0,001171
total 0,579818 0,000227
totally 0,916291 0,000358
touch 0,010050 0,000012
tower 0,314711 0,000246
town 0,094311 0,000037
track 0,415515 0,000162
trade 0,287682 0,000112
trademark 0,562119 0,000220
tradesman 1,139434 0,000445
trait 1,139434 0,000445
tramp 0,891598 0,000348
transcribe 0,462035 0,000181
transcription 0,527633 0,000206
travel 0,198451 0,000078
tray 1,237874 0,000484
treat 0,127833 0,000050
treatment 0,127833 0,000050
tree 0,061875 0,000024
tremor 1,386294 0,000542
tribe 0,693147 0,000271
trifling 0,653926 0,000256
tropical 1,560648 0,000610
trouble 0,010050 0,000008
true 0,020203 0,000008
trust 0,061875 0,000048
trustful 2,040221 0,000797
truth 0,030459 0,000012
tug 0,916291 0,000358
tugboat 3,506558 0,001370
tumble 0,494296 0,000193
type 0,174353 0,000136
ugly 0,385662 0,000151
unalloyed 1,897120 0,000741
unalterable 1,309333 0,000512
unavoidable 1,049822 0,000410
uncanny 1,560648 0,000610
uncharted 2,813411 0,001099
unconscious 0,400478 0,000156
unconventional 2,813411 0,001099
understand 0,020203 0,000016
undertone 1,771957 0,000692
unduly 1,966113 0,000768
unenforceability 0,562119 0,000220
unexpected 0,430783 0,000168
unheard 0,994252 0,000389
unhook 2,659260 0,001039
uniform 0,210721 0,000082
unintelligent 2,659260 0,001039
unique 1,237874 0,000484
united 0,094311 0,000037
unknown 0,105361 0,000041
unlink 0,562119 0,000220
unlock 0,755023 0,000295
unmarked 2,995732 0,001171
unmoved 0,916291 0,000358
unnatural 0,713350 0,000279
unplayful 3,912023 0,001529
unpleasant 0,562119 0,000220
unrelated 3,218876 0,001258
unrest 2,040221 0,000797
unrighteous 1,966113 0,000768
unroll 1,771957 0,000692
unsolicited 0,510826 0,000200
unsolved 1,832581 0,000716
unsteady 1,469676 0,000574
unsuspected 1,609438 0,000629
untempted 3,912023 0,001529
untried 1,966113 0,000768
untroubled 1,966113 0,000768
unusual 0,415515 0,000162
unusually 0,891598 0,000348
unwilling 0,653926 0,000256
unworthy 0,673345 0,000263
unyielding 2,525729 0,000987
update 0,510826 0,000200
upright 0,301105 0,000118
upturned 2,040221 0,000797
urbanely 3,506558 0,001370
urge 0,274437 0,000107
urgently 1,560648 0,000610
user 0,544727 0,000213
usual 0,139262 0,000054
ut 0,510826 0,000200
utter 0,162519 0,000064
utterly 0,371064 0,000145
vagabond 1,203973 0,000470
vague 0,579818 0,000227
vaguely 0,967584 0,000378
vain 0,116534 0,000046
vanilla 0,544727 0,000213
vanish 0,314711 0,000246
variety 0,150823 0,000059
vase 1,386294 0,000542
vegetable 0,693147 0,000271
vengeful 2,302585 0,000900
ventilating 2,813411 0,001099
version 0,342490 0,000134
vertical 1,966113 0,000768
vex 0,579818 0,000227
view 0,040822 0,000048
vigorous 0,544727 0,000213
villages 0,820981 0,000321
violate 0,342490 0,000134
violently 0,462035 0,000181
virtuous 0,653926 0,000256
virus 0,527633 0,000206
visible 0,235722 0,000092
visibly 0,916291 0,000358
vision 0,301105 0,000118
visit 0,030459 0,000012
visitor 0,446287 0,000174
voice 0,020203 0,000016
void 0,261365 0,000102
volunteer 0,314711 0,000123
volunteers 0,430783 0,000168
voyage 0,616186 0,000241
wagon 1,078810 0,000422
wail 0,798508 0,000312
waist 0,693147 0,000271
wait 0,061875 0,000048
waiting 0,083382 0,000033
wake 0,223144 0,000087
walk 0,000000 0,000000
wall 0,094311 0,000037
wander 0,116534 0,000046
warm 0,116534 0,000046
warning 0,235722 0,000092
warningly 2,407946 0,000941
warranty 0,544727 0,000426
wash 0,210721 0,000082
watch 0,020203 0,000024
water 0,040822 0,000016
waver 0,733969 0,000287
wear 0,083382 0,000098
weather 0,248461 0,000097
week 0,127833 0,000100
weigh 0,162519 0,000064
weight 0,116534 0,000046
weird 1,309333 0,000512
west 0,083382 0,000033
wester 2,525729 0,000987
wet 0,261365 0,000204
wharf 1,427116 0,000558
whatsoever 0,287682 0,000112
wheel 0,274437 0,000107
wherefore 1,139434 0,000445
whimper 1,386294 0,000542
whisk 1,771957 0,000692
whisker 1,171183 0,000915
whiskered 2,525729 0,000987
whisper 0,248461 0,000291
whispering 0,798508 0,000312
whistle 0,462035 0,000361
white 0,051293 0,000020
wholly 0,400478 0,000156
wickedness 0,916291 0,000358
wide 0,030459 0,000024
wife 0,083382 0,000033
wig 1,272966 0,000497
wild 0,051293 0,000020
wildly 0,776529 0,000303
wiles 1,771957 0,000692
wind 0,094311 0,000074
winding 1,560648 0,000610
wink 0,597837 0,000234
wise 0,094311 0,000037
wisely 0,653926 0,000256
witchcraft 1,714798 0,000670
witness 0,116534 0,000046
wonderful 0,162519 0,000064
word 0,020203 0,000008
worry 0,544727 0,000213
worth 0,061875 0,000024
wretch 0,653926 0,000256
wretched 0,328504 0,000128
wretchedness 1,139434 0,000445
write 0,020203 0,000016
writing 0,061875 0,000024
wrong 0,072571 0,000028
yankee 1,897120 0,000741
yard 0,223144 0,000174
yawn 0,820981 0,000642
yearning 1,514128 0,000592
yell 0,798508 0,000936
zeal 0,579818 0,000227
