abhorrence 1,560648 0,000437
abide 0,248461 0,000070
abject 1,049822 0,000294
abjection 3,506558 0,000982
abnormal 1,832581 0,000513
abominable 0,867501 0,000243
abreast 1,203973 0,000337
abruptly 0,843970 0,000236
absence 0,274437 0,000077
absent 0,371064 0,000104
abstinence 1,609438 0,000451
accent 0,634878 0,000178
accept 0,061875 0,000052
access 0,314711 0,000176
accessible 0,446287 0,000125
accident 0,274437 0,000077
accompany 0,094311 0,000026
accomplishment 0,994252 0,000278
accost 1,049822 0,000294
account 0,010050 0,000006
accoutrement 3,506558 0,000982
accursed 1,108663 0,000310
accustomed 0,287682 0,000081
acid 1,832581 0,000513
acknowledgment 1,347074 0,000377
acquaintance 0,248461 0,000070
acquiescence 1,427116 0,000400
action 0,094311 0,000026
active 0,127833 0,000036
activity 0,415515 0,000116
actual 0,174353 0,000049
acuteness 1,427116 0,000400
add 0,094311 0,000026
addition 0,116534 0,000065
additional 0,198451 0,000056
address 0,072571 0,000081
admit 0,116534 0,000098
admittance 1,427116 0,000400
advance 0,061875 0,000035
adventure 0,301105 0,000169
advertise 1,108663 0,000310
advice 0,186330 0,000052
advise 0,301105 0,000084
affair 0,094311 0,000026
affect 0,478036 0,000134
affection 0,235722 0,000132
affirmative 1,203973 0,000337
afford 0,186330 0,000052
afraid 0,105361 0,000030
afresh 1,021651 0,000286
afternoon 0,274437 0,000154
age 0,040822 0,000011
aged 0,198451 0,000056
agent 0,223144 0,000125
aghast 1,272966 0,000356
agonised 1,966113 0,000551
agony 0,462035 0,000129
agree 0,051293 0,000029
agreeable 0,462035 0,000129
agreement 0,210721 0,000059
ail 1,108663 0,000310
air 0,061875 0,000017
alarm 0,314711 0,000176
alarmed 0,478036 0,000134
alas 0,462035 0,000129
alert 0,843970 0,000236
alive 0,051293 0,000014
alleviation 2,407946 0,000674
allowance 0,713350 0,000200
allusion 0,755023 0,000211
aloud 0,301105 0,000084
alter 0,235722 0,000132
alteration 0,261365 0,000073
alternate 0,261365 0,000073
altogether 0,198451 0,000056
amazed 0,634878 0,000178
amazement 0,446287 0,000125
ambition 0,510826 0,000143
amen 1,237874 0,000347
amiss 0,798508 0,000224
amity 2,120264 0,000594
amorphous 3,912023 0,001095
amply 0,967584 0,000271
anatomical 2,407946 0,000674
ancient 0,198451 0,000056
anew 0,867501 0,000243
angel 0,579818 0,000162
anger 0,287682 0,000081
angry 0,174353 0,000049
anguish 0,579818 0,000162
animal 0,223144 0,000062
annotate 2,813411 0,000788
answer 0,020203 0,000011
answering 0,510826 0,000143
anticipation 0,733969 0,000206
apace 1,771957 0,000496
ape 1,203973 0,000337
apocryphal 2,813411 0,000788
apothecary 1,609438 0,000451
appal 1,021651 0,000286
appalling 1,237874 0,000347
apparatus 1,347074 0,000377
apparent 0,314711 0,000088
appeal 0,261365 0,000073
appearance 0,072571 0,000041
append 2,040221 0,000571
appetite 0,314711 0,000176
applicable 0,400478 0,000112
apply 0,116534 0,000033
apprehension 0,494296 0,000277
approach 0,040822 0,000046
approve 0,342490 0,000192
aptness 3,218876 0,000901
architect 1,139434 0,000319
archive 0,544727 0,000153
arm 0,030459 0,000017
arouse 0,653926 0,000183
arrange 0,198451 0,000056
arrangement 0,274437 0,000154
array 0,248461 0,000070
arrest 0,544727 0,000153
arrival 0,328504 0,000092
arrive 0,083382 0,000023
artery 1,609438 0,000451
article 0,400478 0,000112
ascii 0,562119 0,000157
ash 0,400478 0,000112
ashamed 0,248461 0,000070
asleep 0,162519 0,000046
aspiration 1,049822 0,000294
ass 0,916291 0,000257
assail 0,891598 0,000250
assault 0,798508 0,000224
assistance 0,105361 0,000030
associate 0,713350 0,000200
assume 0,162519 0,000046
assurance 0,430783 0,000121
assure 0,127833 0,000036
astute 1,609438 0,000451
attach 0,116534 0,000033
attachment 0,916291 0,000257
attack 0,198451 0,000056
attain 0,328504 0,000092
attempt 0,051293 0,000029
attendant 0,616186 0,000173
attention 0,083382 0,000023
attire 0,916291 0,000257
attribute 0,527633 0,000148
audible 0,916291 0,000257
audibly 1,560648 0,000437
aught 0,891598 0,000250
aura 2,525729 0,000707
austere 1,171183 0,000328
author 0,116534 0,000033
autograph 2,659260 0,000745
autumn 0,653926 0,000183
avail 0,462035 0,000129
avenger 1,560648 0,000437
avenue 0,820981 0,000230
aversion 0,941609 0,000264
avidity 1,832581 0,000513
avoid 0,105361 0,000059
avoidance 2,040221 0,000571
avowed 1,386294 0,000388
await 0,314711 0,000088
awake 0,150823 0,000084
awaken 0,430783 0,000121
aware 0,223144 0,000062
awe 0,597837 0,000167
awful 0,328504 0,000092
awhile 0,967584 0,000271
axe 1,049822 0,000294
ay 1,108663 0,000310
babylonian 2,120264 0,000594
bachelor 0,967584 0,000271
bad 0,020203 0,000017
baffle 0,994252 0,000278
bagpipe 3,218876 0,000901
baize 2,407946 0,000674
balance 0,342490 0,000288
balder 3,912023 0,001095
balderdash 3,506558 0,000982
ballroom 2,407946 0,000674
band 0,342490 0,000096
bandit 2,407946 0,000674
bank 0,210721 0,000177
bar 0,235722 0,000066
bare 0,150823 0,000042
bargain 0,527633 0,000148
base 0,094311 0,000053
bated 2,659260 0,000745
batter 0,891598 0,000250
beacon 1,714798 0,000480
bear 0,000000 0,000000
bearer 0,776529 0,000217
beautiful 0,083382 0,000023
bed 0,051293 0,000014
bedroom 0,798508 0,000224
bedside 1,171183 0,000328
beetle 1,514128 0,000424
befall 0,527633 0,000296
beg 0,116534 0,000098
behold 0,235722 0,000132
beholder 1,560648 0,000437
belief 0,198451 0,000056
bell 0,301105 0,000169
beloved 0,415515 0,000116
bench 0,544727 0,000153
bend 0,314711 0,000088
benefactor 0,967584 0,000271
beneficent 1,386294 0,000388
besiege 1,272966 0,000356
besieger 2,659260 0,000745
bestial 1,966113 0,000551
betake 1,272966 0,000356
bible 0,755023 0,000211
bid 0,186330 0,000157
bigness 2,207275 0,000618
binary 0,562119 0,000157
bind 0,030459 0,000017
bird 0,150823 0,000042
birth 0,301105 0,000084
bit 0,139262 0,000039
bite 0,371064 0,000104
bitter 0,210721 0,000059
black 0,061875 0,000017
blackguardly 3,912023 0,001095
blackness 1,237874 0,000347
blame 0,162519 0,000091
blameless 1,469676 0,000412
bland 2,040221 0,000571
blank 0,527633 0,000148
blasphemy 1,427116 0,000400
blast 0,462035 0,000129
blatant 3,218876 0,000901
blazon 2,659260 0,000745
bless 0,415515 0,000116
blind 0,174353 0,000049
blister 1,609438 0,000451
block 0,494296 0,000138
blood 0,116534 0,000033
blot 0,820981 0,000460
blow 0,061875 0,000069
body 0,010050 0,000003
boil 0,385662 0,000324
boisterous 1,514128 0,000424
boldness 0,916291 0,000257
bond 0,478036 0,000268
bondage 1,203973 0,000337
bone 0,198451 0,000056
bonnie 3,218876 0,000901
book 0,040822 0,000023
bottle 0,430783 0,000241
bound 0,301105 0,000253
bow 0,127833 0,000036
bowels 1,309333 0,000367
box 0,248461 0,000070
boy 0,105361 0,000030
braced 1,609438 0,000451
bracketed 3,506558 0,000982
bradshaw 2,813411 0,000788
branch 0,186330 0,000052
brandish 1,660731 0,000465
brass 0,462035 0,000129
bravo 1,771957 0,000496
breach 0,274437 0,000077
break 0,010050 0,000011
breakfast 0,342490 0,000288
breast 0,198451 0,000056
breath 0,174353 0,000049
breathe 0,261365 0,000073
bright 0,094311 0,000026
brighten 0,673345 0,000377
brightly 0,994252 0,000278
brightness 0,634878 0,000178
brilliantly 1,560648 0,000437
brim 0,994252 0,000278
bring 0,000000 0,000000
broad 0,127833 0,000036
broadly 1,897120 0,000531
brood 0,597837 0,000167
broom 1,347074 0,000377
brother 0,127833 0,000036
brow 0,446287 0,000125
brown 0,274437 0,000077
brute 0,462035 0,000129
brutish 2,040221 0,000571
build 0,094311 0,000053
building 0,210721 0,000118
bull 0,430783 0,000121
burn 0,061875 0,000035
burst 0,248461 0,000070
burthen 2,120264 0,000594
bury 0,186330 0,000052
business 0,040822 0,000011
busy 0,210721 0,000059
butler 1,139434 0,000319
butt 1,078810 0,000302
buttress 2,407946 0,000674
cab 1,272966 0,000356
cabinet 0,941609 0,000527
cage 0,941609 0,000264
cain 1,660731 0,000465
calamity 0,755023 0,000211
calculate 0,116534 0,000065
calendar 1,714798 0,000480
callous 1,469676 0,000412
callousness 2,995732 0,000839
calmly 0,510826 0,000143
cancer 1,966113 0,000551
candle 0,415515 0,000116
cane 0,843970 0,000236
capacious 1,771957 0,000496
capacity 0,510826 0,000143
caper 1,560648 0,000437
capital 0,314711 0,000088
captive 0,755023 0,000211
capture 0,597837 0,000167
carbuncle 2,207275 0,000618
card 0,139262 0,000078
care 0,000000 0,000000
career 0,478036 0,000134
careful 0,174353 0,000049
carefully 0,139262 0,000039
careless 0,494296 0,000138
carpenter 0,891598 0,000250
carpet 0,462035 0,000259
carriage 0,356675 0,000100
carry 0,010050 0,000008
cash 0,967584 0,000271
cast 0,116534 0,000033
catastrophe 1,021651 0,000286
catch 0,072571 0,000020
catholicity 3,506558 0,000982
causeless 2,207275 0,000618
caution 0,478036 0,000134
cavendish 2,659260 0,000745
cavern 0,967584 0,000271
cease 0,061875 0,000035
celebrated 0,562119 0,000157
cell 0,776529 0,000217
cellar 0,798508 0,000224
centre 0,385662 0,000108
cerebral 2,995732 0,000839
certainty 0,342490 0,000096
chain 0,174353 0,000098
chair 0,261365 0,000073
chamber 0,328504 0,000184
chance 0,061875 0,000035
change 0,010050 0,000008
character 0,061875 0,000035
charge 0,040822 0,000034
charging 1,347074 0,000377
charitable 0,287682 0,000081
charity 0,186330 0,000052
charm 0,342490 0,000096
chastisement 1,771957 0,000496
chatter 0,713350 0,000200
check 0,072571 0,000041
cheerful 0,385662 0,000108
chemical 1,469676 0,000823
chemist 1,714798 0,000960
cheque 1,897120 0,000531
cherish 0,653926 0,000549
cheval 3,218876 0,000901
chief 0,094311 0,000026
child 0,040822 0,000023
childhood 0,527633 0,000148
chill 0,597837 0,000167
chimney 0,634878 0,000178
chocolate 1,514128 0,000424
choice 0,150823 0,000042
choose 0,020203 0,000017
chop 1,021651 0,000286
chuckle 0,941609 0,000264
church 0,261365 0,000073
circle 0,150823 0,000042
circular 1,021651 0,000286
circulation 1,514128 0,000424
circumscription 3,506558 0,000982
circumstance 0,116534 0,000065
citadel 1,560648 0,000437
city 0,051293 0,000014
civility 1,309333 0,000367
civilly 1,560648 0,000437
claim 0,083382 0,000023
clasped 0,843970 0,000236
class 0,248461 0,000070
clatter 0,941609 0,000264
clause 1,832581 0,001026
clay 0,494296 0,000138
clean 0,210721 0,000059
cleanliness 1,237874 0,000347
clerk 0,562119 0,000157
client 1,347074 0,000377
clinch 1,897120 0,000531
cloak 0,527633 0,000148
clock 0,510826 0,000143
close 0,010050 0,000008
closet 0,916291 0,000513
closing 0,446287 0,000125
cloth 0,356675 0,000100
clothe 0,287682 0,000081
clothes 0,127833 0,000036
cloud 0,150823 0,000084
cloudless 1,514128 0,000424
club 0,544727 0,000153
clutch 0,713350 0,000200
coat 0,235722 0,000066
cobweb 2,207275 0,000618
code 0,287682 0,000081
cold 0,040822 0,000011
collar 0,634878 0,000356
colleague 1,427116 0,000400
collect 0,248461 0,000070
collection 0,162519 0,000046
college 0,693147 0,000194
colour 0,510826 0,000143
coloured 0,693147 0,000194
combat 0,820981 0,000230
combination 0,634878 0,000178
comely 1,171183 0,000328
comfort 0,105361 0,000030
comfortable 0,261365 0,000073
comical 1,560648 0,000437
command 0,116534 0,000033
commend 0,798508 0,000224
commercial 0,274437 0,000077
commingle 2,659260 0,000745
commit 0,116534 0,000065
common 0,072571 0,000020
commonly 0,755023 0,000211
commonplace 1,108663 0,000310
communicate 0,446287 0,000250
community 0,579818 0,000162
companion 0,150823 0,000042
company 0,020203 0,000006
comparative 0,994252 0,000278
comparatively 0,634878 0,000178
compare 0,162519 0,000137
compensation 1,049822 0,000294
compilation 0,478036 0,000134
complain 0,198451 0,000056
complainingly 3,506558 0,000982
complaint 0,478036 0,000134
complete 0,105361 0,000059
completely 0,274437 0,000077
compliance 0,342490 0,000096
compliment 0,462035 0,000129
comply 0,287682 0,000161
compose 0,287682 0,000161
composedly 2,040221 0,000571
composite 2,302585 0,000645
composure 1,049822 0,000294
compound 1,021651 0,000572
compressed 0,342490 0,000096
conceal 0,198451 0,000167
conceive 0,223144 0,000062
concept 0,527633 0,000148
conception 0,562119 0,000157
concern 0,342490 0,000096
conclusion 0,210721 0,000059
conclusive 1,427116 0,000400
concourse 1,897120 0,000531
condemn 0,446287 0,000125
condemnation 1,309333 0,000367
condescension 1,309333 0,000367
condition 0,051293 0,000014
condone 2,407946 0,000674
conduct 0,094311 0,000026
confess 0,127833 0,000036
confession 0,579818 0,000162
confidence 0,139262 0,000039
confident 0,510826 0,000143
confine 0,223144 0,000062
confirm 0,139262 0,000039
confirmation 0,356675 0,000100
conflagration 1,347074 0,000377
connected 0,415515 0,000116
connection 0,446287 0,000125
connive 2,302585 0,000645
connoisseur 1,660731 0,000465
conquer 0,527633 0,000443
conscience 0,301105 0,000084
conscious 0,314711 0,000088
consciousness 0,371064 0,000104
consent 0,223144 0,000062
consequence 0,186330 0,000052
consequential 0,478036 0,000134
considerable 0,105361 0,000030
consideration 0,223144 0,000062
consign 1,171183 0,000328
constant 0,051293 0,000014
constellation 1,897120 0,000531
constitution 0,776529 0,000217
constrain 0,733969 0,000206
consultation 0,916291 0,000257
consulting 0,891598 0,000250
contact 0,210721 0,000059
contempt 0,446287 0,000125
contend 0,597837 0,000167
content 0,174353 0,000049
contentment 1,347074 0,000377
contents 0,094311 0,000026
continent 0,820981 0,000230
continually 0,446287 0,000125
continue 0,186330 0,000104
continued 0,072571 0,000020
continuously 1,469676 0,000412
contorted 2,120264 0,000594
contract 0,139262 0,000039
contrast 0,385662 0,000108
contribution 0,371064 0,000104
contrived 0,713350 0,000200
control 0,223144 0,000125
convenient 0,462035 0,000129
conveniently 1,203973 0,000337
convert 0,186330 0,000052
conveyancing 3,912023 0,001095
convince 0,198451 0,000056
convulsive 1,272966 0,000356
cook 0,223144 0,000062
cool 0,248461 0,000070
coolly 1,021651 0,000286
coolness 1,171183 0,000328
copying 0,494296 0,000138
copyright 0,415515 0,000116
coquetry 1,832581 0,000513
cord 0,693147 0,000194
corded 2,659260 0,000745
corner 0,072571 0,000041
corporation 0,400478 0,000112
correct 0,235722 0,000066
correspondence 0,820981 0,000230
corridor 1,108663 0,000621
corrupt 0,235722 0,000066
cosily 2,813411 0,000788
cost 0,105361 0,000059
costly 0,916291 0,000257
counsel 0,462035 0,000129
count 0,116534 0,000065
countenance 0,371064 0,000208
countrie 3,506558 0,000982
country 0,010050 0,000006
couple 0,248461 0,000070
courage 0,150823 0,000042
court 0,094311 0,000026
cousin 0,597837 0,000167
cover 0,223144 0,000062
covered 0,139262 0,000039
crack 0,478036 0,000134
crash 0,733969 0,000411
crate 2,407946 0,000674
crawl 0,494296 0,000138
crazy 0,916291 0,000257
creak 0,967584 0,000271
create 0,094311 0,000053
creation 0,198451 0,000056
creature 0,116534 0,000065
credit 0,094311 0,000026
creep 0,198451 0,000056
crime 0,261365 0,000146
critic 1,021651 0,000286
critical 0,235722 0,000066
crony 2,302585 0,000645
cross 0,083382 0,000070
crouching 1,049822 0,000294
crowd 0,174353 0,000098
crowded 0,301105 0,000084
cruelty 0,462035 0,000129
crumple 1,237874 0,000347
crush 0,274437 0,000231
crystal 0,941609 0,000264
crystalline 2,525729 0,000707
cup 0,342490 0,000096
cupola 2,207275 0,000618
curiosity 0,210721 0,000059
curious 0,261365 0,000073
current 0,116534 0,000033
curse 0,342490 0,000192
curtain 0,328504 0,000184
custom 0,210721 0,000059
customary 0,653926 0,000183
cut 0,030459 0,000009
cymbal 2,040221 0,000571
daily 0,248461 0,000070
damage 0,223144 0,000125
damages 0,400478 0,000112
damnable 2,040221 0,000571
damned 1,139434 0,000319
damon 3,218876 0,000901
damp 0,400478 0,000112
danger 0,105361 0,000059
dapper 2,813411 0,000788
dark 0,051293 0,000014
darken 0,634878 0,000178
darkly 1,237874 0,000347
darkness 0,186330 0,000052
datum 0,494296 0,000138
day 0,000000 0,000000
daylight 0,446287 0,000125
dead 0,072571 0,000020
deadly 0,478036 0,000268
deal 0,061875 0,000035
dealer 1,171183 0,000328
death 0,020203 0,000006
debate 1,021651 0,000572
debility 2,407946 0,000674
decay 0,544727 0,000153
decayed 1,203973 0,000337
decease 1,609438 0,000451
deceive 0,261365 0,000073
december 0,562119 0,000157
decent 0,693147 0,000194
decide 0,040822 0,000023
decidedly 0,867501 0,000243
decision 0,544727 0,000153
decisively 1,897120 0,000531
declare 0,139262 0,000078
decree 0,673345 0,000189
deductible 0,562119 0,000157
deed 0,287682 0,000081
deep 0,020203 0,000011
deeply 0,261365 0,000073
defect 0,261365 0,000146
defective 0,356675 0,000100
defence 0,527633 0,000148
defiance 0,713350 0,000200
definite 0,755023 0,000211
deform 0,967584 0,000542
deformity 1,514128 0,000424
degradation 1,108663 0,000310
degree 0,150823 0,000084
delay 0,186330 0,000052
deletion 0,562119 0,000157
delicacy 0,597837 0,000167
delight 0,150823 0,000042
delighted 0,287682 0,000081
delirium 1,203973 0,000337
deliver 0,223144 0,000125
delivery 0,994252 0,000278
demand 0,051293 0,000014
demeanour 1,469676 0,000412
denizen 1,966113 0,000551
deny 0,072571 0,000041
depart 0,162519 0,000046
depend 0,040822 0,000023
dependence 1,309333 0,000367
depose 1,714798 0,000480
depravity 1,560648 0,000437
depths 0,446287 0,000125
deride 1,386294 0,000388
derivative 0,510826 0,000143
derive 0,210721 0,000118
description 0,248461 0,000070
deserted 0,385662 0,000108
design 0,287682 0,000081
desire 0,051293 0,000029
desk 0,867501 0,000243
despair 0,174353 0,000049
despise 0,342490 0,000096
despondency 1,560648 0,000437
destination 1,078810 0,000302
destiny 0,597837 0,000167
destroy 0,061875 0,000052
destroyer 1,427116 0,000400
destruction 0,342490 0,000096
detach 0,287682 0,000081
detain 0,544727 0,000153
detection 1,427116 0,000400
determination 0,616186 0,000173
determine 0,061875 0,000035
detestable 1,203973 0,000337
dethrone 2,659260 0,000745
developed 0,544727 0,000153
devil 0,301105 0,000084
devilish 1,237874 0,000347
devise 0,733969 0,000206
dew 0,755023 0,000211
diabolical 1,714798 0,000480
diaphanous 2,995732 0,000839
dictate 0,579818 0,000162
die 0,010050 0,000003
difficult 0,116534 0,000033
difficulty 0,116534 0,000033
dig 0,356675 0,000100
dimly 0,867501 0,000243
dine 0,562119 0,000472
dingy 1,347074 0,000377
dining 0,510826 0,000143
dinner 0,186330 0,000104
dire 1,171183 0,000328
direct 0,040822 0,000023
direction 0,051293 0,000029
dirt 0,544727 0,000153
disagreeably 1,897120 0,000531
disappear 0,223144 0,000062
disappearance 1,272966 0,000356
disappointed 0,415515 0,000116
discharge 0,478036 0,000134
disclaim 0,462035 0,000129
disclaimer 0,562119 0,000315
disclose 0,634878 0,000178
discolour 1,832581 0,000513
disconsolate 1,609438 0,000451
discontent 0,616186 0,000173
discontinue 0,510826 0,000143
discourse 0,579818 0,000162
discover 0,030459 0,000017
discovery 0,287682 0,000161
discriminate 1,660731 0,000465
disease 0,328504 0,000092
disgrace 0,462035 0,000129
disguise 0,494296 0,000138
disgust 0,430783 0,000121
disgustful 2,995732 0,000839
dishonourable 2,040221 0,000571
disinter 2,813411 0,000788
disk 0,415515 0,000116
dislike 0,478036 0,000268
disloyalty 2,659260 0,000745
dismal 0,843970 0,000236
dismiss 0,430783 0,000121
disordered 1,203973 0,000337
disparity 2,302585 0,000645
dispense 0,820981 0,000230
disperse 0,776529 0,000435
displace 1,309333 0,000367
display 0,162519 0,000137
displease 1,021651 0,000286
disposed 0,385662 0,000108
disposition 0,371064 0,000104
disquiet 1,309333 0,000367
disquietude 2,407946 0,000674
disregard 0,820981 0,000230
disregarding 2,207275 0,000618
disreputable 1,714798 0,000480
dissecting 2,120264 0,000594
dissociate 2,407946 0,000674
dissolution 1,427116 0,000400
distain 3,218876 0,000901
distance 0,105361 0,000030
distant 0,162519 0,000046
distaste 1,771957 0,000496
distasteful 1,714798 0,000480
distinct 0,301105 0,000084
distinguished 0,301105 0,000084
distress 0,274437 0,000077
distressed 0,673345 0,000189
distribute 0,210721 0,000177
distribution 0,430783 0,000121
distributor 0,544727 0,000153
district 0,713350 0,000200
disturbance 0,713350 0,000200
dive 0,967584 0,000271
divide 0,150823 0,000084
divine 0,356675 0,000100
divinity 0,867501 0,000243
dizziness 2,302585 0,000645
doctor 0,400478 0,000112
document 1,021651 0,000572
doff 2,040221 0,000571
doggedly 1,897120 0,000531
domain 0,328504 0,000092
domestic 0,510826 0,000143
donate 0,544727 0,000153
donation 0,446287 0,000250
donor 0,478036 0,000134
doom 0,579818 0,000325
door 0,000000 0,000000
doorstep 1,714798 0,000480
doorway 0,733969 0,000206
dose 1,108663 0,000310
double 0,139262 0,000078
doubly 1,049822 0,000294
doubt 0,040822 0,000023
doubtless 0,430783 0,000121
download 0,562119 0,000157
downright 1,272966 0,000356
doze 0,891598 0,000499
drag 0,248461 0,000070
draught 0,527633 0,000296
draw 0,020203 0,000023
drawer 0,820981 0,000460
dread 0,248461 0,000070
dreadful 0,342490 0,000096
dream 0,083382 0,000093
drearily 2,040221 0,000571
dreary 0,673345 0,000189
dress 0,162519 0,000046
dressed 0,261365 0,000073
drift 0,462035 0,000129
drink 0,072571 0,000041
drinking 0,371064 0,000104
drive 0,030459 0,000026
driver 0,713350 0,000200
drop 0,061875 0,000035
drown 0,314711 0,000088
drowsed 3,506558 0,000982
drug 0,967584 0,000542
drunkard 0,994252 0,000278
dry 0,116534 0,000033
dryness 1,966113 0,000551
dual 2,302585 0,000645
duality 2,995732 0,000839
dull 0,174353 0,000049
duplicity 2,040221 0,000571
dusky 1,021651 0,000286
dust 0,162519 0,000046
dusty 0,967584 0,000271
duty 0,061875 0,000017
dwarf 1,021651 0,000286
dwarfish 2,659260 0,000745
dwell 0,342490 0,000192
dwelling 0,494296 0,000138
dye 1,049822 0,000294
eager 0,210721 0,000059
eagerness 0,544727 0,000153
ear 0,061875 0,000035
earn 0,446287 0,000125
earnest 0,261365 0,000073
earnestly 0,415515 0,000116
earth 0,051293 0,000014
earthly 0,673345 0,000189
ease 0,150823 0,000042
easily 0,072571 0,000020
east 0,235722 0,000066
eastward 1,203973 0,000337
easy 0,000000 0,000000
eat 0,040822 0,000011
eating 0,235722 0,000066
ebullition 2,813411 0,000788
eccentric 0,916291 0,000257
echo 0,356675 0,000100
ecstasy 0,798508 0,000224
eddy 1,237874 0,000347
edge 0,150823 0,000042
edinburgh 2,040221 0,000571
edition 0,287682 0,000161
educational 0,446287 0,000125
edward 1,049822 0,000294
effervesce 3,218876 0,000901
efficacy 1,966113 0,000551
efficiency 2,040221 0,000571
effort 0,094311 0,000053
effulgence 2,302585 0,000645
elapse 0,891598 0,000250
elastic 1,386294 0,000388
elbow 0,494296 0,000138
elderly 0,843970 0,000236
elect 0,210721 0,000059
electronic 0,544727 0,000153
electronically 0,544727 0,000153
elegant 0,634878 0,000178
element 0,342490 0,000096
elicit 1,272966 0,000356
eliminate 1,714798 0,000480
email 0,562119 0,000157
embarrassed 0,916291 0,000257
embattled 2,207275 0,000618
ember 1,108663 0,000310
embrace 0,235722 0,000066
eminently 1,469676 0,000412
emotion 0,356675 0,000100
emotional 1,171183 0,000328
emperor 0,916291 0,000257
emphatically 1,203973 0,000337
empire 0,634878 0,000178
employ 0,235722 0,000066
employee 0,510826 0,000286
emulously 3,912023 0,001095
enclosure 1,139434 0,000638
encode 0,653926 0,000183
encounter 0,446287 0,000125
endorse 2,407946 0,000674
endow 0,673345 0,000189
endure 0,210721 0,000059
enemy 0,105361 0,000030
energy 0,371064 0,000208
enfield 2,995732 0,000839
engaged 0,198451 0,000056
engagement 0,634878 0,000178
english 0,094311 0,000026
engraver 2,659260 0,000745
enigma 1,771957 0,000496
enjoy 0,072571 0,000041
enormously 1,427116 0,000400
enslave 1,272966 0,000356
ensure 0,342490 0,000096
enter 0,020203 0,000017
enterprise 0,755023 0,000211
entertainer 2,407946 0,000674
entire 0,274437 0,000077
entity 0,544727 0,000153
entrance 0,210721 0,000059
entry 0,776529 0,000435
envelope 1,347074 0,000377
envy 0,446287 0,000125
equal 0,162519 0,000046
equally 0,223144 0,000062
equip 0,967584 0,000271
equipment 0,415515 0,000116
ere 0,634878 0,000178
errand 0,733969 0,000206
error 0,072571 0,000041
escape 0,061875 0,000035
essence 0,693147 0,000194
estate 0,478036 0,000134
esteem 0,478036 0,000134
estimation 1,139434 0,000319
estrange 1,386294 0,000388
ether 1,832581 0,000513
evening 0,072571 0,000020
event 0,150823 0,000042
evidence 0,235722 0,000066
evident 0,356675 0,000100
evil 0,150823 0,000042
exact 0,274437 0,000077
exacting 1,272966 0,000356
exaggerate 1,139434 0,000319
exaggerated 0,843970 0,000236
examine 0,150823 0,000084
exceed 0,462035 0,000259
excellent 0,150823 0,000042
exception 0,446287 0,000125
excess 0,579818 0,000162
exchange 0,210721 0,000118
excitement 0,415515 0,000116
exclaim 0,287682 0,000081
exclamation 0,755023 0,000211
exclusion 0,371064 0,000104
excursion 0,891598 0,000250
exempt 0,314711 0,000088
exercise 0,235722 0,000066
exertion 0,693147 0,000194
exhausted 0,400478 0,000112
exhibition 0,994252 0,000278
exist 0,072571 0,000061
existence 0,150823 0,000042
exorbitant 1,771957 0,000496
expect 0,051293 0,000014
expectation 0,356675 0,000100
expend 0,301105 0,000084
expense 0,127833 0,000072
experience 0,072571 0,000020
experiment 0,494296 0,000277
explain 0,116534 0,000098
explanation 0,139262 0,000039
explicit 1,347074 0,000377
export 0,446287 0,000125
exposed 0,301105 0,000084
express 0,072571 0,000041
expression 0,116534 0,000033
exquisitely 1,386294 0,000388
extent 0,083382 0,000023
extinguish 0,562119 0,000157
extraneous 2,040221 0,000571
extraordinary 0,371064 0,000104
extreme 0,186330 0,000052
extremity 0,693147 0,000194
exult 1,309333 0,000367
eye 0,000000 0,000000
eyed 0,597837 0,000167
eyesore 3,506558 0,000982
fabric 1,237874 0,000347
faced 0,820981 0,000230
facility 0,342490 0,000096
faculty 0,510826 0,000143
fade 0,371064 0,000104
fagot 2,120264 0,000594
fail 0,072571 0,000061
failure 0,415515 0,000116
faint 0,186330 0,000157
faintness 1,714798 0,000480
fair 0,051293 0,000014
faith 0,210721 0,000059
fall 0,000000 0,000000
falls 0,328504 0,000092
fame 0,478036 0,000134
familiar 0,150823 0,000084
familiarity 0,843970 0,000236
family 0,061875 0,000017
famous 0,261365 0,000073
fan 0,579818 0,000162
fanciful 1,272966 0,000356
fancy 0,162519 0,000046
fantastic 0,798508 0,000224
farewell 0,634878 0,000178
farrago 3,218876 0,000901
fashion 0,105361 0,000030
fast 0,030459 0,000009
fatal 0,342490 0,000096
fate 0,174353 0,000049
father 0,061875 0,000017
fault 0,139262 0,000078
favour 0,544727 0,000153
favourite 0,653926 0,000183
fear 0,020203 0,000017
fearful 0,400478 0,000112
feat 0,967584 0,000271
feature 0,261365 0,000146
federal 0,527633 0,000148
fee 0,301105 0,000169
feel 0,020203 0,000006
feeling 0,072571 0,000041
feint 1,897120 0,000531
fellow 0,040822 0,000023
fender 1,714798 0,000480
ferocity 1,237874 0,000347
fever 0,342490 0,000096
feverish 0,843970 0,000236
field 0,094311 0,000026
fiend 1,049822 0,000294
figure 0,051293 0,000029
file 0,223144 0,000125
finally 0,150823 0,000042
financial 0,415515 0,000116
fine 0,061875 0,000017
finger 0,150823 0,000042
finishing 0,843970 0,000236
firelight 1,660731 0,000465
fireside 1,609438 0,000451
firm 0,248461 0,000070
fish 0,287682 0,000081
fit 0,030459 0,000026
fitness 0,446287 0,000125
fitting 2,407946 0,000674
fixedly 1,427116 0,000400
flag 0,653926 0,000183
flame 0,248461 0,000070
flash 0,261365 0,000073
flat 0,139262 0,000039
fleck 1,714798 0,000480
flee 0,301105 0,000169
flesh 0,210721 0,000059
fleshly 2,040221 0,000571
flicker 0,755023 0,000211
flight 0,287682 0,000081
flighty 2,207275 0,000618
flock 0,385662 0,000108
floor 0,174353 0,000049
florid 1,560648 0,000437
flush 0,562119 0,000472
flying 0,235722 0,000066
fog 0,653926 0,000366
fogged 3,912023 0,001095
foggy 1,469676 0,000412
folk 0,527633 0,000148
follow 0,020203 0,000006
folly 0,274437 0,000077
fond 0,261365 0,000073
foot 0,051293 0,000029
footfall 2,207275 0,001236
footman 1,108663 0,000310
footstep 0,430783 0,000121
footway 3,218876 0,000901
force 0,030459 0,000017
forehead 0,400478 0,000112
foresee 0,494296 0,000277
forest 0,356675 0,000100
forfeit 1,237874 0,000693
forge 0,798508 0,000224
forgery 1,897120 0,000531
forget 0,010050 0,000008
forgive 0,314711 0,000088
form 0,020203 0,000011
formality 1,078810 0,000302
format 0,562119 0,000315
formlessly 3,912023 0,001095
fortify 0,994252 0,000278
fortnight 0,941609 0,000264
fortress 1,021651 0,000286
fortune 0,162519 0,000046
foul 0,616186 0,000173
foully 2,995732 0,000839
foundation 0,127833 0,000072
fourth 0,174353 0,000049
fracture 1,897120 0,000531
frame 0,174353 0,000049
frank 0,597837 0,000167
freedom 0,223144 0,000062
freely 0,105361 0,000030
freeze 0,941609 0,000791
french 0,342490 0,000096
frenzy 0,867501 0,000243
frequency 1,660731 0,000465
frequent 0,287682 0,000081
frequently 0,287682 0,000081
fresh 0,105361 0,000030
freshly 1,347074 0,000377
freshness 1,021651 0,000286
friend 0,000000 0,000000
friendless 1,771957 0,000496
friendly 0,248461 0,000070
friendship 0,261365 0,000073
frightened 0,301105 0,000084
fro 0,494296 0,000138
frost 0,653926 0,000183
frown 0,673345 0,000189
fruitful 1,171183 0,000328
fugitive 0,967584 0,000271
fume 0,941609 0,000264
funeral 0,597837 0,000167
furious 0,430783 0,000121
furnished 0,328504 0,000092
furniture 0,415515 0,000116
furtherance 2,120264 0,000594
fury 0,328504 0,000092
future 0,105361 0,000030
gable 1,832581 0,000513
gabriel 1,966113 0,000551
gaiety 1,237874 0,000347
gaily 1,078810 0,000302
gain 0,040822 0,000023
gallows 1,386294 0,000388
garden 0,150823 0,000042
garment 0,400478 0,000112
gasp 0,579818 0,000162
gather 0,061875 0,000017
gaunt 1,139434 0,000319
gay 0,494296 0,000138
gaze 0,314711 0,000176
generation 0,127833 0,000072
generosity 0,798508 0,000224
generous 0,356675 0,000100
genial 0,994252 0,000278
geniality 2,525729 0,000707
gentleman 0,223144 0,000125
gently 0,235722 0,000066
genuine 0,597837 0,000167
gesticulate 1,714798 0,000480
gesture 0,510826 0,000143
ghastly 0,867501 0,000243
ghost 0,462035 0,000129
gift 0,210721 0,000059
gin 1,427116 0,000400
girl 0,198451 0,000056
glad 0,072571 0,000020
glance 0,186330 0,000157
glass 0,174353 0,000049
glazed 1,660731 0,000465
glee 1,309333 0,000367
glide 0,673345 0,000189
glimmer 0,967584 0,000271
glimpse 0,462035 0,000259
gloat 1,832581 0,000513
gloom 0,579818 0,000162
gloomily 1,386294 0,000388
gloomy 0,462035 0,000129
glorious 0,462035 0,000129
glory 0,301105 0,000084
glow 0,314711 0,000176
gnash 1,966113 0,000551
gnaw 0,967584 0,000271
goal 0,274437 0,000077
god 0,083382 0,000023
gold 0,083382 0,000023
goodwill 1,660731 0,000465
govern 0,186330 0,000052
gradually 0,328504 0,000092
graduate 1,771957 0,000496
grant 0,061875 0,000052
grasp 0,274437 0,000077
grate 0,673345 0,000189
gratefully 0,415515 0,000116
gratification 0,994252 0,000278
gratify 0,733969 0,000206
gratitude 0,478036 0,000134
grave 0,116534 0,000033
greatness 0,693147 0,000194
greed 1,609438 0,000451
greedy 1,021651 0,000286
green 0,105361 0,000030
grey 0,562119 0,000157
grind 0,755023 0,000211
grope 0,733969 0,000206
gross 0,235722 0,000066
ground 0,030459 0,000009
grounds 0,446287 0,000125
grow 0,010050 0,000014
growl 0,941609 0,000264
growth 0,430783 0,000121
grunt 1,021651 0,000286
guarantee 1,203973 0,000337
guard 0,083382 0,000023
guess 0,223144 0,000062
guest 0,235722 0,000066
guide 0,083382 0,000023
guilt 0,544727 0,000153
guilty 0,356675 0,000100
gulp 1,386294 0,000388
gust 1,139434 0,000319
gusto 2,120264 0,000594
gutter 1,049822 0,000294
gymnastics 2,525729 0,000707
habit 0,162519 0,000091
haggard 1,021651 0,000286
hail 0,415515 0,000233
hair 0,072571 0,000020
haired 0,820981 0,000230
hairy 1,078810 0,000302
hall 0,274437 0,000077
halloa 2,120264 0,000594
hand 0,010050 0,000008
handbill 3,506558 0,000982
handkerchief 0,616186 0,000173
handle 0,223144 0,000062
handsome 0,328504 0,000092
handwriting 1,237874 0,000347
handy 0,967584 0,000271
hang 0,198451 0,000056
hanging 0,235722 0,000066
hansom 2,302585 0,000645
happen 0,030459 0,000009
happily 0,478036 0,000134
happiness 0,150823 0,000042
happy 0,061875 0,000017
hard 0,040822 0,000023
hark 1,139434 0,000319
harm 0,210721 0,000059
harmless 0,248461 0,000070
harpy 2,040221 0,000571
harry 1,203973 0,000337
harsh 0,462035 0,000129
hart 0,462035 0,000129
haste 0,371064 0,000104
hasten 0,371064 0,000104
hat 0,446287 0,000125
hate 0,150823 0,000084
hateful 0,891598 0,000250
hatred 0,494296 0,000277
haunch 1,469676 0,000412
haunt 0,385662 0,000216
haunting 1,469676 0,000412
hazard 0,776529 0,000217
head 0,000000 0,000000
headlong 0,843970 0,000236
heady 3,218876 0,000901
healthy 0,356675 0,000100
heap 0,248461 0,000070
hear 0,010050 0,000006
hearkening 2,813411 0,000788
heart 0,010050 0,000003
hearted 0,415515 0,000116
hearth 0,843970 0,000236
hearty 0,616186 0,000173
heather 2,207275 0,000618
heave 0,820981 0,000230
heaven 0,174353 0,000049
heavy 0,030459 0,000009
heel 0,356675 0,000200
heir 0,527633 0,000296
hellish 1,966113 0,000551
helpless 0,328504 0,000092
henceforth 0,867501 0,000243
henry 0,713350 0,000200
herald 1,139434 0,000319
heresy 1,469676 0,000823
hesitate 0,314711 0,000176
hide 0,072571 0,000020
hideous 0,527633 0,000148
highly 0,261365 0,000073
hill 0,150823 0,000042
hillside 1,386294 0,000388
hinge 0,916291 0,000513
hire 0,733969 0,000206
hiss 0,653926 0,000183
hitherto 0,385662 0,000108
hoarse 0,867501 0,000243
hoarsely 1,560648 0,000437
hold 0,010050 0,000006
holder 0,430783 0,000121
holograph 3,912023 0,001095
homeward 0,891598 0,000250
honest 0,235722 0,000066
honesty 0,733969 0,000206
honour 0,494296 0,000277
honourable 0,941609 0,000264
hope 0,000000 0,000000
horrible 0,356675 0,000100
horrid 0,713350 0,000200
horror 0,198451 0,000111
host 0,446287 0,000250
hot 0,116534 0,000033
hotel 0,820981 0,000230
hotness 3,912023 0,001095
hour 0,061875 0,000035
house 0,020203 0,000011
household 0,430783 0,000121
housekeeper 1,139434 0,000319
houseless 2,525729 0,000707
housemaid 1,514128 0,000424
houses 0,139262 0,000039
huddle 1,078810 0,000302
hue 0,776529 0,000435
hum 0,579818 0,000325
human 0,072571 0,000020
humble 0,261365 0,000073
humility 0,867501 0,000243
humorous 1,427116 0,000400
hung 0,174353 0,000049
hunt 0,371064 0,000104
hurriedly 0,891598 0,000250
hurry 0,162519 0,000137
hurt 0,150823 0,000042
husky 1,560648 0,000437
hyde 1,897120 0,000531
hypocrisy 1,347074 0,000377
hypocrite 1,771957 0,000496
hysteria 2,813411 0,000788
hysterical 1,469676 0,000412
ice 0,527633 0,000148
icy 1,203973 0,000337
idea 0,083382 0,000023
identical 0,994252 0,000278
identification 0,527633 0,000148
identify 0,342490 0,000096
identity 1,021651 0,000572
idiosyncratic 3,912023 0,001095
idol 1,237874 0,000347
ignorance 0,287682 0,000081
ignorant 0,301105 0,000084
illusion 0,994252 0,000278
image 0,301105 0,000169
imagination 0,223144 0,000062
imagine 0,083382 0,000023
imitation 0,673345 0,000189
immaterial 1,966113 0,000551
immateriality 3,506558 0,000982
immense 0,314711 0,000088
immodest 2,407946 0,000674
immunity 1,771957 0,000496
impatience 0,634878 0,000178
impatient 0,371064 0,000104
impediment 1,560648 0,000437
impending 1,171183 0,000328
impenetrable 1,049822 0,000294
imperfect 0,673345 0,000189
imperial 1,021651 0,000286
imperious 1,237874 0,000347
imply 0,235722 0,000066
impose 0,162519 0,000046
impossible 0,094311 0,000026
impressed 0,510826 0,000143
impression 0,210721 0,000059
imprint 1,139434 0,000319
improvement 0,616186 0,000173
impulse 0,400478 0,000112
impure 1,469676 0,000412
impurity 1,560648 0,000437
inaccurate 0,510826 0,000143
incident 0,356675 0,000100
incidental 0,446287 0,000125
incipient 2,525729 0,000707
inclination 0,544727 0,000153
incline 0,733969 0,000206
inclined 0,186330 0,000052
include 0,072571 0,000081
incoherency 2,995732 0,000839
incomplete 0,301105 0,000084
incongruous 1,771957 0,000496
incorporate 1,560648 0,000437
increase 0,061875 0,000035
incredibly 1,897120 0,000531
incredulous 1,309333 0,000367
incurable 1,386294 0,000388
indemnify 0,446287 0,000125
indemnity 0,527633 0,000148
independent 0,510826 0,000143
indescribable 1,108663 0,000310
indescribably 1,771957 0,000496
indifference 0,527633 0,000148
indifferent 0,400478 0,000112
indifferently 1,049822 0,000294
indignation 0,510826 0,000143
indirect 0,446287 0,000125
indirectly 0,371064 0,000104
individual 0,139262 0,000039
indoors 1,469676 0,000412
induce 0,328504 0,000092
inducement 1,237874 0,000347
indulge 0,527633 0,000148
indulgence 0,755023 0,000211
industry 0,843970 0,000236
inexact 2,813411 0,000788
inexplicable 1,171183 0,000328
infallibly 1,427116 0,000400
infamy 1,139434 0,000319
infinite 0,430783 0,000121
inflict 0,579818 0,000162
influence 0,198451 0,000056
infringement 0,544727 0,000153
ingredient 1,514128 0,000848
inhabitants 0,446287 0,000125
inherently 3,506558 0,000982
inherit 0,579818 0,000162
iniquity 1,514128 0,000424
inject 2,995732 0,000839
injury 0,301105 0,000084
inmate 1,203973 0,000337
inmost 1,309333 0,000367
inn 0,713350 0,000200
innocent 0,186330 0,000052
inopportunity 3,912023 0,001095
inordinate 1,771957 0,000496
inorganic 2,813411 0,000788
inquire 0,235722 0,000198
insane 0,994252 0,000278
inscrutable 1,514128 0,000424
insensate 2,407946 0,000674
insensibility 1,609438 0,000451
insensibly 1,386294 0,000388
inseparable 1,203973 0,000337
insidiously 2,995732 0,000839
insist 0,223144 0,000125
inspector 1,427116 0,000400
instance 0,116534 0,000033
instant 0,210721 0,000059
instantly 0,356675 0,000100
instinct 0,356675 0,000200
instruction 0,328504 0,000092
instrument 0,248461 0,000070
insubstantial 3,506558 0,000982
insurgent 2,525729 0,000707
intake 2,995732 0,000839
intellectual 0,235722 0,000066
intelligence 0,301105 0,000084
intelligent 0,342490 0,000096
intention 0,127833 0,000036
intercourse 0,798508 0,000224
internal 0,261365 0,000073
international 0,494296 0,000138
interpret 0,235722 0,000066
intimacy 0,843970 0,000236
invalidity 0,527633 0,000148
investigation 0,713350 0,000200
inveterately 3,506558 0,000982
invitation 0,494296 0,000138
involuntary 1,021651 0,000286
involve 0,820981 0,000230
involved 0,579818 0,000162
inwards 1,966113 0,000551
iron 0,162519 0,000046
irregular 0,733969 0,000206
irregularity 1,386294 0,000388
irrepressible 1,427116 0,000400
irrevocably 1,897120 0,000531
irritated 1,078810 0,000302
irs 0,562119 0,000157
issue 0,198451 0,000056
ivory 0,820981 0,000230
ivy 1,272966 0,000356
jack 0,755023 0,000211
jangled 2,813411 0,000788
january 0,693147 0,000194
jaw 0,544727 0,000153
jekyll 3,218876 0,000901
jerk 0,820981 0,000230
jewel 0,634878 0,000178
john 0,328504 0,000092
journey 0,150823 0,000042
joy 0,127833 0,000036
judge 0,061875 0,000052
judgment 0,198451 0,000056
juggernaut 2,995732 0,000839
jump 0,430783 0,000121
justice 0,162519 0,000046
justify 0,562119 0,000157
katharine 3,218876 0,000901
keen 0,371064 0,000104
ken 1,714798 0,000480
kernel 2,207275 0,000618
kettle 1,108663 0,000310
key 0,342490 0,000096
kill 0,083382 0,000070
kindle 0,693147 0,000388
kindly 0,223144 0,000062
kindness 0,274437 0,000077
kinsman 1,469676 0,000412
kitchen 0,562119 0,000157
knee 0,150823 0,000084
knife 0,287682 0,000081
knit 0,673345 0,000189
knock 0,287682 0,000081
knocker 2,120264 0,000594
knowledge 0,061875 0,000017
knuckly 3,506558 0,000982
laboratory 1,832581 0,000513
labour 0,562119 0,000472
labyrinth 1,514128 0,000424
laden 0,673345 0,000189
lake 0,162519 0,000046
lamentation 1,078810 0,000302
lamp 0,400478 0,000224
lamplight 2,120264 0,000594
lamplighted 3,912023 0,001095
lamplit 3,218876 0,000901
land 0,051293 0,000014
lane 0,653926 0,000183
language 0,072571 0,000020
languidly 1,714798 0,000480
lash 0,562119 0,000157
late 0,094311 0,000026
lateness 2,207275 0,000618
laugh 0,094311 0,000026
laughable 1,897120 0,000531
laughter 0,274437 0,000077
law 0,020203 0,000011
lawny 3,912023 0,001095
lawyer 0,673345 0,000377
lay 0,030459 0,000026
lazily 1,237874 0,000347
lazy 0,616186 0,000173
lead 0,020203 0,000011
leading 0,139262 0,000039
lean 0,127833 0,000072
leap 0,287682 0,000242
learn 0,020203 0,000017
leave -0,009950 -0,000006
left 0,000000 0,000000
leg 0,235722 0,000066
legal 0,261365 0,000073
legally 0,342490 0,000096
legibly 3,218876 0,000901
leisurely 1,108663 0,000310
lend 0,430783 0,000241
lesson 0,287682 0,000081
lethal 2,813411 0,000788
letter 0,072571 0,000041
liability 0,462035 0,000129
liable 0,235722 0,000066
liberty 0,198451 0,000056
library 0,223144 0,000062
licence 1,560648 0,000437
license 0,301105 0,000084
licensed 0,430783 0,000121
lick 0,673345 0,000189
lie 0,020203 0,000023
lieu 0,415515 0,000116
life -0,009950 -0,000006
lift 0,116534 0,000033
light 0,000000 0,000000
lighted 0,261365 0,000073
lighten 0,597837 0,000167
lightly 0,430783 0,000121
limb 0,248461 0,000070
limitation 0,371064 0,000208
limited 0,261365 0,000073
linger 0,446287 0,000125
link 0,174353 0,000098
lip 0,127833 0,000072
liquor 0,798508 0,000224
list 0,301105 0,000084
listen 0,105361 0,000118
literally 0,713350 0,000200
literary 0,287682 0,000081
litter 0,843970 0,000236
live 0,010050 0,000006
lively 0,385662 0,000216
living 0,020203 0,000006
lo 0,916291 0,000257
load 0,430783 0,000241
loathe 1,309333 0,000367
loathing 1,386294 0,000388
locate 0,371064 0,000104
location 0,494296 0,000138
lock 0,162519 0,000091
locking 1,272966 0,000356
locksmith 2,302585 0,000645
london 0,415515 0,000116
longing 0,653926 0,000366
loose 0,094311 0,000026
lose 0,000000 0,000000
loser 2,120264 0,000594
loss 0,083382 0,000023
lot 0,051293 0,000014
loud 0,105361 0,000059
loudly 0,400478 0,000112
louis 1,078810 0,000302
lovable 2,207275 0,000618
love 0,030459 0,000017
lover 0,356675 0,000100
luck 0,446287 0,000125
ludicrous 1,386294 0,000388
lumber 1,203973 0,000337
lurid 1,609438 0,000451
lurk 0,616186 0,000173
lust 0,820981 0,000460
luxury 0,462035 0,000129
machine 0,210721 0,000059
mad 0,235722 0,000066
madman 0,941609 0,000264
madness 0,597837 0,000167
mahogany 1,609438 0,000451
maid 0,415515 0,000116
mail 0,820981 0,000230
main 0,127833 0,000036
maintain 0,094311 0,000026
majority 0,597837 0,000167
malady 1,309333 0,000367
malefactor 1,966113 0,000551
malformation 3,506558 0,000982
malign 2,120264 0,000594
manage 0,261365 0,000073
manager 0,597837 0,000167
mangled 1,660731 0,000465
mankind 0,478036 0,000134
manner 0,040822 0,000011
manners 0,274437 0,000077
mantle 0,776529 0,000217
manufacture 1,078810 0,000302
map 0,916291 0,000257
march 0,223144 0,000062
margin 0,994252 0,000278
mark 0,105361 0,000059
marked 0,061875 0,000017
marrow 1,386294 0,000388
marvellous 0,891598 0,000250
mask 0,673345 0,000377
master 0,072571 0,000041
mat 0,820981 0,000230
match 0,301105 0,000084
mate 0,713350 0,000200
material 0,261365 0,000073
matter 0,000000 0,000000
maul 2,407946 0,000674
maw 1,966113 0,000551
maximum 0,478036 0,000134
meal 0,261365 0,000146
measure 0,127833 0,000072
measurement 1,714798 0,000480
medicine 0,562119 0,000157
medium 0,223144 0,000062
meet 0,010050 0,000006
meeting 0,162519 0,000091
melancholy 0,342490 0,000096
melt 0,385662 0,000216
memory 0,162519 0,000046
menace 1,021651 0,000286
mend 0,653926 0,000183
mental 0,430783 0,000121
mention 0,105361 0,000030
merchantability 0,994252 0,000278
mercy 0,210721 0,000059
mere 0,094311 0,000026
merrily 1,272966 0,000356
messenger 0,562119 0,000157
metamorphoses 2,525729 0,000707
method 0,094311 0,000053
michael 0,400478 0,000112
middle 0,030459 0,000009
midnight 0,328504 0,000092
midst 0,287682 0,000081
midway 1,514128 0,000424
mien 1,660731 0,000465
mighty 0,328504 0,000092
mind 0,020203 0,000011
minims 3,506558 0,000982
minute 0,150823 0,000084
miracle 0,597837 0,000167
mirror 0,579818 0,000162
mirth 0,776529 0,000217
misbegotten 3,218876 0,000901
mischief 0,494296 0,000138
misdeed 2,120264 0,000594
misdirect 2,525729 0,000707
misgive 2,302585 0,000645
misgiving 1,469676 0,000412
mishap 1,660731 0,000465
mission 0,210721 0,000059
mississippi 0,415515 0,000116
mist 0,430783 0,000241
mix 0,274437 0,000154
mixture 0,597837 0,000167
modest 0,371064 0,000104
modification 0,478036 0,000134
modify 0,356675 0,000100
moisture 1,108663 0,000310
moment 0,010050 0,000006
momentary 0,693147 0,000194
money 0,051293 0,000014
monkey 0,941609 0,000264
monstrous 0,400478 0,000112
month 0,040822 0,000023
moon 0,261365 0,000073
mop 1,832581 0,000513
moral 0,301105 0,000084
morally 1,171183 0,000328
morbid 1,469676 0,000412
morning 0,040822 0,000011
morrow 0,328504 0,000092
mortal 0,314711 0,000088
mortify 2,040221 0,000571
motion 0,223144 0,000062
mottled 2,120264 0,000594
moulding 2,813411 0,000788
mount 0,210721 0,000118
mountain 0,400478 0,000112
mournful 0,941609 0,000264
mouth 0,061875 0,000017
movement 0,287682 0,000081
muddy 0,867501 0,000243
muffle 1,108663 0,000310
multifarious 2,525729 0,000707
murder 0,248461 0,000139
murderer 0,733969 0,000206
murderous 1,078810 0,000302
muscular 1,203973 0,000337
musing 1,237874 0,000347
musingly 2,207275 0,000618
muster 1,078810 0,000302
mutter 0,653926 0,000183
mysterious 0,314711 0,000088
mystery 0,235722 0,000132
mystic 1,108663 0,000310
nail 0,356675 0,000100
naked 0,274437 0,000077
nameable 3,912023 0,001095
nameless 1,078810 0,000302
napery 3,506558 0,000982
narrate 1,203973 0,000337
narrative 0,579818 0,000325
narrow 0,094311 0,000026
nationality 1,897120 0,000531
natural 0,094311 0,000026
naturally 0,210721 0,000059
nature 0,094311 0,000053
naturedly 1,897120 0,000531
nausea 2,120264 0,000594
nearer 0,400478 0,000112
neat 0,653926 0,000183
neatly 1,049822 0,000294
necessity 0,210721 0,000059
neglect 0,274437 0,000077
negligence 0,415515 0,000116
neighbour 0,510826 0,000286
neighbourhood 0,776529 0,000217
nerve 0,371064 0,000104
nervous 0,494296 0,000138
network 0,415515 0,000116
news 0,210721 0,000059
newsboys 3,506558 0,000982
newsletter 0,562119 0,000157
nicely 1,021651 0,000286
nicety 1,514128 0,000424
night 0,010050 0,000003
nightly 1,171183 0,000328
nightmare 1,171183 0,000656
ninth 0,994252 0,000278
noble 0,198451 0,000111
nocturnal 1,272966 0,000356
nod 0,371064 0,000208
noise 0,139262 0,000039
nonproprietary 0,562119 0,000157
noon 0,430783 0,000121
north 0,083382 0,000023
nose 0,261365 0,000073
notable 1,272966 0,000356
note 0,094311 0,000026
notice 0,020203 0,000011
notify 0,371064 0,000104
notion 0,314711 0,000088
nourish 0,916291 0,000257
novelty 0,798508 0,000224
nut 0,820981 0,000230
oak 0,673345 0,000189
obey 0,223144 0,000062
object 0,105361 0,000059
obligation 0,597837 0,000335
oblige 0,210721 0,000118
obliterate 1,469676 0,000412
obnoxious 1,514128 0,000424
obscure 0,478036 0,000134
obsequiously 3,218876 0,000901
observation 0,446287 0,000125
observations 0,867501 0,000243
observe 0,094311 0,000026
observer 0,820981 0,000460
obsolete 0,446287 0,000125
obstacle 0,510826 0,000143
obvious 0,415515 0,000116
occasion 0,105361 0,000059
occasional 0,510826 0,000143
occasionally 0,371064 0,000104
occupy 0,174353 0,000049
occur 0,083382 0,000047
october 0,653926 0,000183
odd 0,385662 0,000108
oddly 1,469676 0,000412
odious 0,941609 0,000264
odour 1,021651 0,000286
offended 0,616186 0,000173
offer 0,020203 0,000017
office 0,072571 0,000041
officer 0,314711 0,000176
official 0,223144 0,000062
online 0,510826 0,000143
opportunity 0,061875 0,000035
oration 1,560648 0,000437
ordinary 0,186330 0,000052
organized 0,356675 0,000100
origin 0,527633 0,000148
original 0,105361 0,000030
originator 0,478036 0,000134
outdated 0,562119 0,000157
outstrip 1,347074 0,000377
overcome 0,198451 0,000056
overdose 3,912023 0,001095
overhead 0,843970 0,000236
overlook 0,527633 0,000148
overpowering 1,309333 0,000367
overthrow 0,967584 0,000271
owe 0,105361 0,000030
owner 0,083382 0,000023
pace 0,186330 0,000052
pacify 1,272966 0,000356
packed 0,616186 0,000173
packet 1,237874 0,000347
packing 1,108663 0,000310
pain 0,051293 0,000014
painfully 0,916291 0,000257
paint 0,274437 0,000077
pair 0,210721 0,000118
palace 0,494296 0,000138
pale 0,186330 0,000052
pall 1,272966 0,000356
pallor 1,347074 0,000377
pamper 2,813411 0,000788
panel 1,203973 0,000337
pang 0,634878 0,000356
paper 0,083382 0,000047
paperwork 0,562119 0,000157
paragraph 0,328504 0,000184
pardon 0,287682 0,000081
park 0,713350 0,000200
parley 1,514128 0,000424
parry 1,832581 0,000513
partake 1,021651 0,000286
partial 0,733969 0,000206
particulars 0,776529 0,000217
partly 0,301105 0,000084
party 0,030459 0,000009
pass 0,020203 0,000017
passage 0,105361 0,000030
passenger 0,653926 0,000366
passer 1,078810 0,000302
passing 0,094311 0,000026
passion 0,174353 0,000098
patent 0,941609 0,000264
path 0,150823 0,000042
pathetically 1,897120 0,000531
patience 0,139262 0,000039
patient 0,274437 0,000154
patrol 1,966113 0,000551
pattern 0,597837 0,000167
pause 0,314711 0,000264
paved 1,108663 0,000310
pavement 0,755023 0,000211
pavilion 1,560648 0,000437
pay 0,030459 0,000026
payable 2,407946 0,000674
payment 0,274437 0,000154
peace 0,094311 0,000026
pecuniary 1,386294 0,000388
pedant 2,302585 0,000645
pedantically 3,506558 0,000982
peep 0,634878 0,000178
peered 1,237874 0,000347
peevishly 2,995732 0,000839
peg 1,139434 0,000319
pen 0,235722 0,000066
penetration 1,347074 0,000377
penitence 1,514128 0,000424
penny 0,634878 0,000178
perceive 0,198451 0,000056
perch 0,891598 0,000250
perennial 1,966113 0,000551
perfect 0,061875 0,000017
perfectly 0,162519 0,000046
perform 0,072571 0,000061
performance 0,127833 0,000036
peril 0,693147 0,000194
period 0,235722 0,000066
periodic 0,544727 0,000153
permanent 0,223144 0,000062
permanently 1,386294 0,000388
permission 0,150823 0,000042
permit 0,094311 0,000026
perplex 0,653926 0,000183
perplexity 0,755023 0,000211
person -0,009950 -0,000006
personal 0,223144 0,000062
personality 0,967584 0,000271
persuade 0,223144 0,000062
pet 0,891598 0,000250
petition 0,941609 0,000264
petrified 1,469676 0,000412
phase 1,108663 0,000310
phenomenon 0,820981 0,000230
phial 2,407946 0,000674
phosphorus 2,813411 0,000788
photograph 1,347074 0,000377
phrase 0,139262 0,000039
physical 0,198451 0,000056
physician 0,693147 0,000194
picture 0,139262 0,000078
piece 0,020203 0,000011
pile 0,328504 0,000092
pillar 0,597837 0,000167
pink 0,820981 0,000230
pious 0,733969 0,000206
pit 0,597837 0,000167
pitch 0,261365 0,000146
pitiful 0,798508 0,000224
pity 0,139262 0,000039
plain 0,040822 0,000011
plainly 0,261365 0,000073
plate 0,314711 0,000088
play 0,040822 0,000034
plaything 1,386294 0,000388
plead 0,400478 0,000112
pleasant 0,162519 0,000091
pleased 0,150823 0,000042
pleasure 0,051293 0,000029
pledge 0,634878 0,000178
plentiful 1,049822 0,000294
plenty 0,235722 0,000066
plod 1,714798 0,000480
pluck 0,371064 0,000208
plunge 0,314711 0,000088
ply 1,021651 0,000286
pocket 0,371064 0,000208
poignant 1,560648 0,000437
poker 1,660731 0,000465
polar 1,966113 0,000551
police 0,755023 0,000211
policeman 1,237874 0,000347
polished 0,673345 0,000189
politeness 0,798508 0,000224
polity 2,813411 0,000788
poor 0,020203 0,000006
popular 0,430783 0,000121
portico 1,771957 0,000496
portland 2,407946 0,000674
portrait 0,597837 0,000167
position 0,162519 0,000046
positive 0,597837 0,000167
possess 0,061875 0,000035
possession 0,083382 0,000047
possibility 0,150823 0,000084
post 0,051293 0,000029
postmark 2,659260 0,000745
postoffice 3,218876 0,000901
postpone 1,021651 0,000286
posture 0,967584 0,000271
potently 3,218876 0,000901
potion 2,040221 0,000571
pound 0,314711 0,000088
powder 0,597837 0,000167
power 0,030459 0,000017
practical 0,494296 0,000138
practically 0,235722 0,000066
practice 0,116534 0,000033
practise 0,510826 0,000143
praise 0,274437 0,000077
prayer 0,287682 0,000081
precede 0,385662 0,000108
predecease 3,506558 0,000982
predecessor 1,049822 0,000294
preface 0,713350 0,000200
prefer 0,174353 0,000098
preference 0,843970 0,000236
premature 1,203973 0,000337
prematurely 1,427116 0,000400
premonitory 2,407946 0,000674
preparation 0,328504 0,000092
prepare 0,116534 0,000033
prepared 0,105361 0,000030
presence 0,094311 0,000026
presently 0,385662 0,000108
presentment 2,407946 0,000674
preserve 0,083382 0,000023
press 0,105361 0,000059
pressure 0,527633 0,000148
pretend 0,186330 0,000052
pretty 0,150823 0,000042
prevail 0,287682 0,000161
prevent 0,040822 0,000023
previous 0,094311 0,000026
prevision 3,506558 0,000982
primitive 0,916291 0,000257
principle 0,274437 0,000077
print 0,116534 0,000065
prison 0,248461 0,000070
prisoner 0,356675 0,000100
private 0,198451 0,000056
probable 0,494296 0,000138
proceed 0,116534 0,000065
processing 0,562119 0,000157
procession 0,693147 0,000194
prodigy 1,469676 0,000412
produce 0,061875 0,000035
production 0,274437 0,000077
profession 0,446287 0,000125
professional 0,820981 0,000230
professor 0,261365 0,000073
profit 0,083382 0,000047
profound 0,446287 0,000125
progress 0,162519 0,000046
prohibition 0,415515 0,000116
project -0,009950 -0,000008
prolong 1,237874 0,000347
prolonged 0,597837 0,000167
prominently 0,494296 0,000138
promise 0,051293 0,000014
promising 0,430783 0,000121
promote 0,274437 0,000077
promotion 0,342490 0,000096
proofread 0,562119 0,000157
propensity 1,347074 0,000377
property 0,127833 0,000036
proportion 0,235722 0,000132
propose 0,186330 0,000052
proprietary 0,562119 0,000157
propriety 0,843970 0,000236
prospect 0,430783 0,000121
prostration 1,966113 0,000551
protect 0,139262 0,000078
protege 3,218876 0,000901
protest 0,342490 0,000192
prove 0,083382 0,000047
provide 0,127833 0,000072
province 0,776529 0,000435
provision 0,094311 0,000053
provocation 1,049822 0,000294
prudence 0,713350 0,000200
psychological 1,660731 0,000465
public 0,083382 0,000023
puff 0,733969 0,000206
pull 0,127833 0,000072
pulse 0,733969 0,000206
punctually 1,832581 0,000513
pungent 1,832581 0,000513
punish 0,314711 0,000176
punishment 0,287682 0,000081
punitive 0,562119 0,000157
purchase 0,400478 0,000112
pure 0,139262 0,000039
purple 0,616186 0,000173
purpose 0,040822 0,000011
purse 0,562119 0,000157
pursue 0,186330 0,000052
pursuit 0,287682 0,000081
puzzled 0,494296 0,000138
pythias 3,912023 0,001095
quail 1,469676 0,000823
quaint 1,021651 0,000286
quaintly 2,302585 0,000645
quality 0,186330 0,000104
qualm 2,120264 0,000594
quantity 0,478036 0,000134
quarrel 0,287682 0,000081
quarry 1,171183 0,000328
quarter 0,105361 0,000059
queer 0,776529 0,000217
question 0,020203 0,000011
quick 0,127833 0,000036
quickness 1,237874 0,000347
quiet 0,094311 0,000053
quietly 0,261365 0,000073
quills 2,813411 0,000788
race 0,162519 0,000046
rack 0,673345 0,000377
radiance 1,139434 0,000319
radically 2,659260 0,000745
rage 0,139262 0,000078
ragged 0,776529 0,000217
railing 1,237874 0,000347
raise 0,020203 0,000017
ramble 1,427116 0,000400
rambling 1,714798 0,000480
random 0,967584 0,000271
rank 0,223144 0,000062
ransack 1,514128 0,000424
rare 0,261365 0,000073
rarely 0,527633 0,000148
rat 0,867501 0,000243
ravages 1,832581 0,000513
reach 0,000000 0,000000
read 0,020203 0,000011
readable 0,510826 0,000143
readiness 0,634878 0,000178
ready 0,030459 0,000009
real 0,040822 0,000011
reason 0,010050 0,000006
reasonable 0,116534 0,000033
recall 0,235722 0,000132
receipt 0,261365 0,000073
receive 0,040822 0,000034
recess 1,021651 0,000286
recklessness 1,660731 0,000465
recluse 2,040221 0,000571
recognise 0,843970 0,000473
reconcile 0,597837 0,000167
record 0,223144 0,000062
recover 0,127833 0,000036
recovery 0,616186 0,000173
red 0,061875 0,000017
reddish 1,386294 0,000388
redeem 0,776529 0,000217
redemption 1,272966 0,000356
redistribute 0,544727 0,000153
redistributing 0,562119 0,000157
redistribution 0,562119 0,000157
reel 0,820981 0,000230
refer 0,223144 0,000062
reference 0,198451 0,000056
reflect 0,235722 0,000132
reflection 0,274437 0,000154
reformation 1,560648 0,000437
refresh 0,446287 0,000125
refuge 0,446287 0,000125
refund 0,562119 0,000157
refuse 0,083382 0,000023
regard 0,083382 0,000047
regent 1,660731 0,000465
register 0,287682 0,000081
registration 2,813411 0,000788
regular 0,287682 0,000081
regulate 0,210721 0,000059
reinforce 1,771957 0,000496
rejoice 0,400478 0,000112
relate 0,415515 0,000116
relation 0,223144 0,000062
relaxed 0,994252 0,000278
release 0,105361 0,000030
relentless 1,714798 0,000480
reliant 2,813411 0,000788
relief 0,186330 0,000052
relieve 0,198451 0,000111
religion 0,415515 0,000116
relish 0,916291 0,000257
remain 0,040822 0,000034
remains 0,150823 0,000042
remark 0,223144 0,000125
remarkable 0,235722 0,000066
remedy 0,150823 0,000084
remember 0,030459 0,000026
remorse 0,755023 0,000211
remove 0,040822 0,000023
rename 0,544727 0,000153
render 0,186330 0,000052
renew 0,314711 0,000088
rent 0,510826 0,000143
renunciation 2,207275 0,000618
repair 0,342490 0,000096
repay 0,673345 0,000189
repeat 0,051293 0,000014
repetition 0,713350 0,000200
replace 0,198451 0,000111
replacement 0,544727 0,000153
reply 0,105361 0,000059
report 0,051293 0,000029
repose 0,494296 0,000277
representation 0,261365 0,000073
reprove 1,237874 0,000347
repugnance 1,386294 0,000388
repulsion 2,040221 0,000571
reputable 2,525729 0,000707
reputation 0,342490 0,000096
request 0,105361 0,000059
require 0,051293 0,000014
required 0,083382 0,000023
requirement 0,400478 0,000112
resemblance 0,713350 0,000200
resent 0,820981 0,000230
resentment 0,798508 0,000224
reservation 1,609438 0,000451
resist 0,274437 0,000077
resistance 0,430783 0,000121
resolute 0,891598 0,000250
resolution 0,385662 0,000108
resolve 0,287682 0,000161
respect 0,040822 0,000011
respectability 1,427116 0,000400
respecter 3,506558 0,000982
responsibility 0,733969 0,000206
rest 0,010050 0,000003
restore 0,223144 0,000062
restraint 0,713350 0,000200
restriction 0,371064 0,000104
resume 0,301105 0,000084
resuscitate 2,995732 0,000839
retail 2,207275 0,000618
retain 0,235722 0,000066
return 0,010050 0,000011
revenue 0,342490 0,000096
reversal 2,995732 0,000839
review 0,693147 0,000194
revolting 1,560648 0,000437
revolver 1,514128 0,000424
reward 0,174353 0,000098
rich 0,116534 0,000065
richard 1,021651 0,000286
riches 0,798508 0,000224
rid 0,223144 0,000062
rifle 1,078810 0,000302
rightly 0,430783 0,000121
rigorous 1,560648 0,000437
rigour 1,832581 0,000513
riot 1,171183 0,000328
ripe 0,820981 0,000230
rise 0,030459 0,000017
risk 0,301105 0,000169
rival 0,494296 0,000138
river 0,174353 0,000049
roadway 2,120264 0,000594
roaring 0,693147 0,000194
robert 1,078810 0,000302
robust 0,967584 0,000271
roll 0,150823 0,000169
romantically 2,995732 0,000839
roof 0,186330 0,000104
root 0,235722 0,000132
rosy 1,078810 0,000302
route 0,713350 0,000200
row 0,385662 0,000108
royalty 0,371064 0,000208
rude 0,342490 0,000096
rugged 0,798508 0,000224
ruin 0,116534 0,000065
rule 0,030459 0,000017
ruminate 1,897120 0,000531
rumour 1,078810 0,000302
rush 0,127833 0,000036
rust 1,171183 0,000328
rusty 1,078810 0,000302
ruthlessly 1,771957 0,000496
sacrifice 0,210721 0,000059
sad 0,223144 0,000062
sadly 0,510826 0,000143
sadness 0,820981 0,000230
safe 0,116534 0,000033
safety 0,356675 0,000100
sake 0,083382 0,000023
salad 1,660731 0,000465
saleswoman 3,218876 0,000901
salt 0,105361 0,000030
sample 1,272966 0,000356
sane 1,309333 0,000367
sanity 1,832581 0,000513
satan 1,237874 0,000347
satisfy 0,061875 0,000017
saucer 1,309333 0,000367
savage 0,248461 0,000070
save 0,010050 0,000003
sawbones 3,506558 0,000982
scaffold 1,514128 0,000424
scale 0,274437 0,000077
scandal 0,843970 0,000236
scanty 0,941609 0,000264
scarce 0,653926 0,000183
scarcely 0,301105 0,000084
scare 1,237874 0,000347
scared 0,941609 0,000264
scene 0,127833 0,000036
school 0,150823 0,000042
schoolboy 1,272966 0,000356
science 0,415515 0,000116
scientific 0,776529 0,000217
score 0,446287 0,000125
scotland 1,347074 0,000377
scrawl 1,427116 0,000400
scream 0,462035 0,000388
screech 1,609438 0,000451
screw 1,049822 0,000294
scroll 1,660731 0,000465
scruple 0,941609 0,000264
scrutiny 1,237874 0,000347
scud 1,832581 0,000513
sea 0,116534 0,000033
seal 0,371064 0,000208
search 0,040822 0,000023
searcher 2,207275 0,000618
season 0,235722 0,000066
seasonable 2,040221 0,000571
seat 0,051293 0,000029
seclusion 1,237874 0,000347
secret 0,051293 0,000029
secretly 0,597837 0,000167
secure 0,061875 0,000017
securely 0,916291 0,000257
sedulous 2,813411 0,000788
sedulously 2,525729 0,000707
seek 0,083382 0,000047
seemingly 0,967584 0,000271
seize 0,116534 0,000098
selfishness 0,843970 0,000236
sell 0,210721 0,000059
semblance 1,049822 0,000294
send 0,020203 0,000011
sensation 0,371064 0,000104
sense 0,051293 0,000014
sensitive 0,693147 0,000194
sensual 1,203973 0,000337
sentence 0,094311 0,000026
sentiment 0,356675 0,000100
separate 0,094311 0,000026
separately 1,108663 0,000310
separation 0,755023 0,000211
series 0,494296 0,000138
servant 0,105361 0,000059
serve 0,051293 0,000029
service 0,072571 0,000041
set 0,010050 0,000006
settle 0,083382 0,000047
sever 0,941609 0,000264
severity 0,798508 0,000224
shade 0,223144 0,000125
shadow 0,162519 0,000046
shady 0,967584 0,000271
shaft 0,713350 0,000200
shake 0,072571 0,000061
shame 0,223144 0,000062
shape 0,150823 0,000042
share 0,030459 0,000026
sharp 0,139262 0,000039
sharpened 1,049822 0,000294
sharply 0,510826 0,000143
shattered 0,867501 0,000243
sheep 0,371064 0,000104
sheet 0,314711 0,000176
shelf 0,634878 0,000178
shelter 0,301105 0,000084
shield 0,634878 0,000178
shifting 0,891598 0,000250
shine 0,150823 0,000084
shipwreck 1,237874 0,000347
shock 0,235722 0,000132
shocking 1,139434 0,000319
shoe 0,314711 0,000088
shop 0,494296 0,000138
shops 0,843970 0,000236
short 0,020203 0,000006
shot 0,223144 0,000062
shoulder 0,139262 0,000078
shrink 0,462035 0,000129
shrunken 2,207275 0,000618
shudder 0,446287 0,000375
shut 0,051293 0,000029
shutter 0,994252 0,000278
sick 0,150823 0,000042
sicken 1,660731 0,000930
sickliness 2,995732 0,000839
sickness 0,478036 0,000134
sigh 0,235722 0,000132
sight 0,040822 0,000023
sign 0,051293 0,000014
signature 1,386294 0,000388
signify 0,634878 0,000178
silence 0,051293 0,000014
silent 0,051293 0,000014
silently 0,544727 0,000153
silver 0,210721 0,000059
silvery 1,203973 0,000337
simple 0,094311 0,000026
simply 0,150823 0,000042
sin 0,314711 0,000176
sincerely 0,867501 0,000243
singing 0,371064 0,000104
single 0,083382 0,000023
singular 0,430783 0,000121
singularly 0,843970 0,000236
sinister 1,108663 0,000310
sink 0,072571 0,000061
sinner 0,867501 0,000486
sir 0,150823 0,000042
sit 0,010050 0,000011
sitter 2,407946 0,000674
situated 0,733969 0,000206
situation 0,198451 0,000056
sixth 0,446287 0,000125
size 0,223144 0,000062
skulk 1,771957 0,000496
sky 0,186330 0,000052
slatternly 2,525729 0,000707
slave 0,356675 0,000100
slavery 0,798508 0,000224
slay 0,733969 0,000206
sleep 0,051293 0,000043
sleeper 1,078810 0,000302
sleeplessness 1,897120 0,000531
slight 0,072571 0,000041
slime 1,386294 0,000388
slip 0,150823 0,000042
slope 0,527633 0,000296
slouch 1,660731 0,000465
slowly 0,150823 0,000042
slumber 0,510826 0,000286
slyish 3,912023 0,001095
smartingly 3,506558 0,000982
smell 0,261365 0,000073
smile 0,150823 0,000127
smoke 0,186330 0,000104
smooth 0,235722 0,000132
smote 1,021651 0,000286
smother 0,941609 0,000264
smuggle 2,040221 0,000571
snarl 1,078810 0,000302
sneering 1,609438 0,000451
sob 0,562119 0,000157
sober 0,562119 0,000157
sobering 2,995732 0,000839
soberly 1,469676 0,000412
society 0,210721 0,000059
soften 0,494296 0,000138
soho 2,525729 0,000707
sole 0,301105 0,000084
solely 0,733969 0,000206
solemn 0,301105 0,000084
solemnly 0,579818 0,000162
solicit 0,314711 0,000088
solicitation 0,430783 0,000121
solid 0,274437 0,000077
solitary 0,462035 0,000129
solitude 0,510826 0,000143
solution 0,755023 0,000211
solve 0,478036 0,000268
sombre 1,171183 0,000328
son 0,083382 0,000023
song 0,261365 0,000073
sordid 1,139434 0,000319
sorely 1,049822 0,000294
sorrow 0,248461 0,000070
sort 0,072571 0,000041
soul 0,083382 0,000023
sound 0,010050 0,000008
space 0,105361 0,000030
spacious 0,916291 0,000257
spare 0,116534 0,000033
spark 0,544727 0,000153
sparkling 0,776529 0,000217
speak 0,030459 0,000017
speaking 0,072571 0,000020
special 0,083382 0,000023
speech 0,139262 0,000039
spelling 1,171183 0,000328
spine 1,771957 0,000496
spirit 0,051293 0,000029
spiritual 0,653926 0,000183
spite 0,139262 0,000039
splintered 2,040221 0,000571
splutter 2,040221 0,000571
sprawl 1,139434 0,000319
spring 0,051293 0,000057
spy 0,579818 0,000162
square 0,223144 0,000062
stack 1,272966 0,000356
staff 0,261365 0,000073
stage 0,186330 0,000052
stagger 0,527633 0,000296
stain 0,478036 0,000268
stair 0,415515 0,000233
stamp 0,261365 0,000220
stand -0,009950 -0,000011
stare 0,328504 0,000184
start -0,009950 -0,000008
startle 1,347074 0,000377
startled 0,415515 0,000116
startling 0,967584 0,000271
statement 0,186330 0,000104
station 0,235722 0,000132
stature 0,867501 0,000243
status 0,446287 0,000125
statute 1,469676 0,000412
stay 0,061875 0,000035
stead 1,139434 0,000319
steadfastly 1,660731 0,000465
steadily 0,415515 0,000116
steadiness 1,966113 0,000551
steal 0,105361 0,000059
stealthily 1,560648 0,000437
step 0,030459 0,000034
sterling 1,560648 0,000437
sternly 0,820981 0,000230
stick 0,174353 0,000049
sticks 0,733969 0,000206
stiff 0,430783 0,000121
stillness 0,891598 0,000250
stimulate 1,021651 0,000286
stimulation 3,506558 0,000982
stink 1,469676 0,000412
stir 0,210721 0,000059
stirring 0,494296 0,000138
stock 0,235722 0,000066
stone 0,094311 0,000026
stoop 0,400478 0,000112
store 0,061875 0,000035
storm 0,274437 0,000077
story 0,030459 0,000017
straight 0,105361 0,000030
strain 0,248461 0,000139
strange 0,061875 0,000017
strangeness 1,386294 0,000388
stranger 0,139262 0,000039
strangle 0,843970 0,000236
straw 0,342490 0,000096
streaming 0,798508 0,000224
street 0,116534 0,000065
strength 0,030459 0,000009
stress 0,891598 0,000250
stretch 0,116534 0,000033
strew 0,733969 0,000206
strict 0,186330 0,000052
strike 0,020203 0,000006
string 0,371064 0,000104
stringent 2,120264 0,000594
strip 0,385662 0,000216
strong 0,020203 0,000006
structure 0,634878 0,000178
struggle 0,127833 0,000107
student 0,579818 0,000325
studious 1,386294 0,000388
study 0,094311 0,000079
stuff 0,223144 0,000062
stump 0,994252 0,000278
stupidity 0,916291 0,000257
style 0,261365 0,000073
subject 0,061875 0,000035
subjective 2,120264 0,000594
submerge 1,560648 0,000437
subordinate 0,967584 0,000271
subscribe 0,342490 0,000096
subsequent 0,867501 0,000243
subside 0,916291 0,000513
substitute 0,713350 0,000200
succeed 0,105361 0,000059
success 0,162519 0,000046
successive 0,891598 0,000250
succumb 1,427116 0,000400
suck 0,597837 0,000167
sudden 0,072571 0,000020
suddenly 0,040822 0,000011
suffer 0,061875 0,000035
sufferer 0,891598 0,000499
suffering 0,210721 0,000118
suffice 0,544727 0,000153
sufficient 0,139262 0,000039
sugar 0,776529 0,000217
suggestion 0,356675 0,000200
suicide 1,049822 0,000294
sulkily 2,302585 0,000645
sullenness 2,302585 0,000645
sum 0,261365 0,000073
summon 0,544727 0,000305
summons 0,867501 0,000243
sun 0,072571 0,000020
sunday 0,494296 0,000138
sunder 2,040221 0,000571
sunset 0,798508 0,000224
sunshine 0,616186 0,000173
superior 0,261365 0,000073
superscribe 3,218876 0,000901
superstitious 1,108663 0,000310
supply 0,210721 0,000118
support 0,094311 0,000026
suppose 0,020203 0,000017
supremacy 1,714798 0,000480
surely 0,186330 0,000052
surgeon 0,891598 0,000250
surgical 1,832581 0,000513
surplus 1,771957 0,000496
surprised 0,210721 0,000059
surprising 0,544727 0,000153
surround 0,162519 0,000046
surroundings 0,994252 0,000278
survive 0,186330 0,000104
suspect 0,162519 0,000091
suspense 0,776529 0,000217
suspicion 0,210721 0,000118
suspicious 0,579818 0,000162
swallow 0,261365 0,000146
swamp 0,287682 0,000081
swarm 0,634878 0,000178
swart 2,659260 0,000745
swear 0,261365 0,000073
sweat 0,562119 0,000157
sweep 0,274437 0,000077
sweet 0,139262 0,000039
sweetness 0,673345 0,000189
swell 0,186330 0,000104
swift 0,385662 0,000108
swiftly 0,713350 0,000200
swing 0,430783 0,000241
swirl 1,897120 0,000531
symbol 1,108663 0,000310
symptom 0,693147 0,000194
synonymous 0,446287 0,000125
tabernacle 1,897120 0,000531
table 0,083382 0,000047
tale 0,248461 0,000139
talk 0,061875 0,000017
talking 0,150823 0,000042
tall 0,198451 0,000056
task 0,248461 0,000070
taste 0,105361 0,000089
tax 0,248461 0,000139
tea 0,579818 0,000162
tear 0,030459 0,000026
temper 0,261365 0,000073
tempest 0,776529 0,000217
temple 0,314711 0,000088
temporary 0,713350 0,000200
tempt 0,415515 0,000116
temptation 0,430783 0,000241
tenfold 1,771957 0,000496
tenor 1,078810 0,000302
tensely 2,813411 0,000788
tenth 0,733969 0,000206
term 0,061875 0,000035
termination 1,309333 0,000367
terror 0,162519 0,000091
testament 1,049822 0,000294
testify 0,820981 0,000460
texture 1,237874 0,000347
theatre 0,820981 0,000230
theatrical 1,427116 0,000400
thenceforth 1,560648 0,000437
thenceforward 2,302585 0,000645
theory 0,400478 0,000112
thickly 1,108663 0,000310
thief 0,462035 0,000129
thinking 0,274437 0,000077
thoroughfare 1,660731 0,000930
thrall 2,525729 0,000707
threshold 0,562119 0,000157
thrice 0,755023 0,000211
thrill 0,713350 0,000200
thrive 1,078810 0,000302
throat 0,223144 0,000062
throe 1,714798 0,000480
throw 0,010050 0,000006
thrust 0,287682 0,000081
ticklish 2,120264 0,000594
tide 0,616186 0,000173
tie 0,105361 0,000030
tight 0,494296 0,000138
tilt 1,309333 0,000367
time -0,009950 -0,000006
timidity 1,469676 0,000412
tincture 2,302585 0,000645
tiptoe 0,941609 0,000264
title 0,116534 0,000033
toil 0,430783 0,000241
token 0,693147 0,000194
tolerance 2,302585 0,000645
tone 0,198451 0,000056
tongue 0,139262 0,000039
tongued 2,525729 0,000707
tooth 0,186330 0,000052
topic 0,733969 0,000206
topmost 1,714798 0,000480
torment 0,597837 0,000167
torture 0,371064 0,000208
toss 0,494296 0,000277
total 0,579818 0,000162
totally 0,916291 0,000257
touch 0,010050 0,000006
tough 0,891598 0,000250
town 0,094311 0,000026
trace 0,198451 0,000167
track 0,415515 0,000116
trade 0,287682 0,000081
trademark 0,562119 0,000157
tradesman 1,139434 0,000319
tragic 0,820981 0,000230
trample 0,597837 0,000335
tramps 1,966113 0,000551
transact 1,469676 0,000412
transcendental 2,302585 0,000645
transcribe 0,462035 0,000129
transcription 0,527633 0,000148
transfer 0,693147 0,000194
transfigure 2,525729 0,000707
transform 0,693147 0,000194
transformation 1,272966 0,000713
transience 3,218876 0,000901
transition 1,272966 0,000356
transparency 2,207275 0,000618
transpire 1,609438 0,000451
transport 0,653926 0,000183
traverse 0,867501 0,000243
tread 0,328504 0,000184
treatment 0,127833 0,000036
treble 1,469676 0,000412
tree 0,061875 0,000017
tremble 0,174353 0,000146
trench 1,347074 0,000377
trial 0,261365 0,000073
trick 0,274437 0,000077
trifle 0,446287 0,000125
trifling 0,653926 0,000183
trimming 1,660731 0,000465
trio 2,207275 0,000618
triumph 0,261365 0,000073
troglodytic 3,912023 0,001095
trouble 0,010050 0,000006
trousers 0,843970 0,000236
trudge 1,714798 0,000480
true 0,020203 0,000006
trust 0,061875 0,000035
trustee 2,207275 0,000618
truth 0,030459 0,000009
turpitude 3,218876 0,000901
tut 1,897120 0,000531
twilight 0,733969 0,000206
twin 1,108663 0,000621
twitching 1,469676 0,000412
twopenny 2,995732 0,000839
type 0,174353 0,000049
ugly 0,385662 0,000108
ultimate 0,941609 0,000264
ultimately 1,108663 0,000310
umber 2,525729 0,000707
unable 0,248461 0,000070
unbearable 1,560648 0,000437
unbelief 1,771957 0,000496
unbridled 2,207275 0,000618
uncertain 0,301105 0,000084
uncertainty 0,776529 0,000217
unconscious 0,400478 0,000112
undaunted 1,771957 0,000496
undemonstrative 3,218876 0,000901
understand 0,020203 0,000011
undertake 0,385662 0,000108
undignified 2,040221 0,000571
undo 0,693147 0,000194
unearth 1,832581 0,000513
uneasy 0,544727 0,000153
unenforceability 0,562119 0,000157
unequal 0,843970 0,000236
unequally 2,302585 0,000645
unexplained 1,897120 0,000531
unexpressed 2,659260 0,000745
unfamiliar 1,386294 0,000388
unfortunate 0,314711 0,000088
unhappy 0,400478 0,000112
uniform 0,210721 0,000059
unimpaired 2,207275 0,000618
unimpressionable 3,218876 0,000901
uninterrupted 1,309333 0,000367
united 0,094311 0,000026
unjust 0,693147 0,000194
unknown 0,105361 0,000030
unlink 0,562119 0,000157
unlock 0,755023 0,000211
unlooked 2,040221 0,000571
unmanning 3,912023 0,001095
unobtrusive 2,207275 0,000618
unopened 2,207275 0,000618
unprepared 1,514128 0,000424
unprotected 0,673345 0,000189
unquestionably 1,427116 0,000400
unread 2,659260 0,000745
unreality 2,525729 0,000707
unresisting 2,302585 0,000645
unscientific 2,813411 0,000788
unscrupulous 1,771957 0,000496
unseal 2,120264 0,000594
unseemly 1,560648 0,000437
unshaken 1,609438 0,000451
unsleeping 2,995732 0,000839
unsolicited 0,510826 0,000143
unsteady 1,469676 0,000412
unsunned 3,912023 0,001095
untasted 2,120264 0,000594
unusually 0,891598 0,000250
unvarying 2,207275 0,000618
unveil 1,771957 0,000496
unwelcome 1,469676 0,000412
unworthily 2,525729 0,000707
unworthy 0,673345 0,000189
update 0,510826 0,000143
upper 0,314711 0,000088
uppermost 1,237874 0,000347
upright 0,301105 0,000084
upward 0,579818 0,000162
useless 0,235722 0,000066
uselessness 1,966113 0,000551
user 0,544727 0,000153
usher 0,867501 0,000243
usual 0,139262 0,000039
usurp 1,469676 0,000412
ut 0,510826 0,000143
utter 0,162519 0,000091
utterly 0,371064 0,000104
vain 0,116534 0,000033
vanilla 0,544727 0,000153
vapour 1,514128 0,000424
vapours 1,897120 0,000531
variety 0,150823 0,000042
vast 0,223144 0,000062
veil 0,510826 0,000143
veiled 1,272966 0,000356
vein 0,446287 0,000250
vengeance 0,579818 0,000162
venture 0,223144 0,000125
version 0,342490 0,000096
vestment 1,771957 0,000496
vicarious 2,813411 0,000788
vice 0,478036 0,000134
victim 0,385662 0,000108
view 0,040822 0,000046
vigilance 1,309333 0,000367
vile 0,634878 0,000178
villainous 1,609438 0,000451
vineyard 1,237874 0,000347
vintage 1,660731 0,000465
violate 0,342490 0,000096
violent 0,223144 0,000062
violently 0,462035 0,000129
virtue 0,287682 0,000081
virus 0,527633 0,000148
visible 0,235722 0,000066
visibly 0,916291 0,000257
visit 0,030459 0,000026
visitor 0,446287 0,000250
vital 0,693147 0,000194
voice 0,020203 0,000011
void 0,261365 0,000073
volatile 2,120264 0,000594
volume 0,356675 0,000100
voluntarily 0,891598 0,000250
voluntary 0,843970 0,000236
volunteer 0,314711 0,000088
volunteers 0,430783 0,000121
vow 0,616186 0,000173
waist 0,693147 0,000194
wait 0,061875 0,000017
waiter 0,916291 0,000257
waiting 0,083382 0,000023
wake 0,223144 0,000125
wakeful 1,832581 0,000513
waken 1,139434 0,000638
walk 0,000000 0,000000
wall 0,094311 0,000053
wander 0,116534 0,000033
war 0,139262 0,000039
warm 0,116534 0,000065
warmth 0,579818 0,000162
warn 0,287682 0,000081
warning 0,235722 0,000132
warrant 0,562119 0,000157
warranty 0,544727 0,000305
watch 0,020203 0,000011
watcher 1,560648 0,000437
water 0,040822 0,000023
watery 1,272966 0,000356
waver 0,733969 0,000206
weak 0,105361 0,000030
weaken 0,562119 0,000157
weakness 0,248461 0,000070
wealth 0,287682 0,000081
wealthy 0,579818 0,000162
weapon 0,400478 0,000112
wear 0,083382 0,000047
wearied 0,820981 0,000230
weariness 0,755023 0,000211
weather 0,248461 0,000070
week 0,127833 0,000072
weep 0,356675 0,000200
weigh 0,162519 0,000046
weight 0,116534 0,000033
weighty 1,237874 0,000347
west 0,083382 0,000023
wet 0,261365 0,000073
whatsoever 0,287682 0,000081
wheel 0,274437 0,000077
whereabouts 1,714798 0,000480
wherewithal 2,407946 0,000674
whetted 1,966113 0,000551
whimper 1,386294 0,000388
whip 0,400478 0,000224
whisper 0,248461 0,000139
whispering 0,798508 0,000224
white 0,051293 0,000014
wholesale 1,771957 0,000496
wholly 0,400478 0,000112
wicked 0,328504 0,000092
wide 0,030459 0,000026
widespread 0,916291 0,000257
wife 0,083382 0,000023
wild 0,051293 0,000014
wind 0,094311 0,000026
window 0,162519 0,000091
windowless 2,995732 0,000839
wine 0,235722 0,000066
wing 0,314711 0,000088
winter 0,198451 0,000056
wipe 0,415515 0,000116
wise 0,094311 0,000053
wisely 0,653926 0,000183
withdraw 0,210721 0,000118
withered 0,843970 0,000236
woman 0,030459 0,000017
womb 1,272966 0,000356
wonderful 0,162519 0,000046
wood 0,083382 0,000023
word 0,020203 0,000011
workmanship 1,272966 0,000356
worth 0,061875 0,000017
wrack 2,407946 0,000674
wrapper 1,469676 0,000412
wreath 0,867501 0,000243
wreck 0,693147 0,000388
wrestle 1,049822 0,000294
wring 0,798508 0,000224
write 0,020203 0,000017
writer 0,328504 0,000092
writing 0,061875 0,000017
wrong 0,072571 0,000020
yard 0,223144 0,000062
yellow 0,314711 0,000088
yesterday 0,301105 0,000084
youth 0,139262 0,000039
