abandon 0,223144 0,000051
abhorrence 1,560648 0,000356
abide 0,248461 0,000057
ability 0,478036 0,000109
abject 1,049822 0,000240
abominable 0,867501 0,000198
abomination 1,609438 0,000367
aborigine 2,525729 0,000577
abraham 1,386294 0,000316
absalom 2,407946 0,000550
absent 0,371064 0,000085
absolute 0,400478 0,000091
absolutely 0,287682 0,000066
absolution 1,966113 0,000449
absolve 1,514128 0,000346
absurd 0,430783 0,000098
absurdity 1,049822 0,000240
abuse 0,562119 0,000128
abyss 0,994252 0,000227
academy 1,347074 0,000307
accent 0,634878 0,000145
accept 0,061875 0,000042
acceptance 0,967584 0,000221
access 0,314711 0,000144
accessible 0,446287 0,000102
accident 0,274437 0,000063
accompany 0,094311 0,000065
accomplishment 0,994252 0,000227
accord 0,527633 0,000120
accost 1,049822 0,000240
account 0,010050 0,000002
accuse 0,385662 0,000088
accustom 1,560648 0,000356
accustomed 0,287682 0,000066
ace 2,040221 0,000466
achates 3,506558 0,000800
acid 1,832581 0,000418
acknowledge 0,274437 0,000125
acquaint 0,342490 0,000156
acquaintance 0,248461 0,000057
acquire 0,371064 0,000085
acre 0,776529 0,000177
action 0,094311 0,000022
active 0,127833 0,000029
actor 0,755023 0,000345
actress 1,771957 0,000404
actual 0,174353 0,000040
adam 0,941609 0,000215
add 0,094311 0,000022
addition 0,116534 0,000053
additional 0,198451 0,000045
address 0,072571 0,000050
adherent 2,120264 0,000484
adieu 1,237874 0,000283
administration 1,427116 0,000326
admirable 0,527633 0,000120
admirably 1,203973 0,000275
admiral 1,347074 0,000307
admire 0,356675 0,000081
admit 0,116534 0,000027
admittance 1,427116 0,000326
adore 0,891598 0,000204
adorn 0,634878 0,000145
advance 0,061875 0,000028
advantage 0,127833 0,000058
adventure 0,301105 0,000137
adventurer 1,272966 0,000291
adversary 0,867501 0,000198
advice 0,186330 0,000043
advise 0,301105 0,000137
affair 0,094311 0,000043
affect 0,478036 0,000109
affianced 2,525729 0,000577
affirm 0,843970 0,000385
afflict 0,597837 0,000136
afford 0,186330 0,000043
afraid 0,105361 0,000024
afresh 1,021651 0,000233
africa 0,967584 0,000221
afternoon 0,274437 0,000063
aga 3,506558 0,000800
age 0,040822 0,000019
aged 0,198451 0,000045
agent 0,223144 0,000051
aghast 1,272966 0,000291
agility 1,272966 0,000291
agitated 0,693147 0,000158
agree 0,051293 0,000035
agreeable 0,462035 0,000105
agreeably 1,171183 0,000267
agreement 0,210721 0,000048
aim 0,287682 0,000131
air 0,061875 0,000014
ak 1,347074 0,000307
alarm 0,314711 0,000072
alarmed 0,478036 0,000109
alas 0,462035 0,000105
alcalde 3,506558 0,000800
alert 0,843970 0,000193
alexandria 1,714798 0,000391
algiers 2,207275 0,000504
alight 0,755023 0,000172
alive 0,051293 0,000012
allowance 0,713350 0,000163
ally 0,713350 0,000163
almoner 2,995732 0,000684
alms 1,309333 0,000299
aloud 0,301105 0,000069
altar 0,755023 0,000172
alter 0,235722 0,000054
alteration 0,261365 0,000060
alternate 0,261365 0,000060
altogether 0,198451 0,000045
amass 1,560648 0,000356
amazed 0,634878 0,000145
amazement 0,446287 0,000102
amazing 0,941609 0,000215
ambassador 1,108663 0,000253
ambitious 0,891598 0,000204
amend 0,820981 0,000375
america 0,579818 0,000132
american 0,634878 0,000145
amorously 3,218876 0,000735
ample 0,527633 0,000120
amplification 2,995732 0,000684
amsterdam 2,207275 0,000504
amuse 0,371064 0,000169
amusement 0,478036 0,000109
amusing 0,693147 0,000158
anabaptist 3,912023 0,000893
anachronism 2,302585 0,000526
anatole 3,218876 0,000735
anchor 0,776529 0,000177
ancient 0,198451 0,000045
ancients 1,347074 0,000307
andalusian 2,995732 0,000684
andrew 1,469676 0,000335
anemone 2,995732 0,000684
anger 0,287682 0,000066
angry 0,174353 0,000040
anguish 0,579818 0,000132
animal 0,223144 0,000102
anoint 1,309333 0,000299
answer 0,020203 0,000014
antechamber 2,120264 0,000484
anthony 2,040221 0,000466
antiquity 0,941609 0,000215
anxiety 0,287682 0,000066
apartment 0,597837 0,000273
apostrophe 2,040221 0,000466
appearance 0,072571 0,000017
appease 0,941609 0,000215
applaud 1,021651 0,000233
apple 0,494296 0,000113
applicable 0,400478 0,000091
apply 0,116534 0,000053
appoint 0,328504 0,000075
apprehend 0,798508 0,000182
approach 0,040822 0,000037
approbation 1,203973 0,000275
approve 0,342490 0,000078
arabia 2,120264 0,000484
arabic 2,120264 0,000484
arbour 2,040221 0,000466
arch 0,713350 0,000163
archdeacon 2,813411 0,000642
arched 1,171183 0,000267
archive 0,544727 0,000124
argumentative 1,832581 0,000418
arithmetic 1,203973 0,000275
arm 0,030459 0,000014
armed 0,385662 0,000088
armoury 2,525729 0,000577
army 0,356675 0,000163
arrange 0,198451 0,000045
arras 2,525729 0,000577
array 0,248461 0,000057
arrest 0,544727 0,000249
arrival 0,328504 0,000075
arrive 0,083382 0,000019
arrow 0,510826 0,000117
art 0,127833 0,000058
ascanius 3,218876 0,000735
ascend 0,430783 0,000098
ascertain 0,597837 0,000136
ascii 0,562119 0,000128
ash 0,400478 0,000091
asia 1,108663 0,000253
askew 2,407946 0,000550
asleep 0,162519 0,000037
assail 0,891598 0,000204
assailant 1,139434 0,000260
assassin 1,514128 0,000346
assassinate 1,897120 0,000866
assemble 0,462035 0,000105
assembling 1,714798 0,000391
assembly 0,798508 0,000182
assert 0,462035 0,000211
assist 0,328504 0,000075
assistance 0,105361 0,000024
assume 0,162519 0,000037
assumption 1,309333 0,000299
assure 0,127833 0,000058
astonish 0,261365 0,000060
astonishment 0,301105 0,000069
atlantic 1,171183 0,000267
atlas 1,897120 0,000433
atocha 3,912023 0,000893
atonement 1,427116 0,000326
atrabilious 3,218876 0,000735
attach 0,116534 0,000027
attack 0,198451 0,000091
attempt 0,051293 0,000035
attend 0,127833 0,000029
attendant 0,616186 0,000281
attention 0,083382 0,000038
attentively 0,755023 0,000172
attractive 0,820981 0,000187
audience 0,733969 0,000168
auguste 3,218876 0,000735
auricula 3,218876 0,000735
author 0,116534 0,000027
auto 2,525729 0,000577
avail 0,462035 0,000105
avenger 1,560648 0,000356
aversion 0,941609 0,000215
avert 0,843970 0,000193
avowed 1,386294 0,000316
await 0,314711 0,000216
awake 0,150823 0,000069
award 1,560648 0,000356
aware 0,223144 0,000051
awkwardly 1,272966 0,000291
awry 1,660731 0,000379
ay 1,108663 0,000253
babylon 1,771957 0,000404
backside 2,302585 0,000526
bacon 0,994252 0,000227
bad 0,020203 0,000014
badly 0,446287 0,000102
bag 0,446287 0,000102
bagatelle 3,218876 0,000735
baggage 0,941609 0,000215
balearic 2,995732 0,000684
ball 0,287682 0,000131
balsam 2,659260 0,000607
bandaged 1,832581 0,000418
banish 0,562119 0,000128
banishment 1,427116 0,000326
bank 0,210721 0,000096
banker 1,139434 0,000260
bankrupt 1,832581 0,000418
barbarian 1,386294 0,000633
barbarous 1,108663 0,000253
barber 1,386294 0,000316
bare 0,150823 0,000034
bargain 0,527633 0,000120
bark 0,478036 0,000109
barn 1,237874 0,000283
baron 1,427116 0,000652
baroness 2,659260 0,001214
barony 3,218876 0,000735
barrelled 2,525729 0,000577
barren 0,713350 0,000163
barrier 0,776529 0,000177
bartholomew 2,040221 0,000466
base 0,094311 0,000022
bastard 1,560648 0,000356
bath 0,274437 0,000125
bathe 1,139434 0,000260
bathing 1,272966 0,000291
baton 2,813411 0,000642
battle 0,235722 0,000108
bay 0,510826 0,000117
bayonet 2,040221 0,000931
bear 0,000000 0,000000
beard 0,527633 0,000120
bearer 0,776529 0,000177
beat 0,083382 0,000038
beautiful 0,083382 0,000019
beautifully 0,867501 0,000198
beauty 0,162519 0,000074
beaux 2,302585 0,000526
beckon 0,867501 0,000198
bed 0,051293 0,000012
beer 0,941609 0,000215
befall 0,527633 0,000241
beg 0,116534 0,000080
beggar 0,597837 0,000273
begone 1,660731 0,000379
behave 0,462035 0,000105
behaviour 0,941609 0,000215
behead 1,897120 0,000433
behold 0,235722 0,000215
belief 0,198451 0,000045
belly 0,798508 0,000182
belong 0,072571 0,000050
beloved 0,415515 0,000095
bench 0,544727 0,000124
beneath 0,198451 0,000045
benedictine 2,813411 0,000642
benefactor 0,967584 0,000221
benefit 0,356675 0,000081
benumb 1,771957 0,000404
beseech 0,891598 0,000204
besiege 1,272966 0,000291
bestow 0,430783 0,000098
betray 0,301105 0,000069
bewilder 0,776529 0,000177
bid 0,186330 0,000085
binary 0,562119 0,000128
bind 0,030459 0,000007
biped 2,659260 0,000607
bird 0,150823 0,000069
birth 0,301105 0,000069
biscayner 3,912023 0,000893
bit 0,139262 0,000032
bitch 2,040221 0,000466
bite 0,371064 0,000085
black 0,061875 0,000028
blear 2,525729 0,000577
bleeding 0,843970 0,000193
bless 0,415515 0,000095
blessed 0,356675 0,000081
bliss 0,891598 0,000204
blood 0,116534 0,000027
bloody 0,527633 0,000120
blot 0,820981 0,000187
blow 0,061875 0,000042
blue 0,174353 0,000040
blues 2,525729 0,000577
blurb 3,912023 0,000893
blush 0,562119 0,000128
board 0,261365 0,000119
boasting 1,108663 0,000253
boat 0,446287 0,000102
boats 0,820981 0,000187
body 0,010050 0,000005
boil 0,385662 0,000176
bold 0,223144 0,000051
boldness 0,916291 0,000209
bombastic 3,912023 0,000893
bon 1,660731 0,000379
boni 3,912023 0,000893
book 0,040822 0,000019
bookkeeper 2,813411 0,000642
bookseller 1,897120 0,000866
booty 1,309333 0,000299
bordeaux 2,207275 0,000504
border 0,400478 0,000091
bore 0,820981 0,000187
borrow 0,462035 0,000105
bosom 0,446287 0,000102
bottle 0,430783 0,000197
boudoir 2,120264 0,000484
bouffe 3,506558 0,000800
bouilli 3,912023 0,000893
bound 0,301105 0,000069
bouquet 1,714798 0,000391
bourgeois 2,207275 0,000504
bow 0,127833 0,000058
bower 1,714798 0,000391
box 0,248461 0,000113
boy 0,105361 0,000048
boyard 3,912023 0,001786
bracket 2,120264 0,000484
brain 0,314711 0,000144
brat 1,897120 0,000433
brave 0,342490 0,000078
bravely 1,078810 0,000246
breach 0,274437 0,000063
bread 0,248461 0,000057
breadth 0,653926 0,000149
break 0,010050 0,000007
breakfast 0,342490 0,000078
breast 0,198451 0,000045
breath 0,174353 0,000040
breathing 0,462035 0,000105
breathlessly 1,714798 0,000391
brethren 0,916291 0,000209
bridle 0,916291 0,000418
brigand 2,207275 0,000504
bright 0,094311 0,000022
brilliant 0,430783 0,000197
brilliantly 1,560648 0,000356
bring 0,000000 0,000000
broadside 2,407946 0,000550
brocade 2,040221 0,000931
broil 1,771957 0,000404
broth 1,832581 0,000418
brother 0,127833 0,000029
brotherhood 1,660731 0,000379
brown 0,274437 0,000063
brush 0,478036 0,000109
brutal 0,755023 0,000172
brute 0,462035 0,000105
brutish 2,040221 0,000466
buenos 3,218876 0,000735
build 0,094311 0,000022
bulgarian 3,506558 0,001601
bull 0,430783 0,000098
burden 0,198451 0,000091
burial 0,941609 0,000215
burn 0,061875 0,000042
burst 0,248461 0,000057
bury 0,186330 0,000085
bush 0,430783 0,000098
business 0,040822 0,000009
busybody 2,302585 0,000526
butchery 2,120264 0,000484
buttock 2,525729 0,001153
cabal 2,659260 0,000607
cabin 0,843970 0,000193
cadence 1,660731 0,000379
cadi 3,912023 0,000893
cadis 3,506558 0,000800
calamity 0,755023 0,000172
calculate 0,116534 0,000053
calm 0,274437 0,000063
calmness 1,203973 0,000275
calumniator 2,995732 0,000684
camel 1,309333 0,000299
camp 0,544727 0,000124
canada 1,897120 0,000433
canal 1,171183 0,000267
candidate 1,469676 0,000335
candide 2,813411 0,000642
candy 1,714798 0,000391
cane 0,843970 0,000385
cannon 0,916291 0,000418
cannonading 2,995732 0,000684
canoe 1,609438 0,000367
canticle 2,659260 0,000607
cap 0,356675 0,000081
capable 0,261365 0,000060
cape 0,916291 0,000209
capital 0,314711 0,000072
captain 0,328504 0,000075
captivity 1,714798 0,000391
carara 3,912023 0,000893
card 0,139262 0,000064
care 0,000000 0,000000
caress 0,776529 0,000532
caricature 1,514128 0,000346
carlo 2,525729 0,000577
carnage 1,771957 0,000404
carnival 2,207275 0,000504
carousal 2,813411 0,000642
carpenter 0,891598 0,000204
carrara 3,218876 0,000735
carriage 0,356675 0,000081
carrier 1,347074 0,000307
carry 0,010050 0,000007
cartoon 2,813411 0,000642
cast 0,116534 0,000027
casting 0,544727 0,000124
castle 0,755023 0,000345
casually 1,386294 0,000316
catastrophe 1,021651 0,000233
catch 0,072571 0,000033
catherine 1,609438 0,000367
cauldron 2,120264 0,000484
cavalry 1,469676 0,000335
caviare 3,218876 0,000735
cayenne 3,218876 0,000735
cease 0,061875 0,000042
ceiling 0,510826 0,000117
celebrate 0,967584 0,000442
cemetery 1,469676 0,000335
cent 1,049822 0,000240
centaur 1,832581 0,000418
century 0,328504 0,000150
ceremony 0,446287 0,000204
chain 0,174353 0,000040
chair 0,261365 0,000060
chaise 1,660731 0,000379
chamber 0,328504 0,000075
chance 0,061875 0,000014
change 0,010050 0,000007
chaos 1,078810 0,000246
chap 0,891598 0,000204
chapel 1,078810 0,000246
chaplain 1,714798 0,000391
chapman 2,407946 0,000550
chapter 0,328504 0,000075
character 0,061875 0,000014
characteristic 0,400478 0,000091
charge 0,040822 0,000028
charitable 0,287682 0,000066
charity 0,186330 0,000085
charles 0,597837 0,000136
charm 0,342490 0,000156
charming 0,527633 0,000120
chase 0,430783 0,000098
chat 0,867501 0,000198
che 2,525729 0,000577
cheap 0,579818 0,000132
cheat 0,776529 0,000354
check 0,072571 0,000033
cheek 0,261365 0,000119
cheer 0,356675 0,000081
chicken 0,941609 0,000215
chief 0,094311 0,000022
chiefly 0,527633 0,000120
child 0,040822 0,000019
chimerical 2,207275 0,000504
chin 0,478036 0,000109
china 0,776529 0,000177
chinese 1,139434 0,000260
chocolate 1,514128 0,000346
choice 0,150823 0,000034
choir 1,347074 0,000307
choke 0,446287 0,000102
choler 2,659260 0,000607
choleric 2,207275 0,000504
choose 0,020203 0,000009
christ 0,867501 0,000198
christen 1,347074 0,000307
christian 0,385662 0,000176
christianity 1,347074 0,000307
christopher 1,897120 0,000433
chuck 1,832581 0,000418
church 0,261365 0,000119
cicero 1,609438 0,000367
cinder 1,771957 0,000404
cinnamon 1,966113 0,000449
circumcision 2,207275 0,000504
circumscribe 1,966113 0,000449
circumspection 1,771957 0,000404
circumstance 0,116534 0,000053
citron 2,407946 0,000550
city 0,051293 0,000023
civil 0,544727 0,000124
civilised 1,660731 0,000379
civility 1,309333 0,000299
civilly 1,560648 0,000356
claim 0,083382 0,000019
clasped 0,843970 0,000193
claw 0,798508 0,000182
clay 0,494296 0,000113
clean 0,210721 0,000048
cleave 1,309333 0,000299
clemency 1,832581 0,000418
clever 0,371064 0,000085
cliff 0,916291 0,000209
climate 0,713350 0,000163
cling 0,415515 0,000095
close 0,010050 0,000005
closely 0,223144 0,000051
cloth 0,356675 0,000081
clothes 0,127833 0,000029
cloud 0,150823 0,000034
clove 1,966113 0,000449
club 0,544727 0,000124
coach 0,755023 0,000172
coarse 0,478036 0,000109
coast 0,544727 0,000373
coat 0,235722 0,000054
cochineal 3,506558 0,000800
cocoa 2,120264 0,000484
cocoanut 2,407946 0,000550
code 0,287682 0,000066
coffee 0,562119 0,000128
coin 0,544727 0,000249
cold 0,040822 0,000009
collection 0,162519 0,000074
college 0,693147 0,000158
colonel 0,967584 0,000221
colonnade 2,525729 0,000577
colony 1,139434 0,000260
colored 1,171183 0,000267
colour 0,510826 0,000233
coloured 0,693147 0,000158
columbus 1,771957 0,000404
column 0,562119 0,000128
combined 0,713350 0,000163
comely 1,171183 0,000267
comer 1,309333 0,000299
comfort 0,105361 0,000024
comfortably 0,693147 0,000158
comic 1,203973 0,000275
command 0,116534 0,000080
commandant 2,813411 0,000642
commence 0,579818 0,000132
commend 0,798508 0,000365
comment 0,478036 0,000109
commentary 1,427116 0,000326
commentator 1,897120 0,000433
commerce 1,078810 0,000246
commercial 0,274437 0,000063
commiseration 1,660731 0,000379
commission 0,579818 0,000132
commit 0,116534 0,000053
common 0,072571 0,000017
commonplace 1,108663 0,000253
communicate 0,446287 0,000102
communicative 1,514128 0,000346
companion 0,150823 0,000034
company 0,020203 0,000005
comparison 0,446287 0,000102
compass 0,579818 0,000132
compassion 0,820981 0,000187
compel 0,385662 0,000088
compilation 0,478036 0,000109
complain 0,198451 0,000091
complaisant 2,407946 0,000550
complete 0,105361 0,000024
complexion 0,755023 0,000172
compliance 0,342490 0,000078
complicated 0,798508 0,000182
compliment 0,462035 0,000105
comply 0,287682 0,000131
compose 0,287682 0,000066
compressed 0,342490 0,000078
comrade 0,693147 0,000316
comte 2,813411 0,000642
concatenate 3,912023 0,000893
concatenation 2,813411 0,000642
conceal 0,198451 0,000091
conceive 0,223144 0,000102
concept 0,527633 0,000120
concerned 0,287682 0,000066
concert 0,916291 0,000209
conciseness 3,218876 0,000735
conclude 0,235722 0,000108
conclusion 0,210721 0,000048
concord 1,771957 0,000404
concrete 1,897120 0,000433
concussion 1,660731 0,000379
condemn 0,446287 0,000102
condescending 1,771957 0,000404
condition 0,051293 0,000012
condor 2,813411 0,000642
conduct 0,094311 0,000043
confess 0,127833 0,000058
confessor 1,714798 0,000391
confidence 0,139262 0,000032
confine 0,223144 0,000102
confines 1,386294 0,000316
confirm 0,139262 0,000064
confirmation 0,356675 0,000081
confound 0,430783 0,000098
confused 0,248461 0,000057
confusion 0,287682 0,000066
conquer 0,527633 0,000120
conqueror 1,021651 0,000233
conscience 0,301105 0,000069
consent 0,223144 0,000051
consequence 0,186330 0,000085
consequential 0,478036 0,000109
considerable 0,105361 0,000024
consideration 0,223144 0,000051
consistent 0,798508 0,000182
consolation 0,634878 0,000145
console 0,673345 0,000461
constant 0,051293 0,000012
constantinople 1,832581 0,000418
consternation 1,021651 0,000233
constitute 0,597837 0,000273
construct 0,713350 0,000163
consult 0,400478 0,000183
consume 0,462035 0,000105
consummate 1,237874 0,000283
contact 0,210721 0,000048
contagion 1,714798 0,000391
contaminate 3,218876 0,000735
contemplation 0,527633 0,000120
contemporary 0,967584 0,000221
contempt 0,446287 0,000102
content 0,174353 0,000040
contents 0,094311 0,000022
continent 0,820981 0,000187
contingent 1,660731 0,000379
continual 0,693147 0,000158
continually 0,446287 0,000102
continue 0,186330 0,000085
continued 0,072571 0,000017
continuous 0,867501 0,000198
contour 2,120264 0,000484
contract 0,139262 0,000064
contradiction 0,713350 0,000163
contrary 0,198451 0,000045
contrast 0,385662 0,000088
contribution 0,371064 0,000085
contrive 0,994252 0,000227
contrived 0,713350 0,000163
control 0,223144 0,000051
controversy 1,386294 0,000316
convalescence 1,897120 0,000433
convenience 0,673345 0,000154
convent 1,469676 0,000335
conversation 0,186330 0,000043
converse 0,494296 0,000113
convert 0,186330 0,000085
convey 0,287682 0,000197
convict 0,941609 0,000430
convince 0,198451 0,000136
convulsion 0,967584 0,000221
cook 0,223144 0,000102
cool 0,248461 0,000057
coolly 1,021651 0,000233
coolness 1,171183 0,000267
copying 0,494296 0,000113
copyright 0,415515 0,000095
coquetry 1,832581 0,000418
cord 0,693147 0,000316
corner 0,072571 0,000017
cornered 1,832581 0,000418
corporation 0,400478 0,000091
correct 0,235722 0,000054
correction 1,203973 0,000275
corrector 2,995732 0,000684
corrupt 0,235722 0,000108
corsair 2,407946 0,001099
cost 0,105361 0,000048
couch 0,579818 0,000132
cough 0,733969 0,000168
counsel 0,462035 0,000105
counsellor 0,994252 0,000227
count 0,116534 0,000027
countenance 0,371064 0,000085
countess 1,660731 0,000379
country 0,010050 0,000005
courage 0,150823 0,000034
courser 2,120264 0,000484
court 0,094311 0,000043
courtesans 2,813411 0,000642
cousin 0,597837 0,000136
covered 0,139262 0,000032
covert 1,609438 0,000367
cradle 1,049822 0,000240
crawl 0,494296 0,000113
create 0,094311 0,000043
creation 0,198451 0,000045
creature 0,116534 0,000053
credit 0,094311 0,000022
creditor 1,237874 0,000283
creep 0,198451 0,000045
crew 0,755023 0,000172
crime 0,261365 0,000119
cringe 1,609438 0,000367
critic 1,021651 0,000466
critical 0,235722 0,000054
criticise 1,514128 0,000346
criticism 0,820981 0,000187
crop 0,653926 0,000149
cross 0,083382 0,000019
crow 0,867501 0,000198
crowd 0,174353 0,000080
crown 0,210721 0,000096
crucial 2,407946 0,000550
crucifix 1,966113 0,000449
cruel 0,261365 0,000060
cruelly 0,820981 0,000187
cruelty 0,462035 0,000105
crush 0,274437 0,000063
crust 1,139434 0,000260
crystal 0,941609 0,000215
cudgel 1,771957 0,000404
cultivate 0,462035 0,000211
cunning 0,462035 0,000105
curate 1,714798 0,000391
cure 0,314711 0,000144
curiosity 0,210721 0,000096
curious 0,261365 0,000060
curiously 0,776529 0,000177
current 0,116534 0,000027
curse 0,342490 0,000156
cursing 1,203973 0,000275
curtain 0,328504 0,000150
cushion 0,820981 0,000187
custom 0,210721 0,000048
customary 0,653926 0,000149
customer 1,139434 0,000260
customs 0,713350 0,000163
cut 0,030459 0,000007
cyprus 2,207275 0,000504
da 1,469676 0,000335
daily 0,248461 0,000057
damage 0,223144 0,000102
damages 0,400478 0,000091
dame 1,021651 0,000233
damp 0,400478 0,000091
damsel 1,237874 0,000283
dance 0,235722 0,000054
danger 0,105361 0,000024
dangerous 0,150823 0,000034
danube 1,966113 0,000449
darius 2,302585 0,000526
dark 0,051293 0,000012
darken 0,634878 0,000145
dart 0,562119 0,000128
darts 1,386294 0,000316
dash 0,400478 0,000183
datum 0,494296 0,000113
daughter 0,174353 0,000080
day 0,000000 0,000000
daylight 0,446287 0,000102
dead 0,072571 0,000017
deal 0,061875 0,000028
dearly 0,776529 0,000177
death 0,020203 0,000005
debauchee 2,302585 0,000526
decayed 1,203973 0,000275
deceive 0,261365 0,000060
december 0,562119 0,000128
decently 1,309333 0,000299
decide 0,040822 0,000019
decisive 0,867501 0,000198
deck 0,544727 0,000124
declare 0,139262 0,000064
dedicate 0,967584 0,000221
deductible 0,562119 0,000128
deem 0,562119 0,000128
deep 0,020203 0,000005
deeply 0,261365 0,000060
defect 0,261365 0,000119
defective 0,356675 0,000081
defence 0,527633 0,000120
defend 0,301105 0,000137
defender 1,427116 0,000326
deform 0,967584 0,000221
deformation 3,506558 0,000800
deformity 1,514128 0,000346
degree 0,150823 0,000034
deign 0,994252 0,000454
deity 1,171183 0,000267
delay 0,186330 0,000043
deletion 0,562119 0,000128
delicacy 0,597837 0,000136
delicious 0,713350 0,000163
delight 0,150823 0,000069
delighted 0,287682 0,000066
delightful 0,478036 0,000109
deliver 0,223144 0,000153
deliverance 0,941609 0,000215
deliverer 1,897120 0,000433
demand 0,051293 0,000012
demolish 1,560648 0,000712
demon 0,916291 0,000209
demoniac 2,302585 0,000526
demonstrable 2,813411 0,000642
demonstrate 0,967584 0,000442
denounce 1,078810 0,000246
deny 0,072571 0,000017
depart 0,162519 0,000037
departure 0,430783 0,000098
depend 0,040822 0,000009
depravity 1,560648 0,000356
depredation 2,407946 0,000550
depress 0,616186 0,000141
deprive 0,415515 0,000190
depute 2,525729 0,000577
derivative 0,510826 0,000117
derive 0,210721 0,000096
dervish 2,995732 0,000684
des 1,427116 0,000326
descend 0,174353 0,000080
description 0,248461 0,000057
descry 1,469676 0,000335
desert 0,314711 0,000072
deserve 0,314711 0,000072
deserved 0,634878 0,000145
design 0,287682 0,000131
desirable 0,733969 0,000168
desire 0,051293 0,000023
desirous 0,634878 0,000145
despair 0,174353 0,000080
despatch 1,108663 0,000253
desperate 0,328504 0,000075
desperately 0,843970 0,000193
despise 0,342490 0,000156
destiny 0,597837 0,000136
destitute 0,916291 0,000209
destroy 0,061875 0,000028
destroyer 1,427116 0,000326
destruction 0,342490 0,000078
destructive 1,049822 0,000240
detach 0,287682 0,000066
detain 0,544727 0,000124
determinate 2,525729 0,000577
determine 0,061875 0,000028
detest 0,891598 0,000204
detestable 1,203973 0,000275
dethrone 2,659260 0,000607
deux 2,659260 0,000607
deviate 1,660731 0,000379
devil 0,301105 0,000137
devotee 2,120264 0,000968
devour 0,462035 0,000316
dey 2,813411 0,000642
diable 2,659260 0,000607
diabolical 1,714798 0,000391
dialogue 1,049822 0,000240
diameter 1,897120 0,000433
diamond 0,673345 0,000307
die 0,010050 0,000007
difference 0,174353 0,000040
difficult 0,116534 0,000027
difficulty 0,116534 0,000027
digger 1,966113 0,000449
dignity 0,314711 0,000144
dine 0,562119 0,000128
dining 0,510826 0,000117
dinner 0,186330 0,000043
direct 0,040822 0,000019
direction 0,051293 0,000023
director 0,733969 0,000168
dirt 0,544727 0,000124
dirty 0,544727 0,000249
disagreeable 0,733969 0,000168
disappear 0,223144 0,000051
disarm 1,237874 0,000283
disaster 0,820981 0,000187
disastrous 1,108663 0,000253
disciple 1,021651 0,000233
disciplined 1,897120 0,000433
disclaim 0,462035 0,000105
disclaimer 0,562119 0,000257
disconcert 1,171183 0,000267
disconsolate 1,609438 0,000367
discontent 0,616186 0,000141
discontinue 0,510826 0,000117
discord 1,078810 0,000246
discourse 0,579818 0,000132
discover 0,030459 0,000014
discretion 0,733969 0,000168
discuss 0,400478 0,000183
disdain 0,673345 0,000154
disease 0,328504 0,000075
diseased 1,237874 0,000283
disembowelled 2,525729 0,000577
disengage 0,843970 0,000193
disfigure 2,207275 0,000504
disfigured 1,469676 0,000335
disgrace 0,462035 0,000105
disgust 0,430783 0,000197
disgusted 0,820981 0,000187
dish 0,478036 0,000218
disk 0,415515 0,000095
dismal 0,843970 0,000193
dismay 0,597837 0,000136
dispense 0,820981 0,000187
display 0,162519 0,000111
displease 1,021651 0,000233
disposed 0,385662 0,000088
disposition 0,371064 0,000085
dispute 0,446287 0,000306
disrespectful 1,832581 0,000418
dissatisfied 1,021651 0,000233
dissect 1,714798 0,000783
dissecting 2,120264 0,000484
dissertations 2,525729 0,000577
dissipate 0,916291 0,000209
dissolve 0,733969 0,000168
distance 0,105361 0,000048
distaste 1,771957 0,000404
distemper 2,040221 0,000466
distinct 0,301105 0,000069
distinction 0,356675 0,000081
distinguished 0,301105 0,000069
distort 0,916291 0,000209
distract 0,510826 0,000233
distress 0,274437 0,000063
distressed 0,673345 0,000154
distribute 0,210721 0,000144
distribution 0,430783 0,000098
distributor 0,544727 0,000124
diversion 0,916291 0,000209
divert 0,634878 0,000145
divide 0,150823 0,000034
divine 0,356675 0,000081
divinity 0,867501 0,000198
docile 1,714798 0,000391
doctor 0,400478 0,000183
doctrine 0,616186 0,000141
document 1,021651 0,000233
dog 0,186330 0,000085
doge 2,995732 0,000684
domain 0,328504 0,000075
domestic 0,510826 0,000233
dominican 2,525729 0,000577
dominion 0,941609 0,000215
domitian 2,407946 0,000550
donate 0,544727 0,000124
donation 0,446287 0,000204
donor 0,478036 0,000109
doom 0,579818 0,000132
door 0,000000 0,000000
dorado 2,659260 0,000607
dormitory 2,407946 0,000550
dost 1,237874 0,000283
double 0,139262 0,000064
doubt 0,040822 0,000028
doubtless 0,430783 0,000098
download 0,562119 0,000128
dozen 0,415515 0,000095
drag 0,248461 0,000113
dramas 2,813411 0,000642
dramatic 1,078810 0,000246
drapery 1,832581 0,000418
draw 0,020203 0,000014
drawer 0,820981 0,000187
dreadful 0,342490 0,000078
dream 0,083382 0,000076
dress 0,162519 0,000037
dressed 0,261365 0,000060
drink 0,072571 0,000033
drive 0,030459 0,000014
droll 1,560648 0,000356
drop 0,061875 0,000056
drown 0,314711 0,000144
drubbing 2,813411 0,000642
drum 0,843970 0,000193
drunk 0,415515 0,000095
drunkard 0,994252 0,000227
dry 0,116534 0,000027
du 1,347074 0,000307
duck 0,820981 0,000187
dung 1,469676 0,000335
dungeon 1,237874 0,000283
dunghill 2,407946 0,000550
durst 2,302585 0,000526
dust 0,162519 0,000037
dutch 1,139434 0,000260
duty 0,061875 0,000014
dwell 0,342490 0,000156
eager 0,210721 0,000048
eagerness 0,544727 0,000124
ear 0,061875 0,000028
eared 2,120264 0,000484
earn 0,446287 0,000306
earnestly 0,415515 0,000095
earth 0,051293 0,000012
earthquake 1,021651 0,000466
ease 0,150823 0,000034
easily 0,072571 0,000017
easy 0,000000 0,000000
eat 0,040822 0,000028
eating 0,235722 0,000054
ecclesiastical 1,560648 0,000356
eclipse 1,309333 0,000299
ecstasy 0,798508 0,000182
eden 1,771957 0,000404
edge 0,150823 0,000034
edifice 1,272966 0,000291
edition 0,287682 0,000131
editor 1,078810 0,000246
educate 0,544727 0,000124
education 0,415515 0,000095
educational 0,446287 0,000102
edward 1,049822 0,000240
effectual 1,203973 0,000275
effendis 3,912023 0,000893
effort 0,094311 0,000043
effrontery 2,120264 0,000484
egypt 0,891598 0,000204
eighteenth 1,203973 0,000275
eighth 0,798508 0,000182
el 1,966113 0,000449
ela 3,912023 0,000893
eld 0,385662 0,000088
elect 0,210721 0,000096
electronic 0,544727 0,000124
electronically 0,544727 0,000124
elegant 0,634878 0,000145
elizabeth 1,514128 0,000346
elope 2,302585 0,000526
eloquence 0,776529 0,000177
email 0,562119 0,000128
embark 1,139434 0,000520
embarkation 2,302585 0,000526
embrace 0,235722 0,000161
embroidery 1,386294 0,000316
embrown 2,995732 0,000684
emerald 1,309333 0,000299
emergency 1,049822 0,000240
emollient 3,912023 0,000893
emotion 0,356675 0,000081
emperor 0,916291 0,000209
empire 0,634878 0,000145
employ 0,235722 0,000054
employee 0,510826 0,000233
employment 0,527633 0,000120
enable 0,274437 0,000063
enclose 0,713350 0,000163
encode 0,653926 0,000149
encompass 1,203973 0,000275
encourage 0,301105 0,000069
encrust 2,040221 0,000466
endnote 3,912023 0,000893
endow 0,673345 0,000154
endure 0,210721 0,000048
enemy 0,105361 0,000048
energetic 1,078810 0,000246
engage 0,494296 0,000113
engaged 0,198451 0,000045
engineer 1,237874 0,000283
england 0,385662 0,000088
english 0,094311 0,000022
englishman 0,820981 0,000375
enjoy 0,072571 0,000033
enmity 1,171183 0,000267
enormous 0,430783 0,000098
enrich 0,941609 0,000215
ensure 0,342490 0,000078
enter 0,020203 0,000009
entertain 0,579818 0,000265
entertaining 0,941609 0,000215
entertainment 0,798508 0,000365
entity 0,544727 0,000124
entrap 2,407946 0,000550
envious 1,309333 0,000299
envy 0,446287 0,000102
equal 0,162519 0,000074
equally 0,223144 0,000051
equipment 0,415515 0,000095
equivalent 1,078810 0,000246
error 0,072571 0,000017
escape 0,061875 0,000042
essay 0,755023 0,000172
established 0,301105 0,000069
estate 0,478036 0,000109
esteem 0,478036 0,000109
esteemed 0,916291 0,000209
estimable 1,560648 0,000356
estimate 0,653926 0,000149
eternal 0,415515 0,000095
etiquette 1,560648 0,000356
eunuch 1,966113 0,000898
europe 0,510826 0,000117
european 0,867501 0,000396
evening 0,072571 0,000017
event 0,150823 0,000069
evident 0,356675 0,000081
evidently 0,371064 0,000085
evil 0,150823 0,000069
examine 0,150823 0,000069
exceedingly 0,462035 0,000105
excellency 1,347074 0,000307
excellent 0,150823 0,000034
excess 0,579818 0,000132
exclusion 0,371064 0,000085
excommunicate 2,040221 0,000466
excuse 0,139262 0,000032
execrate 2,207275 0,000504
execute 0,527633 0,000241
execution 0,597837 0,000136
executioner 1,427116 0,000326
executive 1,171183 0,000267
exempt 0,314711 0,000072
exercise 0,235722 0,000108
exhausted 0,400478 0,000091
exhort 1,171183 0,000267
exile 0,776529 0,000532
exist 0,072571 0,000033
existence 0,150823 0,000034
exorcise 3,218876 0,000735
expect 0,051293 0,000023
expedition 0,733969 0,000168
expel 1,203973 0,000275
expend 0,301105 0,000069
expense 0,127833 0,000058
experience 0,072571 0,000017
experienced 0,356675 0,000081
experiment 0,494296 0,000113
experimental 1,560648 0,000356
explain 0,116534 0,000053
explanation 0,139262 0,000032
export 0,446287 0,000102
expose 0,597837 0,000136
exposed 0,301105 0,000069
express 0,072571 0,000033
expression 0,116534 0,000027
expulsion 1,771957 0,000404
exquisite 0,673345 0,000154
extensive 0,798508 0,000182
extent 0,083382 0,000019
exterminate 1,714798 0,000391
extort 1,347074 0,000307
extortion 2,525729 0,000577
extraordinary 0,371064 0,000085
extravagance 1,347074 0,000307
extreme 0,186330 0,000043
extremely 0,385662 0,000088
extremity 0,693147 0,000316
eye 0,000000 0,000000
eyebrow 0,673345 0,000307
eyed 0,597837 0,000136
eyelid 0,891598 0,000204
eyewitness 2,407946 0,000550
fabulous 1,237874 0,000283
facility 0,342490 0,000078
faction 1,897120 0,000433
fail 0,072571 0,000066
faint 0,186330 0,000043
fair 0,051293 0,000012
fairbanks 1,386294 0,000316
faith 0,210721 0,000096
faithful 0,261365 0,000060
faithfully 0,755023 0,000172
fall 0,000000 0,000000
falls 0,328504 0,000075
false 0,210721 0,000048
falter 0,867501 0,000198
familiar 0,150823 0,000034
family 0,061875 0,000028
famine 1,049822 0,000240
famished 1,272966 0,000291
famous 0,261365 0,000060
fanatic 1,714798 0,000783
fancy 0,162519 0,000074
fare 0,597837 0,000273
farm 0,713350 0,000163
faro 2,659260 0,000607
farthing 1,347074 0,000307
fashion 0,105361 0,000024
fashionable 0,916291 0,000209
fast 0,030459 0,000007
fat 0,314711 0,000072
fatal 0,342490 0,000078
fatality 1,771957 0,000404
fate 0,174353 0,000040
father 0,061875 0,000028
fatigue 0,494296 0,000113
fatigued 1,203973 0,000275
faubourg 2,995732 0,000684
fault 0,139262 0,000064
faun 2,407946 0,000550
favour 0,544727 0,000373
favourite 0,653926 0,000149
fawn 1,078810 0,000246
fear 0,020203 0,000009
feast 0,430783 0,000098
feasting 1,660731 0,000379
feather 0,462035 0,000105
feature 0,261365 0,000060
federal 0,527633 0,000120
fee 0,301105 0,000137
feeble 0,356675 0,000081
feed 0,248461 0,000057
feel 0,020203 0,000005
feeling 0,072571 0,000017
fellow 0,040822 0,000019
fernando 3,506558 0,000800
fetch 0,510826 0,000233
fetich 3,506558 0,000800
fetter 0,994252 0,000227
fever 0,342490 0,000078
fidelity 0,967584 0,000221
field 0,094311 0,000043
fife 2,659260 0,000607
fig 1,203973 0,000275
fight 0,083382 0,000057
figure 0,051293 0,000023
filbert 2,995732 0,000684
file 0,223144 0,000102
filth 1,139434 0,000260
final 0,342490 0,000078
financial 0,415515 0,000095
financier 2,659260 0,000607
fine 0,061875 0,000042
finger 0,150823 0,000069
finish 0,287682 0,000066
finished 0,162519 0,000037
firearm 2,407946 0,000550
firm 0,248461 0,000057
firmly 0,342490 0,000078
fit 0,030459 0,000021
fitness 0,446287 0,000102
flake 1,427116 0,000326
flame 0,248461 0,000057
flat 0,139262 0,000032
flatter 0,755023 0,000172
flavour 1,386294 0,000316
flee 0,301105 0,000137
fleet 0,713350 0,000163
fleetness 2,813411 0,000642
flesh 0,210721 0,000048
flexible 1,714798 0,000391
flight 0,287682 0,000066
fling 0,462035 0,000105
flint 1,171183 0,000267
floor 0,174353 0,000040
florin 2,302585 0,000526
flourish 0,562119 0,000128
flow 0,174353 0,000040
flower 0,174353 0,000040
flowery 1,771957 0,000404
flurried 1,966113 0,000449
flutter 0,673345 0,000154
fly 0,116534 0,000053
flying 0,235722 0,000054
foam 0,733969 0,000168
foible 2,120264 0,000484
follow 0,020203 0,000005
follower 0,713350 0,000163
folly 0,274437 0,000125
fond 0,261365 0,000060
fonder 1,966113 0,000449
food 0,127833 0,000029
fool 0,235722 0,000054
foolish 0,235722 0,000054
foot 0,051293 0,000023
footing 0,820981 0,000187
footman 1,108663 0,000253
footnote 1,427116 0,000652
force 0,030459 0,000014
foreigner 0,891598 0,000407
foremost 0,673345 0,000154
foresee 0,494296 0,000113
forget 0,010050 0,000005
forgiveness 0,916291 0,000209
form 0,020203 0,000009
format 0,562119 0,000257
fort 1,171183 0,000267
fortune 0,162519 0,000074
foundation 0,127833 0,000029
founder 0,891598 0,000204
fountain 0,653926 0,000299
fourteen 0,616186 0,000141
fourth 0,174353 0,000080
fox 0,798508 0,000182
fragrancy 3,506558 0,000800
franc 2,302585 0,000526
france 0,544727 0,000124
freedom 0,223144 0,000051
freely 0,105361 0,000024
freight 1,171183 0,000267
french 0,342490 0,000078
frenchman 1,272966 0,000291
frenchmen 1,714798 0,000391
frequently 0,287682 0,000066
fresh 0,105361 0,000024
fretful 2,207275 0,000504
freudian 3,912023 0,000893
friar 1,966113 0,000449
friend 0,000000 0,000000
friendship 0,261365 0,000060
fright 0,653926 0,000149
frightful 0,776529 0,000177
frightfully 1,560648 0,000356
frontier 1,171183 0,000267
froth 1,386294 0,000316
fruit 0,162519 0,000074
fun 0,798508 0,000182
furnished 0,328504 0,000075
furrow 1,139434 0,000260
fury 0,328504 0,000075
fusil 3,912023 0,000893
future 0,105361 0,000024
gabriel 1,966113 0,000449
gaiety 1,237874 0,000283
gaily 1,078810 0,000246
gain 0,040822 0,000028
galilean 3,506558 0,000800
gallant 0,867501 0,000198
gallery 0,693147 0,000158
galley 1,514128 0,000691
gallop 0,820981 0,000187
game 0,210721 0,000048
gaol 2,207275 0,000504
gape 0,798508 0,000182
garden 0,150823 0,000069
gardener 0,994252 0,000227
garment 0,400478 0,000091
garnish 1,714798 0,000391
garter 1,966113 0,000449
gate 0,210721 0,000048
gather 0,061875 0,000028
gauntlet 2,407946 0,000550
gay 0,494296 0,000226
gayer 2,302585 0,000526
geld 3,506558 0,000800
genealogical 2,525729 0,000577
genealogist 3,218876 0,000735
genealogy 1,714798 0,000391
generality 1,660731 0,000379
generation 0,127833 0,000058
generosity 0,798508 0,000182
generous 0,356675 0,000081
genesis 1,427116 0,000326
genius 0,400478 0,000091
gentle 0,274437 0,000063
gentleman 0,223144 0,000102
gentleness 0,916291 0,000209
gentry 1,514128 0,000346
germain 2,407946 0,000550
german 0,478036 0,000218
germany 1,049822 0,000240
gift 0,210721 0,000048
gilded 1,171183 0,000267
girl 0,198451 0,000091
glad 0,072571 0,000017
glance 0,186330 0,000043
glass 0,174353 0,000040
glister 2,659260 0,000607
glitter 0,579818 0,000132
globe 0,755023 0,000172
gloomy 0,462035 0,000105
glory 0,301105 0,000069
glutton 1,714798 0,000391
goal 0,274437 0,000063
goblet 1,771957 0,000404
god 0,083382 0,000038
godmother 2,207275 0,000504
gold 0,083382 0,000019
gondola 2,659260 0,000607
gondolier 3,506558 0,001601
goodness 0,328504 0,000075
govern 0,186330 0,000085
government 0,462035 0,000211
governor 0,733969 0,000168
gown 0,616186 0,000141
grace 0,235722 0,000108
graceful 0,494296 0,000113
gracious 0,544727 0,000124
grand 0,342490 0,000078
grandeur 0,994252 0,000227
grandfather 0,755023 0,000172
grant 0,061875 0,000028
gratefully 0,415515 0,000095
gratitude 0,478036 0,000109
grave 0,116534 0,000027
gravely 0,693147 0,000158
greatly 0,210721 0,000048
greek 0,494296 0,000226
green 0,105361 0,000024
gregory 1,139434 0,000260
grey 0,562119 0,000128
grief 0,356675 0,000163
grieve 0,673345 0,000154
groom 1,347074 0,000307
gross 0,235722 0,000054
ground 0,030459 0,000007
grow 0,010050 0,000009
guard 0,083382 0,000057
guess 0,223144 0,000051
guest 0,235722 0,000054
guide 0,083382 0,000019
guinea 1,237874 0,000283
gulliver 2,813411 0,000642
gun 0,544727 0,000124
ha 0,891598 0,000204
habit 0,162519 0,000074
habitable 1,966113 0,000449
hadst 1,714798 0,000391
hague 2,813411 0,000642
hair 0,072571 0,000017
hall 0,274437 0,000063
ham 1,139434 0,000260
hamlet 1,078810 0,000246
hand 0,010050 0,000005
handkerchief 0,616186 0,000141
handsome 0,328504 0,000075
hang 0,198451 0,000045
hanger 2,302585 0,000526
hanging 0,235722 0,000054
hannibal 1,897120 0,000433
happen 0,030459 0,000014
happily 0,478036 0,000109
happiness 0,150823 0,000034
happy 0,061875 0,000042
harangue 1,609438 0,000367
harbour 0,916291 0,000209
hard 0,040822 0,000009
hardship 0,713350 0,000163
harm 0,210721 0,000048
harmless 0,248461 0,000057
harmony 0,579818 0,000132
harsh 0,462035 0,000105
hart 0,462035 0,000105
hast 0,891598 0,000204
hasty 0,510826 0,000117
hatchet 1,609438 0,000367
hate 0,150823 0,000069
hatred 0,494296 0,000113
haul 0,941609 0,000215
hautboy 2,813411 0,000642
hawk 1,108663 0,000253
head 0,000000 0,000000
headforemost 2,659260 0,000607
headland 2,120264 0,000484
heal 0,867501 0,000198
health 0,198451 0,000045
heap 0,248461 0,000113
hear 0,010050 0,000005
hearing 0,139262 0,000032
hearse 1,966113 0,000449
heart 0,010050 0,000005
heat 0,198451 0,000091
heaven 0,174353 0,000080
heavily 0,400478 0,000091
heavy 0,030459 0,000007
hebrew 1,203973 0,000275
hedge 0,597837 0,000136
height 0,210721 0,000048
helen 1,714798 0,000391
hem 1,171183 0,000267
hemisphere 1,966113 0,000449
hen 1,347074 0,000307
henry 0,713350 0,000163
henrys 3,506558 0,000800
hereditary 1,108663 0,000253
hereof 2,995732 0,000684
heretic 1,897120 0,000433
hero 0,430783 0,000197
heroic 0,891598 0,000204
hesitate 0,314711 0,000072
hew 1,427116 0,000326
hideous 0,527633 0,000120
highness 1,771957 0,000809
highroad 2,525729 0,000577
highway 0,916291 0,000209
hill 0,150823 0,000034
hilt 1,469676 0,000335
hinder 0,579818 0,000265
hire 0,733969 0,000335
hireling 2,407946 0,000550
hispaniola 2,813411 0,000642
hiss 0,653926 0,000149
history 0,186330 0,000043
hit 0,314711 0,000072
hitherto 0,385662 0,000088
hoist 1,139434 0,000520
hold 0,010050 0,000009
holder 0,430783 0,000098
holland 1,514128 0,000346
holy 0,371064 0,000085
homage 1,078810 0,000246
homer 1,203973 0,000275
honest 0,235722 0,000054
honor 0,891598 0,000204
honour 0,494296 0,000338
hope 0,000000 0,000000
horace 1,514128 0,000346
horizon 0,597837 0,000136
horrible 0,356675 0,000081
horribly 0,916291 0,000209
horrid 0,713350 0,000163
horror 0,198451 0,000091
horse 0,139262 0,000064
horseback 0,843970 0,000193
hospitable 1,078810 0,000246
hospital 0,755023 0,000172
hostelry 2,525729 0,000577
hostess 1,347074 0,000307
hot 0,116534 0,000027
hotel 0,820981 0,000187
hound 0,843970 0,000193
hour 0,061875 0,000028
house 0,020203 0,000005
houses 0,139262 0,000032
hug 0,967584 0,000221
huge 0,400478 0,000091
hum 0,579818 0,000132
human 0,072571 0,000017
humane 1,203973 0,000275
humanity 0,494296 0,000113
humble 0,261365 0,000060
humbly 0,867501 0,000198
humour 0,713350 0,000326
hung 0,174353 0,000040
hunger 0,478036 0,000109
hungry 0,314711 0,000072
huntsman 1,771957 0,000404
hurry 0,162519 0,000037
hurt 0,150823 0,000034
husband 0,198451 0,000091
hyacinth 2,302585 0,000526
hyphenate 3,506558 0,000800
hypocrite 1,771957 0,000404
ichoglan 3,912023 0,000893
idea 0,083382 0,000038
identification 0,527633 0,000120
identify 0,342490 0,000078
idiot 0,776529 0,000177
idle 0,261365 0,000060
idolatry 1,966113 0,000449
idyll 3,506558 0,000800
ignatius 2,995732 0,000684
ignominious 1,771957 0,000404
ignorance 0,287682 0,000066
ignorant 0,301105 0,000069
iii 0,287682 0,000066
illness 0,616186 0,000141
illusion 0,994252 0,000227
illustrious 1,021651 0,000233
imaginable 1,427116 0,000326
imagination 0,223144 0,000051
imagine 0,083382 0,000057
iman 3,912023 0,000893
imbue 1,609438 0,000367
imitation 0,673345 0,000154
imitator 2,040221 0,000466
immemorial 1,714798 0,000391
immense 0,314711 0,000072
impale 2,525729 0,000577
impart 0,693147 0,000158
impatient 0,371064 0,000085
imperfect 0,673345 0,000154
imperious 1,237874 0,000283
impertinence 1,469676 0,000335
impertinent 1,171183 0,000267
imply 0,235722 0,000054
impose 0,162519 0,000037
impossible 0,094311 0,000022
impressed 0,510826 0,000117
imprison 0,798508 0,000182
improve 0,385662 0,000088
imprudently 2,120264 0,000484
impudence 1,272966 0,000291
impulse 0,400478 0,000091
inaccessible 1,427116 0,000326
inaccurate 0,510826 0,000117
inappropriate 2,120264 0,000484
incas 3,506558 0,000800
incense 0,755023 0,000172
incessantly 0,916291 0,000209
inch 0,430783 0,000098
incidental 0,446287 0,000102
incision 2,525729 0,000577
inclined 0,186330 0,000043
include 0,072571 0,000066
incommode 2,207275 0,000504
incompatibility 2,995732 0,000684
incomplete 0,301105 0,000069
inconceivable 1,078810 0,000246
increase 0,061875 0,000042
incur 0,843970 0,000193
indelicate 2,407946 0,000550
indemnify 0,446287 0,000102
indemnity 0,527633 0,000120
indian 0,544727 0,000124
indies 1,309333 0,000299
indifference 0,527633 0,000120
indifferently 1,049822 0,000240
indignation 0,510826 0,000117
indirect 0,446287 0,000102
indirectly 0,371064 0,000085
indispensable 0,843970 0,000193
individual 0,139262 0,000032
induce 0,328504 0,000075
inept 2,659260 0,000607
inexpressible 1,469676 0,000335
infallible 1,108663 0,000253
infantry 1,771957 0,000404
infected 1,347074 0,000307
infest 1,832581 0,000418
infidelity 1,660731 0,000379
infinitely 0,673345 0,000154
infirm 1,714798 0,000391
inflexible 1,771957 0,000404
inform 0,198451 0,000091
infringement 0,544727 0,000124
ingenious 0,693147 0,000158
ingenuous 1,897120 0,000433
ingrate 2,659260 0,000607
ingredient 1,514128 0,000346
inhabit 0,597837 0,000273
inhabitants 0,446287 0,000102
inhuman 1,108663 0,000253
inhumanity 2,302585 0,000526
injury 0,301105 0,000069
injustice 0,653926 0,000149
inn 0,713350 0,000163
innate 1,427116 0,000326
innocence 0,634878 0,000145
innocent 0,186330 0,000043
innocently 1,427116 0,000326
inns 1,897120 0,000433
inquietude 2,659260 0,000607
inquire 0,235722 0,000108
inquisition 1,514128 0,000346
inquisitive 1,078810 0,000246
inquisitor 2,525729 0,001153
insensibility 1,609438 0,000367
insinuate 1,203973 0,000550
insipid 1,966113 0,000449
insist 0,223144 0,000051
insolence 0,994252 0,000227
insolent 0,941609 0,000215
inspiration 0,755023 0,000172
inspire 0,371064 0,000254
instance 0,116534 0,000053
instant 0,210721 0,000048
instantaneous 1,427116 0,000326
instantly 0,356675 0,000081
institution 0,713350 0,000163
instruct 0,494296 0,000113
instrument 0,248461 0,000113
insult 0,415515 0,000095
intellectual 0,235722 0,000054
intelligence 0,301105 0,000069
intend 0,094311 0,000022
inter 1,469676 0,000335
interchangeably 2,995732 0,000684
interment 2,120264 0,000484
internal 0,261365 0,000060
international 0,494296 0,000113
interpret 0,235722 0,000054
interpretation 0,994252 0,000227
interpreter 1,108663 0,000253
interrogate 1,660731 0,000379
interrupted 0,301105 0,000069
intersect 1,514128 0,000346
intimate 0,430783 0,000197
intimidate 1,514128 0,000691
intolerable 0,673345 0,000154
intrepid 1,966113 0,000449
introduce 0,261365 0,000119
introduction 0,385662 0,000088
inundate 2,995732 0,000684
invalidity 0,527633 0,000120
inventiveness 2,813411 0,000642
inviolable 2,040221 0,000466
invitation 0,494296 0,000113
invite 0,261365 0,000119
ionian 2,207275 0,000504
iron 0,162519 0,000037
irony 1,386294 0,000316
irs 0,562119 0,000128
island 0,400478 0,000091
islands 0,755023 0,000172
iso 1,897120 0,000433
israel 1,386294 0,000316
israelite 2,525729 0,000577
issachar 3,218876 0,000735
issue 0,198451 0,000045
italian 0,653926 0,000149
italy 0,820981 0,000187
iv 0,328504 0,000075
ivan 2,995732 0,000684
ivory 0,820981 0,000187
ix 0,494296 0,000113
jail 1,347074 0,000307
james 0,673345 0,000154
jane 1,832581 0,000418
janissary 3,912023 0,000893
jansenist 3,506558 0,000800
japan 1,560648 0,000356
japanese 1,660731 0,000379
jargon 1,660731 0,000379
jealous 0,446287 0,000102
jealousy 0,430783 0,000197
jean 1,966113 0,000449
jehu 2,995732 0,000684
jeroboam 2,995732 0,000684
jest 0,616186 0,000141
jesting 1,427116 0,000326
jesuit 2,207275 0,000504
jesuits 2,302585 0,000526
jew 1,171183 0,000267
jewel 0,634878 0,000145
jeweller 2,120264 0,000484
jewish 1,832581 0,000418
jews 1,078810 0,000246
joiner 2,525729 0,000577
joke 0,356675 0,000163
joseph 0,994252 0,000227
journal 0,916291 0,000418
journey 0,150823 0,000069
joy 0,127833 0,000029
judge 0,061875 0,000042
judging 0,713350 0,000163
judgment 0,198451 0,000045
jump 0,430783 0,000098
june 0,527633 0,000120
justice 0,162519 0,000037
justly 0,653926 0,000149
kick 0,314711 0,000216
kill 0,083382 0,000057
king 0,210721 0,000096
kingdom 0,462035 0,000105
kiss 0,356675 0,000163
knapsack 2,407946 0,000550
knave 1,427116 0,000326
knavery 2,659260 0,000607
knee 0,150823 0,000034
kneel 0,478036 0,000218
knight 1,272966 0,000291
knights 1,309333 0,000299
knock 0,287682 0,000066
labour 0,562119 0,000128
lackey 2,302585 0,000526
laden 0,673345 0,000154
lady 0,162519 0,000074
lake 0,162519 0,000037
lament 0,713350 0,000163
lamentation 1,078810 0,000246
land 0,051293 0,000023
landlady 1,514128 0,000346
landlord 0,941609 0,000215
language 0,072571 0,000017
languish 1,139434 0,000260
laputa 3,218876 0,000735
lard 2,659260 0,000607
lash 0,562119 0,000128
late 0,094311 0,000022
latin 0,653926 0,000149
latinus 2,995732 0,000684
laudable 1,609438 0,000367
laugh 0,094311 0,000086
laughter 0,274437 0,000063
lavinia 2,659260 0,000607
lavish 1,108663 0,000253
law 0,020203 0,000009
lawsuit 1,832581 0,000418
lawyer 0,673345 0,000154
lay 0,030459 0,000021
le 1,049822 0,000240
lead 0,020203 0,000014
leaf 0,446287 0,000102
league 0,653926 0,000299
lean 0,127833 0,000029
learn 0,020203 0,000018
leave -0,009950 -0,000005
left 0,000000 0,000000
leg 0,235722 0,000108
legal 0,261365 0,000060
legally 0,342490 0,000078
legend 0,820981 0,000187
leipzig 2,813411 0,000642
lemon 1,660731 0,000379
leopold 3,912023 0,000893
lesson 0,287682 0,000131
lethargic 2,659260 0,000607
letter 0,072571 0,000033
letting 2,995732 0,000684
levantine 2,995732 0,000684
levy 1,469676 0,000335
leyden 2,525729 0,000577
liability 0,462035 0,000105
liable 0,235722 0,000054
liar 1,021651 0,000233
liberty 0,198451 0,000045
library 0,223144 0,000051
license 0,301105 0,000069
licensed 0,430783 0,000098
lick 0,673345 0,000154
lie 0,020203 0,000014
lieu 0,415515 0,000095
lieutenancy 3,218876 0,000735
lieutenant 1,203973 0,000275
life -0,009950 -0,000005
lifetime 0,843970 0,000193
lift 0,116534 0,000027
light 0,000000 0,000000
lightly 0,430783 0,000098
lightness 1,897120 0,000433
likeness 0,673345 0,000154
liking 1,021651 0,000233
lima 2,995732 0,000684
limb 0,248461 0,000057
limitation 0,371064 0,000085
limited 0,261365 0,000060
linen 0,527633 0,000120
link 0,174353 0,000080
lion 0,579818 0,000132
lip 0,127833 0,000029
liqueur 2,525729 0,000577
liquor 0,798508 0,000182
lisbon 2,407946 0,000550
list 0,301105 0,000069
listen 0,105361 0,000048
literary 0,287682 0,000066
literature 0,653926 0,000149
live 0,010050 0,000005
livelihood 1,514128 0,000346
lively 0,385662 0,000088
living 0,020203 0,000005
livres 2,659260 0,000607
llama 3,506558 0,000800
locate 0,371064 0,000085
location 0,494296 0,000113
lodge 0,494296 0,000113
loftily 2,302585 0,000526
lofty 0,494296 0,000113
lombard 2,120264 0,000484
london 0,415515 0,000095
lonely 0,400478 0,000091
loose 0,094311 0,000022
lord 0,223144 0,000051
lords 0,843970 0,000193
lose 0,000000 0,000000
loss 0,083382 0,000019
lot 0,051293 0,000012
loud 0,105361 0,000024
loudly 0,400478 0,000091
louis 1,078810 0,000246
love 0,030459 0,000021
lover 0,356675 0,000163
loving 0,478036 0,000109
lovingly 1,427116 0,000326
lucifer 1,966113 0,000449
lucky 0,494296 0,000113
lull 1,139434 0,000260
lurk 0,616186 0,000141
lust 0,820981 0,000187
lustre 1,139434 0,000260
lynx 2,659260 0,000607
lyric 2,120264 0,000484
macaroni 2,995732 0,000684
machine 0,210721 0,000048
mad 0,235722 0,000054
madam 0,967584 0,000221
madame 1,108663 0,000253
mademoiselle 1,966113 0,000449
madhouse 2,407946 0,000550
madness 0,597837 0,000136
madrid 2,120264 0,000484
magistrate 0,820981 0,000187
magnificence 1,237874 0,000283
magnificent 0,328504 0,000075
magnificently 1,514128 0,000346
mahmoud 3,912023 0,000893
mahomet 1,660731 0,000379
maid 0,415515 0,000190
mail 0,820981 0,000187
main 0,127833 0,000029
maintain 0,094311 0,000065
maize 2,813411 0,000642
majestic 1,108663 0,000253
majesty 0,510826 0,000233
malice 0,776529 0,000177
malicious 0,941609 0,000215
malignancy 3,218876 0,000735
malignant 1,139434 0,000260
malta 2,525729 0,000577
manes 2,040221 0,000466
mangled 1,660731 0,000379
mania 1,347074 0,000307
mankind 0,478036 0,000109
manner 0,040822 0,000009
manners 0,274437 0,000063
manufacture 1,078810 0,000246
marble 0,562119 0,000128
march 0,223144 0,000102
marching 1,171183 0,000267
marchioness 2,813411 0,000642
mark 0,105361 0,000048
marked 0,061875 0,000014
market 0,510826 0,000117
marriage 0,314711 0,000072
married 0,248461 0,000057
marry 0,356675 0,000163
marseilles 1,966113 0,000449
martin 1,386294 0,000316
marvellous 0,891598 0,000204
marvellously 1,660731 0,000379
mary 0,693147 0,000158
masquerade 1,771957 0,000404
mass 0,210721 0,000048
massa 2,659260 0,000607
massacre 1,309333 0,000598
mast 0,941609 0,000430
master 0,072571 0,000017
masterpiece 1,427116 0,000326
matapan 2,995732 0,000684
match 0,301105 0,000137
materia 3,912023 0,000893
material 0,261365 0,000060
mathematician 1,714798 0,000391
mathematics 1,272966 0,000291
matter 0,000000 0,000000
max 2,813411 0,000642
maxim 1,078810 0,000246
maximum 0,478036 0,000109
mead 2,302585 0,000526
meadow 0,733969 0,000168
meanness 1,237874 0,000283
medal 1,469676 0,000335
meddle 0,994252 0,000227
medici 2,525729 0,000577
mediterranean 1,609438 0,000367
medium 0,223144 0,000051
meekness 1,714798 0,000391
meet 0,010050 0,000007
melancholy 0,342490 0,000078
memoirs 1,347074 0,000307
memorial 1,139434 0,000260
memory 0,162519 0,000037
mention 0,105361 0,000072
mercantile 2,407946 0,000550
merchant 0,494296 0,000113
mercy 0,210721 0,000048
merit 0,371064 0,000085
messiah 2,302585 0,000526
metaphysician 2,302585 0,001051
metaphysics 1,514128 0,000346
method 0,094311 0,000043
michael 0,400478 0,000091
middle 0,030459 0,000007
midnight 0,328504 0,000075
midst 0,287682 0,000066
mile 0,174353 0,000080
militarism 3,506558 0,000800
military 0,616186 0,000141
milk 0,400478 0,000091
milo 2,407946 0,000550
milton 1,609438 0,000367
mind 0,020203 0,000009
minded 0,400478 0,000091
minister 0,562119 0,000128
minute 0,150823 0,000069
miracle 0,597837 0,000136
miscellaneous 1,771957 0,000404
miser 1,560648 0,000356
miserable 0,210721 0,000048
miserably 1,108663 0,000253
miserere 2,813411 0,000642
misery 0,248461 0,000113
misfortune 0,400478 0,000183
misgiving 1,469676 0,000335
misleading 2,207275 0,000504
misplace 2,120264 0,000484
mission 0,210721 0,000048
mississippi 0,415515 0,000095
mist 0,430783 0,000098
mistake 0,186330 0,000043
mistaken 0,261365 0,000060
mistress 0,478036 0,000109
mitre 2,040221 0,000931
mixture 0,597837 0,000136
mocha 2,995732 0,000684
mock 0,478036 0,000109
mockery 0,916291 0,000209
mockingly 1,966113 0,000449
modern 0,301105 0,000137
modest 0,371064 0,000085
modestly 1,139434 0,000260
modesty 0,733969 0,000168
modification 0,478036 0,000109
modify 0,356675 0,000081
mogul 2,659260 0,000607
moiety 2,659260 0,000607
moisten 1,660731 0,000379
molinist 3,912023 0,000893
moment 0,010050 0,000005
monarch 1,108663 0,000506
monastery 1,469676 0,000335
monday 0,891598 0,000204
money 0,051293 0,000012
mongrel 2,302585 0,000526
monk 1,108663 0,000506
monkey 0,941609 0,000215
monotony 1,609438 0,000367
monsieur 1,427116 0,000326
monster 0,527633 0,000241
montepulciano 3,912023 0,000893
month 0,040822 0,000019
monument 0,776529 0,000177
moor 0,994252 0,000227
moorish 2,120264 0,000484
moral 0,301105 0,000137
morass 2,040221 0,000466
morena 3,912023 0,000893
morning 0,040822 0,000009
morocco 1,832581 0,000418
morrow 0,328504 0,000075
mortal 0,314711 0,000144
mortis 3,506558 0,000800
moscow 2,207275 0,000504
moses 1,139434 0,000260
mosque 2,207275 0,000504
moss 1,049822 0,000240
mother 0,072571 0,000033
motive 0,356675 0,000081
mots 2,659260 0,000607
mount 0,210721 0,000048
mountains 0,400478 0,000091
mournful 0,941609 0,000215
mouse 0,776529 0,000177
mouth 0,061875 0,000014
mufti 2,813411 0,000642
mulatto 2,659260 0,000607
muley 3,912023 0,000893
multitude 0,385662 0,000088
murder 0,248461 0,000057
murderers 1,386294 0,000316
muscle 0,755023 0,000172
music 0,198451 0,000045
musician 1,171183 0,000535
musing 1,237874 0,000283
musket 1,514128 0,000346
musketeer 2,407946 0,000550
mussulman 2,995732 0,000684
muster 1,078810 0,000246
mynheer 3,506558 0,000800
nail 0,356675 0,000081
naked 0,274437 0,000063
nape 1,771957 0,000404
naples 1,272966 0,000291
narrative 0,579818 0,000132
nation 0,579818 0,000132
nations 0,673345 0,000154
native 0,314711 0,000072
natural 0,094311 0,000022
naturally 0,210721 0,000048
nature 0,094311 0,000022
natured 0,733969 0,000168
navel 2,040221 0,000466
neapolitan 2,659260 0,000607
neat 0,653926 0,000299
neatly 1,049822 0,000240
necessity 0,210721 0,000048
neck 0,174353 0,000040
negligence 0,415515 0,000095
negro 0,967584 0,000442
neighborhood 1,171183 0,000267
neighbour 0,510826 0,000233
neighbourhood 0,776529 0,000177
nephew 0,891598 0,000204
nerve 0,371064 0,000085
network 0,415515 0,000095
newcomer 1,560648 0,000356
news 0,210721 0,000048
newsletter 0,562119 0,000128
niche 1,714798 0,000391
nicholas 1,771957 0,000404
night 0,010050 0,000002
nineteenth 1,171183 0,000267
nobility 0,755023 0,000172
noble 0,198451 0,000091
nobleman 1,021651 0,000233
nobly 1,309333 0,000299
nod 0,371064 0,000085
noise 0,139262 0,000032
nonproprietary 0,562119 0,000128
nonsense 0,478036 0,000109
norman 1,832581 0,000418
normandy 2,525729 0,000577
north 0,083382 0,000019
northern 0,653926 0,000149
nose 0,261365 0,000119
notable 1,272966 0,000291
note 0,094311 0,000043
notice 0,020203 0,000009
notify 0,371064 0,000169
notion 0,314711 0,000072
notoriously 2,407946 0,000550
notre 2,120264 0,000484
nourish 0,916291 0,000209
nouvelle 3,218876 0,000735
november 0,544727 0,000124
novice 1,560648 0,000356
numerous 0,235722 0,000054
nuptials 2,120264 0,000484
nurse 0,301105 0,000069
nut 0,820981 0,000187
oar 1,021651 0,000466
oarsman 2,207275 0,000504
oath 0,385662 0,000088
oats 1,609438 0,000367
obeisance 1,897120 0,000433
obey 0,223144 0,000051
object 0,105361 0,000048
objection 0,400478 0,000091
obligation 0,597837 0,000136
oblige 0,210721 0,000096
obscure 0,478036 0,000109
observe 0,094311 0,000065
obsolete 0,446287 0,000102
obstruct 1,309333 0,000299
obvious 0,415515 0,000095
occasion 0,105361 0,000048
occupation 0,371064 0,000085
occupy 0,174353 0,000040
occur 0,083382 0,000038
odd 0,385662 0,000088
odour 1,021651 0,000233
offer 0,020203 0,000014
office 0,072571 0,000033
officer 0,314711 0,000144
official 0,223144 0,000051
officious 1,832581 0,000418
oil 0,446287 0,000102
ointment 1,966113 0,000449
online 0,510826 0,000117
opera 1,139434 0,000520
operation 0,478036 0,000109
opinion 0,105361 0,000024
opportunity 0,061875 0,000028
oppose 0,579818 0,000132
opposed 0,653926 0,000149
oppressed 0,693147 0,000158
optimism 2,302585 0,000526
optimist 2,813411 0,000642
oracle 1,237874 0,000283
orange 0,776529 0,000354
orator 1,171183 0,000267
ordain 0,891598 0,000204
organized 0,356675 0,000081
origin 0,527633 0,000120
original 0,105361 0,000024
originally 0,673345 0,000154
originator 0,478036 0,000109
ornament 0,527633 0,000120
ornamented 1,171183 0,000267
outcry 1,272966 0,000291
outdated 0,562119 0,000128
outskirts 1,560648 0,000356
overboard 1,347074 0,000307
overpower 0,941609 0,000215
overspread 1,272966 0,000291
overtake 0,400478 0,000183
overwhelmed 0,891598 0,000204
owe 0,105361 0,000024
owner 0,083382 0,000019
pace 0,186330 0,000043
pacifism 3,912023 0,000893
pack 0,579818 0,000132
pain 0,051293 0,000012
pained 1,203973 0,000275
paint 0,274437 0,000125
painter 0,755023 0,000172
pair 0,210721 0,000048
palace 0,494296 0,000113
pale 0,186330 0,000043
pallor 1,347074 0,000307
palpitate 1,714798 0,000391
paltry 1,203973 0,000275
palus 3,912023 0,000893
pamphlet 1,514128 0,000346
pamphleteer 3,506558 0,000800
pangloss 3,912023 0,000893
paper 0,083382 0,000019
paperwork 0,562119 0,000128
parade 0,994252 0,000227
paradise 0,776529 0,000177
paragraph 0,328504 0,000150
paraguay 3,218876 0,000735
paraguayan 3,912023 0,001786
pardon 0,287682 0,000066
parent 0,261365 0,000060
parenthetically 3,218876 0,000735
paris 0,562119 0,000128
parisian 1,514128 0,000346
park 0,713350 0,000163
parliament 1,021651 0,000233
parody 1,832581 0,000418
parricide 1,897120 0,000433
parrot 1,560648 0,000356
parson 1,514128 0,000346
particulars 0,776529 0,000177
partridge 1,427116 0,000326
party 0,030459 0,000007
pashas 3,912023 0,000893
pass 0,020203 0,000009
passable 2,407946 0,000550
passage 0,105361 0,000048
passenger 0,653926 0,000299
passing 0,094311 0,000022
passion 0,174353 0,000080
pastry 2,040221 0,000931
paternoster 2,659260 0,000607
pathetic 1,108663 0,000253
patient 0,274437 0,000063
patiently 0,733969 0,000168
paved 1,108663 0,000253
pavement 0,755023 0,000172
pay 0,030459 0,000021
payable 2,407946 0,000550
payment 0,274437 0,000125
peace 0,094311 0,000022
pearl 0,820981 0,000187
pebble 1,108663 0,000253
pedlar 2,120264 0,000484
peel 1,139434 0,000260
peevish 1,771957 0,000404
pen 0,235722 0,000108
penetrate 0,415515 0,000095
pensive 1,171183 0,000267
perceive 0,198451 0,000136
perfect 0,061875 0,000014
perfectly 0,162519 0,000037
perform 0,072571 0,000050
performance 0,127833 0,000058
perfumed 1,427116 0,000326
perigord 3,912023 0,000893
perilous 0,798508 0,000182
period 0,235722 0,000054
periodic 0,544727 0,000124
periodical 1,514128 0,000346
perish 0,462035 0,000211
perishable 2,120264 0,000484
permanent 0,223144 0,000051
permission 0,150823 0,000034
permit 0,094311 0,000086
perpetually 1,078810 0,000246
persecute 0,994252 0,000227
perseus 2,813411 0,000642
persian 1,139434 0,000520
person -0,009950 -0,000007
personage 0,967584 0,000221
personality 0,967584 0,000221
persuade 0,223144 0,000051
peru 2,207275 0,000504
peruvian 2,813411 0,000642
pest 1,560648 0,000356
pestilence 1,386294 0,000316
peter 0,798508 0,000182
petit 2,120264 0,000484
petrified 1,469676 0,000335
petticoat 1,514128 0,000346
phenomenon 0,820981 0,000187
philip 1,237874 0,000283
philosopher 0,673345 0,000307
philosophic 1,203973 0,000275
philosophical 1,049822 0,000240
philosophise 2,995732 0,000684
philosophy 0,597837 0,000136
phrase 0,139262 0,000032
physic 1,714798 0,000391
physical 0,198451 0,000045
physicians 1,272966 0,000291
physics 1,897120 0,000433
piastre 3,218876 0,000735
piazza 2,120264 0,000484
pick 0,223144 0,000102
picking 0,634878 0,000145
pickpocket 2,207275 0,000504
picture 0,139262 0,000064
piece 0,020203 0,000009
pierce 0,356675 0,000081
pig 0,544727 0,000249
pigeon 1,108663 0,000253
pigmy 2,120264 0,000484
pike 1,347074 0,000307
pillage 1,514128 0,000346
pin 0,478036 0,000109
pinched 1,139434 0,000260
pine 0,462035 0,000105
pious 0,733969 0,000168
pipe 0,385662 0,000088
pique 1,560648 0,000712
pirate 1,108663 0,000506
piratical 2,525729 0,000577
pistachio 3,218876 0,000735
pistole 2,659260 0,000607
pity 0,139262 0,000095
pizzle 3,912023 0,000893
plagiarize 3,506558 0,000800
plague 0,673345 0,000154
plain 0,040822 0,000009
plainly 0,261365 0,000060
plank 0,673345 0,000154
plant 0,186330 0,000043
plaster 0,916291 0,000209
plastic 2,207275 0,000504
plato 1,237874 0,000283
play 0,040822 0,000037
player 0,713350 0,000163
plaything 1,386294 0,000316
plead 0,400478 0,000091
pleasant 0,162519 0,000037
pleasantry 1,347074 0,000307
pleased 0,150823 0,000034
pleasure 0,051293 0,000023
plentiful 1,049822 0,000240
plenum 2,995732 0,000684
plight 1,237874 0,000283
plot 0,693147 0,000158
pluck 0,371064 0,000085
plump 1,021651 0,000233
plunder 0,994252 0,000227
plunge 0,314711 0,000144
ply 1,021651 0,000233
pocket 0,371064 0,000085
pococurante 3,506558 0,000800
poem 0,798508 0,000182
poet 0,544727 0,000249
pointedly 2,207275 0,000504
poisonous 1,272966 0,000291
poke 0,941609 0,000215
poland 1,832581 0,000418
pole 0,494296 0,000113
polite 0,693147 0,000316
politely 1,078810 0,000246
politeness 0,798508 0,000182
political 0,562119 0,000128
politics 0,713350 0,000163
pomatum 2,995732 0,000684
pomp 0,994252 0,000227
pompey 2,040221 0,000466
poniard 2,120264 0,000484
poor 0,020203 0,000005
pope 0,941609 0,000215
pork 1,272966 0,000291
port 0,579818 0,000132
portal 1,347074 0,000307
porte 2,659260 0,000607
porto 2,995732 0,000684
portrait 0,597837 0,000136
portugal 2,120264 0,000484
portuguese 1,966113 0,000449
positive 0,597837 0,000136
possess 0,061875 0,000056
possession 0,083382 0,000019
possibility 0,150823 0,000034
post 0,051293 0,000012
posterior 2,207275 0,000504
posthumous 2,659260 0,000607
pot 0,478036 0,000109
pound 0,314711 0,000072
pounder 2,659260 0,000607
pour 0,116534 0,000053
poverty 0,446287 0,000102
power 0,030459 0,000007
powerful 0,223144 0,000051
practically 0,235722 0,000054
practice 0,116534 0,000027
pragmatist 3,912023 0,000893
praise 0,274437 0,000125
pray 0,261365 0,000119
prayer 0,287682 0,000066
preach 0,755023 0,000172
preacher 1,049822 0,000479
preceptor 1,609438 0,000367
precious 0,162519 0,000037
precipice 1,021651 0,000233
precipitate 1,078810 0,000246
precipitately 2,302585 0,000526
predecessor 1,049822 0,000240
prefer 0,174353 0,000040
preferable 1,386294 0,000316
preference 0,843970 0,000193
prelate 2,207275 0,000504
prepare 0,116534 0,000053
prepared 0,105361 0,000024
presence 0,094311 0,000022
presentation 1,386294 0,000316
preserve 0,083382 0,000057
preserver 1,897120 0,000433
press 0,105361 0,000024
pressed 0,274437 0,000063
presume 0,462035 0,000105
presumptuous 1,469676 0,000335
pretend 0,186330 0,000128
pretender 2,207275 0,000504
pretty 0,150823 0,000069
prevail 0,287682 0,000131
prevent 0,040822 0,000019
previous 0,094311 0,000022
price 0,314711 0,000144
pride 0,150823 0,000069
priest 0,616186 0,000281
prince 0,462035 0,000211
princess 1,237874 0,000283
principal 0,287682 0,000066
principle 0,274437 0,000063
print 0,116534 0,000053
prior 1,237874 0,000283
priori 2,659260 0,000607
prison 0,248461 0,000113
prisoner 0,356675 0,000163
private 0,198451 0,000045
privilege 0,527633 0,000120
prize 0,494296 0,000113
probable 0,494296 0,000113
procedure 1,832581 0,000418
proceed 0,116534 0,000027
processing 0,562119 0,000128
procession 0,693147 0,000158
proclaim 0,527633 0,000120
procure 0,415515 0,000095
prodigally 3,218876 0,000735
prodigious 1,021651 0,000233
prodigiously 1,714798 0,000391
prodigy 1,469676 0,000335
produce 0,061875 0,000056
production 0,274437 0,000063
productive 1,469676 0,000335
profession 0,446287 0,000102
professor 0,261365 0,000060
profit 0,083382 0,000057
profound 0,446287 0,000204
profoundly 0,994252 0,000227
progress 0,162519 0,000037
prohibition 0,415515 0,000095
project -0,009950 -0,000002
prominently 0,494296 0,000113
promise 0,051293 0,000023
promising 0,430783 0,000098
promote 0,274437 0,000063
promotion 0,342490 0,000078
pronounced 0,446287 0,000102
proof 0,274437 0,000063
proofread 0,562119 0,000128
proofreading 1,966113 0,000449
propagandist 3,506558 0,000800
proper 0,061875 0,000014
properly 0,385662 0,000088
property 0,127833 0,000029
propontis 2,995732 0,000684
proposal 0,733969 0,000335
propose 0,186330 0,000043
proprietary 0,562119 0,000128
prose 1,021651 0,000233
prosecute 1,078810 0,000246
prospect 0,430783 0,000098
prostrate 0,673345 0,000154
protect 0,139262 0,000032
protection 0,314711 0,000072
protest 0,342490 0,000078
prove 0,083382 0,000057
provide 0,127833 0,000058
providence 0,693147 0,000158
province 0,776529 0,000354
provincial 1,203973 0,000275
provision 0,094311 0,000043
provoke 0,510826 0,000117
prudence 0,713350 0,000163
prudent 0,616186 0,000141
public 0,083382 0,000019
publication 1,049822 0,000240
publicly 0,994252 0,000227
publish 0,478036 0,000109
publisher 1,237874 0,000283
publishing 1,771957 0,000404
pull 0,127833 0,000058
punish 0,314711 0,000144
punishment 0,287682 0,000066
punitive 0,562119 0,000128
punt 2,995732 0,000684
punter 3,912023 0,000893
pupil 0,579818 0,000265
purchase 0,400478 0,000183
pure 0,139262 0,000064
purity 0,776529 0,000177
purl 2,813411 0,000642
purpose 0,040822 0,000009
pursue 0,186330 0,000043
pursuit 0,287682 0,000066
push 0,139262 0,000032
puzzle 0,941609 0,000215
puzzled 0,494296 0,000113
pyrrhus 2,525729 0,000577
quaking 1,832581 0,000418
quality 0,186330 0,000043
quarrel 0,287682 0,000197
quarter 0,105361 0,000072
quartering 2,302585 0,000526
quaver 2,040221 0,000466
queen 0,415515 0,000095
queens 1,660731 0,000379
question 0,020203 0,000009
qui 1,469676 0,000335
quick 0,127833 0,000058
quit 0,462035 0,000211
quoit 2,813411 0,000642
rabble 1,771957 0,000404
rage 0,139262 0,000064
ragout 2,813411 0,000642
rain 0,150823 0,000034
raise 0,020203 0,000014
raker 3,912023 0,000893
rambling 1,714798 0,000391
rammer 2,813411 0,000642
rank 0,223144 0,000102
ransom 1,386294 0,000633
ranunculus 3,506558 0,000800
rapaciousness 3,506558 0,000800
rape 2,040221 0,000466
raphael 1,897120 0,000433
rapid 0,371064 0,000085
rapidity 0,820981 0,000187
rapier 2,995732 0,000684
rapture 0,820981 0,000187
rare 0,261365 0,000060
rarity 1,609438 0,000367
rascal 0,867501 0,000198
rashly 1,560648 0,000356
rational 0,867501 0,000198
ravings 2,525729 0,000577
ravish 1,771957 0,000809
ravishing 2,207275 0,000504
reach 0,000000 0,000000
read 0,020203 0,000009
readable 0,510826 0,000117
reader 0,301105 0,000137
ready 0,030459 0,000007
real 0,040822 0,000009
realise 1,021651 0,000233
reap 0,673345 0,000154
reason 0,010050 0,000007
reasonable 0,116534 0,000027
reasoning 0,713350 0,000326
recall 0,235722 0,000054
receipt 0,261365 0,000060
receive 0,040822 0,000028
reception 0,693147 0,000158
reckon 0,385662 0,000176
reckoning 0,843970 0,000193
recoil 1,272966 0,000291
recollect 0,562119 0,000128
recommend 0,400478 0,000091
reconcile 0,597837 0,000136
record 0,223144 0,000051
recount 1,021651 0,000233
recover 0,127833 0,000088
recovery 0,616186 0,000141
recreation 1,309333 0,000299
red 0,061875 0,000014
redden 1,171183 0,000267
reddish 1,386294 0,000316
redemption 1,272966 0,000291
redistribute 0,544727 0,000124
redistributing 0,562119 0,000128
redistribution 0,562119 0,000128
redouble 1,309333 0,000299
reduce 0,314711 0,000072
reek 1,469676 0,000335
refasten 3,218876 0,000735
refer 0,223144 0,000051
reference 0,198451 0,000091
reflect 0,235722 0,000108
reflection 0,274437 0,000063
refrain 0,597837 0,000136
refresh 0,446287 0,000102
refreshment 0,843970 0,000385
refund 0,562119 0,000128
refuse 0,083382 0,000038
regain 0,634878 0,000145
regard 0,083382 0,000038
regiment 0,967584 0,000221
regimented 3,506558 0,000800
register 0,287682 0,000066
regret 0,342490 0,000078
regular 0,287682 0,000066
regulate 0,210721 0,000048
reign 0,430783 0,000098
reject 0,478036 0,000218
rejection 1,609438 0,000367
rejoice 0,400478 0,000091
relate 0,415515 0,000190
relation 0,223144 0,000051
relative 0,462035 0,000105
release 0,105361 0,000024
relief 0,186330 0,000043
relieve 0,198451 0,000045
religion 0,415515 0,000190
religious 0,446287 0,000102
relinquish 0,916291 0,000209
remain 0,040822 0,000028
remains 0,150823 0,000034
remark 0,223144 0,000051
remarks 0,462035 0,000105
remedy 0,150823 0,000069
remember 0,030459 0,000021
remind 0,301105 0,000137
remorse 0,755023 0,000172
remove 0,040822 0,000019
rename 0,544727 0,000124
rend 0,994252 0,000227
render 0,186330 0,000043
rendezvous 1,560648 0,000356
renegade 2,302585 0,000526
renounce 0,941609 0,000430
rent 0,510826 0,000117
reopen 1,897120 0,000433
repair 0,342490 0,000156
repast 1,139434 0,000260
repeat 0,051293 0,000035
repel 0,967584 0,000221
repentance 0,798508 0,000182
repetition 0,713350 0,000163
replace 0,198451 0,000045
replacement 0,544727 0,000124
reply 0,105361 0,000024
report 0,051293 0,000035
repose 0,494296 0,000113
represent 0,210721 0,000192
representation 0,261365 0,000060
representative 0,820981 0,000187
reprint 1,660731 0,000379
reproach 0,301105 0,000069
republican 1,514128 0,000346
republish 2,302585 0,000526
reputation 0,342490 0,000078
request 0,105361 0,000024
require 0,051293 0,000012
required 0,083382 0,000019
requirement 0,400478 0,000091
rescue 0,494296 0,000113
resemblance 0,713350 0,000163
resemble 0,400478 0,000183
reside 0,713350 0,000163
resign 0,693147 0,000316
resist 0,274437 0,000063
resolution 0,385662 0,000088
resolve 0,287682 0,000131
resource 0,544727 0,000124
respect 0,040822 0,000009
respectful 0,755023 0,000172
respectfully 1,139434 0,000260
respects 0,527633 0,000120
respond 0,693147 0,000158
rest 0,010050 0,000002
restriction 0,371064 0,000085
resume 0,301105 0,000137
retain 0,235722 0,000054
retaliate 1,560648 0,000356
retired 0,342490 0,000078
retract 1,660731 0,000379
return 0,010050 0,000009
reveal 0,223144 0,000051
revenge 0,462035 0,000211
revenue 0,342490 0,000078
reverence 0,579818 0,000132
reverend 1,272966 0,000291
reverse 0,527633 0,000120
reversed 1,171183 0,000267
review 0,693147 0,000158
revolt 0,967584 0,000221
revolution 0,634878 0,000145
rhyme 1,237874 0,000283
rhythm 1,897120 0,000433
ribbon 0,843970 0,000193
rich 0,116534 0,000080
richard 1,021651 0,000233
riches 0,798508 0,000182
richly 0,891598 0,000204
ride 0,261365 0,000119
ridicule 0,994252 0,000227
ridiculous 0,478036 0,000109
ridiculously 1,897120 0,000433
riga 3,506558 0,000800
rill 1,966113 0,000449
rip 1,021651 0,000466
rise 0,030459 0,000014
rite 0,994252 0,000227
rival 0,494296 0,000113
river 0,174353 0,000040
rivers 0,713350 0,000163
rivulet 1,660731 0,000758
road 0,116534 0,000053
roast 0,798508 0,000182
roasted 1,272966 0,000291
rob 0,356675 0,000163
robber 0,653926 0,000299
robe 0,673345 0,000307
rock 0,186330 0,000085
rogue 1,272966 0,000291
roguish 2,407946 0,000550
roll 0,150823 0,000069
romance 0,673345 0,000307
rome 0,713350 0,000163
roof 0,186330 0,000043
rook 1,966113 0,000449
rose 0,941609 0,000215
rot 0,798508 0,000365
rotterdam 2,659260 0,000607
rough 0,186330 0,000043
roughly 0,544727 0,000124
rounded 1,021651 0,000233
rouse 0,494296 0,000113
rousseau 1,897120 0,000433
route 0,713350 0,000163
roving 1,469676 0,000335
row 0,385662 0,000176
rowing 1,609438 0,000367
royal 0,400478 0,000091
royalty 0,371064 0,000169
rub 0,342490 0,000078
rubbish 1,108663 0,000253
ruby 1,560648 0,000356
rue 1,203973 0,000275
ruffian 1,347074 0,000307
rugged 0,798508 0,000182
ruin 0,116534 0,000053
rule 0,030459 0,000007
ruminant 3,912023 0,000893
rummage 1,386294 0,000316
rump 2,407946 0,000550
russia 1,309333 0,000299
russian 1,237874 0,000283
rusty 1,078810 0,000246
sabbath 1,469676 0,000335
sacrament 1,660731 0,000379
sacristan 2,813411 0,000642
sad 0,223144 0,000051
saddened 1,771957 0,000404
saddle 0,755023 0,000345
sadly 0,510826 0,000117
safely 0,371064 0,000085
safety 0,356675 0,000081
sage 0,820981 0,000375
sail 0,415515 0,000190
sailing 0,653926 0,000149
sailor 0,544727 0,000249
sake 0,083382 0,000019
sale 0,776529 0,000177
sallee 3,506558 0,000800
salt 0,105361 0,000024
salute 0,634878 0,000145
san 1,272966 0,000291
sanction 1,237874 0,000283
sand 0,494296 0,000113
sarmatian 3,506558 0,000800
satiate 2,207275 0,000504
satire 1,514128 0,000346
satirical 1,660731 0,000379
satirist 2,407946 0,000550
satisfy 0,061875 0,000014
saturday 0,843970 0,000193
satyr 1,832581 0,000418
savage 0,248461 0,000057
save 0,010050 0,000007
saviour 1,203973 0,000275
scab 2,525729 0,000577
scale 0,274437 0,000063
scandal 0,843970 0,000193
scandalous 1,237874 0,000283
scarce 0,653926 0,000149
scarcely 0,301105 0,000069
scarp 3,506558 0,000800
scattered 0,139262 0,000032
scene 0,127833 0,000058
scholar 0,579818 0,000132
school 0,150823 0,000034
schoolmaster 1,272966 0,000291
science 0,415515 0,000095
scimitar 2,407946 0,000550
scintillation 2,995732 0,000684
score 0,446287 0,000102
scoundrel 1,078810 0,000492
scour 1,203973 0,000550
scourge 1,049822 0,000240
scrape 0,634878 0,000290
scratch 0,544727 0,000124
scream 0,462035 0,000211
screen 0,843970 0,000193
scribble 1,309333 0,000299
scribe 1,771957 0,000404
scruple 0,941609 0,000215
scullion 2,525729 0,000577
sea 0,116534 0,000027
seaman 1,203973 0,000275
search 0,040822 0,000009
seas 0,916291 0,000209
seat 0,051293 0,000023
secret 0,051293 0,000012
secretary 0,820981 0,000187
secure 0,061875 0,000028
seduce 1,171183 0,000535
seek 0,083382 0,000038
seize 0,116534 0,000053
select 0,301105 0,000069
sell 0,210721 0,000144
senator 2,120264 0,000484
send 0,020203 0,000014
seneca 2,120264 0,000484
senor 2,995732 0,000684
sense 0,051293 0,000012
sensibility 1,237874 0,000283
sentence 0,094311 0,000022
sentry 1,714798 0,000391
senza 3,506558 0,000800
separate 0,094311 0,000022
separation 0,755023 0,000172
sepulture 2,525729 0,000577
sequence 1,560648 0,000356
sequin 2,995732 0,000684
seraglio 2,659260 0,000607
serene 0,916291 0,000209
sergeant 1,897120 0,000433
series 0,494296 0,000113
sermon 0,891598 0,000407
serpent 0,693147 0,000316
servant 0,105361 0,000048
serve 0,051293 0,000047
service 0,072571 0,000033
servitude 1,272966 0,000291
set 0,010050 0,000005
settle 0,083382 0,000019
seventeen 0,693147 0,000158
severe 0,301105 0,000069
severely 0,634878 0,000145
sew 0,994252 0,000227
sex 0,462035 0,000211
shadow 0,162519 0,000037
shalt 1,171183 0,000267
shape 0,150823 0,000034
shaped 0,527633 0,000120
share 0,030459 0,000021
sheep 0,371064 0,000085
sheet 0,314711 0,000072
shelf 0,634878 0,000145
shelter 0,301105 0,000069
sheltered 0,820981 0,000187
sherbet 2,407946 0,000550
shift 0,510826 0,000117
shine 0,150823 0,000069
ship 0,198451 0,000091
shipwreck 1,237874 0,000283
shirt 0,527633 0,000120
shock 0,235722 0,000108
shocking 1,139434 0,000260
shoot 0,385662 0,000088
shop 0,494296 0,000113
shore 0,287682 0,000131
short 0,020203 0,000014
shot 0,223144 0,000051
shoulder 0,139262 0,000032
shout 0,186330 0,000043
shrewd 0,994252 0,000227
shrewdly 1,714798 0,000391
shriek 0,634878 0,000145
shudder 0,446287 0,000102
shut 0,051293 0,000012
siamese 2,995732 0,000684
sick 0,150823 0,000034
siege 0,941609 0,000430
sierra 2,525729 0,000577
sieur 3,218876 0,000735
sigh 0,235722 0,000108
sight 0,040822 0,000019
sign 0,051293 0,000012
signalling 2,813411 0,000642
signify 0,634878 0,000435
signor 2,525729 0,000577
silence 0,051293 0,000012
silhouette 2,207275 0,000504
silly 0,400478 0,000091
silver 0,210721 0,000048
simple 0,094311 0,000022
simplicity 0,527633 0,000120
sin 0,314711 0,000072
sing 0,261365 0,000179
singer 1,049822 0,000240
singing 0,371064 0,000085
single 0,083382 0,000019
singular 0,430783 0,000098
sink 0,072571 0,000033
sir 0,150823 0,000034
sire 1,660731 0,000379
sister 0,223144 0,000051
sit 0,010050 0,000007
situated 0,733969 0,000168
situation 0,198451 0,000091
sixteen 0,653926 0,000149
sixth 0,446287 0,000102
skin 0,174353 0,000040
skipper 1,897120 0,000433
sky 0,186330 0,000043
slander 1,609438 0,000367
slash 1,309333 0,000299
slaughter 0,820981 0,000375
slave 0,356675 0,000163
slavery 0,798508 0,000182
slay 0,733969 0,000335
slaying 1,714798 0,000391
sleep 0,051293 0,000023
sleeve 0,579818 0,000132
slew 1,386294 0,000316
slight 0,072571 0,000017
slip 0,150823 0,000034
slow 0,139262 0,000032
smell 0,261365 0,000060
smile 0,150823 0,000103
smooth 0,235722 0,000054
smyrna 2,407946 0,000550
snakes 1,347074 0,000307
snatch 0,462035 0,000105
snow 0,478036 0,000109
snuff 1,171183 0,000267
sob 0,562119 0,000128
sober 0,562119 0,000128
sociable 1,272966 0,000291
social 0,371064 0,000085
society 0,210721 0,000048
socinian 3,506558 0,000800
sofa 0,967584 0,000221
soft 0,210721 0,000048
softly 0,400478 0,000091
soldier 0,415515 0,000190
sole 0,301105 0,000069
solemn 0,301105 0,000069
solicit 0,314711 0,000072
solicitation 0,430783 0,000098
solid 0,274437 0,000063
son 0,083382 0,000038
song 0,261365 0,000060
sonnet 2,302585 0,000526
soot 1,609438 0,000367
soporific 2,659260 0,000607
sorcerer 1,897120 0,000433
sore 0,527633 0,000120
sorrow 0,248461 0,000113
sorrowfully 1,714798 0,000391
sort 0,072571 0,000033
soul 0,083382 0,000038
sound 0,010050 0,000005
soup 1,078810 0,000246
source 0,274437 0,000063
south 0,235722 0,000054
sovereign 0,733969 0,000335
spain 0,994252 0,000227
spaniard 1,832581 0,000418
spaniards 1,514128 0,000346
spanish 0,733969 0,000168
spare 0,116534 0,000027
sparkle 0,941609 0,000215
sparkling 0,776529 0,000177
speak 0,030459 0,000021
speaker 0,634878 0,000145
speaking 0,072571 0,000017
special 0,083382 0,000019
specie 2,659260 0,000607
species 0,634878 0,000145
specific 0,820981 0,000187
spectacle 0,544727 0,000124
spectacles 0,843970 0,000193
spectator 0,544727 0,000124
spectre 1,469676 0,000335
speech 0,139262 0,000032
speed 0,274437 0,000063
spelling 1,171183 0,000267
spelt 1,897120 0,000433
spend 0,051293 0,000047
spin 0,510826 0,000117
spirit 0,051293 0,000023
spit 0,843970 0,000578
spite 0,139262 0,000032
spitting 1,609438 0,000367
splendid 0,400478 0,000091
spoil 0,274437 0,000125
spontoon 3,912023 0,000893
spot 0,150823 0,000034
sprawl 1,139434 0,000260
spread 0,051293 0,000012
spring 0,051293 0,000023
sprinkle 0,776529 0,000177
spruce 2,040221 0,000466
spur 0,693147 0,000158
spying 1,714798 0,000391
squander 1,469676 0,000335
square 0,223144 0,000102
stab 0,967584 0,000442
stable 0,478036 0,000218
staff 0,261365 0,000060
stage 0,186330 0,000043
stagger 0,527633 0,000120
staircase 0,820981 0,000187
stake 0,446287 0,000204
stalk 0,755023 0,000172
stand -0,009950 -0,000005
star 0,261365 0,000060
stare 0,328504 0,000075
stark 1,386294 0,000316
start -0,009950 -0,000007
starve 0,562119 0,000257
stateliness 2,207275 0,000504
statement 0,186330 0,000043
statue 0,634878 0,000145
status 0,446287 0,000102
stay 0,061875 0,000028
steal 0,105361 0,000072
stealthy 1,469676 0,000335
steep 0,527633 0,000120
step 0,030459 0,000014
sterling 1,560648 0,000356
stick 0,174353 0,000040
stir 0,210721 0,000048
stock 0,235722 0,000054
stocking 0,843970 0,000193
stomach 0,616186 0,000281
stone 0,094311 0,000043
store 0,061875 0,000028
storm 0,274437 0,000063
story 0,030459 0,000014
straight 0,105361 0,000024
straightway 1,347074 0,000307
straits 1,427116 0,000326
strange 0,061875 0,000014
stranger 0,139262 0,000032
strangers 0,356675 0,000081
strangle 0,843970 0,000193
straw 0,342490 0,000078
stray 0,562119 0,000128
stream 0,139262 0,000032
street 0,116534 0,000053
strength 0,030459 0,000007
strengthen 0,478036 0,000109
stretch 0,116534 0,000053
strew 0,733969 0,000168
strict 0,186330 0,000043
strike 0,020203 0,000005
strip 0,385662 0,000088
stroke 0,301105 0,000069
strong 0,020203 0,000005
structure 0,634878 0,000145
struggle 0,127833 0,000029
strut 1,514128 0,000346
stuart 2,040221 0,000466
study 0,094311 0,000022
stuff 0,223144 0,000102
stupefied 1,714798 0,000391
stupidity 0,916291 0,000209
style 0,261365 0,000060
subject 0,061875 0,000028
sublime 0,994252 0,000227
subordinate 0,967584 0,000221
subscribe 0,342490 0,000078
subsequently 1,469676 0,000335
subservient 1,897120 0,000433
subsist 1,347074 0,000307
substance 0,415515 0,000095
substitute 0,713350 0,000163
subtilis 3,506558 0,000800
suburb 1,078810 0,000246
succeed 0,105361 0,000048
success 0,162519 0,000037
successive 0,891598 0,000204
succour 1,560648 0,000356
suddenly 0,040822 0,000009
suffer 0,061875 0,000028
sufficient 0,139262 0,000032
sugar 0,776529 0,000177
suit 0,198451 0,000045
sulphur 1,609438 0,000367
sultan 2,040221 0,000466
summer 0,186330 0,000043
summit 0,713350 0,000163
sun 0,072571 0,000017
sunday 0,494296 0,000113
superior 0,261365 0,000060
superiority 0,673345 0,000154
supper 0,446287 0,000204
supplant 1,771957 0,000404
supply 0,210721 0,000096
support 0,094311 0,000065
suppose 0,020203 0,000005
sur 2,040221 0,000466
surely 0,186330 0,000043
surface 0,287682 0,000066
surgeon 0,891598 0,000407
surinam 2,995732 0,000684
surpass 0,755023 0,000172
surprise 0,150823 0,000034
surprised 0,210721 0,000048
surprising 0,544727 0,000124
surrender 0,776529 0,000177
surround 0,162519 0,000074
survey 0,462035 0,000105
survive 0,186330 0,000043
suspect 0,162519 0,000037
suspend 0,527633 0,000120
suspicion 0,210721 0,000048
sustain 0,314711 0,000072
swallow 0,261365 0,000060
swamp 0,287682 0,000066
swear 0,261365 0,000179
swearing 0,994252 0,000227
sweat 0,562119 0,000128
swede 2,813411 0,000642
sweep 0,274437 0,000063
sweet 0,139262 0,000032
sweetheart 1,609438 0,000367
swell 0,186330 0,000043
swift 0,385662 0,000088
swim 0,478036 0,000218
swoon 1,171183 0,000267
swoop 1,386294 0,000316
sword 0,430783 0,000098
sympathise 1,514128 0,000346
sympathy 0,314711 0,000072
synonymous 0,446287 0,000102
syracuse 2,207275 0,000504
table 0,083382 0,000019
tack 1,139434 0,000260
tail 0,356675 0,000081
tale 0,248461 0,000113
talent 0,385662 0,000088
talk 0,061875 0,000014
talking 0,150823 0,000034
tall 0,198451 0,000045
tapestry 1,660731 0,000379
tartar 1,660731 0,000379
taste 0,105361 0,000048
tattered 1,309333 0,000299
tawny 1,771957 0,000404
tax 0,248461 0,000113
te 1,609438 0,000367
teach 0,083382 0,000076
team 1,049822 0,000240
tear 0,030459 0,000021
temp 2,813411 0,000642
tempered 0,653926 0,000149
tempest 0,776529 0,000177
tempt 0,415515 0,000095
temptation 0,430783 0,000098
tender 0,301105 0,000137
tenderly 0,916291 0,000209
term 0,061875 0,000014
terrestrial 1,427116 0,000326
terrible 0,186330 0,000043
terrify 0,579818 0,000132
territory 1,203973 0,000275
terror 0,162519 0,000037
testimony 0,562119 0,000128
thanksgiving 1,469676 0,000335
theatre 0,820981 0,000187
thee 0,597837 0,000136
theodore 2,302585 0,000526
theology 1,427116 0,000326
thief 0,462035 0,000105
thither 0,579818 0,000132
thomas 0,891598 0,000204
thousandth 1,897120 0,000433
thread 0,342490 0,000078
threaten 0,186330 0,000043
throat 0,223144 0,000051
throne 0,733969 0,000168
throw 0,010050 0,000011
thrust 0,287682 0,000066
thunder 0,430783 0,000098
thunderclap 2,659260 0,000607
thy 0,634878 0,000145
tie 0,105361 0,000024
tiger 1,078810 0,000246
time -0,009950 -0,000005
timid 0,544727 0,000124
tired 0,198451 0,000045
tiresome 1,078810 0,000246
title 0,116534 0,000053
toad 1,514128 0,000346
toil 0,430783 0,000098
tolerable 0,994252 0,000227
tone 0,198451 0,000045
tongue 0,139262 0,000064
tooth 0,186330 0,000085
torment 0,597837 0,000273
total 0,579818 0,000132
touch 0,010050 0,000007
tour 0,916291 0,000209
towel 1,427116 0,000326
town 0,094311 0,000022
trace 0,198451 0,000045
track 0,415515 0,000095
tractable 2,120264 0,000484
trade 0,287682 0,000131
trademark 0,562119 0,000128
trading 1,237874 0,000283
tragedy 0,733969 0,000335
train 0,162519 0,000037
traitor 1,078810 0,000246
trample 0,597837 0,000273
transact 1,469676 0,000671
transcribe 0,462035 0,000105
transcriber 1,714798 0,000391
transcription 0,527633 0,000120
transform 0,693147 0,000158
translate 0,634878 0,000145
translator 1,347074 0,000307
transport 0,653926 0,000448
transylvanian 3,506558 0,000800
travel 0,198451 0,000136
traveller 0,755023 0,000172
travelling 0,693147 0,000158
traverse 0,867501 0,000396
treasure 0,261365 0,000060
treat 0,127833 0,000058
treatise 1,272966 0,000291
treatment 0,127833 0,000029
treaty 1,386294 0,000316
tree 0,061875 0,000028
trellis 2,407946 0,000550
tremble 0,174353 0,000119
trial 0,261365 0,000060
tribe 0,693147 0,000316
trick 0,274437 0,000063
trifle 0,446287 0,000102
trifling 0,653926 0,000149
trinity 1,660731 0,000379
trip 0,510826 0,000117
tripoli 3,218876 0,000735
triumph 0,261365 0,000060
troops 0,941609 0,000215
trouble 0,010050 0,000005
troublesome 0,843970 0,000193
troy 1,609438 0,000367
truant 2,207275 0,000504
true 0,020203 0,000005
trumpet 0,843970 0,000193
trust 0,061875 0,000014
truth 0,030459 0,000007
truthfully 2,302585 0,000526
tuck 1,049822 0,000240
tucuman 3,912023 0,000893
tug 0,916291 0,000209
tulip 2,207275 0,000504
tumble 0,494296 0,000113
tunis 3,218876 0,000735
turk 1,560648 0,000356
turkey 1,049822 0,000240
turkish 1,427116 0,000326
turks 1,514128 0,000346
twentieth 1,108663 0,000253
twinkling 1,021651 0,000233
type 0,174353 0,000040
typographical 2,995732 0,000684
tyranny 1,108663 0,000253
tyrant 0,843970 0,000193
tyrolese 3,218876 0,000735
ugly 0,385662 0,000264
unadulterated 2,659260 0,000607
unavoidable 1,049822 0,000240
uncivil 1,897120 0,000433
unconcerned 1,660731 0,000379
uncover 0,916291 0,000209
undergo 0,510826 0,000233
understand 0,020203 0,000014
understanding 0,223144 0,000051
undertake 0,385662 0,000088
undress 1,560648 0,000712
uneasiness 0,994252 0,000227
unenforceability 0,562119 0,000128
unfaithful 1,966113 0,000449
unfamiliar 1,386294 0,000316
unfeathered 3,912023 0,000893
unfortunate 0,314711 0,000072
ungrateful 0,798508 0,000182
unhappy 0,400478 0,000183
unhesitatingly 1,660731 0,000379
uniform 0,210721 0,000048
uninteresting 1,347074 0,000307
unitarian 2,995732 0,000684
united 0,094311 0,000022
universal 0,478036 0,000109
universe 0,733969 0,000168
university 0,967584 0,000221
unjust 0,693147 0,000158
unknown 0,105361 0,000024
unlink 0,562119 0,000128
unluckily 1,832581 0,000418
unmercifully 2,659260 0,000607
unmistakable 1,171183 0,000267
unnecessary 0,653926 0,000149
unpitying 2,813411 0,000642
unsolicited 0,510826 0,000117
unsupportable 3,912023 0,000893
untie 1,309333 0,000299
update 0,510826 0,000117
upright 0,301105 0,000069
urban 2,659260 0,000607
usage 0,733969 0,000168
useless 0,235722 0,000054
user 0,544727 0,000124
usual 0,139262 0,000032
ut 0,510826 0,000117
utmost 0,356675 0,000081
utrecht 2,995732 0,000684
utter 0,162519 0,000074
vaguely 0,967584 0,000221
vainly 0,634878 0,000145
valet 1,560648 0,000712
valuable 0,342490 0,000078
vanilla 0,544727 0,000124
vanity 0,400478 0,000091
variety 0,150823 0,000034
vast 0,223144 0,000051
vastly 1,203973 0,000275
vault 0,798508 0,000182
vegetable 0,693147 0,000158
vehemence 1,108663 0,000253
veil 0,510826 0,000117
vein 0,446287 0,000102
venereal 3,218876 0,000735
venetian 1,469676 0,000335
venice 1,427116 0,000326
venture 0,223144 0,000102
venus 1,237874 0,000283
verily 1,139434 0,000260
vermilion 2,040221 0,000466
verse 0,478036 0,000218
version 0,342490 0,000156
vessel 0,446287 0,000204
vex 0,579818 0,000132
vexation 0,820981 0,000187
vicarious 2,813411 0,000642
vice 0,478036 0,000109
vicissitude 1,560648 0,000356
victim 0,385662 0,000176
victorious 1,108663 0,000253
victory 0,356675 0,000081
vie 1,514128 0,000346
view 0,040822 0,000019
vigorous 0,544727 0,000124
vii 0,430783 0,000098
viii 0,446287 0,000102
village 0,356675 0,000081
villain 0,916291 0,000209
villainy 1,660731 0,000379
vinegar 1,078810 0,000246
vineyard 1,237874 0,000283
violate 0,342490 0,000235
violence 0,248461 0,000057
violent 0,223144 0,000051
virgil 1,609438 0,000367
virgin 0,755023 0,000172
virtue 0,287682 0,000066
virtuoso 3,218876 0,000735
virus 0,527633 0,000120
visibly 0,916291 0,000209
visit 0,030459 0,000007
vitriol 3,506558 0,000800
vivacity 1,237874 0,000283
vizier 2,995732 0,000684
viziers 3,506558 0,000800
voice 0,020203 0,000005
void 0,261365 0,000060
volcano 1,514128 0,000346
voltaire 1,897120 0,000433
volume 0,356675 0,000081
voluntarily 0,891598 0,000204
voluntary 0,843970 0,000193
volunteer 0,314711 0,000072
volunteers 0,430783 0,000098
vow 0,616186 0,000141
voyage 0,616186 0,000281
vulture 1,427116 0,000326
wager 1,347074 0,000307
wages 0,916291 0,000209
waggoner 2,525729 0,000577
wait 0,061875 0,000028
waiter 0,916291 0,000209
waiting 0,083382 0,000019
walk 0,000000 0,000000
wall 0,094311 0,000022
wallet 2,407946 0,000550
walter 1,966113 0,000449
wander 0,116534 0,000027
wanderer 1,078810 0,000246
war 0,139262 0,000064
warm 0,116534 0,000053
warranty 0,544727 0,000249
wary 1,171183 0,000267
wash 0,210721 0,000192
watch 0,020203 0,000014
water 0,040822 0,000009
wax 0,446287 0,000102
weak 0,105361 0,000024
weakness 0,248461 0,000057
weapon 0,400478 0,000091
wear 0,083382 0,000057
weariness 0,755023 0,000172
wearisome 1,139434 0,000260
weary 0,186330 0,000043
weather 0,248461 0,000057
weave 0,693147 0,000158
wednesday 1,139434 0,000260
week 0,127833 0,000058
weep 0,356675 0,000326
weigh 0,162519 0,000074
wench 1,714798 0,000391
west 0,083382 0,000019
westphalia 3,912023 0,000893
westphalian 3,506558 0,000800
wet 0,261365 0,000060
whatsoever 0,287682 0,000066
wheel 0,274437 0,000063
wherewithal 2,407946 0,000550
whimsical 1,560648 0,000356
whip 0,400478 0,000183
whirl 0,527633 0,000120
whirlwind 1,514128 0,000346
whisper 0,248461 0,000057
whistle 0,462035 0,000105
white 0,051293 0,000023
whites 1,469676 0,000335
wicked 0,328504 0,000075
wide 0,030459 0,000014
widen 0,916291 0,000209
wife 0,083382 0,000038
wild 0,051293 0,000012
william 0,798508 0,000182
willingly 0,527633 0,000120
wind 0,094311 0,000043
window 0,162519 0,000074
wine 0,235722 0,000054
wise 0,094311 0,000022
wit 0,198451 0,000091
witch 1,203973 0,000275
withered 0,843970 0,000193
witness 0,116534 0,000053
witty 1,139434 0,000260
wolf 0,597837 0,000136
woman 0,030459 0,000014
wonderful 0,162519 0,000037
wonderfully 0,510826 0,000117
wood 0,083382 0,000019
wooden 0,415515 0,000095
wool 1,049822 0,000240
word 0,020203 0,000005
worship 0,415515 0,000095
worth 0,061875 0,000014
worthy 0,186330 0,000043
wound 0,198451 0,000091
wounded 0,274437 0,000063
wretch 0,653926 0,000299
wretched 0,328504 0,000075
wrinkle 0,755023 0,000172
write 0,020203 0,000018
writer 0,328504 0,000150
writing 0,061875 0,000014
writings 0,994252 0,000227
wrong 0,072571 0,000017
xi 0,597837 0,000136
xii 0,579818 0,000132
xiii 0,673345 0,000154
xiv 0,693147 0,000158
xix 0,867501 0,000198
xvi 0,776529 0,000177
xvii 0,843970 0,000193
xviii 0,891598 0,000204
xx 0,916291 0,000209
xxi 0,867501 0,000198
xxii 0,967584 0,000221
xxiii 0,967584 0,000221
xxiv 0,994252 0,000227
xxv 1,108663 0,000253
xxx 1,272966 0,000291
yard 0,223144 0,000051
yellow 0,314711 0,000072
yesterday 0,301105 0,000069
york 0,916291 0,000209
youth 0,139262 0,000032
zeal 0,579818 0,000132
