abandon 0,223144 0,000085
abhorred 1,560648 0,000592
abide 0,248461 0,000094
abject 1,049822 0,000398
abode 0,579818 0,000220
abrupt 0,994252 0,000377
abruptly 0,843970 0,000320
absence 0,274437 0,000104
absorb 0,446287 0,000169
abstain 1,139434 0,000432
abstractedness 3,912023 0,001484
abyss 0,994252 0,000377
accent 0,634878 0,000241
accept 0,061875 0,000070
acceptation 2,302585 0,000873
access 0,314711 0,000239
accessible 0,446287 0,000169
accompany 0,094311 0,000072
accomplishment 0,994252 0,000377
account 0,010050 0,000008
accurate 0,941609 0,000357
accursed 1,108663 0,000420
accustomed 0,287682 0,000109
acquaint 0,342490 0,000130
acquaintance 0,248461 0,000094
action 0,094311 0,000072
active 0,127833 0,000048
actual 0,174353 0,000066
adapt 0,653926 0,000248
add 0,094311 0,000036
addition 0,116534 0,000088
additional 0,198451 0,000075
address 0,072571 0,000083
adduce 2,120264 0,000804
admire 0,356675 0,000135
adorn 0,634878 0,000241
adultress 3,912023 0,001484
advance 0,061875 0,000070
advice 0,186330 0,000071
affair 0,094311 0,000036
affectation 1,078810 0,000409
affection 0,235722 0,000179
affirm 0,843970 0,000320
afflict 0,597837 0,000227
affluent 2,525729 0,000958
afraid 0,105361 0,000040
afrits 3,912023 0,001484
age 0,040822 0,000031
aged 0,198451 0,000075
agency 1,021651 0,000387
agent 0,223144 0,000169
agitate 1,966113 0,000746
agony 0,462035 0,000175
agree 0,051293 0,000039
agreement 0,210721 0,000080
airy 1,237874 0,000469
ak 1,347074 0,000511
alarm 0,314711 0,000119
album 2,120264 0,000804
alienated 2,040221 0,000774
alike 0,287682 0,000109
alive 0,051293 0,000019
allude 0,891598 0,000338
alms 1,309333 0,000497
aloud 0,301105 0,000114
alps 1,560648 0,000592
alteration 0,261365 0,000099
alternate 0,261365 0,000099
altogether 0,198451 0,000075
amply 0,967584 0,000367
ancient 0,198451 0,000075
anecdote 1,272966 0,000483
animal 0,223144 0,000085
animated 0,755023 0,000286
annex 1,272966 0,000483
anonymous 1,714798 0,000650
answer 0,020203 0,000023
antagonist 1,139434 0,000432
antiquarian 2,040221 0,000774
antiquary 2,813411 0,001067
antiquity 0,941609 0,000357
anxiety 0,287682 0,000109
anxious 0,261365 0,000099
anxiously 0,693147 0,000263
apace 1,771957 0,000672
apartment 0,597837 0,000453
apathetic 2,120264 0,000804
apology 0,527633 0,000200
apparent 0,314711 0,000119
appeal 0,261365 0,000099
appearance 0,072571 0,000028
appetite 0,314711 0,000119
applause 0,916291 0,000347
applicable 0,400478 0,000152
apply 0,116534 0,000044
appoint 0,328504 0,000125
apprentice 1,427116 0,000541
approach 0,040822 0,000046
approve 0,342490 0,000130
arabian 1,203973 0,000913
archipelago 2,120264 0,000804
architect 1,139434 0,000432
architecture 1,108663 0,000420
archive 0,544727 0,000207
arm 0,030459 0,000023
armenian 2,659260 0,001008
arnold 2,302585 0,000873
arrange 0,198451 0,000075
array 0,248461 0,000094
arrival 0,328504 0,000125
arrive 0,083382 0,000063
art 0,127833 0,000097
article 0,400478 0,000152
ascertain 0,597837 0,000227
ascii 0,562119 0,000213
ash 0,400478 0,000152
ashamed 0,248461 0,000094
assemble 0,462035 0,000175
assembly 0,798508 0,000606
assent 0,579818 0,000220
assignation 2,813411 0,001067
assist 0,328504 0,000125
assistance 0,105361 0,000040
associate 0,713350 0,000271
association 0,713350 0,000271
assume 0,162519 0,000123
assure 0,127833 0,000048
astonish 0,261365 0,000099
astonishing 0,653926 0,000248
ataghan 3,912023 0,001484
athens 1,386294 0,000526
atmosphere 0,579818 0,000220
attach 0,116534 0,000133
attack 0,198451 0,000075
attain 0,328504 0,000249
attempt 0,051293 0,000039
attend 0,127833 0,000145
attendance 0,776529 0,000294
attendant 0,616186 0,000467
attention 0,083382 0,000063
attract 0,261365 0,000198
attribute 0,527633 0,000400
aubrey 3,506558 0,001330
aught 0,891598 0,000338
austria 1,966113 0,000746
author 0,116534 0,000044
avail 0,462035 0,000175
averse 1,049822 0,000398
avert 0,843970 0,000320
avoid 0,105361 0,000080
avoidance 2,040221 0,000774
await 0,314711 0,000119
aware 0,223144 0,000085
awe 0,597837 0,000227
awful 0,328504 0,000125
awning 2,302585 0,000873
baffle 0,994252 0,000377
bailiff 2,207275 0,000837
balcony 1,347074 0,000511
ball 0,287682 0,000109
balustrade 1,771957 0,000672
banker 1,139434 0,000432
banquet 1,108663 0,000420
barbarian 1,386294 0,000526
bargaining 1,897120 0,000719
base 0,094311 0,000072
bashfulness 1,966113 0,000746
bask 1,514128 0,000574
battle 0,235722 0,000089
bay 0,510826 0,000194
bear 0,000000 0,000000
beautiful 0,083382 0,000032
beauty 0,162519 0,000123
bed 0,051293 0,000019
bedchamber 1,897120 0,000719
beg 0,116534 0,000088
beggar 0,597837 0,000227
behold 0,235722 0,000089
belief 0,198451 0,000075
belong 0,072571 0,000083
beloved 0,415515 0,000158
beneath 0,198451 0,000075
benevolence 1,049822 0,000398
benevolent 1,021651 0,000387
benumb 1,771957 0,000672
besought 1,309333 0,000497
bestow 0,430783 0,000163
bet 0,967584 0,000367
bewilder 0,776529 0,000294
bid 0,186330 0,000071
binary 0,562119 0,000213
bind 0,030459 0,000012
bird 0,150823 0,000057
birth 0,301105 0,000114
bitter 0,210721 0,000080
black 0,061875 0,000023
blast 0,462035 0,000175
bless 0,415515 0,000158
blight 1,386294 0,000526
blood 0,116534 0,000044
bloom 0,527633 0,000200
blue 0,174353 0,000066
blush 0,562119 0,000213
board 0,261365 0,000099
boast 0,328504 0,000125
boat 0,446287 0,000169
boats 0,820981 0,000311
body 0,010050 0,000008
bonnet 0,994252 0,000377
book 0,040822 0,000031
border 0,400478 0,000152
bosom 0,446287 0,000169
boundary 1,049822 0,000398
bounty 1,309333 0,000497
bradshaw 2,813411 0,001067
brain 0,314711 0,000119
branch 0,186330 0,000141
breach 0,274437 0,000104
break 0,010050 0,000011
breast 0,198451 0,000151
breath 0,174353 0,000066
breathe 0,261365 0,000198
breathing 0,462035 0,000175
breeze 0,713350 0,000271
bribe 0,891598 0,000338
bride 0,798508 0,000303
bridegroom 1,203973 0,000457
bright 0,094311 0,000072
brighten 0,673345 0,000511
brilliancy 1,609438 0,000610
brilliant 0,430783 0,000163
bring 0,000000 0,000000
british 0,843970 0,000320
broad 0,127833 0,000048
bronze 1,237874 0,000469
brother 0,127833 0,000048
brow 0,446287 0,000169
brushwood 2,040221 0,000774
brussels 2,659260 0,001008
build 0,094311 0,000036
bullet 0,867501 0,000329
burial 0,941609 0,000357
burn 0,061875 0,000023
burst 0,248461 0,000094
bursting 0,713350 0,000271
bury 0,186330 0,000141
bush 0,430783 0,000163
business 0,040822 0,000015
bust 1,108663 0,000420
busy 0,210721 0,000080
butterfly 1,171183 0,000444
byron 1,660731 0,000630
cabin 0,843970 0,000320
calais 2,407946 0,000913
calculate 0,116534 0,000088
candle 0,415515 0,000158
candour 1,771957 0,000672
cane 0,843970 0,000320
canopying 3,912023 0,001484
canto 2,407946 0,000913
canvass 1,832581 0,000695
capable 0,261365 0,000099
card 0,139262 0,000053
care 0,000000 0,000000
career 0,478036 0,000181
caress 0,776529 0,000294
carpet 0,462035 0,000175
carriage 0,356675 0,000271
carry 0,010050 0,000011
cascades 2,813411 0,001067
cat 0,462035 0,000175
catastrophe 1,021651 0,000387
cattle 0,544727 0,000207
caution 0,478036 0,000181
cave 0,653926 0,000248
cease 0,061875 0,000023
celebrated 0,562119 0,000213
censure 1,078810 0,000409
centre 0,385662 0,000293
certainty 0,342490 0,000130
chair 0,261365 0,000198
chamber 0,328504 0,000125
chance 0,061875 0,000023
change 0,010050 0,000008
character 0,061875 0,000047
charge 0,040822 0,000031
charitable 0,287682 0,000109
charity 0,186330 0,000141
charm 0,342490 0,000260
check 0,072571 0,000055
cheek 0,261365 0,000099
chest 0,342490 0,000130
chief 0,094311 0,000036
chiefly 0,527633 0,000200
child 0,040822 0,000031
childe 2,813411 0,001067
childhood 0,527633 0,000200
choose 0,020203 0,000008
chord 1,203973 0,000457
christabel 3,506558 0,001330
christianity 1,347074 0,000511
chronicle 1,139434 0,000432
church 0,261365 0,000198
circle 0,150823 0,000114
circling 1,203973 0,000457
circumstance 0,116534 0,000088
cite 1,469676 0,000557
city 0,051293 0,000019
claim 0,083382 0,000063
classical 1,237874 0,000469
cleave 1,309333 0,000497
clergyman 1,078810 0,000409
climate 0,713350 0,000271
climb 0,400478 0,000152
close 0,010050 0,000008
closely 0,223144 0,000085
closet 0,916291 0,000347
clothes 0,127833 0,000048
cloud 0,150823 0,000057
cluster 0,693147 0,000263
coarse 0,478036 0,000181
code 0,287682 0,000109
coincidence 1,078810 0,000409
cold 0,040822 0,000015
collect 0,248461 0,000094
collection 0,162519 0,000062
colour 0,510826 0,000387
coloured 0,693147 0,000263
combination 0,634878 0,000241
combined 0,713350 0,000271
comet 1,832581 0,000695
comfort 0,105361 0,000040
commander 0,867501 0,000329
commercial 0,274437 0,000104
commit 0,116534 0,000044
common 0,072571 0,000028
companion 0,150823 0,000057
company 0,020203 0,000008
compel 0,385662 0,000146
compensation 1,049822 0,000398
compilation 0,478036 0,000181
complain 0,198451 0,000075
complete 0,105361 0,000080
completely 0,274437 0,000104
compliance 0,342490 0,000130
comply 0,287682 0,000218
composedly 2,040221 0,000774
compressed 0,342490 0,000130
comrade 0,693147 0,000526
conceal 0,198451 0,000151
conceive 0,223144 0,000085
concept 0,527633 0,000200
concerned 0,287682 0,000109
conclude 0,235722 0,000089
conclusion 0,210721 0,000080
conduct 0,094311 0,000072
conductor 1,021651 0,000387
conductress 2,659260 0,001008
confess 0,127833 0,000048
confine 0,223144 0,000169
confirm 0,139262 0,000053
confirmation 0,356675 0,000135
congeries 3,506558 0,001330
congratulate 0,798508 0,000303
conjecture 0,544727 0,000207
conjure 1,427116 0,000541
conjuring 2,525729 0,000958
conscience 0,301105 0,000114
conscious 0,314711 0,000119
consent 0,223144 0,000085
consequence 0,186330 0,000071
consequential 0,478036 0,000181
considerable 0,105361 0,000040
considerably 0,776529 0,000294
consideration 0,223144 0,000085
consist 0,314711 0,000119
console 0,673345 0,000255
conspire 1,427116 0,000541
constant 0,051293 0,000019
constantinople 1,832581 0,000695
constantly 0,371064 0,000141
construction 0,733969 0,000278
consult 0,400478 0,000152
consumption 1,139434 0,000432
contact 0,210721 0,000080
contemplate 0,544727 0,000207
contemplation 0,527633 0,000200
contempt 0,446287 0,000169
contemptible 1,078810 0,000409
content 0,174353 0,000066
contents 0,094311 0,000036
contest 0,798508 0,000303
continent 0,820981 0,000311
continued 0,072571 0,000028
contract 0,139262 0,000053
contradiction 0,713350 0,000271
contrast 0,385662 0,000146
contribute 0,510826 0,000194
contribution 0,371064 0,000141
convalescence 1,897120 0,000719
conversation 0,186330 0,000071
converse 0,494296 0,000375
convert 0,186330 0,000071
convey 0,287682 0,000218
convince 0,198451 0,000075
convulsive 1,272966 0,000483
cooling 1,272966 0,000483
coppet 3,912023 0,001484
copying 0,494296 0,000187
copyright 0,415515 0,000158
corner 0,072571 0,000028
cornice 1,714798 0,000650
corporation 0,400478 0,000152
corpse 0,616186 0,000234
corrupt 0,235722 0,000089
corruption 0,820981 0,000311
corse 2,659260 0,002017
cost 0,105361 0,000080
cottage 0,653926 0,000248
cottager 2,407946 0,000913
cotton 0,891598 0,000338
couch 0,579818 0,000220
count 0,116534 0,000044
countenance 0,371064 0,000281
countess 1,660731 0,000630
country 0,010050 0,000008
countryman 0,867501 0,000658
courage 0,150823 0,000057
court 0,094311 0,000072
covered 0,139262 0,000053
cow 0,653926 0,000248
crag 1,514128 0,000574
crashing 1,386294 0,000526
craving 1,108663 0,000420
create 0,094311 0,000072
creation 0,198451 0,000075
credible 1,714798 0,000650
credit 0,094311 0,000036
crime 0,261365 0,000198
critical 0,235722 0,000089
cross 0,083382 0,000095
crowd 0,174353 0,000066
crowded 0,301105 0,000114
crown 0,210721 0,000080
cultivate 0,462035 0,000175
cunning 0,462035 0,000175
curiosity 0,210721 0,000080
curious 0,261365 0,000099
currency 1,897120 0,000719
current 0,116534 0,000044
curse 0,342490 0,000260
cursing 1,203973 0,000457
custody 1,560648 0,000592
customary 0,653926 0,000248
cut 0,030459 0,000012
dagger 1,139434 0,000864
daily 0,248461 0,000094
dally 1,966113 0,000746
damage 0,223144 0,000169
damages 0,400478 0,000152
damp 0,400478 0,000152
dance 0,235722 0,000179
dancing 0,371064 0,000141
danger 0,105361 0,000040
dangerous 0,150823 0,000057
daring 0,843970 0,000320
dark 0,051293 0,000019
darkness 0,186330 0,000071
datum 0,494296 0,000187
daughter 0,174353 0,000132
day 0,000000 0,000000
dead 0,072571 0,000028
deadly 0,478036 0,000181
dearly 0,776529 0,000294
death 0,020203 0,000008
decay 0,544727 0,000207
deceased 1,078810 0,000409
decline 0,356675 0,000135
decorate 0,891598 0,000338
decrease 1,272966 0,000483
deductible 0,562119 0,000213
deed 0,287682 0,000109
deem 0,562119 0,000213
deep 0,020203 0,000008
deeply 0,261365 0,000099
defect 0,261365 0,000198
defective 0,356675 0,000135
defence 0,527633 0,000200
defend 0,301105 0,000114
defile 1,078810 0,000409
definite 0,755023 0,000286
deformity 1,514128 0,000574
degradation 1,108663 0,000420
degree 0,150823 0,000057
delay 0,186330 0,000141
deletion 0,562119 0,000213
delicate 0,301105 0,000114
delicately 1,171183 0,000444
delight 0,150823 0,000057
delirious 1,386294 0,000526
delirium 1,203973 0,000457
deliver 0,223144 0,000085
demand 0,051293 0,000019
demon 0,916291 0,000347
denote 1,139434 0,000432
denounce 1,078810 0,000409
deny 0,072571 0,000028
depart 0,162519 0,000123
departure 0,430783 0,000163
depend 0,040822 0,000031
depict 1,237874 0,000469
deposition 2,525729 0,000958
deprive 0,415515 0,000158
depths 0,446287 0,000169
derange 1,660731 0,000630
derivative 0,510826 0,000194
derive 0,210721 0,000160
descend 0,174353 0,000066
description 0,248461 0,000188
deserted 0,385662 0,000146
desire 0,051293 0,000058
desirous 0,634878 0,000241
desolate 0,733969 0,000278
destitute 0,916291 0,000347
destroy 0,061875 0,000047
destroyer 1,427116 0,000541
destructive 1,049822 0,000398
detach 0,287682 0,000109
detain 0,544727 0,000413
detect 0,562119 0,000213
determine 0,061875 0,000047
developed 0,544727 0,000207
deviation 1,714798 0,000650
devoted 0,301105 0,000114
devour 0,462035 0,000175
devout 1,203973 0,000457
die 0,010050 0,000008
difference 0,174353 0,000066
dining 0,510826 0,000194
dinner 0,186330 0,000071
direct 0,040822 0,000031
direction 0,051293 0,000019
director 0,733969 0,000278
disappear 0,223144 0,000085
disbelieve 1,832581 0,000695
disclaim 0,462035 0,000175
disclaimer 0,562119 0,000426
disclose 0,634878 0,000241
discontinue 0,510826 0,000194
discover 0,030459 0,000023
dishonour 1,469676 0,000557
disk 0,415515 0,000158
dismount 1,272966 0,000483
disorder 0,544727 0,000207
dispel 1,139434 0,000432
display 0,162519 0,000185
disposition 0,371064 0,000141
dissertations 2,525729 0,000958
dissipation 1,469676 0,000557
distance 0,105361 0,000080
distended 1,897120 0,000719
distinctly 0,478036 0,000181
distinguished 0,301105 0,000114
distract 0,510826 0,000194
distress 0,274437 0,000104
distribute 0,210721 0,000240
distribution 0,430783 0,000163
distributor 0,544727 0,000207
disturb 0,198451 0,000075
division 0,527633 0,000200
doctrine 0,616186 0,000234
domain 0,328504 0,000125
domestic 0,510826 0,000194
dominick 3,912023 0,001484
donate 0,544727 0,000207
donation 0,446287 0,000338
donor 0,478036 0,000181
doom 0,579818 0,000220
door 0,000000 0,000000
doubt 0,040822 0,000031
download 0,562119 0,000213
dozen 0,415515 0,000158
drain 0,820981 0,000311
draw 0,020203 0,000023
dread 0,248461 0,000094
dreadful 0,342490 0,000130
dreadfully 1,021651 0,000387
dream 0,083382 0,000032
dress 0,162519 0,000062
drinking 0,371064 0,000141
drip 1,427116 0,000541
drive 0,030459 0,000012
drop 0,061875 0,000023
dungeon 1,237874 0,000469
duty 0,061875 0,000023
dwell 0,342490 0,000130
dwelling 0,494296 0,000187
eager 0,210721 0,000080
eagerness 0,544727 0,000207
ear 0,061875 0,000047
earl 1,771957 0,000672
earnest 0,261365 0,000099
earnestly 0,415515 0,000158
earnestness 0,867501 0,000329
earth 0,051293 0,000019
earthquake 1,021651 0,000387
easily 0,072571 0,000028
east 0,235722 0,000089
easy 0,000000 0,000000
eat 0,040822 0,000015
eating 0,235722 0,000089
ebb 1,078810 0,000409
eccentric 0,916291 0,000347
eccentricity 1,469676 0,000557
echo 0,356675 0,000271
edition 0,287682 0,000218
educational 0,446287 0,000169
efface 1,171183 0,000444
effort 0,094311 0,000072
effusion 1,714798 0,000650
egypt 0,891598 0,000338
eighteen 0,462035 0,000175
elapse 0,891598 0,000338
elasticity 1,897120 0,000719
eld 0,385662 0,000146
elect 0,210721 0,000080
electronic 0,544727 0,000207
electronically 0,544727 0,000207
elegantly 1,714798 0,000650
emaciated 1,832581 0,000695
email 0,562119 0,000213
embarrassed 0,916291 0,000347
embassy 1,469676 0,000557
embrace 0,235722 0,000089
emerald 1,309333 0,000497
emit 1,469676 0,000557
emotion 0,356675 0,000135
empire 0,634878 0,000241
employ 0,235722 0,000179
employee 0,510826 0,000387
enable 0,274437 0,000104
encode 0,653926 0,000248
encounter 0,446287 0,000169
endeavour 0,713350 0,000541
enemy 0,105361 0,000080
engage 0,494296 0,000187
engaged 0,198451 0,000075
england 0,385662 0,000146
english 0,094311 0,000036
engross 1,386294 0,000526
enhance 1,237874 0,000469
enjoy 0,072571 0,000055
ennui 1,832581 0,000695
enormous 0,430783 0,000163
enquiring 2,407946 0,000913
enquiry 2,207275 0,000837
ensue 0,579818 0,000440
ensure 0,342490 0,000260
entangle 1,078810 0,000409
enter 0,020203 0,000023
entitle 0,653926 0,000248
entity 0,544727 0,000207
entrance 0,210721 0,000080
entry 0,776529 0,000294
epicure 2,407946 0,000913
epoch 1,309333 0,000497
equality 0,967584 0,000367
equipment 0,415515 0,000158
ere 0,634878 0,000241
error 0,072571 0,000055
escape 0,061875 0,000047
establishment 0,673345 0,000255
esteem 0,478036 0,000181
europe 0,510826 0,000194
evening 0,072571 0,000055
event 0,150823 0,000057
evident 0,356675 0,000135
evidently 0,371064 0,000141
evil 0,150823 0,000114
evince 1,108663 0,000420
exalt 0,597837 0,000227
examination 0,385662 0,000146
examine 0,150823 0,000057
excellent 0,150823 0,000057
excessive 0,597837 0,000227
exchange 0,210721 0,000080
excite 0,798508 0,000303
excited 0,248461 0,000094
excitement 0,415515 0,000158
exclusion 0,371064 0,000141
excursion 0,891598 0,000676
excuse 0,139262 0,000053
executive 1,171183 0,000444
exempt 0,314711 0,000119
exhibit 0,579818 0,000220
exist 0,072571 0,000055
existence 0,150823 0,000057
expend 0,301105 0,000114
expense 0,127833 0,000097
experienced 0,356675 0,000135
expire 0,916291 0,000695
explain 0,116534 0,000044
explanation 0,139262 0,000053
export 0,446287 0,000169
expose 0,597837 0,000453
exposed 0,301105 0,000114
express 0,072571 0,000055
expression 0,116534 0,000044
extant 1,832581 0,000695
extend 0,261365 0,000099
extensive 0,798508 0,000303
extent 0,083382 0,000032
external 0,562119 0,000213
externally 1,771957 0,000672
extract 0,544727 0,000207
extraordinary 0,371064 0,000141
extravagance 1,347074 0,000511
extravagant 0,916291 0,000347
exultant 1,897120 0,000719
exultation 1,203973 0,000457
eye 0,000000 0,000000
eyewitness 2,407946 0,000913
facility 0,342490 0,000130
faculty 0,510826 0,000194
fade 0,371064 0,000281
faint 0,186330 0,000071
fair 0,051293 0,000019
fairbanks 1,386294 0,000526
fairy 1,021651 0,000387
faithful 0,261365 0,000099
fall 0,000000 0,000000
false 0,210721 0,000080
fame 0,478036 0,000181
family 0,061875 0,000047
fancy 0,162519 0,000062
fantasy 1,714798 0,000650
farm 0,713350 0,000271
faro 2,659260 0,001008
farth 1,049822 0,000398
farthing 1,347074 0,000511
fashionable 0,916291 0,000347
fast 0,030459 0,000012
fatal 0,342490 0,000130
fate 0,174353 0,000066
father 0,061875 0,000047
fatigue 0,494296 0,000187
fatten 1,386294 0,000526
fault 0,139262 0,000053
favour 0,544727 0,000207
favourite 0,653926 0,000248
fear 0,020203 0,000031
fearful 0,400478 0,000152
feast 0,430783 0,000163
feature 0,261365 0,000198
federal 0,527633 0,000200
fee 0,301105 0,000228
feed 0,248461 0,000188
feeding 0,616186 0,000234
feel 0,020203 0,000008
feeling 0,072571 0,000055
fellow 0,040822 0,000015
felucca 3,506558 0,001330
female 0,385662 0,000146
females 1,309333 0,000497
fever 0,342490 0,000130
field 0,094311 0,000036
fiend 1,049822 0,000796
fierce 0,415515 0,000158
figure 0,051293 0,000019
file 0,223144 0,000169
financial 0,415515 0,000158
finding 1,272966 0,000483
fine 0,061875 0,000047
finger 0,150823 0,000057
fisherman 1,049822 0,000398
fit 0,030459 0,000023
fitness 0,446287 0,000169
flake 1,427116 0,000541
flame 0,248461 0,000094
flat 0,139262 0,000053
flatter 0,755023 0,000286
flee 0,301105 0,000114
fleet 0,713350 0,000271
flicker 0,755023 0,000286
flit 0,967584 0,000367
float 0,328504 0,000125
floor 0,174353 0,000132
florid 1,560648 0,000592
flow 0,174353 0,000132
flower 0,174353 0,000132
fluted 2,525729 0,000958
fly 0,116534 0,000044
foe 0,616186 0,000234
foil 1,347074 0,000511
fold 0,287682 0,000109
foliage 0,916291 0,000347
follow 0,020203 0,000008
folly 0,274437 0,000104
fond 0,261365 0,000198
food 0,127833 0,000048
foot 0,051293 0,000039
footing 0,820981 0,000311
force 0,030459 0,000035
forest 0,356675 0,000135
forewarn 1,832581 0,001390
forget 0,010050 0,000008
forgetfulness 0,916291 0,000347
fork 0,616186 0,000234
form 0,020203 0,000031
format 0,562119 0,000426
forte 1,897120 0,000719
fortunate 0,415515 0,000158
fortune 0,162519 0,000062
foster 0,891598 0,000338
foundation 0,127833 0,000048
fountain 0,653926 0,000248
fourteen 0,616186 0,000234
fragment 0,597837 0,000227
frail 0,967584 0,000367
frank 0,597837 0,000227
frankenstein 3,506558 0,001330
frankly 0,798508 0,000303
frantic 0,820981 0,000311
freely 0,105361 0,000040
freemen 2,659260 0,001008
freeze 0,941609 0,000714
frequent 0,287682 0,000218
frequently 0,287682 0,000109
fresh 0,105361 0,000040
fret 0,713350 0,000271
friend 0,000000 0,000000
fright 0,653926 0,000248
frivolity 1,660731 0,000630
frontier 1,171183 0,000444
frown 0,673345 0,000255
fruit 0,162519 0,000062
fruitless 1,049822 0,000398
furnished 0,328504 0,000125
furniture 0,415515 0,000158
future 0,105361 0,000040
gain 0,040822 0,000062
gale 1,078810 0,000409
gamble 1,832581 0,000695
gambling 1,609438 0,000610
gather 0,061875 0,000047
gay 0,494296 0,000187
gaze 0,314711 0,000358
gazelle 2,995732 0,001136
generation 0,127833 0,000048
generosity 0,798508 0,000303
geneva 1,966113 0,000746
genevan 3,506558 0,001330
genius 0,400478 0,000152
gentleman 0,223144 0,000085
german 0,478036 0,000181
ghastly 0,867501 0,000329
ghost 0,462035 0,000175
giaour 3,218876 0,001221
gibbon 2,659260 0,001008
gilder 3,218876 0,001221
girl 0,198451 0,000151
glad 0,072571 0,000028
gladly 0,544727 0,000207
glance 0,186330 0,000071
glare 0,733969 0,000278
glass 0,174353 0,000066
glassy 1,660731 0,000630
glee 1,309333 0,000497
glide 0,673345 0,000255
gloom 0,579818 0,000220
glorious 0,462035 0,000175
glory 0,301105 0,000114
glow 0,314711 0,000119
glut 2,040221 0,000774
gnashing 1,897120 0,000719
goal 0,274437 0,000104
godwin 2,995732 0,001136
govern 0,186330 0,000071
grace 0,235722 0,000089
gradually 0,328504 0,000125
grant 0,061875 0,000023
grape 0,867501 0,000329
grapple 1,203973 0,000457
grasp 0,274437 0,000104
gratefully 0,415515 0,000158
gratification 0,994252 0,000377
gratify 0,733969 0,000278
grave 0,116534 0,000088
grecian 1,347074 0,000511
greece 1,139434 0,000432
greek 0,494296 0,000375
green 0,105361 0,000040
gregory 1,139434 0,000432
grey 0,562119 0,000213
grief 0,356675 0,000271
gross 0,235722 0,000089
grossly 1,386294 0,000526
ground 0,030459 0,000012
grow 0,010050 0,000004
guard 0,083382 0,000063
guardian 0,597837 0,000453
guess 0,223144 0,000085
guidance 0,776529 0,000294
guide 0,083382 0,000095
guilt 0,544727 0,000207
gun 0,544727 0,000207
habit 0,162519 0,000062
haft 2,813411 0,001067
haggard 1,021651 0,000387
hair 0,072571 0,000028
hall 0,274437 0,000104
hand 0,010050 0,000008
handsome 0,328504 0,000125
happen 0,030459 0,000023
happiness 0,150823 0,000057
harass 1,078810 0,000409
harbour 0,916291 0,000347
harmless 0,248461 0,000094
harold 2,813411 0,001067
hart 0,462035 0,000175
haste 0,371064 0,000141
hasten 0,371064 0,000281
hasty 0,510826 0,000194
hatred 0,494296 0,000187
haunt 0,385662 0,000439
head 0,000000 0,000000
health 0,198451 0,000075
hear 0,010050 0,000008
hearing 0,139262 0,000053
heart 0,010050 0,000004
heartbreaking 2,525729 0,000958
hearted 0,415515 0,000158
heat 0,198451 0,000075
heavy 0,030459 0,000012
heed 0,510826 0,000387
heedless 1,272966 0,000483
height 0,210721 0,000080
heighten 1,771957 0,000672
heinous 1,897120 0,000719
helpless 0,328504 0,000125
herewith 2,207275 0,000837
hermit 1,469676 0,000557
hero 0,430783 0,000163
hide 0,072571 0,000028
hill 0,150823 0,000114
hint 0,301105 0,000228
hitherto 0,385662 0,000146
hold 0,010050 0,000008
holder 0,430783 0,000163
hole 0,261365 0,000099
homer 1,203973 0,000457
honour 0,494296 0,000187
hope 0,000000 0,000000
horizon 0,597837 0,000227
horrible 0,356675 0,000135
horrified 1,272966 0,000483
horror 0,198451 0,000151
horse 0,139262 0,000106
host 0,446287 0,000169
hour 0,061875 0,000047
house 0,020203 0,000008
hovel 1,832581 0,000695
hue 0,776529 0,000589
human 0,072571 0,000028
hung 0,174353 0,000066
hungary 2,302585 0,000873
hungry 0,314711 0,000119
hunter 0,579818 0,000220
hurl 0,798508 0,000303
hurry 0,162519 0,000123
husband 0,198451 0,000075
hut 0,776529 0,000294
ida 2,040221 0,000774
idea 0,083382 0,000063
identical 0,994252 0,000377
identification 0,527633 0,000200
identify 0,342490 0,000130
idle 0,261365 0,000099
illness 0,616186 0,000234
illustrate 0,616186 0,000234
illustrative 2,407946 0,000913
image 0,301105 0,000114
imagination 0,223144 0,000169
imagine 0,083382 0,000063
imbibe 1,771957 0,000672
imitate 0,579818 0,000220
immense 0,314711 0,000119
impart 0,693147 0,000263
impatience 0,634878 0,000241
impede 1,309333 0,000497
impending 1,171183 0,000444
implore 0,776529 0,000294
imply 0,235722 0,000179
importunity 1,514128 0,000574
impose 0,162519 0,000062
impossibility 0,891598 0,000338
impossible 0,094311 0,000036
imprecate 2,995732 0,001136
impressed 0,510826 0,000194
impression 0,210721 0,000080
impudence 1,272966 0,000483
impulse 0,400478 0,000152
imputation 1,660731 0,000630
inaccurate 0,510826 0,000194
incapable 0,562119 0,000213
incidental 0,446287 0,000169
include 0,072571 0,000110
incoherence 2,207275 0,001674
incomplete 0,301105 0,000114
inconsolable 2,040221 0,000774
increase 0,061875 0,000047
incredulous 1,309333 0,000497
indemnify 0,446287 0,000169
indemnity 0,527633 0,000200
indifferent 0,400478 0,000152
indigence 2,207275 0,000837
indigent 2,302585 0,000873
indirect 0,446287 0,000169
indirectly 0,371064 0,000141
individual 0,139262 0,000106
induce 0,328504 0,000249
inevitably 0,843970 0,000320
inexperience 1,427116 0,000541
infamy 1,139434 0,000432
infancy 0,916291 0,000347
infantile 2,407946 0,000913
infantine 2,659260 0,001008
infernal 0,843970 0,000320
influence 0,198451 0,000151
inform 0,198451 0,000151
infringement 0,544727 0,000207
inhabitants 0,446287 0,000169
inheritance 0,798508 0,000303
iniquity 1,514128 0,000574
injury 0,301105 0,000114
inmate 1,203973 0,000457
innocence 0,634878 0,000241
innocent 0,186330 0,000071
inquire 0,235722 0,000089
inquiry 0,446287 0,000169
insane 0,994252 0,000377
insanity 1,469676 0,000557
inscription 1,171183 0,000444
insist 0,223144 0,000085
inspire 0,371064 0,000141
inspirer 2,995732 0,001136
instance 0,116534 0,000044
instant 0,210721 0,000080
instantly 0,356675 0,000135
insulting 1,203973 0,000457
integrity 1,203973 0,000457
intellect 0,634878 0,000241
intellectual 0,235722 0,000089
intend 0,094311 0,000036
intention 0,127833 0,000097
intently 0,891598 0,000338
internal 0,261365 0,000099
international 0,494296 0,000187
interpose 0,916291 0,000347
interposition 2,040221 0,000774
interpret 0,235722 0,000089
interpretation 0,994252 0,000377
interval 0,301105 0,000228
intervene 0,713350 0,000271
intimacy 0,843970 0,000320
intimate 0,430783 0,000163
intreat 2,659260 0,001008
intrigue 1,108663 0,000420
introduce 0,261365 0,000099
introduction 0,385662 0,000146
invalid 1,078810 0,000409
invalidity 0,527633 0,000200
invent 0,400478 0,000152
invite 0,261365 0,000099
irregular 0,733969 0,000278
irresistible 0,653926 0,000248
irs 0,562119 0,000213
island 0,400478 0,000152
islands 0,755023 0,000286
isle 1,427116 0,000541
iso 1,897120 0,000719
isolated 0,994252 0,000377
issue 0,198451 0,000075
italian 0,653926 0,000248
italy 0,820981 0,000311
john 0,328504 0,000125
jones 1,309333 0,000497
journal 0,916291 0,000347
joy 0,127833 0,000048
joyous 0,941609 0,000357
judgment 0,198451 0,000075
july 0,616186 0,000234
jura 2,813411 0,001067
justice 0,162519 0,000062
justified 0,693147 0,000263
justify 0,562119 0,000213
kindly 0,223144 0,000085
kindred 0,994252 0,000377
kiss 0,356675 0,000135
knee 0,150823 0,000057
kneel 0,478036 0,000181
knowledge 0,061875 0,000023
lachryma 3,912023 0,001484
lady 0,162519 0,000123
ladyship 1,966113 0,000746
lake 0,162519 0,000062
lamentable 1,469676 0,000557
land 0,051293 0,000019
language 0,072571 0,000028
languish 1,139434 0,000432
late 0,094311 0,000036
latin 0,653926 0,000248
laugh 0,094311 0,000107
laughter 0,274437 0,000104
law 0,020203 0,000015
lay 0,030459 0,000023
lead 0,020203 0,000008
leaden 1,237874 0,000469
leader 0,356675 0,000135
lean 0,127833 0,000048
leap 0,287682 0,000109
learn 0,020203 0,000023
leave -0,009950 -0,000011
left 0,000000 0,000000
legal 0,261365 0,000099
legally 0,342490 0,000130
letter 0,072571 0,000055
level 0,210721 0,000080
levity 1,609438 0,000610
liability 0,462035 0,000175
liable 0,235722 0,000089
liberality 1,347074 0,000511
library 0,223144 0,000085
license 0,301105 0,000114
licensed 0,430783 0,000163
licentious 2,120264 0,000804
lichen 2,120264 0,000804
lie 0,020203 0,000015
lieu 0,415515 0,000158
life -0,009950 -0,000004
lifeless 1,108663 0,000420
lift 0,116534 0,000044
light 0,000000 0,000000
lightning 0,430783 0,000163
limb 0,248461 0,000094
lime 1,309333 0,000497
limit 0,287682 0,000109
limitation 0,371064 0,000141
limited 0,261365 0,000099
linen 0,527633 0,000200
link 0,174353 0,000132
lip 0,127833 0,000097
lire 3,912023 0,001484
listen 0,105361 0,000040
literally 0,713350 0,000271
literary 0,287682 0,000109
litter 0,843970 0,000320
live 0,010050 0,000008
livid 1,171183 0,000444
living 0,020203 0,000008
load 0,430783 0,000163
loathe 1,309333 0,000497
locate 0,371064 0,000141
location 0,494296 0,000187
lock 0,162519 0,000062
locket 2,120264 0,000804
lofty 0,494296 0,000187
london 0,415515 0,000158
lone 1,514128 0,000574
loose 0,094311 0,000036
lord 0,223144 0,000085
lords 0,843970 0,000320
lordship 1,609438 0,000610
lorraine 2,659260 0,001008
lose 0,000000 0,000000
lot 0,051293 0,000019
loud 0,105361 0,000040
love 0,030459 0,000035
lovely 0,462035 0,000175
lover 0,356675 0,000271
luckless 1,714798 0,000650
lust 0,820981 0,000311
lustre 1,139434 0,000432
luxurious 0,916291 0,000347
machine 0,210721 0,000080
madame 1,108663 0,000420
magic 0,673345 0,000255
magistrate 0,820981 0,000311
magnificently 1,514128 0,000574
mahomet 1,660731 0,000630
maid 0,415515 0,000158
main 0,127833 0,000048
maintain 0,094311 0,000036
majestic 1,108663 0,000420
majesty 0,510826 0,000194
malediction 2,659260 0,001008
malicious 0,941609 0,000357
maniac 1,897120 0,000719
mansion 0,820981 0,000311
mantle 0,776529 0,000294
marble 0,562119 0,000213
march 0,223144 0,000085
marginal 2,813411 0,001067
mark 0,105361 0,000120
marked 0,061875 0,000023
marriage 0,314711 0,000119
married 0,248461 0,000094
marry 0,356675 0,000271
mask 0,673345 0,000255
mass 0,210721 0,000160
matron 1,347074 0,000511
mattress 1,237874 0,000469
maximum 0,478036 0,000181
measure 0,127833 0,000048
medium 0,223144 0,000085
meek 1,272966 0,000483
meet 0,010050 0,000008
melancholy 0,342490 0,000130
memorial 1,139434 0,000864
memory 0,162519 0,000062
mention 0,105361 0,000080
mercenary 1,714798 0,000650
mercer 2,995732 0,001136
merchantman 2,207275 0,000837
merit 0,371064 0,000141
messiah 2,302585 0,000873
method 0,094311 0,000072
michael 0,400478 0,000152
middle 0,030459 0,000012
midnight 0,328504 0,000125
midst 0,287682 0,000109
mile 0,174353 0,000066
milliner 2,525729 0,000958
milton 1,609438 0,000610
mind 0,020203 0,000008
mingle 0,356675 0,000135
mining 1,832581 0,000695
minute 0,150823 0,000057
mirror 0,579818 0,000220
mirth 0,776529 0,000294
mischief 0,494296 0,000187
misery 0,248461 0,000094
misfortune 0,400478 0,000304
mission 0,210721 0,000080
mississippi 0,415515 0,000158
misty 1,309333 0,000497
mock 0,478036 0,000544
mockery 0,916291 0,000347
model 0,510826 0,000194
modern 0,301105 0,000114
modest 0,371064 0,000141
modesty 0,733969 0,000278
modification 0,478036 0,000181
modify 0,356675 0,000135
moment 0,010050 0,000004
money 0,051293 0,000019
monster 0,527633 0,000400
monstrous 0,400478 0,000152
month 0,040822 0,000015
monticule 3,912023 0,001484
monument 0,776529 0,000294
moon 0,261365 0,000099
moral 0,301105 0,000114
morning 0,040822 0,000015
morose 1,469676 0,000557
mortal 0,314711 0,000119
mortification 1,021651 0,000387
mother 0,072571 0,000055
motive 0,356675 0,000271
mount 0,210721 0,000160
mountain 0,400478 0,000152
mountains 0,400478 0,000152
mountebank 2,525729 0,000958
mouse 0,776529 0,000294
mouth 0,061875 0,000023
moveless 3,218876 0,001221
mud 0,462035 0,000175
mute 0,776529 0,000294
myrtle 1,966113 0,000746
mystery 0,235722 0,000089
naked 0,274437 0,000104
naples 1,272966 0,000483
narrate 1,203973 0,000457
narrative 0,579818 0,000220
narrow 0,094311 0,000036
nation 0,579818 0,000220
native 0,314711 0,000239
nature 0,094311 0,000036
neck 0,174353 0,000066
neglect 0,274437 0,000208
negligence 0,415515 0,000158
neighbour 0,510826 0,000194
neighbourhood 0,776529 0,000294
network 0,415515 0,000158
newsletter 0,562119 0,000213
night 0,010050 0,000008
nightly 1,171183 0,000444
noble 0,198451 0,000075
nobleman 1,021651 0,000387
nocturnal 1,272966 0,000483
nonproprietary 0,562119 0,000213
noon 0,430783 0,000163
north 0,083382 0,000032
nose 0,261365 0,000099
note 0,094311 0,000072
notice 0,020203 0,000015
notify 0,371064 0,000281
notion 0,314711 0,000119
notoriety 1,897120 0,000719
november 0,544727 0,000207
novice 1,560648 0,000592
numerous 0,235722 0,000089
nuptial 2,207275 0,000837
nuptials 2,120264 0,000804
nurse 0,301105 0,000114
oath 0,385662 0,000146
obedient 0,544727 0,000207
object 0,105361 0,000080
oblige 0,210721 0,000080
observation 0,446287 0,000169
observations 0,867501 0,000329
observe 0,094311 0,000107
obsolete 0,446287 0,000169
occasion 0,105361 0,000080
occupation 0,371064 0,000141
occupy 0,174353 0,000066
occur 0,083382 0,000063
october 0,653926 0,000248
odd 0,385662 0,000146
offence 0,527633 0,000200
offer 0,020203 0,000023
office 0,072571 0,000028
official 0,223144 0,000085
offspring 0,994252 0,000377
olive 0,994252 0,000377
online 0,510826 0,000194
openly 0,494296 0,000187
opinion 0,105361 0,000040
opportunity 0,061875 0,000047
orange 0,776529 0,000294
orb 1,514128 0,000574
organized 0,356675 0,000135
orgy 1,771957 0,000672
original 0,105361 0,000040
originate 1,139434 0,000432
originator 0,478036 0,000181
ornamental 1,386294 0,000526
ornamented 1,171183 0,000444
orphan 0,798508 0,000303
outcast 1,203973 0,000457
outdated 0,562119 0,000213
outline 0,579818 0,000220
overcome 0,198451 0,000075
overpower 0,941609 0,000357
overtake 0,400478 0,000152
owe 0,105361 0,000040
owner 0,083382 0,000032
pace 0,186330 0,000141
pacify 1,272966 0,000483
pain 0,051293 0,000019
paint 0,274437 0,000104
painter 0,755023 0,000286
painting 0,713350 0,000271
pair 0,210721 0,000080
pale 0,186330 0,000071
palermo 2,995732 0,001136
palm 0,494296 0,000187
pamphlet 1,514128 0,000574
paper 0,083382 0,000063
paperwork 0,562119 0,000213
paradise 0,776529 0,000294
paragraph 0,328504 0,000249
parent 0,261365 0,000099
parlour 1,469676 0,000557
parma 2,525729 0,000958
paroxysm 1,347074 0,000511
partaker 1,897120 0,000719
participate 1,309333 0,000497
particulars 0,776529 0,000294
partner 0,510826 0,000194
party 0,030459 0,000023
pass 0,020203 0,000015
passage 0,105361 0,000080
passing 0,094311 0,000036
passion 0,174353 0,000132
patch 0,616186 0,000234
paternoster 2,659260 0,001008
path 0,150823 0,000057
paul 0,798508 0,000303
pay 0,030459 0,000035
payment 0,274437 0,000104
peaceful 0,478036 0,000181
peak 0,916291 0,000347
peculiar 0,223144 0,000085
peculiarity 0,755023 0,000286
peculiarly 0,755023 0,000286
pelt 1,386294 0,000526
pen 0,235722 0,000089
pencil 0,616186 0,000234
penetrate 0,415515 0,000315
peninsula 1,897120 0,000719
pensive 1,171183 0,000444
perceive 0,198451 0,000226
percy 2,659260 0,001008
perforce 1,609438 0,000610
perform 0,072571 0,000083
performance 0,127833 0,000048
peril 0,693147 0,000263
periodic 0,544727 0,000207
permanent 0,223144 0,000085
permission 0,150823 0,000057
permit 0,094311 0,000036
persist 0,478036 0,000181
person -0,009950 -0,000011
personification 1,897120 0,000719
perspiration 1,237874 0,000469
persuade 0,223144 0,000085
peruse 1,609438 0,001221
philanthropy 1,771957 0,000672
philosopher 0,673345 0,000255
phosphoric 3,506558 0,001330
phrase 0,139262 0,000053
physical 0,198451 0,000075
physician 0,693147 0,000263
piano 1,078810 0,000409
picture 0,139262 0,000158
picturesque 0,755023 0,000286
piece 0,020203 0,000008
pierce 0,356675 0,000135
pilgrim 1,203973 0,000457
pillar 0,597837 0,000227
pillow 0,544727 0,000207
pilot 1,021651 0,000387
pine 0,462035 0,000175
pinnacle 1,660731 0,000630
pistol 0,820981 0,000311
plain 0,040822 0,000015
plainly 0,261365 0,000099
plan 0,198451 0,000151
plausible 1,078810 0,000409
play 0,040822 0,000031
plead 0,400478 0,000152
pleasantry 1,347074 0,000511
pleased 0,150823 0,000057
pleasing 0,653926 0,000248
pleasure 0,051293 0,000039
pledge 0,634878 0,000241
plinth 2,995732 0,001136
poem 0,798508 0,000606
poet 0,544727 0,000413
poland 1,832581 0,000695
pomp 0,994252 0,000377
poor 0,020203 0,000008
pore 1,203973 0,000457
port 0,579818 0,000220
portico 1,771957 0,000672
portion 0,301105 0,000228
portrait 0,597837 0,000227
positively 0,776529 0,000294
possess 0,061875 0,000023
possession 0,083382 0,000032
possessor 0,994252 0,000377
possibility 0,150823 0,000057
post 0,051293 0,000039
posterity 1,139434 0,000432
postilion 2,302585 0,000873
posture 0,967584 0,000367
pour 0,116534 0,000044
power 0,030459 0,000023
practically 0,235722 0,000089
praise 0,274437 0,000104
pray 0,261365 0,000099
precaution 0,733969 0,000278
precede 0,385662 0,000146
precipice 1,021651 0,000387
preparation 0,328504 0,000125
prepare 0,116534 0,000044
prepared 0,105361 0,000040
presence 0,094311 0,000036
presentation 1,386294 0,000526
presentiment 1,427116 0,000541
preservation 1,049822 0,000398
preserve 0,083382 0,000032
press 0,105361 0,000040
pressed 0,274437 0,000104
pretence 0,891598 0,000338
pretend 0,186330 0,000141
pretext 0,891598 0,000338
pretty 0,150823 0,000057
prevail 0,287682 0,000109
prevalent 1,309333 0,000497
prevent 0,040822 0,000046
previous 0,094311 0,000036
prey 0,478036 0,000181
principal 0,287682 0,000109
print 0,116534 0,000088
printer 1,714798 0,000650
proceed 0,116534 0,000044
processing 0,562119 0,000213
procure 0,415515 0,000158
produce 0,061875 0,000047
production 0,274437 0,000104
profession 0,446287 0,000169
professor 0,261365 0,000099
profit 0,083382 0,000063
profligate 1,966113 0,000746
profuse 1,609438 0,000610
progress 0,162519 0,000062
prohibition 0,415515 0,000158
project -0,009950 -0,000004
prolong 1,237874 0,000469
prometheus 2,302585 0,000873
prominently 0,494296 0,000187
promise 0,051293 0,000058
promote 0,274437 0,000104
promotion 0,342490 0,000130
proof 0,274437 0,000104
proofread 0,562119 0,000213
propensity 1,347074 0,000511
proper 0,061875 0,000023
property 0,127833 0,000048
proposal 0,733969 0,000278
propose 0,186330 0,000071
proprietary 0,562119 0,000213
protect 0,139262 0,000053
protection 0,314711 0,000119
protector 1,139434 0,000432
prove 0,083382 0,000063
provide 0,127833 0,000097
providence 0,693147 0,000263
provision 0,094311 0,000072
public 0,083382 0,000032
publish 0,478036 0,000181
punishment 0,287682 0,000109
punitive 0,562119 0,000213
pupil 0,579818 0,000220
pure 0,139262 0,000053
purity 0,776529 0,000294
purpose 0,040822 0,000015
purposing 2,525729 0,000958
purser 2,813411 0,001067
pursuer 1,272966 0,000483
pursuit 0,287682 0,000109
push 0,139262 0,000053
quell 1,386294 0,000526
quest 0,776529 0,000294
question 0,020203 0,000008
quilt 1,609438 0,000610
quit 0,462035 0,000175
race 0,162519 0,000062
rack 0,673345 0,000255
radiate 1,897120 0,000719
rage 0,139262 0,000106
rain 0,150823 0,000057
raise 0,020203 0,000015
ramble 1,427116 0,000541
rambler 2,525729 0,000958
rank 0,223144 0,000085
ransom 1,386294 0,000526
rapid 0,371064 0,000141
rapidity 0,820981 0,000311
rapidly 0,371064 0,000141
rash 0,891598 0,000338
rattling 0,916291 0,000347
rave 1,272966 0,000483
ravings 2,525729 0,000958
ray 0,462035 0,000175
reach 0,000000 0,000000
read 0,020203 0,000015
readable 0,510826 0,000194
reader 0,301105 0,000114
real 0,040822 0,000015
reality 0,301105 0,000114
realm 0,867501 0,000329
rear 0,371064 0,000141
reason 0,010050 0,000008
reasonable 0,116534 0,000044
receipt 0,261365 0,000099
receive 0,040822 0,000046
recess 1,021651 0,000387
recite 1,347074 0,000511
recluse 2,040221 0,000774
recognise 0,843970 0,000320
recognize 0,733969 0,000278
recollection 0,527633 0,000200
reconcile 0,597837 0,000227
record 0,223144 0,000085
recount 1,021651 0,000387
recover 0,127833 0,000048
recovery 0,616186 0,000234
redistribute 0,544727 0,000207
redistributing 0,562119 0,000213
redistribution 0,562119 0,000213
reduce 0,314711 0,000119
refer 0,223144 0,000085
reference 0,198451 0,000075
reflection 0,274437 0,000104
refresh 0,446287 0,000169
refuge 0,446287 0,000169
refund 0,562119 0,000213
refuse 0,083382 0,000063
regard 0,083382 0,000032
register 0,287682 0,000109
regret 0,342490 0,000130
regulate 0,210721 0,000080
reign 0,430783 0,000163
rejoice 0,400478 0,000152
relate 0,415515 0,000315
relation 0,223144 0,000085
relative 0,462035 0,000175
release 0,105361 0,000040
relieve 0,198451 0,000075
religion 0,415515 0,000158
relinquish 0,916291 0,000695
reluctance 1,049822 0,000398
remain 0,040822 0,000046
remainder 0,597837 0,000227
remains 0,150823 0,000057
remark 0,223144 0,000169
remarkable 0,235722 0,000089
remarks 0,462035 0,000175
remedy 0,150823 0,000114
remember 0,030459 0,000023
remembrance 0,733969 0,000278
remonstrance 1,171183 0,000444
remove 0,040822 0,000031
rename 0,544727 0,000207
render 0,186330 0,000071
rent 0,510826 0,000194
repay 0,673345 0,000255
repeat 0,051293 0,000019
repent 0,634878 0,000241
repentance 0,798508 0,000303
replace 0,198451 0,000075
replacement 0,544727 0,000207
repletion 2,302585 0,000873
reply 0,105361 0,000040
report 0,051293 0,000058
repose 0,494296 0,000187
represent 0,210721 0,000160
representation 0,261365 0,000099
reputation 0,342490 0,000130
request 0,105361 0,000080
require 0,051293 0,000019
required 0,083382 0,000032
requirement 0,400478 0,000152
resemblance 0,713350 0,000271
reside 0,713350 0,000812
residence 0,653926 0,000248
resident 1,203973 0,000457
resign 0,693147 0,000263
resist 0,274437 0,000104
resolve 0,287682 0,000109
resort 0,733969 0,000557
respect 0,040822 0,000031
respects 0,527633 0,000200
rest 0,010050 0,000008
restriction 0,371064 0,000141
result 0,174353 0,000066
resume 0,301105 0,000114
retain 0,235722 0,000089
retire 0,415515 0,000158
retired 0,342490 0,000130
return 0,010050 0,000015
reveal 0,223144 0,000085
revel 0,994252 0,000377
revenue 0,342490 0,000130
revere 1,427116 0,000541
reverse 0,527633 0,000200
reward 0,174353 0,000066
rhine 1,609438 0,000610
rich 0,116534 0,000044
rid 0,223144 0,000085
ridicule 0,994252 0,000377
rightful 1,560648 0,000592
rise 0,030459 0,000035
river 0,174353 0,000066
roam 0,994252 0,000754
robber 0,653926 0,000496
rock 0,186330 0,000141
rodomontade 3,912023 0,001484
roll 0,150823 0,000057
romance 0,673345 0,000511
romantic 0,891598 0,000338
rome 0,713350 0,000271
romping 2,302585 0,000873
roof 0,186330 0,000071
root 0,235722 0,000089
rouse 0,494296 0,000375
rousseau 1,897120 0,000719
row 0,385662 0,000146
royalty 0,371064 0,000281
rub 0,342490 0,000130
ruin 0,116534 0,000133
ruiner 3,912023 0,001484
rule 0,030459 0,000012
rush 0,127833 0,000097
russian 1,237874 0,000469
sacrifice 0,210721 0,000080
safety 0,356675 0,000135
sail 0,415515 0,000315
sailing 0,653926 0,000248
sake 0,083382 0,000032
saloon 1,427116 0,000541
salt 0,105361 0,000040
satisfy 0,061875 0,000047
save 0,010050 0,000008
scaffold 1,514128 0,000574
scandalous 1,237874 0,000469
scarcely 0,301105 0,000114
scathe 3,506558 0,001330
scattered 0,139262 0,000053
scene 0,127833 0,000097
schiller 2,207275 0,000837
school 0,150823 0,000057
scribble 1,309333 0,000497
scruple 0,941609 0,000357
sea 0,116534 0,000044
seal 0,371064 0,000141
seaman 1,203973 0,000457
search 0,040822 0,000031
seat 0,051293 0,000039
secret 0,051293 0,000019
secure 0,061875 0,000023
sedate 2,120264 0,000804
seduction 1,771957 0,000672
seductive 1,771957 0,000672
seek 0,083382 0,000095
seize 0,116534 0,000088
seldom 0,301105 0,000114
sell 0,210721 0,000080
send 0,020203 0,000015
sensation 0,371064 0,000141
sentence 0,094311 0,000036
separation 0,755023 0,000286
serpent 0,693147 0,000263
servant 0,105361 0,000080
serve 0,051293 0,000039
service 0,072571 0,000028
set 0,010050 0,000008
severely 0,634878 0,000241
sex 0,462035 0,000175
shade 0,223144 0,000085
shake 0,072571 0,000028
shakespeare 1,171183 0,000444
shaped 0,527633 0,000200
share 0,030459 0,000035
sharer 1,897120 0,000719
sharp 0,139262 0,000053
shear 1,386294 0,000526
sheath 1,347074 0,000511
shelly 3,506558 0,001330
shelter 0,301105 0,000228
shew 2,120264 0,000804
shine 0,150823 0,000057
ship 0,198451 0,000075
shiver 0,478036 0,000181
shock 0,235722 0,000089
shore 0,287682 0,000218
short 0,020203 0,000008
shot 0,223144 0,000085
shoulder 0,139262 0,000053
shout 0,186330 0,000071
shriek 0,634878 0,000241
shrink 0,462035 0,000175
shroud 0,916291 0,000347
shudder 0,446287 0,000338
shun 0,994252 0,000377
shut 0,051293 0,000019
siege 0,941609 0,000357
sight 0,040822 0,000015
sign 0,051293 0,000039
silence 0,051293 0,000019
silent 0,051293 0,000019
silk 0,478036 0,000181
simply 0,150823 0,000057
simultaneously 1,203973 0,000457
sinfulness 2,995732 0,001136
single 0,083382 0,000032
singular 0,430783 0,000163
singularity 1,966113 0,000746
singularly 0,843970 0,000320
sink 0,072571 0,000083
sire 1,660731 0,000630
sister 0,223144 0,000169
sit 0,010050 0,000008
situation 0,198451 0,000075
sketch 0,653926 0,000248
skill 0,287682 0,000109
skin 0,174353 0,000132
sky 0,186330 0,000141
slander 1,609438 0,000610
slaughter 0,820981 0,000311
slave 0,356675 0,000135
sleep 0,051293 0,000019
sleepy 0,713350 0,000271
slight 0,072571 0,000028
slip 0,150823 0,000057
slumber 0,510826 0,000194
smile 0,150823 0,000057
smoke 0,186330 0,000071
smooth 0,235722 0,000089
smyrna 2,407946 0,000913
snatch 0,462035 0,000350
sneer 0,994252 0,000377
snuff 1,171183 0,000444
society 0,210721 0,000080
socket 1,309333 0,000497
sofa 0,967584 0,000367
soil 0,478036 0,000181
solely 0,733969 0,000278
solemnize 2,995732 0,001136
solicit 0,314711 0,000119
solicitation 0,430783 0,000163
solitary 0,462035 0,000175
solitude 0,510826 0,000194
soot 1,609438 0,000610
sooth 1,966113 0,000746
soothing 0,798508 0,000303
sorrow 0,248461 0,000094
sort 0,072571 0,000028
soul 0,083382 0,000063
sound 0,010050 0,000011
southern 0,579818 0,000220
spacious 0,916291 0,000347
spare 0,116534 0,000044
spark 0,544727 0,000207
sparkle 0,941609 0,000357
sparkling 0,776529 0,000294
speak 0,030459 0,000023
speaking 0,072571 0,000028
special 0,083382 0,000032
specific 0,820981 0,000311
speck 0,916291 0,000347
spectre 1,469676 0,000557
speechless 0,916291 0,000347
speed 0,274437 0,000104
speedily 0,713350 0,000271
spend 0,051293 0,000039
sphere 0,693147 0,000263
spirit 0,051293 0,000019
spite 0,139262 0,000053
splendour 1,237874 0,000469
spot 0,150823 0,000114
spread 0,051293 0,000019
spring 0,051293 0,000039
staff 0,261365 0,000099
stage 0,186330 0,000141
stain 0,478036 0,000363
staircase 0,820981 0,000311
stake 0,446287 0,000169
stalk 0,755023 0,000286
stamp 0,261365 0,000099
stand -0,009950 -0,000011
start -0,009950 -0,000008
startled 0,415515 0,000158
statement 0,186330 0,000141
stationers 2,813411 0,001067
status 0,446287 0,000169
steal 0,105361 0,000040
stem 0,776529 0,000294
step 0,030459 0,000023
stifle 0,967584 0,000367
stifling 1,469676 0,000557
stillness 0,891598 0,000338
stone 0,094311 0,000036
store 0,061875 0,000023
storm 0,274437 0,000208
story 0,030459 0,000023
strangers 0,356675 0,000135
straw 0,342490 0,000130
stray 0,562119 0,000213
stream 0,139262 0,000053
streaming 0,798508 0,000303
streamlet 2,407946 0,000913
street 0,116534 0,000044
strength 0,030459 0,000012
stretch 0,116534 0,000044
strict 0,186330 0,000071
strike 0,020203 0,000015
striking 0,274437 0,000104
strive 0,385662 0,000146
strong 0,020203 0,000008
struggle 0,127833 0,000048
stud 1,078810 0,000409
study 0,094311 0,000072
stuff 0,223144 0,000085
style 0,261365 0,000099
subaltern 2,207275 0,000837
subdued 0,494296 0,000187
subject 0,061875 0,000047
subscribe 0,342490 0,000130
succeed 0,105361 0,000080
success 0,162519 0,000062
suck 0,597837 0,000680
sucker 2,659260 0,001008
sudden 0,072571 0,000028
suddenly 0,040822 0,000015
suffering 0,210721 0,000080
suffice 0,544727 0,000207
sufficient 0,139262 0,000053
suited 0,597837 0,000227
sullen 0,798508 0,000303
sully 1,897120 0,000719
sum 0,261365 0,000099
summit 0,713350 0,000541
sun 0,072571 0,000028
sundays 1,309333 0,000497
superhuman 1,714798 0,000650
superior 0,261365 0,000099
supernatural 1,272966 0,000483
superstition 0,798508 0,000303
superstitious 1,108663 0,000420
supply 0,210721 0,000080
support 0,094311 0,000036
suppose 0,020203 0,000015
supposition 0,776529 0,000294
suppress 0,446287 0,000169
surprise 0,150823 0,000057
surprised 0,210721 0,000080
surprize 2,995732 0,001136
surrender 0,776529 0,000294
surround 0,162519 0,000062
survive 0,186330 0,000141
suspicion 0,210721 0,000160
suspicious 0,579818 0,000220
swamp 0,287682 0,000109
swear 0,261365 0,000198
sweep 0,274437 0,000104
swift 0,385662 0,000293
swiftly 0,713350 0,000271
sylph 2,813411 0,001067
sympathise 1,514128 0,000574
sympathy 0,314711 0,000119
symptom 0,693147 0,000263
synonymous 0,446287 0,000169
table 0,083382 0,000063
tablet 1,897120 0,000719
tacit 1,560648 0,000592
tact 1,309333 0,000497
tale 0,248461 0,000188
talent 0,385662 0,000146
talking 0,150823 0,000057
tallow 1,514128 0,000574
task 0,248461 0,000094
taste 0,105361 0,000040
tax 0,248461 0,000188
teach 0,083382 0,000032
tear 0,030459 0,000035
tempest 0,776529 0,000294
temple 0,314711 0,000119
tend 0,430783 0,000490
tender 0,301105 0,000114
tenderness 0,616186 0,000234
term 0,061875 0,000070
terminate 1,108663 0,000420
terrible 0,186330 0,000071
terrify 0,579818 0,000220
territory 1,203973 0,000457
terror 0,162519 0,000062
testament 1,049822 0,000398
testimony 0,562119 0,000213
thatch 1,714798 0,000650
thee 0,597837 0,000227
thine 1,139434 0,000432
thirst 0,494296 0,000187
thither 0,579818 0,000220
tho 2,207275 0,000837
thoughtless 1,108663 0,000420
thoughtlessness 1,832581 0,000695
thro 2,407946 0,000913
throat 0,223144 0,000085
throw 0,010050 0,000011
thunder 0,430783 0,000327
thwart 1,108663 0,000420
thy 0,634878 0,000241
tideless 2,995732 0,001136
tie 0,105361 0,000040
time -0,009950 -0,000008
tinge 0,994252 0,000377
tint 1,272966 0,000965
title 0,116534 0,000044
toil 0,430783 0,000163
toilette 1,966113 0,000746
tomb 0,755023 0,000286
ton 1,021651 0,000387
tongue 0,139262 0,000053
tooth 0,186330 0,000141
torch 0,713350 0,000271
torment 0,597837 0,000453
torrent 0,713350 0,000271
touch 0,010050 0,000008
tour 0,916291 0,000347
town 0,094311 0,000072
trace 0,198451 0,000151
track 0,415515 0,000158
trademark 0,562119 0,000213
trader 1,272966 0,000483
traditional 1,514128 0,000574
traditionary 3,506558 0,001330
trait 1,139434 0,000432
trample 0,597837 0,000227
transcribe 0,462035 0,000175
transcription 0,527633 0,000200
travel 0,198451 0,000226
travelling 0,693147 0,000263
tread 0,328504 0,000249
treatment 0,127833 0,000048
tree 0,061875 0,000023
tremendous 0,693147 0,000263
tress 1,514128 0,000574
tribunal 1,427116 0,000541
trickle 0,941609 0,000357
trip 0,510826 0,000194
trouble 0,010050 0,000004
true 0,020203 0,000008
trust 0,061875 0,000047
truth 0,030459 0,000012
turkey 1,049822 0,000398
turkish 1,427116 0,000541
twilight 0,733969 0,000278
type 0,174353 0,000132
unaccountable 1,108663 0,000420
unaffected 1,386294 0,000526
unanimously 1,660731 0,000630
unappalled 3,506558 0,001330
unattended 1,897120 0,000719
unavailing 1,469676 0,000557
unbroken 0,733969 0,000278
unchanging 2,120264 0,000804
uncivil 1,897120 0,000719
unclosed 2,407946 0,000913
unconscious 0,400478 0,000152
unconsciously 0,634878 0,000241
uncover 0,916291 0,000347
understand 0,020203 0,000015
undertake 0,385662 0,000146
underwood 2,407946 0,000913
uneasy 0,544727 0,000207
uneducated 1,660731 0,000630
unenforceability 0,562119 0,000213
unfeeling 1,609438 0,000610
unhallowed 2,525729 0,000958
unheeded 1,609438 0,000610
uniform 0,210721 0,000080
uninteresting 1,347074 0,000511
united 0,094311 0,000036
universal 0,478036 0,000181
unknown 0,105361 0,000040
unlink 0,562119 0,000213
unmarried 1,347074 0,000511
unnoticed 1,514128 0,000574
unperceived 1,832581 0,000695
unpublished 2,659260 0,001008
unresisting 2,302585 0,000873
unshadow 3,506558 0,001330
unsolicited 0,510826 0,000194
unsuccessful 0,994252 0,000377
unsullied 2,302585 0,000873
update 0,510826 0,000194
urge 0,274437 0,000208
user 0,544727 0,000207
usual 0,139262 0,000053
ut 0,510826 0,000194
utter 0,162519 0,000123
vacancy 1,139434 0,000432
vagabond 1,203973 0,000457
vain 0,116534 0,000044
vainly 0,634878 0,000241
vampyre 3,218876 0,001221
vanilla 0,544727 0,000207
vanity 0,400478 0,000152
variation 0,994252 0,000377
variety 0,150823 0,000057
vary 0,342490 0,000130
vegetable 0,693147 0,000263
vein 0,446287 0,000338
vent 0,798508 0,000303
venus 1,237874 0,000469
veracious 2,407946 0,000913
version 0,342490 0,000130
vessel 0,446287 0,000338
vest 1,108663 0,000420
vibrate 1,021651 0,000387
vice 0,478036 0,000363
vicious 0,653926 0,000248
victim 0,385662 0,000293
view 0,040822 0,000046
vigilance 1,309333 0,000497
villa 1,347074 0,000511
vineyard 1,237874 0,000469
violate 0,342490 0,000130
violence 0,248461 0,000094
violent 0,223144 0,000085
violet 1,139434 0,000432
virtue 0,287682 0,000218
virtuous 0,653926 0,000248
virus 0,527633 0,000200
visible 0,235722 0,000089
vision 0,301105 0,000228
visit 0,030459 0,000035
visitation 1,514128 0,000574
visitor 0,446287 0,000169
vista 1,714798 0,000650
vital 0,693147 0,000263
voice 0,020203 0,000008
void 0,261365 0,000099
voltaire 1,897120 0,000719
volume 0,356675 0,000135
volunteer 0,314711 0,000119
volunteers 0,430783 0,000163
voluptuary 2,659260 0,001008
voyage 0,616186 0,000234
waft 1,386294 0,000526
wage 1,203973 0,000457
waiting 0,083382 0,000032
wake 0,223144 0,000085
walk 0,000000 0,000000
wall 0,094311 0,000036
wallow 1,309333 0,000497
wander 0,116534 0,000088
wanderings 1,237874 0,000469
war 0,139262 0,000053
warm 0,116534 0,000088
warmth 0,579818 0,000220
warranty 0,544727 0,000413
watch 0,020203 0,000023
water 0,040822 0,000015
watering 1,347074 0,000511
wave 0,210721 0,000160
wax 0,446287 0,000169
weak 0,105361 0,000040
weaken 0,562119 0,000213
weakness 0,248461 0,000094
wealth 0,287682 0,000109
weapon 0,400478 0,000304
wear 0,083382 0,000032
weary 0,186330 0,000071
weave 0,693147 0,000263
week 0,127833 0,000048
weigh 0,162519 0,000062
weight 0,116534 0,000044
west 0,083382 0,000032
wet 0,261365 0,000099
whatsoever 0,287682 0,000109
wherewith 1,514128 0,000574
whetted 1,966113 0,000746
whisper 0,248461 0,000188
whistle 0,462035 0,000175
wide 0,030459 0,000023
wife 0,083382 0,000032
wild 0,051293 0,000019
william 0,798508 0,000303
win 0,356675 0,000271
wind 0,094311 0,000036
winding 1,560648 0,000592
window 0,162519 0,000062
wine 0,235722 0,000179
winter 0,198451 0,000075
withered 0,843970 0,000320
witness 0,116534 0,000044
woman 0,030459 0,000023
wonderful 0,162519 0,000062
wonted 1,832581 0,000695
wood 0,083382 0,000063
wooden 0,415515 0,000158
word 0,020203 0,000008
workings 1,609438 0,000610
worthy 0,186330 0,000071
wounded 0,274437 0,000104
wrap 0,400478 0,000152
wretch 0,653926 0,000248
write 0,020203 0,000023
writing 0,061875 0,000023
yellow 0,314711 0,000119
youth 0,139262 0,000053
youthful 0,673345 0,000255
