ab 2,302585 0,000482
abner 2,659260 0,000557
aboard 1,237874 0,000259
abolitionist 2,995732 0,000627
abram 2,813411 0,000589
abreast 1,203973 0,000252
absent 0,371064 0,000078
abuse 0,562119 0,000235
abused 0,843970 0,000177
accident 0,274437 0,000115
account 0,010050 0,000004
ache 0,733969 0,000154
acknowledge 0,274437 0,000115
acquaint 0,342490 0,000072
acquit 1,021651 0,000214
acre 0,776529 0,000163
actin 3,506558 0,000734
action 0,094311 0,000039
actor 0,755023 0,000158
acts 1,966113 0,000412
adage 2,659260 0,000557
adam 0,941609 0,000197
add 0,094311 0,000020
addle 2,995732 0,001254
admirable 0,527633 0,000110
admission 0,693147 0,000145
admit 0,116534 0,000024
adolphus 3,218876 0,000674
adopt 0,673345 0,000141
advance 0,061875 0,000013
advantage 0,127833 0,000027
adventure 0,301105 0,000126
advertise 1,108663 0,000232
advertisements 2,207275 0,000462
advice 0,186330 0,000039
advise 0,301105 0,000126
afeard 2,813411 0,000589
afeared 3,218876 0,000674
affair 0,094311 0,000020
afflict 0,597837 0,000125
afford 0,186330 0,000078
affront 1,171183 0,000245
afire 2,407946 0,000504
afoot 1,660731 0,000348
afraid 0,105361 0,000022
african 1,427116 0,000299
aft 1,771957 0,000371
afternoon 0,274437 0,000057
age 0,040822 0,000009
aggravate 1,171183 0,000245
aggravating 2,120264 0,000444
agin 2,120264 0,000444
agree 0,051293 0,000011
agreement 0,210721 0,000044
aground 2,302585 0,000482
aholt 3,912023 0,000819
aim 0,287682 0,000120
ain 2,525729 0,000529
air 0,061875 0,000026
airy 1,237874 0,000259
alarm 0,314711 0,000066
alas 0,462035 0,000097
alike 0,287682 0,000060
alive 0,051293 0,000011
alley 1,021651 0,000214
allowance 0,713350 0,000149
aloft 0,916291 0,000192
alter 0,235722 0,000049
altogether 0,198451 0,000042
amazing 0,941609 0,000197
ambuscade 1,966113 0,000412
ambush 1,309333 0,000274
amen 1,237874 0,000259
america 0,579818 0,000121
ammunition 1,660731 0,000348
amputate 2,407946 0,000504
amusing 0,693147 0,000145
ancestor 0,462035 0,000097
andy 3,218876 0,000674
anear 3,912023 0,000819
angel 0,579818 0,000121
angelina 3,912023 0,000819
angels 0,776529 0,000163
animal 0,223144 0,000093
ankle 0,916291 0,000384
ann 2,302585 0,000482
answer 0,020203 0,000013
answering 0,510826 0,000107
anxiety 0,287682 0,000060
anxious 0,261365 0,000055
apiece 1,309333 0,000274
apologize 1,309333 0,000274
apple 0,494296 0,000207
appointment 0,579818 0,000121
approve 0,342490 0,000072
apron 1,203973 0,000252
arab 1,386294 0,000290
araminta 3,506558 0,000734
archibald 2,995732 0,000627
argue 0,371064 0,000155
aristocracy 1,386294 0,000290
ark 1,560648 0,000327
arm 0,030459 0,000013
armed 0,385662 0,000081
armful 2,207275 0,000462
armor 1,832581 0,000384
armpit 2,207275 0,000462
army 0,356675 0,000075
arrangement 0,274437 0,000057
arrive 0,083382 0,000052
arrow 0,510826 0,000214
art 0,127833 0,000027
arter 2,659260 0,000557
article 0,400478 0,000084
ascend 0,430783 0,000090
ash 0,400478 0,000168
ashamed 0,248461 0,000052
ashore 1,139434 0,000239
asleep 0,162519 0,000034
ass 0,916291 0,000192
assist 0,328504 0,000069
ast 3,506558 0,000734
astonish 0,261365 0,000055
astonishing 0,653926 0,000137
astonishment 0,301105 0,000063
astraddle 3,506558 0,000734
astronomical 2,302585 0,000482
attempt 0,051293 0,000011
attend 0,127833 0,000054
attention 0,083382 0,000017
attitude 0,446287 0,000093
attraction 0,653926 0,000137
auction 1,832581 0,000384
auctioneer 2,525729 0,000529
audience 0,733969 0,000154
aunt 0,798508 0,000167
aunty 2,995732 0,000627
author 0,116534 0,000024
authority 0,223144 0,000047
average 0,733969 0,000154
awake 0,150823 0,000032
awful 0,328504 0,000069
awhile 0,967584 0,000203
awkward 0,544727 0,000114
awning 2,302585 0,000964
awry 1,660731 0,000348
ax 1,771957 0,000371
axe 1,049822 0,000220
azure 1,514128 0,000317
baby 0,653926 0,000137
backwoods 3,506558 0,000734
bacon 0,994252 0,000208
bad 0,020203 0,000013
badly 0,446287 0,000093
bag 0,446287 0,000280
baggage 0,941609 0,000197
bail 1,966113 0,000412
bait 0,994252 0,000208
bake 1,897120 0,000397
baker 1,203973 0,000252
balcony 1,347074 0,000282
bald 0,967584 0,000203
baldhead 3,506558 0,000734
baldy 2,995732 0,000627
ball 0,287682 0,000120
band 0,342490 0,000072
bandage 1,108663 0,000232
bang 1,049822 0,000879
banish 0,562119 0,000118
bank 0,210721 0,000088
baptist 2,207275 0,000462
bar 0,235722 0,000197
bare 0,150823 0,000032
barefooted 1,714798 0,000359
bareheaded 1,966113 0,000412
barely 0,798508 0,000167
bark 0,478036 0,000300
barlow 2,813411 0,000589
barn 1,237874 0,000259
baron 1,427116 0,000299
barrel 0,673345 0,000282
base 0,094311 0,000020
bashful 1,609438 0,000337
basket 0,579818 0,000121
bath 0,274437 0,000115
baton 2,813411 0,000589
batter 0,891598 0,000187
battle 0,235722 0,000099
battlements 1,714798 0,000359
bead 1,171183 0,000245
bear 0,000000 0,000000
beard 0,527633 0,000110
bearing 1,427116 0,000299
beast 0,235722 0,000049
beat 0,083382 0,000052
beautiful 0,083382 0,000017
beauty 0,162519 0,000034
beaver 1,714798 0,000359
bed 0,051293 0,000021
bedclothes 1,966113 0,000412
bedquilt 3,912023 0,000819
bedroom 0,798508 0,000167
bedstead 1,237874 0,000259
bedtime 1,966113 0,000412
bee 0,673345 0,000141
beef 0,916291 0,000192
beehive 2,659260 0,000557
beeswax 3,912023 0,000819
beg 0,116534 0,000073
begone 1,660731 0,000348
behave 0,462035 0,000097
behold 0,235722 0,000049
bein 2,207275 0,000462
belch 2,407946 0,000504
bell 0,301105 0,000126
bellow 1,272966 0,000266
belly 0,798508 0,000167
belong 0,072571 0,000046
belt 0,653926 0,000411
ben 1,609438 0,000337
bench 0,544727 0,000228
bend 0,314711 0,000132
beneath 0,198451 0,000042
benefactor 0,967584 0,000203
benjamin 1,714798 0,000359
bent 0,174353 0,000036
benvenuto 2,813411 0,000589
bequest 2,302585 0,000482
berry 1,347074 0,000282
berth 1,771957 0,000371
bes 3,912023 0,000819
bessie 3,218876 0,000674
bet 0,967584 0,000203
betray 0,301105 0,000063
betsy 2,813411 0,000589
betwixt 1,514128 0,000317
beware 0,820981 0,000172
bewitched 1,897120 0,000397
bible 0,755023 0,000158
bid 0,186330 0,000039
bidder 2,525729 0,000529
bile 2,120264 0,000444
bilge 2,995732 0,000627
bilgewater 3,912023 0,000819
bilin 3,218876 0,000674
bind 0,030459 0,000006
biography 1,386294 0,000290
bird 0,150823 0,000063
birth 0,301105 0,000063
birthday 1,108663 0,000232
biscuit 1,272966 0,000266
bit 0,139262 0,000058
bite 0,371064 0,000233
bitt 3,506558 0,000734
bitter 0,210721 0,000088
bitters 2,995732 0,000627
black 0,061875 0,000026
blackberry 2,525729 0,000529
blacker 1,660731 0,000348
blade 0,616186 0,000129
blam 3,218876 0,000674
blame 0,162519 0,000102
blank 0,527633 0,000110
blanket 0,891598 0,000373
blast 0,462035 0,000097
blatter 3,912023 0,000819
blaze 0,634878 0,000266
bleed 0,967584 0,000203
bleeding 0,843970 0,000177
bless 0,415515 0,000087
blessed 0,356675 0,000149
blessing 0,415515 0,000087
blest 1,469676 0,000308
blether 3,912023 0,000819
blind 0,174353 0,000036
blinders 3,912023 0,000819
blindfold 1,897120 0,000397
blink 0,994252 0,000208
blister 1,609438 0,000674
blithesome 3,218876 0,000674
block 0,494296 0,000103
blood 0,116534 0,000024
blooded 1,560648 0,000327
bloom 0,527633 0,000110
blossom 0,673345 0,000141
blot 0,820981 0,000172
blow 0,061875 0,000039
blubber 2,040221 0,001281
blue 0,174353 0,000073
bluejay 3,912023 0,000819
bluff 1,514128 0,000317
bluffs 2,659260 0,000557
board 0,261365 0,000109
boarding 1,272966 0,000266
boat 0,446287 0,000093
boats 0,820981 0,000172
bob 1,427116 0,000597
bodkin 3,912023 0,000819
body 0,010050 0,000004
bogus 3,506558 0,000734
boil 0,385662 0,000081
bolt 0,494296 0,000207
bolthead 3,912023 0,000819
bondage 1,203973 0,000252
bone 0,198451 0,000083
bonnet 0,994252 0,000416
boo 2,659260 0,000557
book 0,040822 0,000017
boom 1,347074 0,000564
booming 1,560648 0,000327
boot 0,430783 0,000180
booth 1,427116 0,000299
border 0,400478 0,000084
bore 0,820981 0,000172
borrow 0,462035 0,000290
boss 1,469676 0,000308
boston 1,832581 0,000384
bother 0,843970 0,000530
bothersome 3,506558 0,000734
bots 3,912023 0,000819
bottle 0,430783 0,000180
boun 3,912023 0,000819
bounce 1,609438 0,000674
bound 0,301105 0,000063
bounden 3,506558 0,000734
bourne 2,813411 0,000589
bout 1,237874 0,000518
bove 3,912023 0,000819
bow 0,127833 0,000080
bowie 2,659260 0,000557
bowl 0,616186 0,000129
box 0,248461 0,000104
boxes 0,798508 0,000167
boy 0,105361 0,000044
brace 0,891598 0,000187
brag 1,609438 0,000337
brain 0,314711 0,000132
bran 2,120264 0,000444
branch 0,186330 0,000039
brandy 0,941609 0,000197
brash 3,506558 0,000734
brass 0,462035 0,000097
brave 0,342490 0,000143
bray 2,120264 0,000444
brazen 1,171183 0,000245
bread 0,248461 0,000052
break 0,010050 0,000011
breaker 1,347074 0,000282
breakfast 0,342490 0,000072
breast 0,198451 0,000083
breath 0,174353 0,000073
breathe 0,261365 0,000164
breathing 0,462035 0,000097
breed 0,342490 0,000072
breeze 0,713350 0,000149
brewing 1,771957 0,000371
brick 0,653926 0,000411
brickbat 2,995732 0,000627
bridge 0,430783 0,000090
bridgewater 3,506558 0,000734
bridle 0,916291 0,000192
bright 0,094311 0,000020
brim 0,994252 0,000208
bring 0,000000 0,000000
brisk 0,941609 0,000394
brisken 3,912023 0,000819
bristle 0,941609 0,000197
broad 0,127833 0,000027
broomstick 2,995732 0,000627
brother 0,127833 0,000027
brotherly 1,609438 0,000337
brothers 0,356675 0,000075
brown 0,274437 0,000057
browsing 2,407946 0,000504
brush 0,478036 0,000100
brute 0,462035 0,000097
bub 3,912023 0,000819
buck 1,386294 0,000580
bucket 1,049822 0,000220
buckle 1,309333 0,000548
buckshot 3,912023 0,000819
buckskin 2,995732 0,000627
bud 0,867501 0,000182
budge 1,427116 0,000299
bug 1,966113 0,001235
build 0,094311 0,000039
building 0,210721 0,000044
bulge 1,347074 0,001128
bull 0,430783 0,000180
bulldog 2,525729 0,000529
bullet 0,867501 0,000363
bullfrog 3,506558 0,000734
bully 1,203973 0,000756
bullyrag 3,506558 0,000734
bum 2,813411 0,000589
bumble 3,218876 0,000674
bummer 3,506558 0,000734
bunch 0,776529 0,000488
bundle 0,653926 0,000274
bunker 2,407946 0,000504
bureau 1,832581 0,000384
burglar 1,386294 0,000290
burglary 1,832581 0,000384
burn 0,061875 0,000026
burton 2,040221 0,000427
bury 0,186330 0,000078
bush 0,430783 0,000180
bushel 1,660731 0,000348
business 0,040822 0,000009
bust 1,108663 0,000696
busy 0,210721 0,000044
butcher 0,891598 0,000187
butt 1,078810 0,000226
butter 0,798508 0,000167
butterfly 1,171183 0,000245
buttermilk 3,218876 0,000674
button 0,693147 0,000290
buzz 1,049822 0,000220
bye 0,776529 0,000163
cabbage 1,514128 0,000634
cabin 0,843970 0,000353
cai 3,912023 0,000819
cain 1,660731 0,000348
cairo 2,995732 0,000627
calamity 0,755023 0,000158
calculate 0,116534 0,000049
calf 0,798508 0,000167
calico 1,771957 0,000371
camel 1,309333 0,000274
camelopard 3,912023 0,000819
camp 0,544727 0,000228
campaign 1,021651 0,000214
cancer 1,966113 0,000412
candid 1,203973 0,000252
candle 0,415515 0,000174
candlestick 1,427116 0,000597
cane 0,843970 0,000177
cannibal 1,832581 0,000384
cannon 0,916291 0,000192
canoe 1,609438 0,001011
cap 0,356675 0,000149
caper 1,560648 0,000653
capital 0,314711 0,000066
captain 0,328504 0,000138
captivate 1,609438 0,000337
captive 0,755023 0,000158
captivity 1,714798 0,000359
capture 0,597837 0,000125
carcass 1,171183 0,000245
card 0,139262 0,000029
care 0,000000 0,000000
careen 2,659260 0,000557
careful 0,174353 0,000036
carpenter 0,891598 0,000373
carpet 0,462035 0,000193
carriage 0,356675 0,000075
carry 0,010050 0,000008
cart 0,597837 0,000250
carve 1,272966 0,000266
carved 0,843970 0,000177
casanova 3,506558 0,000734
cash 0,967584 0,000203
cast 0,116534 0,000024
castle 0,755023 0,000316
cat 0,462035 0,000193
catch 0,072571 0,000061
caterpillar 2,407946 0,000504
catfish 3,506558 0,000734
cattle 0,544727 0,000114
cautious 0,673345 0,000141
cave 0,653926 0,000411
cavern 0,967584 0,000405
cavort 3,912023 0,000819
cavorting 3,218876 0,000674
celebrated 0,562119 0,000118
cellar 0,798508 0,000167
cent 1,049822 0,000440
center 1,309333 0,000274
century 0,328504 0,000069
certainer 3,912023 0,000819
chain 0,174353 0,000109
chair 0,261365 0,000109
chalk 1,139434 0,000477
chance 0,061875 0,000026
change 0,010050 0,000006
channel 0,544727 0,000114
chanst 3,912023 0,000819
chap 0,891598 0,000373
chapter 0,328504 0,000069
character 0,061875 0,000026
charcoal 1,469676 0,000308
charge 0,040822 0,000017
charging 1,347074 0,000282
charlemagne 2,207275 0,000462
charles 0,597837 0,000125
charlotte 1,897120 0,000397
charm 0,342490 0,000072
chart 1,514128 0,000317
chase 0,430783 0,000271
chaw 2,995732 0,001881
chawing 3,912023 0,000819
cheap 0,579818 0,000121
cheat 0,776529 0,000163
check 0,072571 0,000015
cheek 0,261365 0,000109
cheeky 3,218876 0,000674
cheer 0,356675 0,000149
cheerful 0,385662 0,000081
chest 0,342490 0,000072
chevron 3,506558 0,000734
chew 0,967584 0,000203
chicken 0,941609 0,000394
chief 0,094311 0,000020
child 0,040822 0,000017
chile 3,218876 0,000674
chill 0,597837 0,000125
chilly 1,237874 0,000259
chimbley 3,218876 0,000674
chimbly 3,912023 0,000819
chin 0,478036 0,000200
china 0,776529 0,000163
chink 1,347074 0,000282
chip 1,386294 0,001161
chipper 3,912023 0,000819
chirrup 2,207275 0,000462
chisel 1,469676 0,000308
choice 0,150823 0,000032
choke 0,446287 0,000093
choose 0,020203 0,000004
chop 1,021651 0,000855
christmas 0,891598 0,000187
christopher 1,897120 0,000397
chuckle 0,941609 0,000394
chunk 2,207275 0,000462
church 0,261365 0,000055
churchyard 1,514128 0,000317
churn 2,207275 0,000462
chute 2,995732 0,000627
cincinnati 3,218876 0,000674
cipher 1,771957 0,000742
circle 0,150823 0,000032
circumstance 0,116534 0,000024
circus 1,386294 0,000580
civilizing 2,659260 0,000557
clack 3,218876 0,000674
claim 0,083382 0,000035
clan 2,302585 0,000482
clap 0,755023 0,000316
clapboard 3,506558 0,000734
clasp 1,021651 0,000214
class 0,248461 0,000052
clatter 0,941609 0,000394
claw 0,798508 0,000501
clay 0,494296 0,000103
clayey 2,995732 0,000627
clean 0,210721 0,000132
cleanse 1,237874 0,000259
clergy 1,272966 0,000266
clerk 0,562119 0,000118
clever 0,371064 0,000078
clew 2,659260 0,001113
climb 0,400478 0,000084
climbing 0,733969 0,000154
clip 1,469676 0,000615
clo 3,506558 0,000734
clock 0,510826 0,000107
clog 1,309333 0,000274
close 0,010050 0,000006
closet 0,916291 0,000192
closing 0,446287 0,000093
cloth 0,356675 0,000075
clothes 0,127833 0,000027
clothesline 3,912023 0,000819
clothing 0,776529 0,000163
cloud 0,150823 0,000095
clown 1,771957 0,000371
club 0,544727 0,000114
clump 1,171183 0,000245
cluttered 3,218876 0,000674
coal 0,527633 0,000110
coarse 0,478036 0,000100
coat 0,235722 0,000099
coax 1,203973 0,000504
cob 2,302585 0,000482
cobs 2,813411 0,000589
cock 0,713350 0,000149
cocked 1,237874 0,000259
coffee 0,562119 0,000118
coffin 1,021651 0,000428
cold 0,040822 0,000009
colicky 3,218876 0,000674
collar 0,634878 0,000266
collect 0,248461 0,000104
collection 0,162519 0,000034
college 0,693147 0,000145
collins 2,040221 0,000427
colonel 0,967584 0,000203
color 0,967584 0,000405
comb 0,916291 0,000384
comedy 0,916291 0,000192
comer 1,309333 0,000274
comfort 0,105361 0,000044
comfortable 0,261365 0,000055
coming 1,021651 0,000214
commence 0,579818 0,000243
committee 1,272966 0,000266
common 0,072571 0,000015
companionship 0,967584 0,000203
company 0,020203 0,000004
comparison 0,446287 0,000093
complain 0,198451 0,000083
complaint 0,478036 0,000100
complexion 0,755023 0,000158
complicated 0,798508 0,000167
complice 3,912023 0,000819
compliment 0,462035 0,000193
comrade 0,693147 0,000145
concern 0,342490 0,000143
conclude 0,235722 0,000049
condition 0,051293 0,000011
confess 0,127833 0,000027
confide 0,755023 0,000158
confidence 0,139262 0,000029
confidential 1,021651 0,000214
conflict 0,597837 0,000125
confound 0,430783 0,000090
congregation 1,272966 0,000266
congress 1,609438 0,000337
connection 0,446287 0,000093
conqueror 1,021651 0,000214
conscience 0,301105 0,000063
consecutive 2,302585 0,000482
consequence 0,186330 0,000078
considerable 0,105361 0,000022
consideration 0,223144 0,000047
constant 0,051293 0,000011
consulting 0,891598 0,000187
consummation 1,966113 0,000412
consumption 1,139434 0,000239
contagion 1,714798 0,000359
contented 0,400478 0,000084
contents 0,094311 0,000020
contest 0,798508 0,000167
continental 1,660731 0,000348
contract 0,139262 0,000029
contrary 0,198451 0,000042
contrite 2,120264 0,000444
contrive 0,994252 0,000208
contrived 0,713350 0,000149
contumely 2,659260 0,000557
convenience 0,673345 0,000141
convenient 0,462035 0,000097
convention 1,469676 0,000308
convince 0,198451 0,000083
cook 0,223144 0,000140
cool 0,248461 0,000104
cooper 2,040221 0,000427
cordwood 3,912023 0,000819
cork 1,171183 0,000245
corn 0,527633 0,000110
corner 0,072571 0,000030
cornered 1,832581 0,000384
cornfield 2,525729 0,000529
corpse 0,616186 0,000129
correct 0,235722 0,000049
coss 3,912023 0,000819
cost 0,105361 0,000044
costume 1,021651 0,000428
cot 1,771957 0,000371
cotton 0,891598 0,000187
cottonwood 3,218876 0,001348
couchant 3,506558 0,000734
cough 0,733969 0,000307
couldst 2,120264 0,000444
count 0,116534 0,000098
counterfeit 1,203973 0,000252
country 0,010050 0,000002
county 0,941609 0,000197
couple 0,248461 0,000052
courage 0,150823 0,000032
court 0,094311 0,000059
cousin 0,597837 0,000250
cove 1,832581 0,000384
cover 0,223144 0,000047
covered 0,139262 0,000029
covering 0,415515 0,000087
cow 0,653926 0,000137
coward 0,776529 0,000325
cowhide 2,813411 0,000589
cowhiding 3,912023 0,000819
cowpath 3,912023 0,000819
cows 0,867501 0,000182
crack 0,478036 0,000200
craft 0,733969 0,000307
cram 1,309333 0,000274
cramp 1,609438 0,000337
cramped 1,427116 0,000299
crash 0,733969 0,000154
cravat 1,560648 0,000327
craw 3,218876 0,000674
crawfish 3,912023 0,000819
crawl 0,494296 0,000414
crawly 3,912023 0,000819
crayon 2,525729 0,000529
crazy 0,916291 0,000192
crease 1,714798 0,000359
create 0,094311 0,000020
creation 0,198451 0,000042
credit 0,094311 0,000020
creek 1,514128 0,000317
creep 0,198451 0,000166
creepy 2,995732 0,000627
crest 0,820981 0,000172
crew 0,755023 0,000316
crib 2,120264 0,000444
crick 2,995732 0,000627
crime 0,261365 0,000055
crippled 1,469676 0,000308
crockery 1,714798 0,000359
crooked 0,755023 0,000158
cross 0,083382 0,000052
crossbones 2,995732 0,000627
crossing 2,995732 0,000627
crowd 0,174353 0,000109
crowded 0,301105 0,000063
cruel 0,261365 0,000055
cruise 1,660731 0,000348
crush 0,274437 0,000057
crust 1,139434 0,000239
crying 1,560648 0,000327
cub 1,771957 0,000371
cubby 3,218876 0,000674
cuff 1,139434 0,000239
cup 0,342490 0,000143
cupboard 1,078810 0,000226
curdle 1,897120 0,000397
cure 0,314711 0,000066
curiosity 0,210721 0,000044
curious 0,261365 0,000055
curl 0,510826 0,000321
curly 1,171183 0,000245
currant 1,897120 0,000397
currency 1,897120 0,000397
current 0,116534 0,000049
curry 2,525729 0,000529
curse 0,342490 0,000072
curtain 0,328504 0,000138
cuss 2,813411 0,001178
cussing 3,912023 0,000819
custom 0,210721 0,000044
customary 0,653926 0,000137
cut 0,030459 0,000006
cutthroat 2,995732 0,000627
cylinder 1,771957 0,000371
cypress 1,609438 0,000337
dab 2,407946 0,000504
dad 2,040221 0,000427
dah 3,912023 0,000819
dainty 0,634878 0,000133
damp 0,400478 0,000084
dan 1,897120 0,000397
dance 0,235722 0,000148
dancette 3,912023 0,000819
dancing 0,371064 0,000078
dandy 1,609438 0,000337
dang 3,506558 0,000734
danger 0,105361 0,000044
dangerous 0,150823 0,000032
dangersome 3,912023 0,000819
dangle 1,966113 0,000823
dar 2,525729 0,000529
dark 0,051293 0,000032
darken 0,634878 0,000266
darkish 2,995732 0,000627
darkness 0,186330 0,000039
darling 0,916291 0,000192
dart 0,562119 0,000118
das 2,407946 0,000504
dash 0,400478 0,000168
dat 2,525729 0,000529
daughter 0,174353 0,000073
dauphin 3,218876 0,000674
david 0,597837 0,000125
dawn 0,314711 0,000066
day 0,000000 0,000000
daybreak 1,203973 0,000252
daylight 0,446287 0,000093
daytime 1,560648 0,000653
dazzling 0,941609 0,000197
deacon 1,714798 0,000359
dead 0,072571 0,000015
deadly 0,478036 0,000100
deal 0,061875 0,000013
deary 2,995732 0,000627
death 0,020203 0,000004
debt 0,494296 0,000103
dec 3,912023 0,000819
decanter 1,469676 0,000308
deceive 0,261365 0,000109
decent 0,693147 0,000145
decide 0,040822 0,000026
deck 0,544727 0,000114
declaration 0,967584 0,000203
declare 0,139262 0,000029
decoration 1,309333 0,000274
deed 0,287682 0,000060
deep 0,020203 0,000008
deeply 0,261365 0,000055
deer 0,867501 0,000182
degrade 0,994252 0,000208
delay 0,186330 0,000039
deliberate 0,673345 0,000141
delirium 1,203973 0,000252
dem 2,995732 0,000627
den 0,693147 0,000145
dent 2,207275 0,000462
deny 0,072571 0,000030
depend 0,040822 0,000009
dern 3,218876 0,001348
derrick 3,218876 0,000674
descendant 0,867501 0,000182
deserve 0,314711 0,000066
deserving 0,891598 0,000187
design 0,287682 0,000060
desperado 2,813411 0,000589
desperate 0,328504 0,000069
desperately 0,843970 0,000177
despise 0,342490 0,000215
detective 1,609438 0,000337
devil 0,301105 0,000126
devilment 3,506558 0,000734
deviltry 3,506558 0,000734
devoutly 1,386294 0,000290
dexter 3,218876 0,000674
dey 2,813411 0,000589
dialect 1,171183 0,000490
diamond 0,673345 0,000141
dick 1,771957 0,000371
dickens 1,560648 0,000327
dictionary 1,347074 0,000282
die 0,010050 0,000006
diet 1,078810 0,000226
difference 0,174353 0,000036
difficult 0,116534 0,000024
difficulty 0,116534 0,000024
dig 0,356675 0,000224
dilemma 1,560648 0,000327
dim 0,356675 0,000075
dime 2,813411 0,000589
dimmish 3,912023 0,000819
ding 2,407946 0,000504
dining 0,510826 0,000107
dinner 0,186330 0,000078
dipper 2,659260 0,000557
direction 0,051293 0,000021
dirt 0,544727 0,000114
dirty 0,544727 0,000114
dis 1,609438 0,000337
disappear 0,223144 0,000093
disappoint 1,427116 0,000299
disappointed 0,415515 0,000087
disciple 1,021651 0,000214
discourage 0,693147 0,000290
discover 0,030459 0,000006
discrimination 1,832581 0,000384
discuss 0,400478 0,000084
diseased 1,237874 0,000259
disgrace 0,462035 0,000193
disguise 0,494296 0,000103
disgusted 0,820981 0,000172
disgusting 1,272966 0,000266
dish 0,478036 0,000100
dismal 0,843970 0,000177
disperse 0,776529 0,000163
disposition 0,371064 0,000078
disremember 3,506558 0,000734
dissatisfied 1,021651 0,000214
dissipate 0,916291 0,000192
distance 0,105361 0,000022
distinct 0,301105 0,000063
distinction 0,356675 0,000075
distract 0,510826 0,000107
distress 0,274437 0,000057
distressed 0,673345 0,000141
disturb 0,198451 0,000083
disturbance 0,713350 0,000149
dive 0,967584 0,000405
divide 0,150823 0,000032
divining 2,302585 0,000482
doctor 0,400478 0,000084
doctoring 3,218876 0,000674
document 1,021651 0,000214
dodge 1,049822 0,000440
dodgers 3,218876 0,000674
dog 0,186330 0,000078
doggery 3,912023 0,000819
doings 0,967584 0,000203
doll 1,386294 0,000290
dollar 1,237874 0,000518
dolphin 1,966113 0,000412
domesday 3,912023 0,000819
domestic 0,510826 0,000107
donjon 3,506558 0,000734
door 0,000000 0,000000
doorstep 1,714798 0,000359
dooryard 3,912023 0,000819
dot 1,469676 0,000308
dote 1,771957 0,000371
double 0,139262 0,000058
doubt 0,040822 0,000026
dough 1,897120 0,000397
doughnut 2,995732 0,000627
douglas 2,302585 0,000482
dout 3,912023 0,000819
dove 0,916291 0,000192
downhearted 2,659260 0,000557
doze 0,891598 0,000373
dozen 0,415515 0,000087
draft 1,469676 0,000615
drag 0,248461 0,000156
drat 2,659260 0,000557
dratted 3,912023 0,000819
draw 0,020203 0,000013
drawer 0,820981 0,000172
drawl 1,514128 0,000317
drawly 3,912023 0,000819
dreadful 0,342490 0,000072
dream 0,083382 0,000070
dreamy 1,347074 0,000282
drear 2,525729 0,000529
dress 0,162519 0,000102
dressed 0,261365 0,000055
drift 0,462035 0,000290
driftwood 2,995732 0,000627
drink 0,072571 0,000030
drinking 0,371064 0,000078
drip 1,427116 0,000299
dripping 0,891598 0,000187
drive 0,030459 0,000019
driver 0,713350 0,000299
droop 0,798508 0,000501
drop 0,061875 0,000052
drown 0,314711 0,000066
drownd 2,813411 0,001178
drug 0,967584 0,000405
drunk 0,415515 0,000174
drunkard 0,994252 0,000208
drury 2,525729 0,000529
druther 3,218876 0,000674
dry 0,116534 0,000049
duck 0,820981 0,000516
dud 3,218876 0,000674
dudley 3,218876 0,000674
duke 0,967584 0,000405
dull 0,174353 0,000036
dumb 0,562119 0,000118
dummy 1,966113 0,000412
dump 2,040221 0,000427
duncan 2,302585 0,000482
dungeon 1,237874 0,000259
dunlap 3,506558 0,000734
dusky 1,021651 0,000214
dust 0,162519 0,000068
dusty 0,967584 0,000203
duty 0,061875 0,000013
dwelling 0,494296 0,000103
eager 0,210721 0,000044
eagle 0,755023 0,000158
ear 0,061875 0,000026
earls 2,302585 0,000482
earn 0,446287 0,000093
earnest 0,261365 0,000055
earth 0,051293 0,000011
ease 0,150823 0,000063
east 0,235722 0,000049
easy 0,000000 0,000000
eat 0,040822 0,000017
eating 0,235722 0,000049
eaves 1,832581 0,000384
eavesdrop 3,912023 0,000819
economy 0,776529 0,000163
edge 0,150823 0,000063
edgeway 2,813411 0,000589
edmund 2,525729 0,000529
educate 0,544727 0,000114
edward 1,049822 0,000220
ef 2,995732 0,000627
effusion 1,714798 0,000359
eggs 0,776529 0,000163
eighth 0,798508 0,000167
elbow 0,494296 0,000103
eld 0,385662 0,000161
elect 0,210721 0,000044
elegant 0,634878 0,000133
elephant 0,967584 0,000203
ell 2,659260 0,000557
embattled 2,207275 0,000462
ember 1,108663 0,000232
emperor 0,916291 0,000192
en 0,994252 0,000208
enamel 2,120264 0,000444
enchantment 1,139434 0,000239
encore 2,302585 0,000482
endure 0,210721 0,000044
enemy 0,105361 0,000044
engagement 0,634878 0,000133
engine 0,776529 0,000163
engineer 1,237874 0,000259
england 0,385662 0,000081
english 0,094311 0,000020
englishman 0,820981 0,000344
engrailed 3,912023 0,000819
enjoy 0,072571 0,000030
enjoyment 0,562119 0,000118
enter 0,020203 0,000004
entire 0,274437 0,000057
entitle 0,653926 0,000137
escape 0,061875 0,000039
estate 0,478036 0,000200
estimation 1,139434 0,000239
europe 0,510826 0,000107
european 0,867501 0,000182
evade 0,891598 0,000187
evasion 1,609438 0,000337
evening 0,072571 0,000015
everlasting 0,891598 0,000187
evidence 0,235722 0,000049
exact 0,274437 0,000057
examine 0,150823 0,000063
excited 0,248461 0,000052
excitement 0,415515 0,000087
excuse 0,139262 0,000029
exercise 0,235722 0,000049
exile 0,776529 0,000163
expect 0,051293 0,000032
expectation 0,356675 0,000149
expense 0,127833 0,000054
experience 0,072571 0,000015
explain 0,116534 0,000073
explanation 0,139262 0,000058
explanatory 1,771957 0,000371
explore 0,713350 0,000149
exposed 0,301105 0,000063
extra 0,820981 0,000172
extreme 0,186330 0,000039
eye 0,000000 0,000000
eyebrow 0,673345 0,000141
fa 2,813411 0,000589
factory 1,272966 0,000266
faculty 0,510826 0,000107
fag 1,609438 0,000337
fail 0,072571 0,000015
failure 0,415515 0,000087
faint 0,186330 0,000078
fair 0,051293 0,000011
faith 0,210721 0,000044
fall 0,000000 0,000000
false 0,210721 0,000044
familiarity 0,843970 0,000177
family 0,061875 0,000026
fan 0,579818 0,000364
fancy 0,162519 0,000034
fardel 3,218876 0,000674
farm 0,713350 0,000299
farmer 0,653926 0,000274
fashion 0,105361 0,000044
fast 0,030459 0,000013
fasten 0,478036 0,000200
fat 0,314711 0,000066
fate 0,174353 0,000036
father 0,061875 0,000013
fatherless 1,966113 0,000412
fault 0,139262 0,000029
favor 0,994252 0,000208
fear 0,020203 0,000004
feather 0,462035 0,000290
feed 0,248461 0,000104
feeding 0,616186 0,000129
feel 0,020203 0,000008
feeling 0,072571 0,000030
fellow 0,040822 0,000017
felon 1,966113 0,000412
fence 0,693147 0,000290
fend 2,659260 0,001113
fennel 2,995732 0,000627
fer 2,813411 0,000589
ferry 1,427116 0,000299
ferryman 2,995732 0,000627
fess 2,995732 0,000627
fetch 0,510826 0,000428
feud 1,514128 0,000634
fever 0,342490 0,000072
feverish 0,843970 0,000177
fiddle 1,514128 0,000317
fiddler 2,407946 0,000504
fidget 1,609438 0,001011
fidgety 2,407946 0,000504
field 0,094311 0,000039
fight 0,083382 0,000070
figure 0,051293 0,000011
file 0,223144 0,000093
finally 0,150823 0,000032
fine 0,061875 0,000013
finger 0,150823 0,000063
finish 0,287682 0,000060
finished 0,162519 0,000034
finn 2,813411 0,000589
fireplace 1,108663 0,000232
fish 0,287682 0,000181
fishing 0,755023 0,000158
fishline 3,912023 0,000819
fist 0,597837 0,000250
fit 0,030459 0,000006
fitten 3,506558 0,000734
fixing 2,813411 0,000589
flabby 2,040221 0,000427
flag 0,653926 0,000137
flap 0,891598 0,000187
flapdoodle 3,912023 0,000819
flapper 3,218876 0,000674
flash 0,261365 0,000109
flat 0,139262 0,000029
flatfooted 3,912023 0,000819
flathead 3,912023 0,001638
flattering 0,798508 0,000167
flattery 0,867501 0,000182
flaw 1,514128 0,000317
flee 0,301105 0,000063
flesh 0,210721 0,000044
flicker 0,755023 0,000158
flighty 2,207275 0,000462
flinder 3,506558 0,000734
fling 0,462035 0,000193
flip 2,407946 0,000504
flitter 3,218876 0,001348
float 0,328504 0,000275
flock 0,385662 0,000161
floor 0,174353 0,000109
flop 2,040221 0,000427
flour 1,078810 0,000226
flower 0,174353 0,000073
fluster 3,912023 0,000819
flutter 0,673345 0,000141
fluttering 0,994252 0,000208
fly 0,116534 0,000073
flying 0,235722 0,000049
fog 0,653926 0,000137
fold 0,287682 0,000120
folk 0,527633 0,000110
follow 0,020203 0,000004
fond 0,261365 0,000055
fool 0,235722 0,000148
fooling 1,966113 0,000412
foolish 0,235722 0,000049
foolishest 3,218876 0,000674
foolishness 1,514128 0,000317
foot 0,051293 0,000021
footed 1,049822 0,000220
footlights 2,407946 0,000504
footstep 0,430783 0,000090
force 0,030459 0,000006
ford 1,560648 0,000327
forehead 0,400478 0,000168
forenoon 1,347074 0,000282
forget 0,010050 0,000004
forgive 0,314711 0,000066
fork 0,616186 0,000387
forlorn 1,078810 0,000226
form 0,020203 0,000008
forrard 3,506558 0,000734
forsake 0,755023 0,000158
fortress 1,021651 0,000214
fortune 0,162519 0,000068
foster 0,891598 0,000187
foun 3,912023 0,000819
foundation 0,127833 0,000054
fours 1,771957 0,000371
fourteen 0,616186 0,000129
fourth 0,174353 0,000036
fowl 1,108663 0,000232
fox 0,798508 0,000167
fraid 2,995732 0,000627
frame 0,174353 0,000036
france 0,544727 0,000114
frank 0,597837 0,000125
franklin 2,040221 0,000427
franzy 3,912023 0,000819
fraud 1,078810 0,000452
freckled 1,714798 0,000359
freedom 0,223144 0,000047
freeze 0,941609 0,000197
freight 1,171183 0,000245
fren 3,912023 0,000819
french 0,342490 0,000072
frenchman 1,272966 0,000266
fresh 0,105361 0,000022
freshen 1,714798 0,000359
fret 0,713350 0,000448
friday 0,967584 0,000203
friend 0,000000 0,000000
friendless 1,771957 0,000371
friendly 0,248461 0,000052
friendship 0,261365 0,000055
frill 1,897120 0,000397
frock 1,021651 0,000428
frog 1,139434 0,000477
frown 0,673345 0,000141
frowzy 3,218876 0,000674
fry 1,171183 0,000736
fum 3,218876 0,000674
fumble 1,660731 0,000695
fumbling 1,609438 0,000337
fun 0,798508 0,000167
funeral 0,597837 0,000250
funniest 2,813411 0,000589
funny 1,021651 0,000214
fur 0,994252 0,000208
furnace 0,967584 0,000405
furnish 0,527633 0,000110
furnished 0,328504 0,000069
fury 0,328504 0,000069
fuss 1,203973 0,000252
fust 2,813411 0,000589
gabble 2,525729 0,001057
gain 0,040822 0,000017
gal 2,207275 0,000924
galley 1,514128 0,000317
gallon 2,040221 0,000427
gallop 0,820981 0,000344
gallus 3,218876 0,000674
galoot 3,506558 0,000734
game 0,210721 0,000044
gang 1,203973 0,000504
gap 0,843970 0,000353
gape 0,798508 0,000167
gar 2,659260 0,000557
garden 0,150823 0,000063
garret 1,309333 0,000274
garrick 3,218876 0,000674
garter 1,966113 0,000823
gashly 3,912023 0,000819
gasp 0,579818 0,000243
gate 0,210721 0,000044
gather 0,061875 0,000026
gaudy 1,347074 0,000846
gay 0,494296 0,000103
gaze 0,314711 0,000198
generous 0,356675 0,000075
genie 3,506558 0,000734
gent 2,120264 0,000444
gentle 0,274437 0,000057
gentleman 0,223144 0,000093
geography 1,514128 0,000317
george 0,616186 0,000129
ghost 0,462035 0,000193
gift 0,210721 0,000088
gill 1,966113 0,000412
gim 2,813411 0,000589
gin 1,427116 0,000299
gingerbread 1,897120 0,000397
gingham 2,813411 0,000589
girl 0,198451 0,000083
git 2,302585 0,000482
givin 2,995732 0,000627
glad 0,072571 0,000015
gladdest 3,506558 0,000734
glance 0,186330 0,000078
glare 0,733969 0,000461
glaring 0,967584 0,000203
glass 0,174353 0,000036
glide 0,673345 0,000423
glimpse 0,462035 0,000290
gloomy 0,462035 0,000097
glorious 0,462035 0,000097
glory 0,301105 0,000063
glove 0,597837 0,000125
glow 0,314711 0,000066
gnaw 0,967584 0,000405
gobble 2,040221 0,000427
god 0,083382 0,000017
goggles 3,218876 0,000674
gold 0,083382 0,000017
goner 2,995732 0,000627
goo 3,506558 0,000734
goodness 0,328504 0,000069
goody 2,525729 0,000529
goose 0,755023 0,000316
gooseberry 2,302585 0,000482
goshen 2,995732 0,000627
gourd 2,407946 0,000504
governor 0,733969 0,000154
gown 0,616186 0,000258
grab 1,514128 0,000951
grace 0,235722 0,000049
graceful 0,494296 0,000103
gracious 0,544727 0,000114
gradual 1,049822 0,000220
gradually 0,328504 0,000069
grain 0,562119 0,000118
grand 0,342490 0,000072
grandeur 0,994252 0,000208
grandfather 0,755023 0,000158
grandmother 1,272966 0,000266
granny 2,407946 0,000504
grape 0,867501 0,000182
grass 0,301105 0,000063
grassy 1,469676 0,000308
grateful 0,446287 0,000093
grave 0,116534 0,000024
graveyard 1,966113 0,000412
gray 0,733969 0,000154
grease 1,660731 0,000348
greased 2,207275 0,000462
greasy 1,347074 0,000282
greek 0,494296 0,000103
green 0,105361 0,000044
greenhorn 2,995732 0,000627
grey 0,562119 0,000118
grief 0,356675 0,000075
grieve 0,673345 0,000141
grieving 1,386294 0,000290
grind 0,755023 0,000158
grindstone 2,302585 0,000482
grip 0,798508 0,000167
grit 2,120264 0,000444
groan 0,446287 0,000280
grope 0,733969 0,000154
ground 0,030459 0,000013
grow 0,010050 0,000004
grub 1,560648 0,000327
grumble 0,867501 0,000545
grunt 1,021651 0,000214
guard 0,083382 0,000035
guardian 0,597837 0,000125
guess 0,223144 0,000093
guesswork 2,659260 0,000557
guidance 0,776529 0,000163
guitar 1,771957 0,000371
gule 2,995732 0,000627
gully 1,966113 0,000412
gum 1,386294 0,000290
gumption 3,506558 0,000734
gun 0,544727 0,000228
gunnel 3,912023 0,000819
gurgle 1,609438 0,000337
gust 1,139434 0,000239
gutter 1,049822 0,000220
guy 2,040221 0,000854
hack 1,171183 0,000245
haggle 2,207275 0,000462
hail 0,415515 0,000174
hain 3,912023 0,000819
hair 0,072571 0,000030
hairy 1,078810 0,000226
hall 0,274437 0,000057
hallelujah 2,813411 0,000589
halt 0,733969 0,000154
halter 2,040221 0,000427
ham 1,139434 0,000239
hamlet 1,078810 0,000226
hammer 0,544727 0,000114
han 3,506558 0,000734
hand 0,010050 0,000006
handbill 3,506558 0,001468
handcuffs 2,407946 0,000504
handkerchief 0,616186 0,000258
handle 0,223144 0,000140
handsome 0,328504 0,000069
handwriting 1,237874 0,000518
handy 0,967584 0,000405
hang 0,198451 0,000083
hanging 0,235722 0,000049
hank 3,506558 0,000734
hanker 2,813411 0,000589
haphazard 2,407946 0,000504
happen 0,030459 0,000019
happy 0,061875 0,000013
harbor 1,427116 0,000299
hard 0,040822 0,000017
harden 1,021651 0,000214
hardness 1,203973 0,000252
hare 1,203973 0,000252
harem 2,040221 0,000427
hark 1,139434 0,000239
harm 0,210721 0,000044
harmless 0,248461 0,000052
harp 0,843970 0,000353
harper 2,120264 0,000444
harrow 1,771957 0,000371
harry 1,203973 0,000252
harvey 2,813411 0,000589
hash 2,302585 0,000482
haste 0,371064 0,000078
hat 0,446287 0,000187
hatchet 1,609438 0,000337
hate 0,150823 0,000032
haughty 0,867501 0,000182
haul 0,941609 0,000394
haw 2,302585 0,000964
hawk 1,108663 0,000232
haymarket 3,506558 0,000734
head 0,000000 0,000000
headed 0,510826 0,000107
headline 2,659260 0,000557
headway 1,966113 0,000412
healthy 0,356675 0,000075
heap 0,248461 0,000104
hear 0,010050 0,000006
hearing 0,139262 0,000029
heart 0,010050 0,000004
hearted 0,415515 0,000087
hearty 0,616186 0,000129
heat 0,198451 0,000042
heathen 1,203973 0,000252
heave 0,820981 0,000344
heaven 0,174353 0,000036
heaving 0,994252 0,000208
heavy 0,030459 0,000006
hebrew 1,203973 0,000252
heel 0,356675 0,000224
heeled 2,525729 0,000529
heir 0,527633 0,000110
hel 3,506558 0,000734
henry 0,713350 0,000149
heptarchy 3,506558 0,000734
hern 3,912023 0,000819
hero 0,430783 0,000180
hew 1,427116 0,000299
hey 1,347074 0,000282
hide 0,072571 0,000015
hiding 0,616186 0,000129
highland 2,120264 0,000444
highwayman 2,120264 0,000444
hill 0,150823 0,000032
hillside 1,386294 0,000580
hilltop 2,659260 0,000557
hind 1,171183 0,000245
hinge 0,916291 0,000384
hint 0,301105 0,000063
hip 1,078810 0,000226
hire 0,733969 0,000307
hisself 2,659260 0,000557
history 0,186330 0,000039
histrionic 2,995732 0,000627
hit 0,314711 0,000066
hitch 1,347074 0,000564
hive 1,714798 0,000718
hocus 3,506558 0,000734
hoe 2,407946 0,000504
hog 1,309333 0,000822
hogshead 2,407946 0,000504
hogwash 3,506558 0,000734
hoist 1,139434 0,000477
hold 0,010050 0,000006
hole 0,261365 0,000109
holiday 0,713350 0,000299
holler 2,407946 0,001512
hollow 0,430783 0,000090
holt 2,659260 0,001113
holy 0,371064 0,000155
homeless 1,832581 0,000384
homely 1,171183 0,000245
homesick 2,407946 0,000504
honest 0,235722 0,000049
honey 0,755023 0,000158
honor 0,891598 0,000187
hook 0,634878 0,000266
hooker 2,813411 0,000589
hookey 3,218876 0,000674
hooky 3,912023 0,000819
hoop 1,771957 0,000371
hooray 2,995732 0,000627
hop 1,108663 0,000464
hope 0,000000 0,000000
hopper 3,506558 0,000734
horn 0,478036 0,000200
hornet 2,525729 0,000529
hornpipe 2,407946 0,000504
horrible 0,356675 0,000075
horse 0,139262 0,000058
horseback 0,843970 0,000177
horseshoe 2,407946 0,000504
hospitality 0,713350 0,000149
hoss 2,813411 0,000589
hot 0,116534 0,000073
hotchkiss 3,506558 0,000734
hotel 0,820981 0,000172
hound 0,843970 0,000353
hour 0,061875 0,000026
house 0,020203 0,000004
houses 0,139262 0,000029
housetops 2,407946 0,000504
hove 2,120264 0,000444
howdy 2,995732 0,000627
howl 0,527633 0,000331
hub 3,218876 0,000674
huck 3,506558 0,000734
huckleberry 2,995732 0,000627
hue 0,776529 0,000163
huffy 3,218876 0,000674
hug 0,967584 0,000810
hull 1,347074 0,000282
hum 0,579818 0,000121
human 0,072571 0,000030
humble 0,261365 0,000055
humbug 1,514128 0,000634
humor 1,203973 0,000252
hump 1,832581 0,000767
hunch 1,771957 0,000371
hund 3,912023 0,000819
hung 0,174353 0,000036
hungry 0,314711 0,000066
hunk 2,302585 0,000482
hunt 0,371064 0,000155
hunting 0,462035 0,000097
hurry 0,162519 0,000068
hurt 0,150823 0,000063
husband 0,198451 0,000042
husky 1,560648 0,000327
hussy 2,040221 0,000427
hustle 2,040221 0,000854
hustling 2,525729 0,000529
hut 0,776529 0,000163
hymn 0,994252 0,000208
ice 0,527633 0,000110
idea 0,083382 0,000035
identity 1,021651 0,000214
idiot 0,776529 0,000325
idiotic 1,347074 0,000282
ignorant 0,301105 0,000063
iii 0,287682 0,000060
ike 3,912023 0,000819
illinois 2,525729 0,000529
illustration 0,867501 0,000182
illustrious 1,021651 0,000214
imaginary 0,755023 0,000158
imagine 0,083382 0,000035
imitate 0,579818 0,000121
imitation 0,673345 0,000141
immortal 0,755023 0,000158
impaired 1,609438 0,000337
impatient 0,371064 0,000078
imperative 1,237874 0,000259
impostor 1,514128 0,000317
impudent 1,469676 0,000308
inch 0,430783 0,000180
include 0,072571 0,000015
indeedy 3,912023 0,000819
indented 2,813411 0,000589
independence 0,843970 0,000177
indian 0,544727 0,000114
indifferent 0,400478 0,000084
indignation 0,510826 0,000107
infant 0,673345 0,000141
infernal 0,843970 0,000177
ingenious 0,693147 0,000145
ingot 2,813411 0,000589
initial 0,994252 0,000208
injun 3,218876 0,000674
injure 0,356675 0,000075
ink 0,916291 0,000192
inning 3,506558 0,000734
innocent 0,186330 0,000078
inquire 0,235722 0,000049
inscription 1,171183 0,000490
inshore 3,218876 0,000674
instance 0,116534 0,000024
instinct 0,356675 0,000075
instruct 0,494296 0,000103
insurrection 1,609438 0,000337
intend 0,094311 0,000039
inter 1,469676 0,000308
interfere 0,415515 0,000087
interior 0,673345 0,000141
interpret 0,235722 0,000049
interruption 0,634878 0,000133
intoxication 1,309333 0,000274
intrust 1,966113 0,000412
invect 3,912023 0,000819
invent 0,400478 0,000084
invest 1,021651 0,000214
investigation 0,713350 0,000149
investment 1,560648 0,000327
invite 0,261365 0,000109
irish 1,347074 0,000282
iron 0,162519 0,000068
irreligious 2,525729 0,000529
irrigation 2,659260 0,000557
island 0,400478 0,000084
islands 0,755023 0,000158
issue 0,198451 0,000042
itch 1,771957 0,000742
itching 2,207275 0,000462
iv 0,328504 0,000069
ix 0,494296 0,000103
jabbed 2,995732 0,000627
jabber 2,207275 0,001386
jack 0,755023 0,000158
jackass 2,813411 0,000589
jacket 0,755023 0,000316
jackson 1,714798 0,000359
jacques 2,407946 0,000504
jail 1,347074 0,000564
jake 3,506558 0,001468
jam 1,237874 0,000777
james 0,673345 0,000141
jane 1,832581 0,000384
jaw 0,544727 0,000342
jawed 2,995732 0,000627
jeans 3,506558 0,000734
jefferson 2,525729 0,000529
jericho 2,207275 0,000462
jerk 0,820981 0,000172
jest 0,616186 0,000129
jewelry 2,040221 0,000427
jews 1,078810 0,000226
jim 1,966113 0,000412
jimminy 3,912023 0,000819
jimmy 2,207275 0,000462
jingle 1,171183 0,000490
jingo 2,995732 0,000627
joanna 2,813411 0,000589
job 0,597837 0,000250
joe 1,832581 0,000384
joggle 3,506558 0,000734
john 0,328504 0,000069
johnny 2,040221 0,000427
joint 0,446287 0,000093
joke 0,356675 0,000224
joker 2,302585 0,000482
jolly 0,994252 0,000208
jolt 1,514128 0,000634
jour 2,525729 0,000529
journal 0,916291 0,000384
journey 0,150823 0,000032
joy 0,127833 0,000027
joyful 0,798508 0,000167
judge 0,061875 0,000026
judgment 0,198451 0,000042
judith 2,120264 0,000444
jug 1,272966 0,000266
juice 1,272966 0,000266
juliet 2,659260 0,000557
july 0,616186 0,000129
jumble 1,897120 0,000397
jump 0,430783 0,000271
jumping 0,798508 0,000167
june 0,527633 0,000110
jury 1,108663 0,000232
kangaroo 3,218876 0,000674
keel 1,309333 0,000274
keen 0,371064 0,000155
kep 2,407946 0,000504
ker 3,218876 0,000674
ketch 2,302585 0,000482
kettle 1,108663 0,000232
key 0,342490 0,000072
kick 0,314711 0,000198
kill 0,083382 0,000052
kin 1,139434 0,000239
kindness 0,274437 0,000057
kine 2,207275 0,000462
kinfolk 3,912023 0,000819
king 0,210721 0,000088
kingdom 0,462035 0,000193
kiss 0,356675 0,000224
kissing 1,021651 0,000214
kit 2,040221 0,000427
kitchen 0,562119 0,000118
knee 0,150823 0,000063
kneel 0,478036 0,000100
knickknack 3,506558 0,000734
knife 0,287682 0,000120
knit 0,673345 0,000282
knob 1,427116 0,000299
knock 0,287682 0,000181
knot 0,510826 0,000321
knuckle 1,427116 0,000299
label 1,427116 0,000299
ladder 0,616186 0,000129
lady 0,162519 0,000068
lafayette 2,995732 0,000627
lake 0,162519 0,000034
lally 3,912023 0,000819
lamb 0,693147 0,000290
lame 0,798508 0,000167
lamp 0,400478 0,000084
lan 3,506558 0,000734
land 0,051293 0,000032
landing 0,544727 0,000114
lane 0,653926 0,000274
language 0,072571 0,000015
languages 0,967584 0,000203
lanky 2,302585 0,000482
lantern 0,843970 0,000353
lap 0,527633 0,000110
las 2,407946 0,000504
lash 0,562119 0,000118
latch 1,309333 0,000274
late 0,094311 0,000020
lath 2,120264 0,000888
laugh 0,094311 0,000079
law 0,020203 0,000008
lawsuit 1,832581 0,000384
lawyer 0,673345 0,000141
lay 0,030459 0,000026
layer 1,514128 0,000317
lazy 0,616186 0,000387
le 1,049822 0,000220
lead 0,020203 0,000013
leading 0,139262 0,000029
leaf 0,446287 0,000093
leafy 2,040221 0,000427
leak 1,469676 0,000615
leaky 2,040221 0,000427
lean 0,127833 0,000080
lear 2,302585 0,000482
learn 0,020203 0,000021
leastways 2,995732 0,000627
leather 0,527633 0,000110
leave -0,009950 -0,000006
leavings 2,995732 0,000627
lection 3,506558 0,000734
lecture 0,673345 0,000141
ledge 1,049822 0,000220
left 0,000000 0,000000
leg 0,235722 0,000099
legged 1,108663 0,000232
lemonade 2,525729 0,000529
len 3,506558 0,000734
lend 0,430783 0,000090
lesson 0,287682 0,000060
letter 0,072571 0,000030
level 0,210721 0,000044
leveler 3,912023 0,000819
levi 2,813411 0,000589
leviticus 2,813411 0,000589
liar 1,021651 0,000428
liberality 1,347074 0,000282
liberty 0,198451 0,000042
lick 0,673345 0,000564
licking 3,912023 0,000819
lid 0,597837 0,000125
lie 0,020203 0,000017
life -0,009950 -0,000004
lift 0,116534 0,000098
light 0,000000 0,000000
lighted 0,261365 0,000055
lighten 0,597837 0,000125
lightning 0,430783 0,000090
likelier 3,218876 0,000674
likes 1,771957 0,000371
limb 0,248461 0,000104
limber 2,659260 0,000557
lineal 2,813411 0,000589
linen 0,527633 0,000110
lingo 2,813411 0,000589
lining 1,771957 0,000371
link 0,174353 0,000036
linsey 3,912023 0,000819
lip 0,127833 0,000054
liquor 0,798508 0,000167
list 0,301105 0,000063
listen 0,105361 0,000088
litter 0,843970 0,000353
live 0,010050 0,000004
lively 0,385662 0,000081
liver 1,171183 0,000245
living 0,020203 0,000004
lo 0,916291 0,000192
load 0,430783 0,000271
loading 1,309333 0,000274
loaf 0,867501 0,000545
loafer 2,813411 0,000589
loafers 2,659260 0,000557
loafing 2,995732 0,000627
loan 1,427116 0,000299
lock 0,162519 0,000068
locket 2,120264 0,000444
locking 1,272966 0,000266
log 0,798508 0,000334
loll 1,771957 0,000742
london 0,415515 0,000087
lone 1,514128 0,000317
lonely 0,400478 0,000084
lonesome 2,120264 0,000444
lonesomeness 2,813411 0,000589
lookout 1,427116 0,000299
looky 2,995732 0,000627
loose 0,094311 0,000039
lord 0,223144 0,000047
lordship 1,609438 0,000337
lordy 3,218876 0,000674
lose 0,000000 0,000000
loss 0,083382 0,000017
lot 0,051293 0,000021
loud 0,105361 0,000044
louis 1,078810 0,000226
louisville 3,506558 0,000734
love 0,030459 0,000013
lovely 0,462035 0,000193
lowering 2,659260 0,000557
luck 0,446287 0,000093
lucky 0,494296 0,000207
lug 1,771957 0,000742
lumber 1,203973 0,000252
lump 0,916291 0,000192
lunatic 1,203973 0,000252
lunch 0,967584 0,000203
lung 0,867501 0,000182
lunkhead 3,912023 0,000819
lynch 2,659260 0,001670
lynching 3,506558 0,000734
mad 0,235722 0,000049
madam 0,967584 0,000203
maggiore 3,218876 0,000674
magic 0,673345 0,000141
magician 1,386294 0,000580
mahogany 1,609438 0,000337
maid 0,415515 0,000087
maidy 3,912023 0,000819
maim 1,272966 0,000266
main 0,127833 0,000027
majesty 0,510826 0,000107
majority 0,597837 0,000125
mam 3,506558 0,000734
manage 0,261365 0,000109
manner 0,040822 0,000009
mannered 1,609438 0,000337
manners 0,274437 0,000057
mantel 1,832581 0,000384
mantelpiece 1,714798 0,000359
marble 0,562119 0,000118
march 0,223144 0,000093
marching 1,171183 0,000245
mare 1,203973 0,000252
mark 0,105361 0,000044
marked 0,061875 0,000013
market 0,510826 0,000107
married 0,248461 0,000052
marry 0,356675 0,000075
mars 1,427116 0,000299
marseilles 1,966113 0,000412
mary 0,693147 0,000145
marys 3,506558 0,000734
mash 1,897120 0,000794
mask 0,673345 0,000423
mass 0,210721 0,000044
master 0,072571 0,000015
masterly 1,832581 0,000384
match 0,301105 0,000189
mate 0,713350 0,000149
material 0,261365 0,000055
mathematics 1,272966 0,000266
matilda 2,659260 0,000557
matter 0,000000 0,000000
mattress 1,237874 0,000259
mayflower 3,218876 0,000674
meal 0,261365 0,000109
meaning 0,186330 0,000039
measles 2,040221 0,000427
meat 0,356675 0,000075
meddle 0,994252 0,000416
meddlesome 2,995732 0,000627
meddling 1,609438 0,000337
medicine 0,562119 0,000235
meek 1,272966 0,000266
meet 0,010050 0,000004
meeting 0,162519 0,000034
mellow 1,427116 0,000299
melt 0,385662 0,000081
memory 0,162519 0,000034
memphis 2,995732 0,000627
mention 0,105361 0,000044
meo 3,912023 0,000819
merchant 0,494296 0,000103
mercy 0,210721 0,000044
mere 0,094311 0,000020
mesmerism 3,506558 0,000734
mesmerizing 3,912023 0,000819
mess 0,867501 0,000182
message 0,356675 0,000075
mf 3,506558 0,000734
midday 1,108663 0,000232
middle 0,030459 0,000006
middling 1,966113 0,000412
midnight 0,328504 0,000069
mids 3,912023 0,000819
mighty 0,328504 0,000069
mild 0,430783 0,000090
mile 0,174353 0,000073
milk 0,400478 0,000168
mind 0,020203 0,000008
minded 0,400478 0,000084
minister 0,562119 0,000118
minute 0,150823 0,000063
mire 1,049822 0,000220
miserable 0,210721 0,000044
miserableness 3,912023 0,000819
misery 0,248461 0,000052
misfortune 0,400478 0,000168
mississippi 0,415515 0,000087
missouri 2,120264 0,000444
missus 2,995732 0,000627
mist 0,430783 0,000090
mistake 0,186330 0,000039
mistaken 0,261365 0,000055
mister 1,832581 0,000384
misunderstand 1,237874 0,000259
mite 1,714798 0,000359
mix 0,274437 0,000115
mixture 0,597837 0,000125
moan 0,653926 0,000411
moat 1,897120 0,000397
mob 1,139434 0,000239
moccasin 2,659260 0,000557
mock 0,478036 0,000100
moderate 0,579818 0,000121
modern 0,301105 0,000063
modify 0,356675 0,000075
moment 0,010050 0,000004
money 0,051293 0,000011
mongst 2,995732 0,000627
monstrous 0,400478 0,000084
month 0,040822 0,000017
monthly 1,427116 0,000299
moon 0,261365 0,000109
moonlight 0,673345 0,000141
moonrise 2,525729 0,000529
moonshine 2,040221 0,000427
moore 2,525729 0,000529
moral 0,301105 0,000126
morality 0,867501 0,000182
morning 0,040822 0,000017
morrow 0,328504 0,000069
mort 2,207275 0,000462
mortar 1,272966 0,000266
mortification 1,021651 0,000214
mos 3,506558 0,000734
moses 1,139434 0,000239
mosey 3,912023 0,000819
mosquito 1,897120 0,000397
moss 1,049822 0,000220
mother 0,072571 0,000030
motherless 2,525729 0,000529
motion 0,223144 0,000047
motive 0,356675 0,000075
motto 1,347074 0,000282
mountains 0,400478 0,000084
mourner 1,309333 0,000274
mournful 0,941609 0,000197
mourning 0,673345 0,000141
mouse 0,776529 0,000163
mouth 0,061875 0,000026
mouthful 1,237874 0,000259
mud 0,462035 0,000097
mudcat 3,912023 0,000819
muddled 1,897120 0,000397
muddy 0,867501 0,000182
muffle 1,108663 0,000232
muggins 3,912023 0,000819
mule 0,967584 0,000203
mullen 3,506558 0,000734
mullet 2,813411 0,000589
multiplication 1,897120 0,000397
mum 2,525729 0,000529
mumble 1,386294 0,000290
mumps 3,506558 0,000734
munch 1,832581 0,000384
murder 0,248461 0,000156
murderer 0,733969 0,000154
murderers 1,386294 0,000290
murrey 3,912023 0,000819
mus 2,407946 0,000504
muse 1,139434 0,000239
mush 2,995732 0,000627
mushmelon 3,912023 0,000819
music 0,198451 0,000042
mutter 0,653926 0,000137
mysterious 0,314711 0,000066
mystery 0,235722 0,000049
nab 2,813411 0,000589
nabob 3,506558 0,000734
nail 0,356675 0,000299
naked 0,274437 0,000057
nap 1,469676 0,000308
narrative 0,579818 0,000121
narrow 0,094311 0,000020
nary 2,813411 0,000589
nat 2,813411 0,000589
nation 0,579818 0,000121
native 0,314711 0,000066
natural 0,094311 0,000020
naturally 0,210721 0,000044
nature 0,094311 0,000020
natured 0,733969 0,000154
navigate 1,771957 0,000742
navigation 1,272966 0,000266
neat 0,653926 0,000137
neater 2,995732 0,000627
necessity 0,210721 0,000044
neck 0,174353 0,000073
needle 0,673345 0,000282
needy 1,660731 0,000348
negro 0,967584 0,000203
neighbor 1,237874 0,000518
neighborhood 1,171183 0,000245
nell 2,659260 0,000557
ness 2,813411 0,000589
nest 0,579818 0,000121
news 0,210721 0,000044
newspaper 0,693147 0,000145
nice 0,371064 0,000078
niece 1,203973 0,000504
nigger 2,407946 0,000504
niggers 2,995732 0,000627
nigh 0,843970 0,000177
night 0,010050 0,000004
nightcap 1,897120 0,000397
nightshirt 2,525729 0,000529
nineteen 1,108663 0,000232
nip 1,427116 0,000299
nobility 0,755023 0,000158
noble 0,198451 0,000042
nod 0,371064 0,000233
nohow 2,995732 0,000627
noise 0,139262 0,000058
nombril 3,912023 0,000819
nonesuch 3,912023 0,000819
nonsense 0,478036 0,000100
noon 0,430783 0,000090
north 0,083382 0,000017
nose 0,261365 0,000109
nostril 0,798508 0,000167
notice 0,020203 0,000013
notion 0,314711 0,000066
noway 3,506558 0,000734
nudge 1,714798 0,000359
numskull 2,995732 0,000627
nunnery 2,302585 0,000482
nurse 0,301105 0,000063
nut 0,820981 0,000172
oak 0,673345 0,000141
oar 1,021651 0,000428
oath 0,385662 0,000081
obey 0,223144 0,000047
obituary 2,813411 0,000589
object 0,105361 0,000022
objection 0,400478 0,000084
obsequy 2,813411 0,000589
observer 0,820981 0,000172
occasion 0,105361 0,000022
ocean 0,415515 0,000087
odd 0,385662 0,000081
odds 1,108663 0,000232
ode 2,120264 0,000444
offer 0,020203 0,000013
office 0,072571 0,000015
officer 0,314711 0,000066
ohio 2,407946 0,000504
oho 2,407946 0,000504
oilcloth 3,218876 0,000674
oldish 2,995732 0,000627
ole 2,659260 0,000557
ominous 1,171183 0,000245
onion 1,203973 0,000504
onless 3,506558 0,000734
ooze 1,427116 0,000299
ope 2,302585 0,000482
ophelia 2,525729 0,000529
opinion 0,105361 0,000022
opportunity 0,061875 0,000013
opposed 0,653926 0,000137
opposition 0,494296 0,000103
oppression 0,916291 0,000192
oppressor 1,771957 0,000371
orange 0,776529 0,000163
ordinary 0,186330 0,000039
ordnance 2,302585 0,000482
orgy 1,771957 0,000371
orleans 1,966113 0,000412
ornery 3,218876 0,001348
orphan 0,798508 0,000167
ostrich 1,660731 0,000348
ouch 2,813411 0,000589
ourn 3,912023 0,000819
outbuilding 2,813411 0,000589
outer 0,510826 0,000107
outfit 1,171183 0,000245
outlandish 1,966113 0,000412
outrage 0,891598 0,000187
outrageous 1,386294 0,000290
outrun 2,207275 0,000462
outstart 3,912023 0,000819
overboard 1,347074 0,000282
overcoat 1,609438 0,000337
overdone 2,207275 0,000462
overflow 0,616186 0,000258
overhaul 1,897120 0,000397
overlook 0,527633 0,000110
oversleep 2,407946 0,000504
owl 1,078810 0,000452
owner 0,083382 0,000017
ox 0,941609 0,000197
pack 0,579818 0,000121
packed 0,616186 0,000129
packing 1,108663 0,000232
pad 1,560648 0,000327
paddle 1,386294 0,000871
padlock 2,525729 0,000529
padlocked 2,525729 0,000529
painful 0,328504 0,000069
painstakingly 2,995732 0,000627
paint 0,274437 0,000172
pair 0,210721 0,000044
palace 0,494296 0,000103
palaver 2,659260 0,000557
pale 0,186330 0,000039
paleness 1,609438 0,000337
paling 2,120264 0,000444
pallet 2,407946 0,000504
paly 3,912023 0,000819
pan 0,755023 0,000316
panama 2,407946 0,000504
pang 0,634878 0,000133
panting 0,597837 0,000125
pants 1,966113 0,000412
pap 2,407946 0,000504
paper 0,083382 0,000035
paralysis 2,120264 0,000444
parasol 2,040221 0,000427
parcel 0,867501 0,000182
pard 2,995732 0,000627
pardon 0,287682 0,000060
parent 0,261365 0,000055
paris 0,562119 0,000118
parker 2,407946 0,000504
parlor 1,660731 0,000695
parrot 1,560648 0,000653
parson 1,514128 0,000317
partly 0,301105 0,000063
pass 0,020203 0,000008
passage 0,105361 0,000044
passageway 2,659260 0,000557
passel 3,912023 0,000819
passenger 0,653926 0,000274
passing 0,094311 0,000020
paste 1,386294 0,000290
pat 0,776529 0,000325
patch 0,616186 0,000258
patent 0,941609 0,000197
path 0,150823 0,000032
patience 0,139262 0,000029
patient 0,274437 0,000115
pause 0,314711 0,000066
paw 1,021651 0,000214
pawed 3,218876 0,000674
pay 0,030459 0,000026
peace 0,094311 0,000020
peaceful 0,478036 0,000100
peacefuller 3,912023 0,000819
peach 1,514128 0,000317
peart 3,912023 0,000819
peck 1,560648 0,000980
peddle 2,525729 0,000529
peddler 2,407946 0,000504
peel 1,139434 0,000239
peep 0,634878 0,000266
peg 1,139434 0,000716
pen 0,235722 0,000099
pencil 0,616186 0,000129
pendulum 2,120264 0,000444
penitentiary 2,813411 0,000589
pensive 1,171183 0,000245
pepper 1,171183 0,000245
perfect 0,061875 0,000013
perfectly 0,162519 0,000034
perform 0,072571 0,000015
performance 0,127833 0,000027
perfumery 3,218876 0,000674
perish 0,462035 0,000097
person -0,009950 -0,000006
personal 0,223144 0,000047
persuade 0,223144 0,000093
pert 1,966113 0,000412
pesky 3,218876 0,000674
pester 2,040221 0,000427
pet 0,891598 0,000373
peter 0,798508 0,000167
peters 2,659260 0,000557
petersburg 2,040221 0,000427
petting 2,525729 0,000529
pettish 3,506558 0,000734
pew 1,966113 0,000412
pewter 2,120264 0,000444
philadelphia 2,120264 0,000444
phrenology 3,218876 0,000674
physician 0,693147 0,000145
piano 1,078810 0,000226
piccadilly 2,407946 0,000504
pick 0,223144 0,000140
pickaxe 2,659260 0,000557
picking 0,634878 0,000133
pickle 1,427116 0,000299
picnic 1,897120 0,000794
picture 0,139262 0,000058
pie 1,272966 0,000533
piece 0,020203 0,000008
pig 0,544727 0,000228
pike 1,347074 0,000282
pile 0,328504 0,000275
pilgrim 1,203973 0,000252
pilot 1,021651 0,000214
pin 0,478036 0,000200
pinch 0,843970 0,000177
pinched 1,139434 0,000239
pine 0,462035 0,000193
pint 1,309333 0,000548
pious 0,733969 0,000154
pipe 0,385662 0,000161
pirate 1,108663 0,000464
pistol 0,820981 0,000172
pitch 0,261365 0,000109
pitiful 0,798508 0,000167
pitifulness 3,506558 0,000734
pity 0,139262 0,000087
pivot 2,040221 0,000427
plague 0,673345 0,000141
plain 0,040822 0,000009
plan 0,198451 0,000125
plank 0,673345 0,000282
plant 0,186330 0,000078
plantation 1,237874 0,000518
plaster 0,916291 0,000192
plate 0,314711 0,000132
platform 0,843970 0,000353
play 0,040822 0,000026
pleasant 0,162519 0,000068
pleased 0,150823 0,000032
pleasing 0,653926 0,000137
pleasure 0,051293 0,000011
pledge 0,634878 0,000133
plenty 0,235722 0,000049
plot 0,693147 0,000145
plotter 2,995732 0,000627
plow 1,897120 0,000397
pluck 0,371064 0,000078
plug 1,714798 0,000359
plum 1,347074 0,000282
plumb 2,120264 0,000444
plume 0,994252 0,000208
plunder 0,994252 0,000208
plunk 3,506558 0,000734
pluribus 3,218876 0,000674
po 1,897120 0,000397
pocket 0,371064 0,000155
poetical 1,514128 0,000317
poetry 0,693147 0,000145
poke 0,941609 0,000591
pole 0,494296 0,000207
police 0,755023 0,000158
polished 0,673345 0,000141
polite 0,693147 0,000145
political 0,562119 0,000118
polly 2,813411 0,000589
pommel 2,120264 0,000444
ponderous 1,203973 0,000252
pone 3,218876 0,000674
poor 0,020203 0,000004
pooty 3,912023 0,000819
pop 1,203973 0,000252
popular 0,430783 0,000090
porch 0,891598 0,000187
pore 1,203973 0,000252
pork 1,272966 0,000266
possess 0,061875 0,000013
post 0,051293 0,000021
posterity 1,139434 0,000239
pot 0,478036 0,000200
potato 1,078810 0,000226
pound 0,314711 0,000198
pour 0,116534 0,000098
pow 3,506558 0,000734
powder 0,597837 0,000125
power 0,030459 0,000006
powerful 0,223144 0,000047
powwow 3,506558 0,000734
pox 2,407946 0,000504
practice 0,116534 0,000049
prague 2,995732 0,000627
prairie 1,966113 0,000412
praise 0,274437 0,000115
prance 1,966113 0,001235
pray 0,261365 0,000219
prayer 0,287682 0,000120
preach 0,755023 0,000474
preacher 1,049822 0,000440
preaching 1,309333 0,000274
precious 0,162519 0,000034
prejudice 0,579818 0,000121
premature 1,203973 0,000252
premise 0,891598 0,000187
prentice 2,659260 0,000557
prepared 0,105361 0,000022
presbyterian 2,407946 0,000504
presence 0,094311 0,000020
preserve 0,083382 0,000035
press 0,105361 0,000022
pressed 0,274437 0,000057
presume 0,462035 0,000097
pretend 0,186330 0,000039
pretty 0,150823 0,000095
prevarication 3,218876 0,000674
previous 0,094311 0,000020
price 0,314711 0,000066
pride 0,150823 0,000032
prime 0,653926 0,000137
primer 2,407946 0,000504
principal 0,287682 0,000060
principle 0,274437 0,000057
print 0,116534 0,000049
printer 1,714798 0,000718
printing 1,469676 0,000308
prison 0,248461 0,000052
prisoner 0,356675 0,000149
private 0,198451 0,000042
privileged 1,347074 0,000282
prize 0,494296 0,000103
procession 0,693147 0,000145
proctor 2,995732 0,000627
profit 0,083382 0,000035
profitable 0,891598 0,000187
progress 0,162519 0,000034
project -0,009950 -0,000002
promise 0,051293 0,000021
prompt 0,478036 0,000100
pronounced 0,446287 0,000093
proof 0,274437 0,000057
prop 0,941609 0,000394
properly 0,385662 0,000081
property 0,127833 0,000027
prosecute 1,078810 0,000226
protect 0,139262 0,000029
protection 0,314711 0,000066
prove 0,083382 0,000035
providence 0,693147 0,000145
provision 0,094311 0,000020
prowl 1,309333 0,000548
pry 1,139434 0,000239
public 0,083382 0,000017
pudding 1,386294 0,000290
puddle 1,203973 0,000252
puff 0,733969 0,000154
pull 0,127833 0,000080
pulpit 1,171183 0,000245
pump 1,108663 0,000232
pumping 2,302585 0,000482
puncheon 2,659260 0,000557
pungle 3,912023 0,000819
punkin 3,912023 0,000819
pup 2,302585 0,000482
puppy 1,386294 0,000290
pure 0,139262 0,000029
purse 0,562119 0,000118
push 0,139262 0,000087
puzzled 0,494296 0,000103
quality 0,186330 0,000039
quarrel 0,287682 0,000120
quarrelsome 1,771957 0,000371
quarry 1,171183 0,000245
quarter 0,105361 0,000044
queen 0,415515 0,000087
queens 1,660731 0,000348
question 0,020203 0,000008
quick 0,127833 0,000054
quicksilver 2,407946 0,000504
quiet 0,094311 0,000059
quietus 3,218876 0,000674
quill 1,897120 0,000397
quilt 1,609438 0,000674
quit 0,462035 0,000097
quiver 0,494296 0,000103
quivery 3,506558 0,000734
quixote 2,407946 0,000504
rabbit 0,994252 0,000416
race 0,162519 0,000034
rachel 2,120264 0,000444
rack 0,673345 0,000141
racket 2,040221 0,000427
rackety 3,912023 0,000819
raff 2,813411 0,001178
raft 1,832581 0,001151
rafter 1,714798 0,000718
raftsman 3,506558 0,001468
rag 0,693147 0,000290
rage 0,139262 0,000029
ragged 0,776529 0,000163
rail 0,579818 0,000243
rain 0,150823 0,000095
rainbow 1,171183 0,000245
rainy 0,967584 0,000203
raise 0,020203 0,000017
rake 1,139434 0,000239
ram 0,994252 0,000416
rampant 2,407946 0,000504
ramrod 2,659260 0,000557
range 0,328504 0,000138
rank 0,223144 0,000047
ransack 1,514128 0,000634
ransom 1,386294 0,000580
rapscallion 3,218876 0,000674
rascal 0,867501 0,000363
rascality 2,207275 0,000462
raspy 3,506558 0,000734
rat 0,867501 0,000363
rate 0,261365 0,000055
rattle 0,616186 0,000258
rattlesnake 3,218876 0,001348
rattling 0,916291 0,000192
ratty 3,506558 0,000734
rave 1,272966 0,000266
raw 0,713350 0,000149
reach 0,000000 0,000000
read 0,020203 0,000013
reader 0,301105 0,000063
ready 0,030459 0,000006
real 0,040822 0,000009
realm 0,867501 0,000182
reason 0,010050 0,000004
reasonable 0,116534 0,000024
reasonableness 1,832581 0,000384
reasoning 0,713350 0,000149
receipt 0,261365 0,000055
reckon 0,385662 0,000161
recollect 0,562119 0,000118
recollection 0,527633 0,000221
recommend 0,400478 0,000084
record 0,223144 0,000047
recover 0,127833 0,000027
red 0,061875 0,000026
redden 1,171183 0,000490
reef 1,514128 0,000317
refer 0,223144 0,000047
reform 0,891598 0,000373
regard 0,083382 0,000017
region 0,462035 0,000097
regular 0,287682 0,000060
regulations 1,237874 0,000259
rehearse 1,832581 0,000384
rein 0,867501 0,000182
relation 0,223144 0,000047
relationship 0,867501 0,000182
reliable 1,609438 0,000337
relict 3,218876 0,000674
religion 0,415515 0,000087
remainder 0,597837 0,000125
remember 0,030459 0,000013
remiss 2,040221 0,000427
renowned 1,171183 0,000245
report 0,051293 0,000011
represent 0,210721 0,000088
representative 0,820981 0,000172
reptile 1,609438 0,000337
request 0,105361 0,000022
require 0,051293 0,000011
res 2,995732 0,000627
resemblance 0,713350 0,000149
resign 0,693147 0,000145
resolution 0,385662 0,000081
respect 0,040822 0,000017
respectable 0,430783 0,000090
responsibility 0,733969 0,000154
rest 0,010050 0,000008
restless 0,478036 0,000100
resurrection 1,309333 0,000274
reticule 2,659260 0,000557
return 0,010050 0,000002
reveal 0,223144 0,000047
reverend 1,272966 0,000266
revival 1,714798 0,000359
reward 0,174353 0,000036
rhyme 1,237874 0,000259
rich 0,116534 0,000024
richard 1,021651 0,000214
richmond 2,120264 0,000444
rid 0,223144 0,000047
riddle 0,891598 0,000187
ride 0,261365 0,000164
ridge 0,891598 0,000187
ridgeway 3,912023 0,000819
ridiculous 0,478036 0,000100
rigging 1,771957 0,000371
rightful 1,560648 0,000327
rightly 0,430783 0,000090
rightness 3,218876 0,000674
rip 1,021651 0,000855
ripe 0,820981 0,000172
ripper 3,218876 0,000674
ripply 3,912023 0,000819
rise 0,030459 0,000013
risk 0,301105 0,000063
river 0,174353 0,000036
rivers 0,713350 0,000149
road 0,116534 0,000049
roar 0,356675 0,000075
roast 0,798508 0,000167
rob 0,356675 0,000224
robber 0,653926 0,000274
robbery 1,021651 0,000214
robe 0,673345 0,000141
robinson 1,660731 0,000348
rock 0,186330 0,000117
rocky 1,049822 0,000220
rod 0,616186 0,000129
rogers 2,659260 0,000557
roll 0,150823 0,000095
romantical 3,912023 0,000819
romeo 2,407946 0,000504
roof 0,186330 0,000078
rook 1,966113 0,000412
roost 1,660731 0,000348
root 0,235722 0,000099
rope 0,430783 0,000271
rot 0,798508 0,000334
rotten 0,941609 0,000197
rouge 1,897120 0,000397
rough 0,186330 0,000117
roun 2,995732 0,000627
roundabout 1,771957 0,000371
rouse 0,494296 0,000310
rousing 1,514128 0,000317
roust 3,912023 0,001638
row 0,385662 0,000161
rowlock 2,995732 0,000627
royal 0,400478 0,000084
royalty 0,371064 0,000078
rub 0,342490 0,000287
rubbish 1,108663 0,000232
rucker 3,912023 0,000819
ruffle 0,941609 0,000394
ruin 0,116534 0,000024
rule 0,030459 0,000013
rumble 1,171183 0,000245
rummage 1,386294 0,000580
rummy 3,218876 0,000674
runaway 1,514128 0,000317
rush 0,127833 0,000107
rust 1,171183 0,000245
rustle 0,967584 0,000405
rustling 1,203973 0,000252
rusty 1,078810 0,000226
ruther 3,912023 0,000819
sable 1,514128 0,000317
sack 0,653926 0,000137
sackful 3,912023 0,000819
sacred 0,415515 0,000087
sad 0,223144 0,000047
saddish 3,912023 0,000819
saddle 0,755023 0,000316
safe 0,116534 0,000049
sah 3,506558 0,000734
sail 0,415515 0,000174
sailing 0,653926 0,000137
sailor 0,544727 0,000114
saint 0,673345 0,000141
sake 0,083382 0,000035
salable 3,218876 0,000674
salary 1,171183 0,000245
sale 0,776529 0,000325
sally 0,867501 0,000182
salt 0,105361 0,000022
saltire 3,506558 0,000734
sanctify 1,386294 0,000290
sand 0,494296 0,000103
sandbar 3,506558 0,000734
sandy 1,049822 0,000220
saphead 3,912023 0,001638
sapling 2,040221 0,000427
sarah 2,040221 0,000427
sarcastic 1,427116 0,000299
sass 3,218876 0,001348
satisfaction 0,186330 0,000039
satisfactory 0,562119 0,000118
satisfy 0,061875 0,000026
saturday 0,843970 0,000177
saul 1,966113 0,000412
sausage 1,966113 0,000412
save 0,010050 0,000006
sawdust 2,207275 0,000462
sawlog 3,912023 0,000819
sawmill 3,506558 0,000734
sawyer 2,407946 0,001008
saxon 1,514128 0,000317
scalp 2,040221 0,000427
scamp 2,120264 0,000444
scamper 1,609438 0,000337
scandalous 1,237874 0,000259
scar 1,171183 0,000245
scarcity 1,771957 0,000371
scare 1,237874 0,000259
scared 0,941609 0,000197
scary 3,506558 0,000734
scatter 0,693147 0,000290
scattered 0,139262 0,000029
scene 0,127833 0,000054
scenery 1,237874 0,000259
scent 0,544727 0,000228
scheme 0,462035 0,000097
school 0,150823 0,000032
schoolhouse 2,525729 0,000529
science 0,415515 0,000087
scold 1,078810 0,000452
scoop 1,514128 0,000634
scoot 2,995732 0,000627
scorched 1,386294 0,000290
scorn 0,446287 0,000093
scornful 1,203973 0,000252
scott 1,560648 0,000327
scoundrel 1,078810 0,000452
scour 1,203973 0,000504
scow 3,218876 0,001348
scrabble 2,525729 0,001586
scramble 0,941609 0,000394
scrap 0,820981 0,000172
scrape 0,634878 0,000266
scratch 0,544727 0,000342
scratching 1,108663 0,000232
scrawl 1,427116 0,000299
screaking 3,912023 0,000819
scream 0,462035 0,000290
screech 1,609438 0,000337
screechy 3,506558 0,000734
screw 1,049822 0,000440
scripture 1,386294 0,000290
scrouge 3,506558 0,001468
scrubbing 2,040221 0,000427
scrunch 3,218876 0,000674
scutcheon 3,218876 0,000674
sea 0,116534 0,000024
sealing 2,040221 0,000427
search 0,040822 0,000017
season 0,235722 0,000049
seat 0,051293 0,000021
sech 2,995732 0,000627
secret 0,051293 0,000021
security 0,478036 0,000100
seed 0,510826 0,000107
seedy 2,813411 0,000589
seize 0,116534 0,000024
sell 0,210721 0,000132
sence 2,995732 0,000627
send 0,020203 0,000013
sense 0,051293 0,000011
separate 0,094311 0,000039
sermon 0,891598 0,000187
serpent 0,693147 0,000145
servant 0,105361 0,000044
serve 0,051293 0,000021
set 0,010050 0,000006
settle 0,083382 0,000052
seventeen 0,693147 0,000145
severe 0,301105 0,000063
sew 0,994252 0,000208
shabby 1,021651 0,000214
shackly 3,506558 0,000734
shade 0,223144 0,000093
shading 1,560648 0,000327
shadow 0,162519 0,000034
shady 0,967584 0,000203
shake 0,072571 0,000061
shakespeare 1,171183 0,000245
shakespearian 3,218876 0,000674
shaksperean 3,912023 0,000819
shaky 2,207275 0,000462
shallow 0,755023 0,000158
shame 0,223144 0,000093
shanty 2,302585 0,000482
shape 0,150823 0,000032
share 0,030459 0,000013
sharp 0,139262 0,000029
shave 0,916291 0,000384
sheep 0,371064 0,000078
sheepish 2,120264 0,000444
sheer 0,820981 0,000172
sheet 0,314711 0,000132
sheffield 2,995732 0,000627
shekel 2,995732 0,000627
shelf 0,634878 0,000133
sheltered 0,820981 0,000172
sheriff 2,040221 0,000427
shin 1,897120 0,001589
shine 0,150823 0,000095
shingle 1,771957 0,000371
shiny 1,714798 0,000718
ship 0,198451 0,000083
shipping 1,309333 0,000274
shipshape 3,506558 0,000734
shirk 1,897120 0,000397
shirt 0,527633 0,000221
shiver 0,478036 0,000300
sho 2,995732 0,000627
shoal 1,386294 0,000290
shock 0,235722 0,000049
shoe 0,314711 0,000066
shoot 0,385662 0,000081
shooting 0,634878 0,000133
shop 0,494296 0,000103
shore 0,287682 0,000120
short 0,020203 0,000004
shorten 0,916291 0,000192
shot 0,223144 0,000093
shotgun 3,912023 0,000819
shoulder 0,139262 0,000117
shout 0,186330 0,000156
shove 0,967584 0,000810
shovel 1,347074 0,000846
shovelful 2,995732 0,000627
shrivel 1,714798 0,000359
shriveled 2,813411 0,000589
shroud 0,916291 0,000192
shuck 3,218876 0,000674
shucks 3,506558 0,000734
shut 0,051293 0,000021
shutter 0,994252 0,000416
sich 2,120264 0,000444
sick 0,150823 0,000063
sicken 1,660731 0,000348
sickening 1,309333 0,000274
sickly 0,891598 0,000373
sickness 0,478036 0,000100
sid 3,506558 0,000734
sideboard 1,560648 0,000327
sift 1,714798 0,000359
sigh 0,235722 0,000148
sight 0,040822 0,000009
sighted 0,733969 0,000154
sign 0,051293 0,000043
signal 0,462035 0,000097
silas 2,659260 0,000557
silent 0,051293 0,000011
silky 2,040221 0,000427
silly 0,400478 0,000084
silver 0,210721 0,000044
simple 0,094311 0,000020
simply 0,150823 0,000032
sin 0,314711 0,000066
sing 0,261365 0,000164
singing 0,371064 0,000078
single 0,083382 0,000017
singular 0,430783 0,000090
sinister 1,108663 0,000232
sink 0,072571 0,000046
sir 0,150823 0,000032
sirree 3,912023 0,000819
sis 3,218876 0,000674
sister 0,223144 0,000093
sit 0,010050 0,000004
situation 0,198451 0,000042
sixteen 0,653926 0,000137
sixteenth 1,171183 0,000245
size 0,223144 0,000093
sized 1,237874 0,000259
skaddle 3,912023 0,000819
skasely 3,912023 0,000819
skiff 1,714798 0,000718
skift 3,506558 0,000734
skilled 1,272966 0,000266
skillet 2,659260 0,000557
skim 1,347074 0,000564
skin 0,174353 0,000073
skinned 1,609438 0,000337
skip 1,139434 0,000954
skull 0,843970 0,000177
skunk 3,218876 0,000674
sky 0,186330 0,000039
skylight 1,966113 0,000412
slab 1,514128 0,000634
slam 1,309333 0,000548
slant 1,203973 0,000756
slap 0,798508 0,000501
slave 0,356675 0,000075
slavery 0,798508 0,000167
sleep 0,051293 0,000032
sleepiness 2,525729 0,000529
sleepy 0,713350 0,000149
sleeve 0,579818 0,000243
slick 2,813411 0,000589
slide 0,713350 0,000597
slim 1,139434 0,000239
sling 1,309333 0,000274
slink 1,386294 0,000580
slip 0,150823 0,000126
slipper 0,916291 0,000192
slobber 2,813411 0,000589
slogan 3,218876 0,000674
slop 1,966113 0,000412
slope 0,527633 0,000110
sloppy 2,813411 0,000589
slouch 1,660731 0,000348
slough 1,469676 0,000308
slow 0,139262 0,000029
sluice 2,302585 0,000482
sluicing 3,506558 0,000734
slump 3,506558 0,000734
slung 1,386294 0,000290
slush 2,407946 0,000504
sly 0,713350 0,000149
smack 1,171183 0,000245
smart 0,597837 0,000250
smarty 3,506558 0,000734
smash 1,021651 0,000642
smell 0,261365 0,000164
smile 0,150823 0,000095
smoke 0,186330 0,000117
smoky 1,514128 0,000317
smooth 0,235722 0,000148
smoothness 1,897120 0,000397
smothery 3,506558 0,000734
smouch 3,912023 0,000819
smuggle 2,040221 0,000427
snack 2,659260 0,000557
snag 2,995732 0,001254
snake 0,891598 0,000373
snakes 1,347074 0,000282
snap 0,733969 0,000307
snarl 1,078810 0,000226
snatch 0,462035 0,000387
sneak 1,237874 0,000777
sneaky 3,912023 0,000819
snore 1,272966 0,000799
snow 0,478036 0,000100
snuff 1,171183 0,000245
snuffbox 2,659260 0,000557
snug 1,139434 0,000239
snuggle 2,813411 0,000589
soak 1,171183 0,000245
soap 1,272966 0,000266
sob 0,562119 0,000118
sober 0,562119 0,000235
sociable 1,272966 0,000266
sock 1,469676 0,000308
sockdolager 3,912023 0,000819
soft 0,210721 0,000088
soften 0,494296 0,000207
softy 3,218876 0,000674
soiled 1,609438 0,000337
solder 2,302585 0,000482
soldier 0,415515 0,000174
sole 0,301105 0,000063
solemn 0,301105 0,000063
solid 0,274437 0,000057
soliloquy 2,659260 0,000557
solitary 0,462035 0,000097
solomon 1,203973 0,000252
solution 0,755023 0,000158
son 0,083382 0,000035
song 0,261365 0,000055
sophia 2,407946 0,000504
sore 0,527633 0,000221
sorrow 0,248461 0,000052
sorrowful 1,021651 0,000214
sort 0,072571 0,000046
sorter 2,659260 0,000557
sot 2,120264 0,000444
soul 0,083382 0,000035
sound 0,010050 0,000006
sounding 2,207275 0,000462
soup 1,078810 0,000226
sour 0,891598 0,000373
south 0,235722 0,000049
southern 0,579818 0,000121
southwestern 2,813411 0,000589
sow 0,579818 0,000121
sp 3,912023 0,000819
spade 1,139434 0,000239
spaniards 1,514128 0,000317
spanish 0,733969 0,000154
spare 0,116534 0,000024
spark 0,544727 0,000228
sparkling 0,776529 0,000163
speak 0,030459 0,000019
speaking 0,072571 0,000015
spec 2,813411 0,000589
special 0,083382 0,000017
specially 0,820981 0,000172
specimen 0,579818 0,000121
speck 0,916291 0,000192
speckled 1,560648 0,000327
spectacle 0,544727 0,000114
spectacles 0,843970 0,000177
speculate 1,514128 0,000317
speculation 0,755023 0,000158
speech 0,139262 0,000058
speed 0,274437 0,000057
spell 0,653926 0,000274
spelling 1,171183 0,000245
spend 0,051293 0,000032
spider 1,139434 0,000477
spidery 3,506558 0,000734
spile 2,995732 0,000627
spill 0,843970 0,000177
spin 0,510826 0,000321
spirit 0,051293 0,000021
spirited 0,713350 0,000149
spiritual 0,653926 0,000137
spite 0,139262 0,000029
spitting 1,609438 0,000337
splendid 0,400478 0,000168
splinter 1,469676 0,000308
split 0,798508 0,000167
splitting 1,514128 0,000317
spoil 0,274437 0,000057
spoke 2,040221 0,000427
sponge 1,171183 0,000245
spool 2,525729 0,000529
spoon 1,021651 0,000428
spoonful 1,832581 0,000384
sport 0,446287 0,000093
spot 0,150823 0,000063
spotted 0,994252 0,000208
sprawl 1,139434 0,000239
spread 0,051293 0,000021
spring 0,051293 0,000032
sprinkle 0,776529 0,000163
spry 3,506558 0,000734
spunk 2,995732 0,000627
spute 3,912023 0,000819
spy 0,579818 0,000243
spyglass 2,995732 0,000627
spying 1,714798 0,000359
square 0,223144 0,000047
squared 2,040221 0,000427
squat 0,941609 0,000197
squeak 1,714798 0,000359
squeal 1,832581 0,000384
squeeze 0,798508 0,000334
squirm 2,302585 0,000964
squirrel 1,771957 0,000371
squirt 2,813411 0,001178
stack 1,272966 0,000533
stage 0,186330 0,000078
stagger 0,527633 0,000331
staid 1,237874 0,000259
stair 0,415515 0,000087
stalk 0,755023 0,000158
stan 3,506558 0,000734
stanchion 2,995732 0,000627
stand -0,009950 -0,000008
standstill 1,714798 0,000359
staple 2,040221 0,000427
staples 2,525729 0,000529
star 0,261365 0,000055
starchy 3,506558 0,000734
stare 0,328504 0,000069
start -0,009950 -0,000008
starter 2,995732 0,000627
startlish 3,912023 0,000819
starve 0,562119 0,000118
statement 0,186330 0,000039
stateroom 2,995732 0,001254
stave 1,427116 0,000299
stay 0,061875 0,000052
stead 1,139434 0,000239
steady 0,301105 0,000063
steal 0,105361 0,000066
stealer 2,995732 0,000627
stealthy 1,469676 0,000615
steam 0,579818 0,000121
steamboat 1,832581 0,000767
steep 0,527633 0,000110
steering 1,386294 0,000290
step 0,030459 0,000026
stephen 1,966113 0,000412
stern 0,478036 0,000100
stick 0,174353 0,000109
sticks 0,733969 0,000154
stiff 0,430783 0,000090
stile 1,832581 0,000384
stillness 0,891598 0,000187
stilt 2,659260 0,000557
sting 0,616186 0,000129
stir 0,210721 0,000132
stirring 0,494296 0,000103
stirrup 1,832581 0,000384
stock 0,235722 0,000049
stocking 0,843970 0,000177
stomach 0,616186 0,000129
stomp 3,506558 0,001468
stool 0,653926 0,000137
stoop 0,400478 0,000252
stopper 2,407946 0,000504
store 0,061875 0,000026
storm 0,274437 0,000172
stormy 0,755023 0,000158
story 0,030459 0,000006
stout 0,527633 0,000110
stove 1,108663 0,000232
stovepipe 3,506558 0,000734
stow 1,309333 0,000274
straggler 1,714798 0,000359
straight 0,105361 0,000022
straighten 0,967584 0,000203
strain 0,248461 0,000052
strange 0,061875 0,000013
stranger 0,139262 0,000029
strangers 0,356675 0,000075
strap 1,203973 0,000252
straw 0,342490 0,000072
strawberry 1,897120 0,000397
stray 0,562119 0,000118
streak 0,820981 0,000516
stream 0,139262 0,000029
street 0,116534 0,000049
strength 0,030459 0,000006
stretch 0,116534 0,000073
stretcher 2,407946 0,000504
strike 0,020203 0,000013
striking 0,274437 0,000057
string 0,371064 0,000233
strip 0,385662 0,000081
stripe 1,171183 0,000245
striped 1,560648 0,000327
stroke 0,301105 0,000063
strong 0,020203 0,000008
struggle 0,127833 0,000027
study 0,094311 0,000059
stuff 0,223144 0,000093
stump 0,994252 0,000208
stumped 2,995732 0,000627
stunned 1,078810 0,000226
stupid 0,478036 0,000200
stupidness 3,912023 0,000819
style 0,261365 0,000055
subject 0,061875 0,000013
sublime 0,994252 0,000208
submit 0,430783 0,000090
subscription 1,560648 0,000327
succeed 0,105361 0,000044
suck 0,597837 0,000375
sudden 0,072571 0,000015
sue 1,386294 0,000290
suffer 0,061875 0,000013
suffering 0,210721 0,000044
sugar 0,776529 0,000163
suit 0,198451 0,000083
suitable 0,462035 0,000097
suited 0,597837 0,000125
sultry 1,897120 0,000397
summer 0,186330 0,000039
sun 0,072571 0,000030
sunday 0,494296 0,000103
sundays 1,309333 0,000274
sundown 1,897120 0,000397
sunflower 2,525729 0,000529
sunset 0,798508 0,000167
sunshine 0,616186 0,000129
sunshiny 2,813411 0,000589
superintend 1,347074 0,000564
superintendent 1,609438 0,000337
superstition 0,798508 0,000167
supper 0,446287 0,000093
support 0,094311 0,000020
supporter 1,609438 0,000337
suppose 0,020203 0,000004
surge 1,078810 0,000226
surprise 0,150823 0,000032
surprised 0,210721 0,000044
surprising 0,544727 0,000114
susan 2,302585 0,000482
suspicion 0,210721 0,000132
suspicious 0,579818 0,000121
swab 2,995732 0,000627
swallow 0,261365 0,000109
swamp 0,287682 0,000060
swap 3,506558 0,002202
swarm 0,634878 0,000266
swashing 3,506558 0,000734
swear 0,261365 0,000109
swearing 0,994252 0,000208
sweat 0,562119 0,000235
sweaty 2,995732 0,000627
sweep 0,274437 0,000115
sweet 0,139262 0,000058
sweeten 1,771957 0,000371
swell 0,186330 0,000117
swift 0,385662 0,000081
swig 3,218876 0,000674
swim 0,478036 0,000300
swindle 1,714798 0,000359
swing 0,430783 0,000090
swinging 0,798508 0,000167
swish 1,771957 0,000371
sword 0,430783 0,000180
sympathize 1,309333 0,000274
sympathy 0,314711 0,000066
symptom 0,693147 0,000145
table 0,083382 0,000017
tackle 1,139434 0,000477
tag 2,120264 0,000888
tail 0,356675 0,000224
takin 2,407946 0,000504
tale 0,248461 0,000104
talent 0,385662 0,000081
talk 0,061875 0,000039
talking 0,150823 0,000032
talky 3,506558 0,000734
tall 0,198451 0,000125
tallow 1,514128 0,000317
tame 0,820981 0,000172
tan 1,272966 0,000533
tangle 1,386294 0,000290
tangled 1,108663 0,000232
tanner 2,302585 0,000482
tanyard 3,912023 0,000819
tape 1,660731 0,000348
taper 1,386294 0,000290
tar 1,469676 0,000615
tartar 1,660731 0,000348
taste 0,105361 0,000022
tat 2,302585 0,000482
tattoo 2,120264 0,000888
tavern 1,021651 0,000214
tea 0,579818 0,000121
teach 0,083382 0,000017
teacher 0,415515 0,000087
team 1,049822 0,000440
tear 0,030459 0,000032
tearful 1,514128 0,000317
tedious 0,755023 0,000158
tellin 2,659260 0,000557
telling 1,560648 0,000327
temperance 1,560648 0,000327
tend 0,430783 0,000180
tent 0,713350 0,000149
term 0,061875 0,000026
terrible 0,186330 0,000039
territory 1,203973 0,000252
testament 1,049822 0,000220
thankful 0,843970 0,000177
thar 2,995732 0,000627
thatcher 3,506558 0,000734
theater 2,207275 0,000462
theatre 0,820981 0,000344
thee 0,597837 0,000125
theory 0,400478 0,000084
thicken 1,237874 0,000518
thicket 0,967584 0,000203
thief 0,462035 0,000097
thieve 2,040221 0,000427
thigh 1,078810 0,000226
thimble 1,966113 0,000412
thinking 0,274437 0,000057
thirsty 0,820981 0,000172
thirteen 0,579818 0,000121
thomas 0,891598 0,000187
thompson 2,659260 0,000557
thoo 3,912023 0,000819
thrash 1,237874 0,000777
thread 0,342490 0,000143
threaten 0,186330 0,000039
thrilling 1,139434 0,000239
throat 0,223144 0,000047
throw 0,010050 0,000004
thump 1,203973 0,000504
thunder 0,430783 0,000090
thundering 1,237874 0,000259
thy 0,634878 0,000133
tick 1,171183 0,000245
ticket 1,021651 0,000214
tickle 1,171183 0,000245
tie 0,105361 0,000066
tige 3,912023 0,000819
tight 0,494296 0,000207
tilt 1,309333 0,000548
tim 2,407946 0,000504
timber 0,798508 0,000167
timbered 2,525729 0,000529
time -0,009950 -0,000006
timid 0,544727 0,000114
tin 0,755023 0,000158
tiptoe 0,941609 0,000788
tiptop 3,506558 0,000734
tire 0,941609 0,000197
tired 0,198451 0,000042
tiresome 1,078810 0,000226
tiresomeness 3,912023 0,000819
tit 1,897120 0,000397
title 0,116534 0,000049
toad 1,514128 0,000317
tobacco 0,713350 0,000149
tod 2,659260 0,000557
toe 0,616186 0,000387
tog 2,659260 0,000557
tole 3,506558 0,000734
tolerable 0,994252 0,000208
tom 1,049822 0,000220
tomb 0,755023 0,000158
tombstone 1,832581 0,000384
tommy 2,813411 0,000589
tomorrow 0,755023 0,000158
ton 1,021651 0,000214
toned 1,771957 0,000371
tong 1,347074 0,000282
tongue 0,139262 0,000029
tonight 1,272966 0,000266
tool 0,478036 0,000100
tooth 0,186330 0,000078
toothpick 2,120264 0,000444
torch 0,713350 0,000149
torchlight 2,659260 0,000557
toss 0,494296 0,000103
tossing 0,916291 0,000192
tote 2,813411 0,001767
touch 0,010050 0,000008
tough 0,891598 0,000373
tow 1,560648 0,000653
tower 0,314711 0,000066
towing 2,207275 0,000462
town 0,094311 0,000039
track 0,415515 0,000174
tract 1,049822 0,000220
trade 0,287682 0,000120
trader 1,272966 0,000533
trading 1,237874 0,000259
tragedian 2,659260 0,000557
tragedians 2,813411 0,000589
tragedy 0,733969 0,000154
trail 0,653926 0,000137
train 0,162519 0,000034
tramp 0,891598 0,000560
trample 0,597837 0,000125
trance 1,469676 0,000308
trap 0,527633 0,000221
trash 2,120264 0,000444
travel 0,198451 0,000125
traveler 1,771957 0,000371
tread 0,328504 0,000138
treasure 0,261365 0,000055
treat 0,127833 0,000080
treatment 0,127833 0,000027
tree 0,061875 0,000026
treed 3,218876 0,000674
treetop 2,525729 0,000529
tremble 0,174353 0,000109
trembly 3,912023 0,000819
trial 0,261365 0,000055
tribe 0,693147 0,000145
tribute 1,021651 0,000428
trick 0,274437 0,000115
trifling 0,653926 0,000137
trim 1,203973 0,000252
trimmed 1,237874 0,000259
trip 0,510826 0,000214
triumphant 0,798508 0,000167
tromp 3,506558 0,000734
trot 0,867501 0,000363
trouble 0,010050 0,000008
troublesome 0,843970 0,000177
trough 1,272966 0,000266
trouser 2,040221 0,000427
truck 1,560648 0,000327
true 0,020203 0,000013
trunk 0,579818 0,000121
trust 0,061875 0,000039
trustworthy 1,514128 0,000317
trusty 1,514128 0,000317
truth 0,030459 0,000006
tub 1,203973 0,000252
tuck 1,049822 0,000440
tucker 2,302585 0,000482
tuesday 1,139434 0,000239
tug 0,916291 0,000575
tumble 0,494296 0,000414
tumbler 1,560648 0,000327
tune 0,616186 0,000129
tunnel 1,427116 0,000299
turkey 1,049822 0,000220
turner 1,966113 0,000412
turnip 2,120264 0,000888
turpentine 2,995732 0,000627
turtle 1,609438 0,000337
twain 1,660731 0,000348
twig 1,108663 0,000232
twinkling 1,021651 0,000214
twist 0,314711 0,000066
ud 2,207275 0,000462
ugly 0,385662 0,000081
umble 3,912023 0,000819
umbrella 1,203973 0,000252
unbar 2,207275 0,000462
unbolt 2,995732 0,000627
uncertain 0,301105 0,000063
uncle 0,544727 0,000228
uncock 3,506558 0,000734
uncomfortable 0,798508 0,000167
uncomfortableness 3,506558 0,000734
uncommon 0,798508 0,000167
underclothes 2,659260 0,000557
undershirt 3,912023 0,000819
underside 2,659260 0,000557
understand 0,020203 0,000008
undertake 0,385662 0,000081
undertaker 1,832581 0,000384
undigestible 3,912023 0,000819
undiscovered 1,714798 0,000359
undisposed 3,912023 0,000819
uneasier 3,912023 0,000819
uneasy 0,544727 0,000114
unexpected 0,430783 0,000090
unfavorable 1,966113 0,000412
unfriendliness 3,912023 0,000819
unfurl 2,659260 0,000557
ungrateful 0,798508 0,000167
ungratefulness 3,912023 0,000819
unhitch 2,813411 0,001178
unity 1,049822 0,000220
unknown 0,105361 0,000022
unload 2,040221 0,000427
unlock 0,755023 0,000316
unnatural 0,713350 0,000149
unpleasant 0,562119 0,000118
unregular 3,912023 0,000819
unscrew 1,966113 0,000412
unselfish 1,609438 0,000337
unstopped 3,506558 0,000734
untie 1,309333 0,000548
unum 2,813411 0,000589
upper 0,314711 0,000066
uppish 3,912023 0,000819
upstairs 0,891598 0,000187
uptown 3,218876 0,000674
usual 0,139262 0,000029
vale 1,347074 0,000282
valid 1,966113 0,000412
valley 0,544727 0,000114
valuable 0,342490 0,000072
variety 0,150823 0,000032
varmint 3,218876 0,000674
vault 0,798508 0,000167
veil 0,510826 0,000107
venture 0,223144 0,000047
verse 0,478036 0,000200
vert 2,813411 0,000589
vial 2,120264 0,000444
victuals 2,120264 0,000444
vigilance 1,309333 0,000274
vii 0,430783 0,000090
viii 0,446287 0,000093
village 0,356675 0,000075
villages 0,820981 0,000172
vine 0,867501 0,000182
visit 0,030459 0,000006
vittle 3,218876 0,000674
voice 0,020203 0,000008
volume 0,356675 0,000075
vote 0,843970 0,000177
voyage 0,616186 0,000129
wad 2,207275 0,000462
wade 1,139434 0,000477
wag 1,108663 0,000464
wages 0,916291 0,000192
wagon 1,078810 0,000452
wail 0,798508 0,000334
waistcoat 0,941609 0,000197
wait 0,061875 0,000039
waiting 0,083382 0,000017
wake 0,223144 0,000187
walk 0,000000 0,000000
wall 0,094311 0,000039
walled 1,347074 0,000282
wallow 1,309333 0,000274
walter 1,966113 0,000412
waltz 1,897120 0,000794
war 0,139262 0,000058
warble 1,771957 0,000371
wardrobe 1,078810 0,000226
ware 1,660731 0,000348
warm 0,116534 0,000073
warn 0,287682 0,000060
warning 0,235722 0,000099
warrant 0,562119 0,000118
wash 0,210721 0,000132
washington 1,609438 0,000337
waste 0,127833 0,000080
watch 0,020203 0,000017
watcher 1,560648 0,000327
watchman 1,427116 0,000299
water 0,040822 0,000017
watermelon 3,218876 0,001348
watson 2,407946 0,000504
wave 0,210721 0,000088
wavy 2,120264 0,000444
waw 3,912023 0,000819
wax 0,446287 0,000093
waylay 2,302585 0,000482
weak 0,105361 0,000022
weaken 0,562119 0,000235
wealthy 0,579818 0,000121
weapon 0,400478 0,000084
wear 0,083382 0,000052
weary 0,186330 0,000039
weather 0,248461 0,000052
weave 0,693147 0,000290
webby 3,912023 0,000819
wednesday 1,139434 0,000239
wee 2,040221 0,000427
weed 0,755023 0,000158
week 0,127833 0,000054
weep 0,356675 0,000075
weigh 0,162519 0,000068
weight 0,116534 0,000024
wellington 2,120264 0,000444
welt 2,659260 0,000557
wench 1,714798 0,000718
west 0,083382 0,000017
wet 0,261365 0,000055
wh 2,813411 0,000589
whack 2,525729 0,001057
whale 1,469676 0,000308
whar 3,218876 0,000674
wharf 1,427116 0,000299
wheel 0,274437 0,000057
whelp 1,897120 0,000397
whereabouts 1,714798 0,000359
whetstone 3,218876 0,000674
whimper 1,386294 0,000290
whip 0,400478 0,000168
whippowill 3,912023 0,000819
whirl 0,527633 0,000331
whisker 1,171183 0,000245
whisky 2,302585 0,000482
whisper 0,248461 0,000156
whispering 0,798508 0,000167
whistle 0,462035 0,000097
whistler 2,813411 0,000589
white 0,051293 0,000021
whitechapel 2,995732 0,000627
whitened 1,771957 0,000371
whitewashed 1,660731 0,000348
whittle 2,813411 0,000589
whiz 1,966113 0,000412
whoop 1,771957 0,001113
whooping 2,407946 0,000504
wicked 0,328504 0,000069
wickedness 0,916291 0,000192
wid 2,659260 0,000557
widder 3,218876 0,000674
wide 0,030459 0,000006
widow 0,510826 0,000214
wife 0,083382 0,000035
wig 1,272966 0,000266
wigwam 2,525729 0,001057
wild 0,051293 0,000011
wildcat 3,506558 0,000734
wilderness 0,673345 0,000141
william 0,798508 0,000167
williams 1,966113 0,000412
willow 1,171183 0,000490
wilt 2,040221 0,000427
wilted 3,218876 0,000674
win 0,356675 0,000075
wince 1,469676 0,000308
wind 0,094311 0,000059
winded 1,832581 0,000384
window 0,162519 0,000068
wing 0,314711 0,000066
wink 0,597837 0,000250
winner 1,771957 0,000371
winter 0,198451 0,000042
wipe 0,415515 0,000174
wire 0,867501 0,000182
wise 0,094311 0,000059
wisht 2,659260 0,000557
wit 0,198451 0,000083
witch 1,203973 0,000756
witchcraft 1,714798 0,000359
witness 0,116534 0,000024
woe 0,673345 0,000141
wolf 0,597837 0,000125
woman 0,030459 0,000013
wonderful 0,162519 0,000034
wood 0,083382 0,000035
wooden 0,415515 0,000087
woodpile 3,912023 0,000819
woody 1,832581 0,000384
woodyard 3,912023 0,000819
wool 1,049822 0,000220
woollen 1,660731 0,000348
woolsey 3,912023 0,000819
word 0,020203 0,000004
worm 0,733969 0,000154
worms 1,078810 0,000226
worry 0,544727 0,000228
worsen 3,506558 0,000734
worth 0,061875 0,000013
wounded 0,274437 0,000057
wrack 2,407946 0,000504
wrap 0,400478 0,000168
wrapt 1,714798 0,000359
wreck 0,693147 0,000145
wrench 0,967584 0,000405
wrinkle 0,755023 0,000158
wrist 0,776529 0,000163
write 0,020203 0,000013
writing 0,061875 0,000013
wrong 0,072571 0,000015
wrongfully 2,407946 0,000504
wust 3,506558 0,000734
xi 0,597837 0,000125
xii 0,579818 0,000121
xiii 0,673345 0,000141
xiv 0,693147 0,000145
xix 0,867501 0,000182
xvi 0,776529 0,000163
xvii 0,843970 0,000177
xviii 0,891598 0,000187
xx 0,916291 0,000192
xxi 0,867501 0,000182
xxii 0,967584 0,000203
xxiii 0,967584 0,000203
xxiv 0,994252 0,000208
xxv 1,108663 0,000232
xxx 1,272966 0,000266
yard 0,223144 0,000093
yarn 1,609438 0,000337
yawl 2,995732 0,001254
yawn 0,820981 0,000172
yawning 1,237874 0,000259
yearly 1,203973 0,000252
yell 0,798508 0,000669
yellow 0,314711 0,000132
yer 2,040221 0,000427
yesterday 0,301105 0,000063
yield 0,174353 0,000036
yo 2,407946 0,000504
yonder 0,843970 0,000177
yourn 2,813411 0,000589
yow 3,912023 0,000819
