abandon 0,223144 0,000057
abide 0,248461 0,000064
abjured 2,995732 0,000771
absence 0,274437 0,000071
absorb 0,446287 0,000115
abstraction 1,427116 0,000367
abstruse 1,897120 0,000488
absurd 0,430783 0,000111
absurdity 1,049822 0,000270
accept 0,061875 0,000048
acceptable 0,967584 0,000249
access 0,314711 0,000162
accessible 0,446287 0,000115
acclamation 1,832581 0,000472
accommodate 0,916291 0,000236
accommodation 1,203973 0,000310
accompany 0,094311 0,000073
account 0,010050 0,000003
accusatory 3,218876 0,000828
accuse 0,385662 0,000099
ace 2,040221 0,000525
achieve 0,597837 0,000154
acknowledge 0,274437 0,000141
acquaintance 0,248461 0,000064
acre 0,776529 0,000200
action 0,094311 0,000024
active 0,127833 0,000033
activity 0,415515 0,000107
actual 0,174353 0,000045
adapt 0,653926 0,000337
add 0,094311 0,000073
addition 0,116534 0,000060
additional 0,198451 0,000051
address 0,072571 0,000075
adjust 0,891598 0,000688
adjustment 2,207275 0,000568
administer 0,867501 0,000223
admiration 0,342490 0,000088
admired 0,579818 0,000149
admirer 0,916291 0,000236
admiringly 2,407946 0,000620
admission 0,693147 0,000178
admit 0,116534 0,000030
adorn 0,634878 0,000163
advance 0,061875 0,000048
advantage 0,127833 0,000033
advantageous 1,237874 0,000319
adversary 0,867501 0,000223
advertise 1,108663 0,000285
advise 0,301105 0,000155
affect 0,478036 0,000123
affectation 1,078810 0,000278
affection 0,235722 0,000061
affectionate 0,616186 0,000159
affirmative 1,203973 0,000310
afflict 0,597837 0,000154
affliction 0,798508 0,000205
afford 0,186330 0,000096
aforesaid 1,469676 0,000378
afraid 0,105361 0,000027
afternoon 0,274437 0,000071
age 0,040822 0,000021
aged 0,198451 0,000051
agent 0,223144 0,000057
aggravating 2,120264 0,000546
agitated 0,693147 0,000178
agitation 0,673345 0,000173
agony 0,462035 0,000119
agree 0,051293 0,000026
agreeable 0,462035 0,000119
agreeably 1,171183 0,000301
agreement 0,210721 0,000054
aid 0,210721 0,000054
air 0,061875 0,000016
ak 1,347074 0,000347
alacrity 1,108663 0,000285
alarm 0,314711 0,000081
alarmed 0,478036 0,000123
alchemist 2,995732 0,000771
alight 0,755023 0,000194
alike 0,287682 0,000074
alive 0,051293 0,000013
allowance 0,713350 0,000184
allude 0,891598 0,000229
aloud 0,301105 0,000077
altar 0,755023 0,000194
alter 0,235722 0,000061
alteration 0,261365 0,000067
alternate 0,261365 0,000067
altogether 0,198451 0,000051
amalgamation 2,659260 0,000684
amazement 0,446287 0,000115
americas 3,218876 0,000828
amiable 0,755023 0,000194
ample 0,527633 0,000136
amply 0,967584 0,000249
amuse 0,371064 0,000095
ancient 0,198451 0,000051
angel 0,579818 0,000149
angry 0,174353 0,000045
anguish 0,579818 0,000149
animal 0,223144 0,000057
animation 1,171183 0,000301
ankle 0,916291 0,000236
annihilation 1,514128 0,000390
announcement 1,078810 0,000278
answer 0,020203 0,000010
anticipate 0,616186 0,000159
antiquity 0,941609 0,000242
anxious 0,261365 0,000067
apartment 0,597837 0,000154
apologise 1,714798 0,000441
appalling 1,237874 0,000319
appeal 0,261365 0,000067
appealingly 2,525729 0,000650
appearance 0,072571 0,000019
appendage 2,040221 0,000525
appetite 0,314711 0,000081
applause 0,916291 0,000236
apple 0,494296 0,000127
applicable 0,400478 0,000103
application 0,653926 0,000168
apply 0,116534 0,000030
appoint 0,328504 0,000085
appointment 0,579818 0,000149
apprise 1,897120 0,000488
approach 0,040822 0,000032
approve 0,342490 0,000088
apron 1,203973 0,000310
arbitrary 1,309333 0,000337
archive 0,544727 0,000140
ardour 1,237874 0,000319
ark 1,560648 0,000402
arks 3,912023 0,001007
arm 0,030459 0,000016
armed 0,385662 0,000099
arrange 0,198451 0,000051
arrangement 0,274437 0,000071
array 0,248461 0,000064
arrive 0,083382 0,000064
art 0,127833 0,000066
artful 1,171183 0,000301
artfully 1,832581 0,000472
article 0,400478 0,000206
articulate 1,237874 0,000319
artifice 1,427116 0,000367
artist 0,562119 0,000145
artless 1,897120 0,000488
ascend 0,430783 0,000111
ascent 0,994252 0,000256
ascii 0,562119 0,000145
ashamed 0,248461 0,000064
asleep 0,162519 0,000042
aspect 0,446287 0,000115
assemble 0,462035 0,000119
assent 0,579818 0,000149
assert 0,462035 0,000119
assertion 0,891598 0,000229
assist 0,328504 0,000085
assistance 0,105361 0,000027
assistant 0,755023 0,000194
association 0,713350 0,000184
assorted 2,207275 0,000568
assume 0,162519 0,000042
assumption 1,309333 0,000337
assurance 0,430783 0,000111
assure 0,127833 0,000033
astonish 0,261365 0,000067
astonishing 0,653926 0,000168
astonishment 0,301105 0,000077
astounded 1,427116 0,000367
astoundingly 3,218876 0,000828
asunder 1,108663 0,000285
attach 0,116534 0,000030
attachment 0,916291 0,000236
attain 0,328504 0,000085
attempt 0,051293 0,000026
attend 0,127833 0,000033
attendant 0,616186 0,000159
attention 0,083382 0,000043
attentively 0,755023 0,000194
attitude 0,446287 0,000115
attorney 1,560648 0,000402
attract 0,261365 0,000135
attraction 0,653926 0,000168
audible 0,916291 0,000236
augment 1,139434 0,000293
author 0,116534 0,000030
autograph 2,659260 0,000684
avenge 0,891598 0,000229
average 0,733969 0,000189
avocation 1,897120 0,000488
awake 0,150823 0,000078
awaken 0,430783 0,000111
aware 0,223144 0,000057
awe 0,597837 0,000154
awkward 0,544727 0,000140
awkwardness 1,386294 0,000357
ays 3,912023 0,001007
babby 3,218876 0,000828
baby 0,653926 0,000337
bacchanalian 2,995732 0,000771
bachelor 0,967584 0,000249
background 0,867501 0,000223
bad 0,020203 0,000016
bah 1,514128 0,000390
bait 0,994252 0,000256
bald 0,967584 0,000249
ball 0,287682 0,000074
bar 0,235722 0,000121
bare 0,150823 0,000039
bareheaded 1,966113 0,000506
barges 2,302585 0,000593
bark 0,478036 0,000369
barnacle 2,995732 0,000771
barrel 0,673345 0,000173
base 0,094311 0,000024
basket 0,579818 0,000298
beadle 2,407946 0,000620
beam 0,430783 0,000222
bear 0,000000 0,000000
beast 0,235722 0,000121
beat 0,083382 0,000086
beautiful 0,083382 0,000021
beauty 0,162519 0,000042
bed 0,051293 0,000026
bedclothes 1,966113 0,000506
bedlam 2,525729 0,000650
bedpost 2,525729 0,000650
bedstead 1,237874 0,000637
bee 0,673345 0,000347
beer 0,941609 0,000242
beg 0,116534 0,000060
beggar 0,597837 0,000154
behold 0,235722 0,000121
belief 0,198451 0,000051
bell 0,301105 0,000077
bellman 3,912023 0,001007
belong 0,072571 0,000037
beloved 0,415515 0,000107
bend 0,314711 0,000081
beneath 0,198451 0,000051
benefactor 0,967584 0,000249
benevolent 1,021651 0,000263
benison 3,506558 0,000902
bent 0,174353 0,000045
berry 1,347074 0,000347
bertha 3,506558 0,000902
beset 0,941609 0,000242
bestir 2,120264 0,000546
bestow 0,430783 0,000111
betray 0,301105 0,000077
bewail 1,469676 0,000378
bewailment 3,912023 0,001007
bewilder 0,776529 0,000200
bewildering 1,714798 0,000441
bewilderment 1,660731 0,000427
binary 0,562119 0,000145
bind 0,030459 0,000008
bird 0,150823 0,000078
birthday 1,108663 0,000285
bit 0,139262 0,000072
bitterly 0,579818 0,000149
black 0,061875 0,000016
blame 0,162519 0,000084
blameless 1,469676 0,000378
blank 0,527633 0,000136
blanket 0,891598 0,000229
blaze 0,634878 0,000327
bless 0,415515 0,000107
blessed 0,356675 0,000092
blessing 0,415515 0,000107
blight 1,386294 0,000357
blind 0,174353 0,000045
blindness 0,994252 0,000256
bliss 0,891598 0,000229
blithe 2,407946 0,000620
blithely 2,813411 0,000724
blithest 2,995732 0,000771
block 0,494296 0,000127
blood 0,116534 0,000030
bloom 0,527633 0,000136
blotch 1,660731 0,000427
blotting 1,832581 0,000472
blow 0,061875 0,000032
blue 0,174353 0,000045
blush 0,562119 0,000289
board 0,261365 0,000067
boarding 1,272966 0,000328
boat 0,446287 0,000115
body 0,010050 0,000005
boil 0,385662 0,000198
bold 0,223144 0,000057
bolt 0,494296 0,000254
bond 0,478036 0,000123
bone 0,198451 0,000051
bony 1,469676 0,000378
book 0,040822 0,000021
boot 0,430783 0,000111
bottle 0,430783 0,000111
bottled 2,813411 0,000724
bounce 1,609438 0,000414
bound 0,301105 0,000077
bountiful 1,771957 0,000456
bow 0,127833 0,000066
bowl 0,616186 0,000159
box 0,248461 0,000064
boxer 2,407946 0,001239
boxes 0,798508 0,000205
boy 0,105361 0,000054
brain 0,314711 0,000081
brand 0,733969 0,000189
brave 0,342490 0,000088
breach 0,274437 0,000071
bread 0,248461 0,000064
break 0,010050 0,000010
breaker 1,347074 0,000347
breakfast 0,342490 0,000088
breast 0,198451 0,000051
breath 0,174353 0,000045
breathe 0,261365 0,000067
breathless 0,673345 0,000173
breeches 1,203973 0,000310
breed 0,342490 0,000176
brick 0,653926 0,000337
bride 0,798508 0,000411
bridegroom 1,203973 0,000620
bridge 0,430783 0,000111
bridle 0,916291 0,000236
bright 0,094311 0,000049
brighten 0,673345 0,000347
brightly 0,994252 0,000256
brilliant 0,430783 0,000111
bring 0,000000 0,000000
brisk 0,941609 0,000242
briskly 0,967584 0,000249
broad 0,127833 0,000033
broker 1,897120 0,000488
brood 0,597837 0,000154
brother 0,127833 0,000033
brothers 0,356675 0,000092
brow 0,446287 0,000115
brown 0,274437 0,000071
bud 0,867501 0,000446
building 0,210721 0,000054
bull 0,430783 0,000111
bumper 2,525729 0,000650
bunch 0,776529 0,000200
bungle 2,525729 0,000650
burden 0,198451 0,000051
burial 0,941609 0,000242
burly 1,609438 0,000414
burn 0,061875 0,000048
burst 0,248461 0,000064
bursting 0,713350 0,000184
bury 0,186330 0,000048
busily 1,021651 0,000263
business 0,040822 0,000011
bustle 0,693147 0,000178
busy 0,210721 0,000054
butt 1,078810 0,000278
butter 0,798508 0,000205
button 0,693147 0,000357
bye 0,776529 0,000200
cake 0,733969 0,000378
calculate 0,116534 0,000060
caleb 2,813411 0,000724
calendar 1,714798 0,000441
calf 0,798508 0,000205
caller 2,407946 0,000620
calling 0,733969 0,000189
callous 1,469676 0,000378
calm 0,274437 0,000071
calmness 1,203973 0,000310
canal 1,171183 0,000301
canary 1,514128 0,000390
candle 0,415515 0,000107
candy 1,714798 0,000441
cannon 0,916291 0,000236
cap 0,356675 0,000184
capacity 0,510826 0,000131
cape 0,916291 0,000236
capital 0,314711 0,000162
card 0,139262 0,000072
care 0,000000 0,000000
carefully 0,139262 0,000036
caress 0,776529 0,000200
carriage 0,356675 0,000092
carrier 1,347074 0,000693
carry 0,010050 0,000008
cart 0,597837 0,000308
carved 0,843970 0,000217
cash 0,967584 0,000249
cast 0,116534 0,000030
casting 0,544727 0,000140
cat 0,462035 0,000119
catch 0,072571 0,000019
caution 0,478036 0,000123
cease 0,061875 0,000016
ceiling 0,510826 0,000263
centre 0,385662 0,000099
ceremony 0,446287 0,000115
certainty 0,342490 0,000088
chafe 1,021651 0,000263
chain 0,174353 0,000045
chair 0,261365 0,000135
chaise 1,660731 0,000427
chalk 1,139434 0,000293
challenge 0,755023 0,000389
chamber 0,328504 0,000085
chamberlain 1,771957 0,000456
chance 0,061875 0,000016
change 0,010050 0,000008
chapter 0,328504 0,000085
character 0,061875 0,000032
characteristic 0,400478 0,000103
charge 0,040822 0,000021
charitable 0,287682 0,000074
charity 0,186330 0,000096
charles 0,597837 0,000154
charming 0,527633 0,000136
chat 0,867501 0,000223
cheap 0,579818 0,000149
check 0,072571 0,000056
cheek 0,261365 0,000067
cheer 0,356675 0,000184
cheerful 0,385662 0,000099
cheerfulness 0,867501 0,000223
cheery 1,514128 0,000390
cherish 0,653926 0,000337
chest 0,342490 0,000088
chi 2,995732 0,000771
chief 0,094311 0,000024
chiefly 0,527633 0,000136
child 0,040822 0,000021
chilly 1,237874 0,000319
chime 1,139434 0,000293
chimney 0,634878 0,000163
chin 0,478036 0,000123
chip 1,386294 0,000357
chirp 1,660731 0,001282
chirrup 2,207275 0,001136
choice 0,150823 0,000039
choke 0,446287 0,000115
choose 0,020203 0,000010
chorus 0,941609 0,000242
christen 1,347074 0,000347
christian 0,385662 0,000099
christmas 0,891598 0,000229
chubby 2,207275 0,000568
chuck 1,832581 0,000472
chuckle 0,941609 0,000242
church 0,261365 0,000067
churchyard 1,514128 0,000390
circle 0,150823 0,000039
circumstance 0,116534 0,000060
city 0,051293 0,000013
claim 0,083382 0,000021
clap 0,755023 0,000194
clapping 1,108663 0,000285
clasp 1,021651 0,000263
clasped 0,843970 0,000217
clasping 1,078810 0,000278
class 0,248461 0,000064
clatter 0,941609 0,000242
clay 0,494296 0,000127
clean 0,210721 0,000054
cleaver 3,218876 0,000828
clenched 1,049822 0,000270
clerk 0,562119 0,000145
clever 0,371064 0,000095
clinch 1,897120 0,000488
cling 0,415515 0,000107
cloak 0,527633 0,000136
clock 0,510826 0,000263
close 0,010050 0,000010
closely 0,223144 0,000057
clot 2,302585 0,000593
cloth 0,356675 0,000092
clothes 0,127833 0,000033
clothing 0,776529 0,000200
cloud 0,150823 0,000078
club 0,544727 0,000140
clumsy 0,994252 0,000256
cluster 0,693147 0,000178
clutch 0,713350 0,000184
coach 0,755023 0,000194
coal 0,527633 0,000136
coarse 0,478036 0,000123
coat 0,235722 0,000061
coax 1,203973 0,000310
cock 0,713350 0,000184
code 0,287682 0,000074
cognizance 2,207275 0,000568
cold 0,040822 0,000011
collar 0,634878 0,000163
collection 0,162519 0,000042
colour 0,510826 0,000263
coloured 0,693147 0,000178
combination 0,634878 0,000163
comely 1,171183 0,000301
comfort 0,105361 0,000054
comfortable 0,261365 0,000067
comfortably 0,693147 0,000178
comical 1,560648 0,000402
command 0,116534 0,000030
commend 0,798508 0,000411
commercial 0,274437 0,000071
commit 0,116534 0,000060
common 0,072571 0,000019
commotion 1,049822 0,000270
communication 0,510826 0,000131
compact 0,867501 0,000223
compactness 2,995732 0,000771
companion 0,150823 0,000078
company 0,020203 0,000005
compare 0,162519 0,000084
comparison 0,446287 0,000115
compass 0,579818 0,000149
compassionate 1,272966 0,000328
compassionately 2,407946 0,000620
compeer 2,407946 0,000620
compel 0,385662 0,000099
competition 1,560648 0,000402
compilation 0,478036 0,000123
complaint 0,478036 0,000123
complete 0,105361 0,000027
completely 0,274437 0,000071
compliance 0,342490 0,000088
compliment 0,462035 0,000119
comply 0,287682 0,000148
compose 0,287682 0,000074
composedly 2,040221 0,000525
comprehend 0,478036 0,000123
compressed 0,342490 0,000088
conceal 0,198451 0,000102
concentrated 0,867501 0,000223
concept 0,527633 0,000136
concern 0,342490 0,000088
concerned 0,287682 0,000074
conclude 0,235722 0,000061
conclusion 0,210721 0,000054
concussion 1,660731 0,000427
condition 0,051293 0,000026
condolence 2,040221 0,000525
conduct 0,094311 0,000024
confess 0,127833 0,000033
confession 0,579818 0,000149
confidence 0,139262 0,000036
confident 0,510826 0,000131
confine 0,223144 0,000057
confirm 0,139262 0,000036
confirmation 0,356675 0,000092
confound 0,430783 0,000111
confused 0,248461 0,000064
confusion 0,287682 0,000074
congratulation 1,386294 0,000357
connect 0,891598 0,000229
connection 0,446287 0,000115
connive 2,302585 0,000593
conscience 0,301105 0,000077
conscious 0,314711 0,000081
consciously 1,469676 0,000378
consciousness 0,371064 0,000095
consent 0,223144 0,000057
consequence 0,186330 0,000096
consequential 0,478036 0,000123
considerable 0,105361 0,000027
considerate 1,469676 0,000378
consideration 0,223144 0,000057
console 0,673345 0,000173
constancy 1,347074 0,000347
constant 0,051293 0,000013
consternation 1,021651 0,000263
contact 0,210721 0,000054
contemplate 0,544727 0,000140
contemplation 0,527633 0,000136
contempt 0,446287 0,000115
content 0,174353 0,000045
contented 0,400478 0,000103
contents 0,094311 0,000024
continued 0,072571 0,000019
contract 0,139262 0,000036
contradict 0,798508 0,000411
contrast 0,385662 0,000099
contribution 0,371064 0,000191
contrived 0,713350 0,000184
control 0,223144 0,000057
contumely 2,659260 0,000684
convenience 0,673345 0,000173
convenient 0,462035 0,000119
conversation 0,186330 0,000048
converse 0,494296 0,000127
convert 0,186330 0,000048
convey 0,287682 0,000074
conviction 0,430783 0,000111
convivial 2,659260 0,000684
convulsion 0,967584 0,000498
convulsive 1,272966 0,000328
cook 0,223144 0,000115
cookery 1,660731 0,000427
copiously 2,525729 0,000650
copying 0,494296 0,000127
copyright 0,415515 0,000107
coquettish 2,302585 0,000593
cordiality 1,771957 0,000456
core 1,347074 0,000347
corner 0,072571 0,000037
corporation 0,400478 0,000103
correct 0,235722 0,000121
corroborate 1,514128 0,000390
corrupt 0,235722 0,000061
corset 2,525729 0,000650
cosiness 3,506558 0,000902
cost 0,105361 0,000054
costume 1,021651 0,000263
cosy 2,302585 0,000593
cot 1,771957 0,000456
cottage 0,653926 0,000168
cotton 0,891598 0,000229
cough 0,733969 0,000189
council 0,653926 0,000168
counsel 0,462035 0,000119
count 0,116534 0,000060
countenance 0,371064 0,000191
counterfeit 1,203973 0,000310
counterpart 1,560648 0,000402
country 0,010050 0,000005
couple 0,248461 0,000128
courage 0,150823 0,000039
courageous 1,171183 0,000301
court 0,094311 0,000024
covered 0,139262 0,000036
covering 0,415515 0,000107
cow 0,653926 0,000168
coy 2,995732 0,000771
crack 0,478036 0,000246
cracker 2,120264 0,001091
cradle 1,049822 0,000540
cram 1,309333 0,000337
cramped 1,427116 0,000367
crazy 0,916291 0,000236
cream 1,171183 0,000301
create 0,094311 0,000049
creation 0,198451 0,000051
creature 0,116534 0,000060
credit 0,094311 0,000024
creep 0,198451 0,000051
crevice 1,560648 0,000402
cribbage 3,506558 0,000902
cricket 1,469676 0,000756
crimson 0,891598 0,000459
crisis 0,820981 0,000211
crisp 1,237874 0,000319
critical 0,235722 0,000061
crook 1,714798 0,000441
crop 0,653926 0,000168
cross 0,083382 0,000021
crouching 1,049822 0,000270
crowd 0,174353 0,000045
crown 0,210721 0,000054
crowning 1,272966 0,000328
cruel 0,261365 0,000067
crusty 2,302585 0,000593
cuckoo 2,207275 0,000568
cup 0,342490 0,000176
cupboard 1,078810 0,000278
curious 0,261365 0,000067
curly 1,171183 0,000301
current 0,116534 0,000030
curtain 0,328504 0,000085
customary 0,653926 0,000168
customer 1,139434 0,000293
cut 0,030459 0,000016
cymbal 2,040221 0,000525
da 1,469676 0,000378
daily 0,248461 0,000064
dainty 0,634878 0,000327
daisy 1,832581 0,000472
damage 0,223144 0,000115
damages 0,400478 0,000103
dame 1,021651 0,000263
dance 0,235722 0,000121
dancing 0,371064 0,000095
danger 0,105361 0,000027
dangerous 0,150823 0,000039
dark 0,051293 0,000026
darken 0,634878 0,000163
darkly 1,237874 0,000319
darkness 0,186330 0,000048
darling 0,916291 0,000236
darn 1,771957 0,000456
dash 0,400478 0,000412
datum 0,494296 0,000127
daughter 0,174353 0,000090
david 0,597837 0,000154
day 0,000000 0,000000
daytime 1,560648 0,000402
dead 0,072571 0,000019
deaf 0,634878 0,000163
deal 0,061875 0,000032
dearest 1,560648 0,000402
dearly 0,776529 0,000200
death 0,020203 0,000005
deathless 2,407946 0,000620
deceit 0,967584 0,000249
deceive 0,261365 0,000135
december 0,562119 0,000145
deception 0,916291 0,000472
decide 0,040822 0,000011
decidedly 0,867501 0,000223
declare 0,139262 0,000072
decline 0,356675 0,000092
decorate 0,891598 0,000229
deductible 0,562119 0,000145
deed 0,287682 0,000074
deem 0,562119 0,000145
deep 0,020203 0,000005
deer 0,867501 0,000223
defect 0,261365 0,000135
defective 0,356675 0,000092
defer 0,941609 0,000242
deference 0,967584 0,000249
defiance 0,713350 0,000184
define 0,673345 0,000173
degree 0,150823 0,000078
dejected 1,021651 0,000263
delectation 2,995732 0,000771
deletion 0,562119 0,000145
delf 2,995732 0,000771
delicacy 0,597837 0,000154
delicate 0,301105 0,000077
delicious 0,713350 0,000184
delight 0,150823 0,000039
delighted 0,287682 0,000074
deliver 0,223144 0,000172
delivery 0,994252 0,000256
delude 1,347074 0,000347
delusion 0,916291 0,000236
demand 0,051293 0,000026
demolition 2,525729 0,000650
demon 0,916291 0,000236
demoniacal 2,407946 0,000620
demonstration 0,994252 0,000256
demonstrative 1,897120 0,000488
demure 2,120264 0,000546
denote 1,139434 0,000293
deny 0,072571 0,000019
depend 0,040822 0,000011
depict 1,237874 0,000319
deplorable 1,386294 0,000357
deposit 0,776529 0,000200
deprivation 2,040221 0,000525
deprive 0,415515 0,000107
deputy 1,272966 0,000328
der 1,832581 0,000472
derivative 0,510826 0,000131
derive 0,210721 0,000163
descent 0,634878 0,000163
description 0,248461 0,000064
deserve 0,314711 0,000081
deserving 0,891598 0,000229
design 0,287682 0,000148
desirable 0,733969 0,000189
desire 0,051293 0,000026
desk 0,867501 0,000223
desolate 0,733969 0,000189
desperation 0,867501 0,000223
despise 0,342490 0,000088
despondent 1,832581 0,000472
destroy 0,061875 0,000032
detach 0,287682 0,000074
determine 0,061875 0,000032
development 0,693147 0,000178
devil 0,301105 0,000077
devoted 0,301105 0,000077
devotedly 2,120264 0,000546
devotion 0,510826 0,000131
devout 1,203973 0,000310
dexterous 1,660731 0,000427
dickens 1,560648 0,000402
dictionary 1,347074 0,000347
die 0,010050 0,000005
difference 0,174353 0,000045
difficult 0,116534 0,000030
difficulty 0,116534 0,000060
dignified 0,755023 0,000194
dignity 0,314711 0,000081
dilate 1,309333 0,000337
dim 0,356675 0,000092
dimly 0,867501 0,000223
dimpled 2,120264 0,000546
dingy 1,347074 0,000347
dinner 0,186330 0,000048
direct 0,040822 0,000011
direction 0,051293 0,000026
director 0,733969 0,000189
disadvantage 0,843970 0,000217
disagreeably 1,897120 0,000488
discernment 1,469676 0,000378
disciplinarian 2,995732 0,000771
disclaim 0,462035 0,000119
disclaimer 0,562119 0,000289
disclose 0,634878 0,000163
discolour 1,832581 0,000472
discomfiture 1,660731 0,000427
discompose 2,040221 0,000525
disconcerting 2,302585 0,000593
discontent 0,616186 0,000159
discontinue 0,510826 0,000131
discouragement 1,714798 0,000441
discourse 0,579818 0,000149
discover 0,030459 0,000016
discovery 0,287682 0,000074
discretion 0,733969 0,000189
discuss 0,400478 0,000103
disdain 0,673345 0,000173
disguise 0,494296 0,000254
disgusted 0,820981 0,000211
dish 0,478036 0,000123
disk 0,415515 0,000107
dismally 1,771957 0,000456
dismiss 0,430783 0,000111
disparity 2,302585 0,000593
display 0,162519 0,000125
disposed 0,385662 0,000099
disposition 0,371064 0,000095
disproportionate 1,832581 0,000472
dispute 0,446287 0,000230
dissipation 1,469676 0,000378
distance 0,105361 0,000027
distant 0,162519 0,000042
distaste 1,771957 0,000456
distended 1,897120 0,000488
distinct 0,301105 0,000077
distinction 0,356675 0,000184
distraught 2,207275 0,000568
distress 0,274437 0,000071
distressed 0,673345 0,000173
distribute 0,210721 0,000163
distribution 0,430783 0,000111
distributor 0,544727 0,000140
distrust 0,733969 0,000189
disturb 0,198451 0,000102
dive 0,967584 0,000249
divert 0,634878 0,000163
diviner 2,120264 0,000546
diving 1,660731 0,000427
doctor 0,400478 0,000103
dog 0,186330 0,000096
doleful 1,427116 0,000367
doll 1,386294 0,000713
domain 0,328504 0,000085
domestic 0,510826 0,000131
donate 0,544727 0,000140
donation 0,446287 0,000230
donor 0,478036 0,000123
door 0,000000 0,000000
doorway 0,733969 0,000378
dot 1,469676 0,000756
dote 1,771957 0,000912
doth 1,049822 0,000270
double 0,139262 0,000036
doubt 0,040822 0,000011
doubtless 0,430783 0,000111
dove 0,916291 0,000236
downcast 1,386294 0,000357
download 0,562119 0,000145
downward 0,798508 0,000205
doze 0,891598 0,000459
dozen 0,415515 0,000214
drag 0,248461 0,000064
draw 0,020203 0,000021
dread 0,248461 0,000064
dreadful 0,342490 0,000088
dreadnought 3,912023 0,001007
dream 0,083382 0,000064
dreamy 1,347074 0,000347
dress 0,162519 0,000084
dressed 0,261365 0,000067
dresser 1,771957 0,000456
dressmaker 2,120264 0,000546
dribble 2,813411 0,000724
drift 0,462035 0,000119
drink 0,072571 0,000037
drinking 0,371064 0,000095
drive 0,030459 0,000016
driver 0,713350 0,000184
droop 0,798508 0,000205
drop 0,061875 0,000016
drown 0,314711 0,000081
drowsily 2,120264 0,000546
drum 0,843970 0,000434
drunk 0,415515 0,000107
drunken 0,820981 0,000211
dry 0,116534 0,000090
dull 0,174353 0,000045
dumb 0,562119 0,000145
dumpling 2,995732 0,000771
dunce 1,966113 0,000506
dusk 0,941609 0,000242
dust 0,162519 0,000084
dutch 1,139434 0,000293
dutchmen 2,207275 0,000568
dutiful 1,714798 0,000441
duty 0,061875 0,000016
dwelling 0,494296 0,000127
eager 0,210721 0,000054
eagerly 0,385662 0,000099
ear 0,061875 0,000032
eared 2,120264 0,000546
earnest 0,261365 0,000067
earnestness 0,867501 0,000223
earth 0,051293 0,000013
earthenware 2,040221 0,000525
earthly 0,673345 0,000173
easily 0,072571 0,000019
east 0,235722 0,000061
easy 0,000000 0,000000
eat 0,040822 0,000021
eating 0,235722 0,000061
eccentric 0,916291 0,000236
echo 0,356675 0,000092
ecstasy 0,798508 0,000205
edition 0,287682 0,000148
educational 0,446287 0,000115
edward 1,049822 0,000270
effectual 1,203973 0,000310
effort 0,094311 0,000049
elbow 0,494296 0,000254
eld 0,385662 0,000099
elect 0,210721 0,000054
electronic 0,544727 0,000140
electronically 0,544727 0,000140
element 0,342490 0,000088
elephant 0,967584 0,000249
elicit 1,272966 0,000328
eligible 1,560648 0,000402
elm 1,609438 0,000414
email 0,562119 0,000145
embarrassed 0,916291 0,000236
embrace 0,235722 0,000121
emotion 0,356675 0,000184
emphasise 2,120264 0,000546
emphatic 1,427116 0,000367
empire 0,634878 0,000163
employ 0,235722 0,000061
employee 0,510826 0,000263
employer 1,347074 0,000347
emulation 1,897120 0,000488
enchanted 1,078810 0,000278
encircle 1,021651 0,000526
encode 0,653926 0,000168
encounter 0,446287 0,000115
encouragement 0,755023 0,000194
endearing 2,207275 0,000568
endearment 1,897120 0,000488
endeavour 0,713350 0,000184
endurance 0,891598 0,000229
endure 0,210721 0,000054
enemy 0,105361 0,000027
energy 0,371064 0,000095
engage 0,494296 0,000127
engaged 0,198451 0,000051
engagement 0,634878 0,000163
english 0,094311 0,000024
enjoy 0,072571 0,000037
enjoyment 0,562119 0,000145
enlighten 0,562119 0,000145
enshrine 2,302585 0,000593
ensue 0,579818 0,000149
ensure 0,342490 0,000088
entangle 1,078810 0,000278
enter 0,020203 0,000010
entertained 0,616186 0,000159
entertainment 0,798508 0,000205
enthusiasm 0,653926 0,000168
entitle 0,653926 0,000168
entity 0,544727 0,000140
entwine 1,771957 0,000456
equal 0,162519 0,000042
equally 0,223144 0,000057
equipment 0,415515 0,000107
equivalent 1,078810 0,000278
erect 0,446287 0,000115
errand 0,733969 0,000189
error 0,072571 0,000019
escape 0,061875 0,000016
escort 0,755023 0,000194
especial 1,309333 0,000337
essence 0,693147 0,000178
established 0,301105 0,000077
establishment 0,673345 0,000347
estate 0,478036 0,000123
estimate 0,653926 0,000168
eternal 0,415515 0,000107
euclid 2,207275 0,000568
eve 0,673345 0,000173
evening 0,072571 0,000037
event 0,150823 0,000039
evident 0,356675 0,000092
evidently 0,371064 0,000095
exacting 1,272966 0,000328
exaggerated 0,843970 0,000217
excellent 0,150823 0,000039
exchange 0,210721 0,000054
excited 0,248461 0,000064
excitement 0,415515 0,000107
exclaim 0,287682 0,000074
exclusion 0,371064 0,000095
excuse 0,139262 0,000036
executive 1,171183 0,000301
exempt 0,314711 0,000081
exertion 0,693147 0,000178
exhibit 0,579818 0,000298
exist 0,072571 0,000037
existence 0,150823 0,000039
expand 0,891598 0,000229
expect 0,051293 0,000040
expectancy 2,302585 0,000593
expectation 0,356675 0,000092
expedition 0,733969 0,000189
expend 0,301105 0,000077
expense 0,127833 0,000066
expensive 0,843970 0,000217
experience 0,072571 0,000019
experienced 0,356675 0,000092
explanation 0,139262 0,000036
explanatory 1,771957 0,000456
export 0,446287 0,000115
exposed 0,301105 0,000077
express 0,072571 0,000056
expression 0,116534 0,000060
expressive 0,733969 0,000189
expressly 0,820981 0,000211
exquisite 0,673345 0,000173
extent 0,083382 0,000021
extinguish 0,562119 0,000145
extraordinary 0,371064 0,000095
exult 1,309333 0,000337
exultation 1,203973 0,000310
exultingly 2,525729 0,000650
eye 0,000000 0,000000
eyed 0,597837 0,000154
eyelash 1,609438 0,000414
faced 0,820981 0,000211
facetiously 3,218876 0,000828
facility 0,342490 0,000088
fade 0,371064 0,000095
fag 1,609438 0,000414
fail 0,072571 0,000037
fain 0,967584 0,000249
faint 0,186330 0,000048
faintheartedness 3,912023 0,001007
fair 0,051293 0,000026
fairbanks 1,386294 0,000357
fairy 1,021651 0,000526
faithful 0,261365 0,000067
faithfully 0,755023 0,000194
fall 0,000000 0,000000
false 0,210721 0,000054
falsehood 0,693147 0,000178
falter 0,867501 0,000446
fame 0,478036 0,000123
familiar 0,150823 0,000039
family 0,061875 0,000016
fancy 0,162519 0,000125
fantastic 0,798508 0,000205
farmer 0,653926 0,000168
fashion 0,105361 0,000027
fashionable 0,916291 0,000236
fast 0,030459 0,000008
fat 0,314711 0,000162
fatal 0,342490 0,000088
fatality 1,771957 0,000456
fate 0,174353 0,000045
father 0,061875 0,000032
fault 0,139262 0,000036
favour 0,544727 0,000280
favourable 0,776529 0,000200
favourite 0,653926 0,000168
fear 0,020203 0,000010
feast 0,430783 0,000111
feather 0,462035 0,000119
feature 0,261365 0,000135
federal 0,527633 0,000136
fee 0,301105 0,000155
feel 0,020203 0,000010
feeling 0,072571 0,000037
feign 0,776529 0,000200
fellow 0,040822 0,000011
ferocity 1,237874 0,000319
fervency 2,995732 0,000771
fervent 1,021651 0,000263
festival 0,994252 0,000256
fickleness 2,207275 0,000568
fictitious 1,560648 0,000402
fiddle 1,514128 0,000779
fidelity 0,967584 0,000249
field 0,094311 0,000024
fielding 2,407946 0,000620
fiendish 1,832581 0,000472
fierce 0,415515 0,000107
fight 0,083382 0,000021
figure 0,051293 0,000026
file 0,223144 0,000115
filler 3,506558 0,000902
filling 2,407946 0,000620
finally 0,150823 0,000039
financial 0,415515 0,000107
fine 0,061875 0,000016
finger 0,150823 0,000078
finish 0,287682 0,000074
finished 0,162519 0,000042
firebox 3,912023 0,001007
fireside 1,609438 0,000414
firm 0,248461 0,000128
firmly 0,342490 0,000088
fish 0,287682 0,000074
fit 0,030459 0,000024
fitness 0,446287 0,000115
flame 0,248461 0,000064
flank 0,941609 0,000242
flannel 1,469676 0,000378
flare 1,108663 0,000285
flash 0,261365 0,000135
flatly 1,660731 0,000427
fling 0,462035 0,000238
floor 0,174353 0,000045
flour 1,078810 0,000278
flow 0,174353 0,000045
flower 0,174353 0,000090
flush 0,562119 0,000145
flustered 2,302585 0,000593
flutter 0,673345 0,000347
fluttering 0,994252 0,000256
fly 0,116534 0,000060
flying 0,235722 0,000061
fog 0,653926 0,000168
foggy 1,469676 0,000378
fold 0,287682 0,000074
follow 0,020203 0,000005
folly 0,274437 0,000071
fond 0,261365 0,000067
fonder 1,966113 0,000506
fondle 2,120264 0,001091
foolery 2,302585 0,000593
foolish 0,235722 0,000061
foot 0,051293 0,000026
footfall 2,207275 0,000568
footing 0,820981 0,000211
force 0,030459 0,000016
forefinger 1,272966 0,000328
forehead 0,400478 0,000103
foreign 0,301105 0,000077
foremost 0,673345 0,000173
foresee 0,494296 0,000127
forge 0,798508 0,000205
forget 0,010050 0,000010
forgive 0,314711 0,000162
forgiveness 0,916291 0,000236
fork 0,616186 0,000159
forlorn 1,078810 0,000278
form 0,020203 0,000016
format 0,562119 0,000289
forsake 0,755023 0,000194
forthwith 1,108663 0,000285
fortnight 0,941609 0,000242
fortune 0,162519 0,000042
foundation 0,127833 0,000033
foundling 2,407946 0,000620
fowls 1,272966 0,000328
fragment 0,597837 0,000154
fragrance 1,171183 0,000301
frame 0,174353 0,000045
frank 0,597837 0,000154
frantic 0,820981 0,000211
fraught 1,514128 0,000390
freely 0,105361 0,000027
freeze 0,941609 0,000242
frequently 0,287682 0,000074
fresh 0,105361 0,000054
freshly 1,347074 0,000347
freshness 1,021651 0,000263
friction 1,771957 0,000456
friend 0,000000 0,000000
friendly 0,248461 0,000064
frighten 0,733969 0,000189
frightened 0,301105 0,000077
frightful 0,776529 0,000200
frivolity 1,660731 0,000427
fro 0,494296 0,000127
frost 0,653926 0,000168
froward 2,813411 0,000724
frozen 0,733969 0,000189
fulness 1,386294 0,000357
furnished 0,328504 0,000085
furnishing 1,427116 0,000367
furniture 0,415515 0,000107
furrow 1,139434 0,000293
furtive 1,714798 0,000441
fury 0,328504 0,000085
future 0,105361 0,000027
gaiety 1,237874 0,000319
gain 0,040822 0,000011
gaiter 2,120264 0,000546
gallant 0,867501 0,000223
gallery 0,693147 0,000178
gambol 2,302585 0,000593
game 0,210721 0,000054
gape 0,798508 0,000205
garb 1,203973 0,000310
garden 0,150823 0,000039
garland 1,203973 0,000310
garment 0,400478 0,000206
garret 1,309333 0,000337
gash 1,514128 0,000390
gasp 0,579818 0,000149
gather 0,061875 0,000016
gathering 0,415515 0,000107
gaudy 1,347074 0,000347
gay 0,494296 0,000127
gaze 0,314711 0,000081
generation 0,127833 0,000066
generous 0,356675 0,000092
genius 0,400478 0,000103
genteel 1,427116 0,000367
gentility 2,207275 0,000568
gentle 0,274437 0,000141
gentleman 0,223144 0,000115
gentleness 0,916291 0,000236
gentlewoman 2,120264 0,000546
gently 0,235722 0,000061
gentry 1,514128 0,000390
george 0,616186 0,000159
germ 1,386294 0,000357
giant 0,562119 0,000289
giddiness 2,207275 0,000568
giddy 1,108663 0,000285
gigantic 0,994252 0,000256
girl 0,198451 0,000102
glad 0,072571 0,000019
gladly 0,544727 0,000140
glance 0,186330 0,000144
glare 0,733969 0,000189
glass 0,174353 0,000045
glazing 2,525729 0,000650
gleam 0,510826 0,000394
glee 1,309333 0,000337
glide 0,673345 0,000173
glimpse 0,462035 0,000238
globe 0,755023 0,000194
gloom 0,579818 0,000149
glorious 0,462035 0,000119
glove 0,597837 0,000154
glow 0,314711 0,000081
goad 1,237874 0,000319
goal 0,274437 0,000071
goblin 1,832581 0,000472
god 0,083382 0,000043
gold 0,083382 0,000021
golden 0,342490 0,000088
goodness 0,328504 0,000085
goose 0,755023 0,000389
gossip 0,994252 0,000256
govern 0,186330 0,000048
governor 0,733969 0,000189
gown 0,616186 0,000159
grace 0,235722 0,000061
gracefully 1,203973 0,000310
gracing 3,912023 0,001007
gracious 0,544727 0,000140
grade 1,347074 0,000347
gradual 1,049822 0,000270
gradually 0,328504 0,000085
grandchild 1,514128 0,000390
grant 0,061875 0,000016
grapple 1,203973 0,000310
grasp 0,274437 0,000071
grass 0,301105 0,000077
grate 0,673345 0,000173
grateful 0,446287 0,000115
gratefully 0,415515 0,000107
gratify 0,733969 0,000189
gratitude 0,478036 0,000123
grave 0,116534 0,000060
gravely 0,693147 0,000178
graze 1,108663 0,000285
greatly 0,210721 0,000054
green 0,105361 0,000054
greener 2,207275 0,000568
gregory 1,139434 0,000293
grey 0,562119 0,000289
grief 0,356675 0,000092
grim 0,776529 0,000200
grind 0,755023 0,000194
grip 0,798508 0,000205
grope 0,733969 0,000189
gross 0,235722 0,000061
grotesque 1,021651 0,000263
ground 0,030459 0,000008
grow 0,010050 0,000010
growl 0,941609 0,000242
grudging 2,302585 0,000593
gruff 1,660731 0,000427
gruffs 3,912023 0,001007
grumble 0,867501 0,000446
guard 0,083382 0,000021
guardian 0,597837 0,000308
guest 0,235722 0,000061
guide 0,083382 0,000021
guilty 0,356675 0,000092
gun 0,544727 0,000280
gush 0,891598 0,000229
ha 0,891598 0,000229
hah 2,659260 0,000684
hair 0,072571 0,000037
haired 0,820981 0,000211
hairy 1,078810 0,000278
hal 2,813411 0,000724
halfpence 2,407946 0,000620
halloa 2,120264 0,000546
halting 1,309333 0,000337
ham 1,139434 0,000586
hammer 0,544727 0,000280
hand 0,010050 0,000008
handicraft 2,207275 0,000568
handle 0,223144 0,000115
handsome 0,328504 0,000085
handsomer 1,832581 0,000472
hanging 0,235722 0,000061
happen 0,030459 0,000024
happily 0,478036 0,000123
happiness 0,150823 0,000039
happy 0,061875 0,000048
hard 0,040822 0,000021
hardship 0,713350 0,000184
hark 1,139434 0,000293
harm 0,210721 0,000054
harmless 0,248461 0,000064
harness 0,843970 0,000217
harp 0,843970 0,000217
harsh 0,462035 0,000119
hart 0,462035 0,000119
hastily 0,462035 0,000119
hasty 0,510826 0,000131
hat 0,446287 0,000115
hate 0,150823 0,000039
haunt 0,385662 0,000099
hay 1,171183 0,000301
haymaker 2,813411 0,000724
head 0,000000 0,000000
headed 0,510826 0,000131
healthy 0,356675 0,000092
heap 0,248461 0,000064
hear 0,010050 0,000005
hearing 0,139262 0,000036
heart 0,010050 0,000005
hearted 0,415515 0,000107
hearth 0,843970 0,000217
hearthstone 2,407946 0,000620
heartily 0,597837 0,000154
heartiness 2,525729 0,000650
hearty 0,616186 0,000159
heaven 0,174353 0,000045
heavily 0,400478 0,000103
heavy 0,030459 0,000016
hedge 0,597837 0,000154
heed 0,510826 0,000131
heedless 1,272966 0,000328
heel 0,356675 0,000184
helpless 0,328504 0,000085
hesitate 0,314711 0,000162
heyday 2,659260 0,000684
hiccough 2,813411 0,000724
hide 0,072571 0,000019
hideous 0,527633 0,000136
hie 2,407946 0,000620
hilarious 2,120264 0,000546
hint 0,301105 0,000077
hiss 0,653926 0,000168
hoar 1,609438 0,000414
hoarse 0,867501 0,000223
hob 2,040221 0,000525
hold 0,010050 0,000008
holden 2,659260 0,000684
holder 0,430783 0,000111
holiday 0,713350 0,000184
hollow 0,430783 0,000111
homage 1,078810 0,000278
homely 1,171183 0,000301
honest 0,235722 0,000061
honour 0,494296 0,000382
hook 0,634878 0,000163
hooked 1,469676 0,000378
hope 0,000000 0,000000
hopeful 0,916291 0,000236
hopeless 0,510826 0,000131
horizontal 1,514128 0,000390
horrified 1,272966 0,000328
horse 0,139262 0,000072
horseback 0,843970 0,000217
hospitality 0,713350 0,000184
hotly 1,347074 0,000347
hour 0,061875 0,000032
house 0,020203 0,000005
household 0,430783 0,000111
houses 0,139262 0,000036
hover 0,653926 0,000168
howl 0,527633 0,000136
hue 0,776529 0,000200
hug 0,967584 0,000249
huge 0,400478 0,000103
hull 1,347074 0,000347
hum 0,579818 0,000448
human 0,072571 0,000019
humble 0,261365 0,000135
humbug 1,514128 0,000390
humdrum 2,407946 0,000620
humility 0,867501 0,000223
humour 0,713350 0,000184
humourist 3,218876 0,000828
humph 1,897120 0,000488
hundredweight 2,407946 0,000620
hung 0,174353 0,000045
hurriedly 0,891598 0,000229
hurry 0,162519 0,000084
husband 0,198451 0,000102
hush 0,527633 0,000136
hushing 2,207275 0,000568
hustle 2,040221 0,000525
ice 0,527633 0,000136
idea 0,083382 0,000021
identification 0,527633 0,000136
identify 0,342490 0,000088
identity 1,021651 0,000263
idiot 0,776529 0,000200
idle 0,261365 0,000067
idol 1,237874 0,000319
ignorant 0,301105 0,000077
iii 0,287682 0,000074
illumine 1,309333 0,000337
illustrate 0,616186 0,000159
illustration 0,867501 0,000446
image 0,301105 0,000232
imaginary 0,755023 0,000194
imagination 0,223144 0,000057
imagine 0,083382 0,000043
imitation 0,673345 0,000173
immensely 1,171183 0,000301
impart 0,693147 0,000178
impartially 1,771957 0,000456
impassioned 2,040221 0,000525
impatient 0,371064 0,000095
imperfect 0,673345 0,000173
imperilled 2,302585 0,000593
imperturbably 2,813411 0,000724
implacable 1,560648 0,000402
implement 1,469676 0,000378
implicitly 1,832581 0,000472
imply 0,235722 0,000121
impose 0,162519 0,000042
impossible 0,094311 0,000024
impression 0,210721 0,000108
imprint 1,139434 0,000293
improve 0,385662 0,000198
improvement 0,616186 0,000159
inaccurate 0,510826 0,000131
inaction 1,966113 0,000506
inappropriate 2,120264 0,000546
incense 0,755023 0,000194
incessantly 0,916291 0,000236
incident 0,356675 0,000184
incidental 0,446287 0,000115
incite 1,427116 0,000367
incline 0,733969 0,000189
inclined 0,186330 0,000048
include 0,072571 0,000075
inclusive 2,207275 0,000568
incoherently 2,207275 0,000568
income 0,798508 0,000205
incomplete 0,301105 0,000077
inconceivable 1,078810 0,000278
inconsistent 1,272966 0,000328
inconstancy 2,120264 0,000546
incontrovertible 2,995732 0,000771
increase 0,061875 0,000032
incredulity 1,386294 0,000357
indefinite 1,309333 0,000337
indemnify 0,446287 0,000115
indemnity 0,527633 0,000136
independent 0,510826 0,000131
indescribable 1,108663 0,000285
indifference 0,527633 0,000136
indifferent 0,400478 0,000103
indignation 0,510826 0,000131
indigo 2,407946 0,000620
indirect 0,446287 0,000115
indirectly 0,371064 0,000095
indispensable 0,843970 0,000217
indistinct 1,139434 0,000293
individual 0,139262 0,000036
induce 0,328504 0,000085
indulge 0,527633 0,000136
inevitable 0,544727 0,000140
inexhaustible 1,237874 0,000319
infallible 1,108663 0,000285
infallibly 1,427116 0,000367
infant 0,673345 0,000173
infants 1,171183 0,000301
infer 0,891598 0,000229
infinite 0,430783 0,000111
infirmity 1,049822 0,000270
influence 0,198451 0,000102
inform 0,198451 0,000051
infringement 0,544727 0,000140
ingenious 0,693147 0,000178
innocent 0,186330 0,000048
innumerable 0,634878 0,000163
inquire 0,235722 0,000182
inquisitively 2,040221 0,000525
inroad 1,897120 0,000488
insanely 2,407946 0,000620
inscribe 1,171183 0,000301
inscription 1,171183 0,000301
insert 1,021651 0,000263
insinuate 1,203973 0,000620
insinuation 1,609438 0,000414
insomuch 1,966113 0,000506
inspire 0,371064 0,000191
inspiring 1,108663 0,000285
install 1,660731 0,000427
instance 0,116534 0,000030
instant 0,210721 0,000054
instantly 0,356675 0,000092
instinctively 0,733969 0,000189
institution 0,713350 0,000184
instruction 0,328504 0,000085
instrument 0,248461 0,000128
insult 0,415515 0,000107
intellectual 0,235722 0,000061
intend 0,094311 0,000049
intense 0,430783 0,000111
intensify 1,386294 0,000357
intent 0,494296 0,000127
intention 0,127833 0,000033
intently 0,891598 0,000229
interchange 1,427116 0,000367
interfere 0,415515 0,000107
internal 0,261365 0,000067
international 0,494296 0,000127
interpose 0,916291 0,000236
interpret 0,235722 0,000061
interrupt 0,562119 0,000145
interrupted 0,301105 0,000077
interval 0,301105 0,000155
interview 0,634878 0,000163
invalidity 0,527633 0,000136
invariably 0,798508 0,000205
invent 0,400478 0,000206
invest 1,021651 0,000263
invitation 0,494296 0,000127
invocation 2,659260 0,000684
involuntary 1,021651 0,000263
iron 0,162519 0,000042
irrepressible 1,427116 0,000367
irresistible 0,653926 0,000168
irs 0,562119 0,000145
iso 1,897120 0,000488
isolated 0,994252 0,000256
jack 0,755023 0,000194
january 0,693147 0,000178
jaw 0,544727 0,000140
jeffrey 2,995732 0,000771
jerk 0,820981 0,000423
jest 0,616186 0,000159
jewel 0,634878 0,000163
jig 2,302585 0,000593
jog 1,897120 0,001465
john 0,328504 0,000085
joke 0,356675 0,000184
jolly 0,994252 0,000256
journey 0,150823 0,000039
jovial 1,609438 0,000414
joy 0,127833 0,000066
joyful 0,798508 0,000205
judge 0,061875 0,000032
judging 0,713350 0,000184
judgment 0,198451 0,000051
juggling 2,659260 0,000684
jumble 1,897120 0,000488
jump 0,430783 0,000111
juncture 1,386294 0,000357
justice 0,162519 0,000042
keel 1,309333 0,000337
keen 0,371064 0,000095
keener 1,469676 0,000378
keg 1,966113 0,000506
kettle 1,108663 0,000285
keyhole 1,469676 0,000378
kick 0,314711 0,000243
kill 0,083382 0,000021
kindly 0,223144 0,000057
kindness 0,274437 0,000071
king 0,210721 0,000054
kiss 0,356675 0,000184
kissing 1,021651 0,000263
kitchen 0,562119 0,000289
kite 1,832581 0,000472
knee 0,150823 0,000039
knife 0,287682 0,000074
knob 1,427116 0,000734
knock 0,287682 0,000222
knocker 2,120264 0,000546
knot 0,510826 0,000131
knotty 1,897120 0,000488
knowledge 0,061875 0,000016
knuckle 1,427116 0,000367
labour 0,562119 0,000289
lack 0,371064 0,000095
lady 0,162519 0,000084
lake 0,162519 0,000042
lamb 0,693147 0,000178
lamentably 2,995732 0,000771
lamp 0,400478 0,000103
lane 0,653926 0,000168
language 0,072571 0,000019
lank 1,609438 0,000414
lantern 0,843970 0,000434
lap 0,527633 0,000136
lapse 0,733969 0,000189
latch 1,309333 0,000337
late 0,094311 0,000024
laugh 0,094311 0,000073
laughter 0,274437 0,000071
lavish 1,108663 0,000285
law 0,020203 0,000010
lawyer 0,673345 0,000347
lay 0,030459 0,000024
lazy 0,616186 0,000159
lead 0,020203 0,000010
leader 0,356675 0,000092
leading 0,139262 0,000036
leaf 0,446287 0,000115
lean 0,127833 0,000099
leap 0,287682 0,000148
learn 0,020203 0,000010
leather 0,527633 0,000136
leave -0,009950 -0,000008
leer 1,897120 0,000488
left 0,000000 0,000000
leg 0,235722 0,000121
legal 0,261365 0,000067
legally 0,342490 0,000088
leisurely 1,108663 0,000285
lender 2,407946 0,000620
lesson 0,287682 0,000074
level 0,210721 0,000054
liability 0,462035 0,000119
liable 0,235722 0,000061
liberty 0,198451 0,000102
library 0,223144 0,000057
licence 1,560648 0,000402
license 0,301105 0,000077
licensed 0,430783 0,000111
lid 0,597837 0,000154
lie 0,020203 0,000016
lieu 0,415515 0,000107
life -0,009950 -0,000005
lift 0,116534 0,000060
light 0,000000 0,000000
lighted 0,261365 0,000067
lightly 0,430783 0,000111
liking 1,021651 0,000263
limb 0,248461 0,000064
limitation 0,371064 0,000095
limited 0,261365 0,000067
linen 0,527633 0,000136
linger 0,446287 0,000230
link 0,174353 0,000135
lion 0,579818 0,000149
lip 0,127833 0,000033
list 0,301105 0,000077
listen 0,105361 0,000081
listener 0,843970 0,000217
literally 0,713350 0,000184
literary 0,287682 0,000074
live 0,010050 0,000005
lively 0,385662 0,000198
living 0,020203 0,000005
loa 3,912023 0,001007
load 0,430783 0,000111
loaf 0,867501 0,000223
locate 0,371064 0,000095
location 0,494296 0,000127
lock 0,162519 0,000042
lodging 0,776529 0,000200
lonely 0,400478 0,000103
loose 0,094311 0,000024
loosely 1,347074 0,000347
lor 2,407946 0,000620
lord 0,223144 0,000057
lose 0,000000 0,000000
loss 0,083382 0,000021
lot 0,051293 0,000013
loud 0,105361 0,000081
love 0,030459 0,000016
lovely 0,462035 0,000119
lover 0,356675 0,000184
loving 0,478036 0,000123
loyal 1,203973 0,000310
lucky 0,494296 0,000254
lumbago 3,506558 0,000902
lumber 1,203973 0,000310
lung 0,867501 0,000223
machine 0,210721 0,000054
mad 0,235722 0,000061
magic 0,673345 0,000173
magnify 0,994252 0,000256
magnitude 1,078810 0,000278
mahogany 1,609438 0,000414
main 0,127833 0,000033
maintain 0,094311 0,000024
majestic 1,108663 0,000285
maker 0,653926 0,000168
malice 0,776529 0,000200
maliciously 1,771957 0,000456
manage 0,261365 0,000067
management 0,843970 0,000217
mane 1,609438 0,000414
manger 1,966113 0,000506
manly 0,820981 0,000211
manner 0,040822 0,000011
mansion 0,820981 0,000211
mantel 1,832581 0,000472
mantle 0,776529 0,000200
mark 0,105361 0,000054
marked 0,061875 0,000016
market 0,510826 0,000131
marriage 0,314711 0,000162
married 0,248461 0,000064
marrow 1,386294 0,000357
marry 0,356675 0,000092
marvel 0,693147 0,000178
mary 0,693147 0,000178
mask 0,673345 0,000173
master 0,072571 0,000019
mastiff 1,660731 0,000427
match 0,301105 0,000155
maternal 1,272966 0,000328
matron 1,347074 0,000693
matronly 2,659260 0,000684
matter 0,000000 0,000000
maudlin 2,525729 0,000650
maximum 0,478036 0,000123
meadow 0,733969 0,000189
meagre 1,347074 0,000347
meal 0,261365 0,000067
meaning 0,186330 0,000048
measure 0,127833 0,000033
mechanical 0,843970 0,000217
meditate 0,733969 0,000189
meditation 0,776529 0,000200
medium 0,223144 0,000057
meet 0,010050 0,000005
meeting 0,162519 0,000042
melancholy 0,342490 0,000088
mellow 1,427116 0,000367
melodious 1,609438 0,000414
mentally 1,237874 0,000319
mention 0,105361 0,000027
merchant 0,494296 0,000127
merchantability 0,994252 0,000256
mercy 0,210721 0,000054
mere 0,094311 0,000024
merit 0,371064 0,000191
merrily 1,272966 0,000328
merry 0,634878 0,000327
messenger 0,562119 0,000145
method 0,094311 0,000049
mettle 2,302585 0,000593
mexican 1,966113 0,000506
michael 0,400478 0,000103
middle 0,030459 0,000008
midst 0,287682 0,000074
midsummer 2,120264 0,000546
mild 0,430783 0,000111
mildly 1,171183 0,000301
mile 0,174353 0,000090
milestone 2,525729 0,000650
mincing 1,966113 0,000506
mind 0,020203 0,000010
mindful 1,514128 0,000390
mineral 1,609438 0,000414
mingle 0,356675 0,000092
minute 0,150823 0,000078
mire 1,049822 0,000270
mirror 0,579818 0,000149
miserable 0,210721 0,000054
miserably 1,108663 0,000285
misery 0,248461 0,000064
misgiving 1,469676 0,000378
mislay 2,120264 0,000546
mission 0,210721 0,000054
mississippi 0,415515 0,000107
mist 0,430783 0,000222
mistake 0,186330 0,000048
mistress 0,478036 0,000123
misunderstand 1,237874 0,000319
mitre 2,040221 0,000525
mockingly 1,966113 0,000506
model 0,510826 0,000131
moderate 0,579818 0,000149
modification 0,478036 0,000123
modify 0,356675 0,000092
moist 0,843970 0,000217
moment 0,010050 0,000005
money 0,051293 0,000013
monosyllable 1,897120 0,000488
monster 0,527633 0,000272
monstrous 0,400478 0,000103
month 0,040822 0,000021
mood 0,462035 0,000119
moon 0,261365 0,000067
moorish 2,120264 0,000546
moral 0,301105 0,000077
morally 1,171183 0,000301
morning 0,040822 0,000021
morosely 2,407946 0,000620
moroseness 2,659260 0,000684
morrow 0,328504 0,000085
moss 1,049822 0,000270
mother 0,072571 0,000037
motherless 2,525729 0,000650
motherly 2,040221 0,000525
motion 0,223144 0,000057
motionless 0,544727 0,000140
motive 0,356675 0,000092
mouldering 1,966113 0,000506
mound 1,272966 0,000328
mount 0,210721 0,000054
mournful 0,941609 0,000242
mourning 0,673345 0,000173
mouth 0,061875 0,000016
mouthful 1,237874 0,000319
movable 1,514128 0,000390
mow 1,714798 0,000441
mower 2,207275 0,000568
muffle 1,108663 0,000285
muffler 2,995732 0,000771
multitude 0,385662 0,000099
mum 2,525729 0,000650
murder 0,248461 0,000064
murky 1,771957 0,000456
murmur 0,287682 0,000074
muse 1,139434 0,000293
music 0,198451 0,000051
musical 0,579818 0,000149
musing 1,237874 0,000319
muslin 1,272966 0,000328
mutinous 2,120264 0,000546
mutter 0,653926 0,000168
mutton 1,237874 0,000319
mysterious 0,314711 0,000081
mystify 1,609438 0,000414
nail 0,356675 0,000092
nankeen 2,813411 0,000724
narrate 1,203973 0,000310
narrative 0,579818 0,000149
narrow 0,094311 0,000024
narrowly 1,272966 0,000328
natural 0,094311 0,000024
naturally 0,210721 0,000054
nature 0,094311 0,000024
natured 0,733969 0,000189
nearer 0,400478 0,000103
neat 0,653926 0,000168
neatness 1,514128 0,000390
neck 0,174353 0,000045
needful 1,108663 0,000285
needle 0,673345 0,000173
needlework 1,966113 0,000506
negligence 0,415515 0,000107
neighbour 0,510826 0,000263
neighbourhood 0,776529 0,000200
nerve 0,371064 0,000095
nervous 0,494296 0,000127
nestle 1,427116 0,000734
network 0,415515 0,000107
newly 0,494296 0,000127
newsletter 0,562119 0,000145
nice 0,371064 0,000095
niece 1,203973 0,000310
nigh 0,843970 0,000217
night 0,010050 0,000003
nightingale 1,514128 0,000390
nightly 1,171183 0,000301
nightmare 1,171183 0,000301
nimble 1,171183 0,000301
noah 1,514128 0,000390
nobility 0,755023 0,000194
noble 0,198451 0,000051
nod 0,371064 0,000286
noise 0,139262 0,000072
noisy 0,776529 0,000200
nonce 2,813411 0,000724
nonproprietary 0,562119 0,000145
noon 0,430783 0,000111
north 0,083382 0,000021
nose 0,261365 0,000067
nostril 0,798508 0,000205
notch 1,832581 0,000472
note 0,094311 0,000024
notice 0,020203 0,000010
notify 0,371064 0,000095
notion 0,314711 0,000081
noun 1,832581 0,000472
novelty 0,798508 0,000205
november 0,544727 0,000140
nudge 1,714798 0,000441
nudging 2,407946 0,000620
numerous 0,235722 0,000061
nuptials 2,120264 0,000546
nurse 0,301105 0,000155
nursing 0,867501 0,000223
nut 0,820981 0,000423
nutshell 2,407946 0,000620
oats 1,609438 0,000414
obdurate 1,771957 0,000456
obedient 0,544727 0,000140
obey 0,223144 0,000057
object 0,105361 0,000054
objectionable 1,897120 0,000488
oblige 0,210721 0,000054
observation 0,446287 0,000115
observe 0,094311 0,000073
obsolete 0,446287 0,000115
obstacle 0,510826 0,000131
obstinate 0,713350 0,000184
obstruction 1,609438 0,000414
obtrusive 2,302585 0,000593
occasion 0,105361 0,000054
occasional 0,510826 0,000131
occasionally 0,371064 0,000095
occupation 0,371064 0,000095
occupy 0,174353 0,000045
occur 0,083382 0,000043
occurrence 0,693147 0,000178
odd 0,385662 0,000099
offensive 0,693147 0,000178
offer 0,020203 0,000010
office 0,072571 0,000037
officer 0,314711 0,000081
official 0,223144 0,000057
officious 1,832581 0,000472
ogre 1,966113 0,000506
omnipotence 2,302585 0,000593
online 0,510826 0,000131
operation 0,478036 0,000246
opinion 0,105361 0,000027
opportunely 2,302585 0,000593
opportunity 0,061875 0,000032
orange 0,776529 0,000200
ordinary 0,186330 0,000048
organized 0,356675 0,000092
origin 0,527633 0,000136
original 0,105361 0,000027
originate 1,139434 0,000293
originator 0,478036 0,000123
ornament 0,527633 0,000136
outdated 0,562119 0,000145
outer 0,510826 0,000131
outpost 2,120264 0,000546
outraged 1,272966 0,000328
overawe 2,120264 0,000546
overcharge 2,120264 0,000546
overflow 0,616186 0,000317
overrule 2,525729 0,000650
ow 1,832581 0,000472
owe 0,105361 0,000027
owl 1,078810 0,000278
owner 0,083382 0,000021
oy 3,912023 0,001007
pace 0,186330 0,000048
pacing 1,108663 0,000285
pack 0,579818 0,000149
package 1,560648 0,000402
packed 0,616186 0,000159
pain 0,051293 0,000013
painful 0,328504 0,000085
paint 0,274437 0,000071
painter 0,755023 0,000194
painting 0,713350 0,000184
pair 0,210721 0,000054
palace 0,494296 0,000127
pale 0,186330 0,000048
palpitate 1,714798 0,000441
panel 1,203973 0,000310
pang 0,634878 0,000163
pant 1,272966 0,000328
paper 0,083382 0,000021
paperwork 0,562119 0,000145
paragraph 0,328504 0,000169
parcel 0,867501 0,000446
pardon 0,287682 0,000074
parent 0,261365 0,000067
parliament 1,021651 0,000263
parliamentary 2,120264 0,000546
parrot 1,560648 0,000402
parson 1,514128 0,000390
partake 1,021651 0,000263
partial 0,733969 0,000189
partner 0,510826 0,000131
party 0,030459 0,000008
pass 0,020203 0,000010
passage 0,105361 0,000027
passenger 0,653926 0,000168
passion 0,174353 0,000045
pastry 2,040221 0,000525
pat 0,776529 0,000200
patch 0,616186 0,000159
paternal 1,171183 0,000301
pathetic 1,108663 0,000285
patient 0,274437 0,000071
patronising 2,813411 0,000724
patten 3,218876 0,001657
pause 0,314711 0,000243
pavement 0,755023 0,000194
paw 1,021651 0,000263
pay 0,030459 0,000031
payment 0,274437 0,000071
peace 0,094311 0,000024
peaceable 1,347074 0,000347
peculiarly 0,755023 0,000194
peel 1,139434 0,000586
peep 0,634878 0,000327
peer 0,616186 0,000159
peevish 1,771957 0,000456
peg 1,139434 0,000586
penetrate 0,415515 0,000214
penitence 1,514128 0,000390
penitent 1,237874 0,000319
pensively 2,120264 0,000546
perceive 0,198451 0,000102
perception 0,967584 0,000249
perfect 0,061875 0,000016
perfection 0,446287 0,000115
perfectly 0,162519 0,000042
perfidious 2,120264 0,000546
perform 0,072571 0,000056
performance 0,127833 0,000066
peril 0,693147 0,000178
periodic 0,544727 0,000140
permanent 0,223144 0,000057
permission 0,150823 0,000039
permit 0,094311 0,000049
perpetual 0,478036 0,000123
perpetually 1,078810 0,000278
perplex 0,653926 0,000168
perplexity 0,755023 0,000194
persevere 0,994252 0,000256
person -0,009950 -0,000008
personal 0,223144 0,000057
perspective 1,609438 0,000414
persuade 0,223144 0,000057
pertinacity 2,659260 0,000684
pertly 2,995732 0,000771
perverse 1,237874 0,000319
pet 0,891598 0,000229
petty 0,776529 0,000200
philanthropic 2,040221 0,000525
philosopher 0,673345 0,000173
phrase 0,139262 0,000036
physical 0,198451 0,000051
pic 3,506558 0,000902
pickle 1,427116 0,000367
picture 0,139262 0,000036
pie 1,272966 0,000655
piece 0,020203 0,000010
pierce 0,356675 0,000092
pig 0,544727 0,000280
pigeon 1,108663 0,000285
pillow 0,544727 0,000140
pimple 2,659260 0,000684
pinch 0,843970 0,000217
pinched 1,139434 0,000293
pine 0,462035 0,000119
pipe 0,385662 0,000198
pitch 0,261365 0,000067
pitcher 1,560648 0,000402
piteously 1,714798 0,000441
pitfall 2,525729 0,000650
pitiable 1,347074 0,000347
pity 0,139262 0,000072
plain 0,040822 0,000011
plainly 0,261365 0,000067
plan 0,198451 0,000102
plaster 0,916291 0,000236
plate 0,314711 0,000081
play 0,040822 0,000032
playful 1,386294 0,000357
plead 0,400478 0,000412
pleasant 0,162519 0,000042
pleasantly 0,820981 0,000211
pleased 0,150823 0,000039
pleasure 0,051293 0,000013
plenty 0,235722 0,000061
plod 1,714798 0,000883
pluck 0,371064 0,000095
plume 0,994252 0,000256
plummer 3,506558 0,000902
plunge 0,314711 0,000162
plural 1,897120 0,000488
ply 1,021651 0,000526
pocket 0,371064 0,000191
poetical 1,514128 0,000390
poetry 0,693147 0,000178
poison 0,371064 0,000095
poke 0,941609 0,000242
ponder 0,820981 0,000211
pony 1,469676 0,000378
poor 0,020203 0,000005
poplar 1,386294 0,000357
popular 0,430783 0,000111
portal 1,347074 0,000347
portrait 0,597837 0,000154
portraiture 2,995732 0,000771
position 0,162519 0,000084
positive 0,597837 0,000154
possess 0,061875 0,000016
possession 0,083382 0,000021
possibility 0,150823 0,000039
post 0,051293 0,000053
postman 2,207275 0,000568
postpone 1,021651 0,000263
pot 0,478036 0,000246
potato 1,078810 0,000278
potent 1,309333 0,000337
pouch 1,514128 0,000390
pour 0,116534 0,000030
pout 1,832581 0,000472
power 0,030459 0,000016
practical 0,494296 0,000127
practically 0,235722 0,000061
practice 0,116534 0,000030
pray 0,261365 0,000135
prayer 0,287682 0,000074
precaution 0,733969 0,000189
precept 1,049822 0,000270
precious 0,162519 0,000042
precisely 0,510826 0,000131
prefer 0,174353 0,000045
prematurely 1,427116 0,000367
premise 0,891598 0,000229
prepare 0,116534 0,000030
prepared 0,105361 0,000027
presence 0,094311 0,000024
presently 0,385662 0,000099
preserve 0,083382 0,000043
press 0,105361 0,000054
pressed 0,274437 0,000071
pressure 0,527633 0,000136
presumptuous 1,469676 0,000378
pretend 0,186330 0,000096
pretension 1,049822 0,000270
pretty 0,150823 0,000039
prevent 0,040822 0,000021
previous 0,094311 0,000024
price 0,314711 0,000081
prick 0,843970 0,000217
pride 0,150823 0,000039
primitive 0,916291 0,000236
principal 0,287682 0,000074
principle 0,274437 0,000071
print 0,116534 0,000060
private 0,198451 0,000051
privileges 1,021651 0,000263
proceed 0,116534 0,000030
proceeding 0,510826 0,000131
proceedings 0,713350 0,000184
process 0,400478 0,000103
processing 0,562119 0,000145
prodigious 1,021651 0,000263
prodigiously 1,714798 0,000441
produce 0,061875 0,000048
production 0,274437 0,000071
professional 0,820981 0,000211
professor 0,261365 0,000067
profit 0,083382 0,000043
prohibit 1,347074 0,000347
prohibition 0,415515 0,000107
project -0,009950 -0,000005
prominent 0,967584 0,000249
prominently 0,494296 0,000127
promise 0,051293 0,000013
promote 0,274437 0,000071
promotion 0,342490 0,000088
proofread 0,562119 0,000145
property 0,127833 0,000033
proportion 0,235722 0,000061
propose 0,186330 0,000096
proposition 0,820981 0,000211
proprietary 0,562119 0,000145
propriety 0,843970 0,000217
prose 1,021651 0,000263
protect 0,139262 0,000036
protection 0,314711 0,000081
proudly 0,733969 0,000189
prove 0,083382 0,000064
provide 0,127833 0,000066
provision 0,094311 0,000049
provocation 1,049822 0,000270
provoking 1,078810 0,000278
proxy 2,120264 0,000546
public 0,083382 0,000021
puff 0,733969 0,000189
pull 0,127833 0,000066
punitive 0,562119 0,000145
pure 0,139262 0,000036
purpose 0,040822 0,000011
purse 0,562119 0,000145
pursuance 2,302585 0,000593
pursue 0,186330 0,000096
pursuit 0,287682 0,000074
push 0,139262 0,000036
puzzled 0,494296 0,000127
pyramid 1,660731 0,000427
quaint 1,021651 0,000263
quality 0,186330 0,000048
quarrelsome 1,771957 0,000456
quarter 0,105361 0,000054
querulous 2,120264 0,000546
question 0,020203 0,000010
quick 0,127833 0,000033
quiet 0,094311 0,000024
quietly 0,261365 0,000067
race 0,162519 0,000042
rack 0,673345 0,000173
radiant 0,867501 0,000223
rag 0,693147 0,000178
rail 0,579818 0,000149
rain 0,150823 0,000039
rainbow 1,171183 0,000301
raise 0,020203 0,000005
rambling 1,714798 0,000441
rap 1,021651 0,000789
rapidity 0,820981 0,000211
rapture 0,820981 0,000211
rapturous 1,714798 0,000441
rare 0,261365 0,000067
rash 0,891598 0,000229
rationally 2,120264 0,000546
rattle 0,616186 0,000159
rattling 0,916291 0,000236
ravens 1,897120 0,000488
raw 0,713350 0,000184
ray 0,462035 0,000119
reach 0,000000 0,000000
read 0,020203 0,000010
readable 0,510826 0,000131
readiness 0,634878 0,000163
ready 0,030459 0,000016
real 0,040822 0,000011
reality 0,301105 0,000077
reason 0,010050 0,000003
reasonable 0,116534 0,000030
rebellious 1,049822 0,000270
recall 0,235722 0,000121
receipt 0,261365 0,000067
receive 0,040822 0,000032
recipe 2,120264 0,000546
recognition 0,713350 0,000367
recoil 1,272966 0,000655
recollect 0,562119 0,000145
recollection 0,527633 0,000136
recommend 0,400478 0,000103
reconcile 0,597837 0,000154
record 0,223144 0,000115
recover 0,127833 0,000033
recovery 0,616186 0,000159
recreation 1,309333 0,000337
red 0,061875 0,000016
redeem 0,776529 0,000200
redistribute 0,544727 0,000140
redistributing 0,562119 0,000145
redistribution 0,562119 0,000145
reduce 0,314711 0,000081
reed 0,941609 0,000242
refer 0,223144 0,000057
reference 0,198451 0,000102
reflect 0,235722 0,000061
reflection 0,274437 0,000141
refreshment 0,843970 0,000217
refund 0,562119 0,000145
regard 0,083382 0,000021
region 0,462035 0,000119
register 0,287682 0,000074
regret 0,342490 0,000088
regular 0,287682 0,000074
regularly 0,616186 0,000159
regulate 0,210721 0,000054
rein 0,867501 0,000223
reject 0,478036 0,000246
rejoice 0,400478 0,000103
rejoin 0,776529 0,000200
relate 0,415515 0,000107
release 0,105361 0,000081
relief 0,186330 0,000048
relieve 0,198451 0,000051
religious 0,446287 0,000115
reluctantly 0,941609 0,000242
rely 0,579818 0,000149
remain 0,040822 0,000032
remains 0,150823 0,000039
remark 0,223144 0,000115
remarkable 0,235722 0,000061
remarkably 0,733969 0,000189
remarks 0,462035 0,000119
remedy 0,150823 0,000039
remember 0,030459 0,000016
remembrance 0,733969 0,000189
remind 0,301105 0,000077
remorseful 2,525729 0,000650
remote 0,478036 0,000123
remove 0,040822 0,000032
rename 0,544727 0,000140
render 0,186330 0,000144
renew 0,314711 0,000162
rent 0,510826 0,000131
reparation 1,832581 0,000472
repast 1,139434 0,000293
repeat 0,051293 0,000026
replace 0,198451 0,000051
replacement 0,544727 0,000140
reply 0,105361 0,000054
report 0,051293 0,000026
represent 0,210721 0,000054
representation 0,261365 0,000067
reproach 0,301105 0,000077
reproduce 1,078810 0,000278
request 0,105361 0,000027
require 0,051293 0,000013
required 0,083382 0,000021
requirement 0,400478 0,000103
resemblance 0,713350 0,000184
reserve 0,400478 0,000103
residence 0,653926 0,000168
resist 0,274437 0,000212
resistance 0,430783 0,000111
resistless 1,714798 0,000441
resound 0,916291 0,000236
resource 0,544727 0,000280
respect 0,040822 0,000011
respectable 0,430783 0,000111
respective 1,171183 0,000301
respects 0,527633 0,000136
rest 0,010050 0,000008
restless 0,478036 0,000123
restlessness 1,347074 0,000347
restorative 2,040221 0,000525
restore 0,223144 0,000115
restriction 0,371064 0,000095
result 0,174353 0,000045
resume 0,301105 0,000155
retire 0,415515 0,000107
retired 0,342490 0,000088
retreat 0,342490 0,000088
return 0,010050 0,000010
reveal 0,223144 0,000115
revel 0,994252 0,000256
revenge 0,462035 0,000119
revenue 0,342490 0,000088
reverence 0,579818 0,000149
reversed 1,171183 0,000301
review 0,693147 0,000178
rheumatic 2,207275 0,000568
rib 0,843970 0,000217
rich 0,116534 0,000060
rigid 0,820981 0,000211
rise 0,030459 0,000031
river 0,174353 0,000045
rivet 1,309333 0,000337
road 0,116534 0,000030
roadside 1,966113 0,000506
roar 0,356675 0,000092
roaring 0,693147 0,000178
robinson 1,660731 0,000427
rocker 2,813411 0,000724
rocking 1,347074 0,000347
romantically 2,995732 0,000771
roof 0,186330 0,000048
rope 0,430783 0,000111
rosy 1,078810 0,000278
rot 0,798508 0,000205
rote 2,813411 0,000724
rotten 0,941609 0,000242
rough 0,186330 0,000048
roughly 0,544727 0,000140
roughness 1,514128 0,000390
rouse 0,494296 0,000127
royal 0,400478 0,000103
royalty 0,371064 0,000191
rub 0,342490 0,000176
ruddy 0,967584 0,000249
rude 0,342490 0,000088
rugged 0,798508 0,000205
ruin 0,116534 0,000030
rule 0,030459 0,000008
rummage 1,386294 0,000357
running 0,967584 0,000249
rush 0,127833 0,000099
rustic 1,078810 0,000278
rusting 2,995732 0,000771
rusty 1,078810 0,000278
sack 0,653926 0,000168
sacred 0,415515 0,000107
sacrifice 0,210721 0,000108
sad 0,223144 0,000057
sadly 0,510826 0,000131
safe 0,116534 0,000030
safely 0,371064 0,000095
safety 0,356675 0,000092
sagacity 1,139434 0,000293
sage 0,820981 0,000423
sailor 0,544727 0,000140
saint 0,673345 0,000173
sake 0,083382 0,000021
salmon 1,660731 0,000427
salt 0,105361 0,000027
salute 0,634878 0,000163
sample 1,272966 0,000328
samson 2,120264 0,000546
sanctuary 1,237874 0,000319
sarcastic 1,427116 0,000367
satin 1,386294 0,000357
satisfaction 0,186330 0,000048
satisfactory 0,562119 0,000145
satisfy 0,061875 0,000016
saucer 1,309333 0,000337
savage 0,248461 0,000064
save 0,010050 0,000003
scale 0,274437 0,000071
scanty 0,941609 0,000242
scarcely 0,301105 0,000077
scarcity 1,771957 0,000456
scare 1,237874 0,000319
scared 0,941609 0,000242
scattered 0,139262 0,000036
scene 0,127833 0,000033
school 0,150823 0,000078
schoolfellow 2,207275 0,000568
scorch 1,469676 0,000378
score 0,446287 0,000230
scorn 0,446287 0,000115
scourge 1,049822 0,000270
scout 1,386294 0,000357
scrap 0,820981 0,000211
scratching 1,108663 0,000285
screw 1,049822 0,000810
scrunch 3,218876 0,000828
scrupulous 1,139434 0,000293
scrutinise 2,207275 0,000568
scuffle 1,427116 0,000367
scythe 1,832581 0,000943
search 0,040822 0,000011
season 0,235722 0,000061
seat 0,051293 0,000013
secret 0,051293 0,000026
secretly 0,597837 0,000154
secure 0,061875 0,000016
seek 0,083382 0,000043
seize 0,116534 0,000060
seldom 0,301105 0,000077
select 0,301105 0,000077
selfishness 0,843970 0,000217
seminary 1,897120 0,000488
send 0,020203 0,000010
sender 2,813411 0,000724
sensation 0,371064 0,000095
sense 0,051293 0,000013
sentence 0,094311 0,000049
sentiment 0,356675 0,000184
september 0,673345 0,000173
serve 0,051293 0,000013
service 0,072571 0,000019
set 0,010050 0,000008
settle 0,083382 0,000043
settlement 0,994252 0,000256
shabbiness 2,813411 0,000724
shade 0,223144 0,000115
shadow 0,162519 0,000084
shadowy 1,108663 0,000285
shake 0,072571 0,000075
shape 0,150823 0,000078
share 0,030459 0,000024
sharp 0,139262 0,000072
sharply 0,510826 0,000131
shaver 3,218876 0,000828
shawl 1,021651 0,000263
shelf 0,634878 0,000327
shelter 0,301105 0,000077
sheriff 2,040221 0,000525
shield 0,634878 0,000490
shine 0,150823 0,000078
ship 0,198451 0,000051
shirt 0,527633 0,000136
shock 0,235722 0,000061
shoe 0,314711 0,000081
shoot 0,385662 0,000099
short 0,020203 0,000005
shortly 0,462035 0,000119
shoulder 0,139262 0,000108
shout 0,186330 0,000048
shriek 0,634878 0,000327
shrieking 1,347074 0,000347
shrill 0,798508 0,000205
shrine 1,203973 0,000310
shrink 0,462035 0,000119
shrug 0,994252 0,000256
shrunken 2,207275 0,000568
shut 0,051293 0,000013
sick 0,150823 0,000039
sickness 0,478036 0,000123
sideways 1,139434 0,000293
sigh 0,235722 0,000121
sight 0,040822 0,000011
sightless 2,407946 0,000620
sign 0,051293 0,000026
signify 0,634878 0,000163
silence 0,051293 0,000013
silent 0,051293 0,000013
sillily 3,506558 0,000902
silly 0,400478 0,000103
silver 0,210721 0,000054
simmer 2,407946 0,000620
simple 0,094311 0,000024
sing 0,261365 0,000202
singing 0,371064 0,000095
single 0,083382 0,000021
singly 1,139434 0,000293
singular 0,430783 0,000111
singularly 0,843970 0,000217
sink 0,072571 0,000037
sir 0,150823 0,000039
sister 0,223144 0,000115
sit 0,010050 0,000008
sixpence 1,469676 0,000378
size 0,223144 0,000115
skating 2,207275 0,000568
skeleton 0,867501 0,000223
skelter 2,659260 0,000684
skill 0,287682 0,000074
skim 1,347074 0,000347
skirt 0,527633 0,000272
skurry 3,912023 0,001007
sky 0,186330 0,000048
slap 0,798508 0,000205
sleep 0,051293 0,000013
sleeper 1,078810 0,000278
sleety 3,218876 0,000828
slide 0,713350 0,000367
slight 0,072571 0,000037
slippy 3,506558 0,000902
slow 0,139262 0,000036
slowly 0,150823 0,000039
slushy 2,995732 0,000771
sly 0,713350 0,000184
smart 0,597837 0,000154
smile 0,150823 0,000116
smitten 1,171183 0,000301
smoke 0,186330 0,000096
smooth 0,235722 0,000121
smother 0,941609 0,000242
snail 1,660731 0,000427
snare 1,171183 0,000301
snatch 0,462035 0,000119
sneer 0,994252 0,000256
sneeze 1,203973 0,000310
snort 1,272966 0,000328
snug 1,139434 0,000293
sob 0,562119 0,000289
sober 0,562119 0,000145
soberly 1,469676 0,000378
sociability 3,506558 0,000902
sociable 1,272966 0,000328
social 0,371064 0,000095
society 0,210721 0,000054
sofa 0,967584 0,000249
soft 0,210721 0,000108
soften 0,494296 0,000127
softly 0,400478 0,000103
solemn 0,301105 0,000077
solicit 0,314711 0,000081
solicitation 0,430783 0,000111
solid 0,274437 0,000071
solitary 0,462035 0,000119
solo 2,207275 0,000568
son 0,083382 0,000043
song 0,261365 0,000067
soothing 0,798508 0,000205
sorcerer 1,897120 0,000488
sordid 1,139434 0,000293
sorrow 0,248461 0,000064
sorrowful 1,021651 0,000263
sorrowfully 1,714798 0,000441
sorrowing 1,560648 0,000402
sort 0,072571 0,000037
soul 0,083382 0,000021
sound 0,010050 0,000010
sour 0,891598 0,000229
south 0,235722 0,000061
sow 0,579818 0,000149
space 0,105361 0,000027
spare 0,116534 0,000060
sparingly 2,120264 0,000546
sparkling 0,776529 0,000200
spasm 1,469676 0,000378
speak 0,030459 0,000031
speaker 0,634878 0,000163
speaking 0,072571 0,000019
spear 0,967584 0,000249
special 0,083382 0,000021
species 0,634878 0,000163
specific 0,820981 0,000211
spectacle 0,544727 0,000140
spectacles 0,843970 0,000217
spectatress 3,912023 0,001007
spectral 1,897120 0,000488
speculator 2,120264 0,000546
speech 0,139262 0,000036
speedily 0,713350 0,000184
spelling 1,171183 0,000301
spencer 1,897120 0,000488
spend 0,051293 0,000013
sphere 0,693147 0,000178
spin 0,510826 0,000131
spirit 0,051293 0,000026
spite 0,139262 0,000036
splash 0,867501 0,000223
splutter 2,040221 0,000525
spoil 0,274437 0,000141
spot 0,150823 0,000039
spotted 0,994252 0,000256
spout 1,514128 0,000390
spread 0,051293 0,000013
sprightly 1,897120 0,000488
spring 0,051293 0,000013
sprucely 3,912023 0,001007
squeeze 0,798508 0,000205
stable 0,478036 0,000123
staff 0,261365 0,000067
stage 0,186330 0,000096
stagger 0,527633 0,000136
staid 1,237874 0,000319
stair 0,415515 0,000214
staircase 0,820981 0,000211
stand -0,009950 -0,000010
star 0,261365 0,000135
starch 1,832581 0,000472
stare 0,328504 0,000254
start -0,009950 -0,000010
startle 1,347074 0,000347
startled 0,415515 0,000107
statement 0,186330 0,000048
station 0,235722 0,000061
status 0,446287 0,000115
staunch 1,966113 0,000506
stay 0,061875 0,000048
steadfast 1,309333 0,000337
steady 0,301105 0,000155
steal 0,105361 0,000054
stem 0,776529 0,000200
step 0,030459 0,000016
stern 0,478036 0,000123
sternness 1,714798 0,000441
stick 0,174353 0,000135
sticks 0,733969 0,000189
stiff 0,430783 0,000111
stiffly 1,469676 0,000378
stifle 0,967584 0,000249
stimulus 1,560648 0,000402
stir 0,210721 0,000054
stock 0,235722 0,000061
stocking 0,843970 0,000217
stolid 1,660731 0,000427
stone 0,094311 0,000049
stool 0,653926 0,000168
stoop 0,400478 0,000103
stoppage 2,120264 0,000546
store 0,061875 0,000016
stormy 0,755023 0,000194
story 0,030459 0,000008
stout 0,527633 0,000136
straight 0,105361 0,000027
strait 1,049822 0,000270
strange 0,061875 0,000016
strangely 0,579818 0,000149
stranger 0,139262 0,000036
straw 0,342490 0,000088
streak 0,820981 0,000211
stream 0,139262 0,000036
streaming 0,798508 0,000205
street 0,116534 0,000030
strenuous 1,514128 0,000390
stretch 0,116534 0,000060
strew 0,733969 0,000189
stricken 0,653926 0,000168
strict 0,186330 0,000048
stride 0,616186 0,000317
strike 0,020203 0,000016
striking 0,274437 0,000071
strive 0,385662 0,000099
stroke 0,301105 0,000077
stroll 0,820981 0,000211
strong 0,020203 0,000010
structure 0,634878 0,000163
struggle 0,127833 0,000066
stubble 1,609438 0,000414
stubborn 0,843970 0,000217
student 0,579818 0,000149
study 0,094311 0,000049
stuff 0,223144 0,000057
stumbling 1,108663 0,000285
stupendously 3,912023 0,001007
stupid 0,478036 0,000123
sturdy 1,108663 0,000285
subject 0,061875 0,000032
subscribe 0,342490 0,000088
subside 0,916291 0,000236
substance 0,415515 0,000214
substitute 0,713350 0,000184
suburban 1,771957 0,000456
succession 0,510826 0,000131
sudden 0,072571 0,000019
suddenly 0,040822 0,000011
suffer 0,061875 0,000032
suffering 0,210721 0,000108
suggestive 1,237874 0,000319
suit 0,198451 0,000051
suited 0,597837 0,000154
sullen 0,798508 0,000205
sum 0,261365 0,000135
summary 1,469676 0,000378
summer 0,186330 0,000048
summon 0,544727 0,000280
sun 0,072571 0,000019
sunburnt 2,040221 0,000525
superiority 0,673345 0,000173
supernatural 1,272966 0,000328
supplication 1,108663 0,000285
support 0,094311 0,000049
suppose 0,020203 0,000010
suppression 1,560648 0,000402
surely 0,186330 0,000048
surface 0,287682 0,000074
surgical 1,832581 0,000472
surprise 0,150823 0,000039
surprised 0,210721 0,000054
surprising 0,544727 0,000140
surround 0,162519 0,000042
survey 0,462035 0,000119
survive 0,186330 0,000048
suspect 0,162519 0,000084
suspend 0,527633 0,000136
suspicion 0,210721 0,000108
swamp 0,287682 0,000074
swan 1,171183 0,000301
swarm 0,634878 0,000163
swear 0,261365 0,000135
sweep 0,274437 0,000071
sweeping 0,820981 0,000211
sweet 0,139262 0,000036
sweeten 1,771957 0,000456
sweetheart 1,609438 0,000414
swell 0,186330 0,000048
swindle 1,714798 0,000441
sword 0,430783 0,000111
symmetrically 2,525729 0,000650
symmetry 1,514128 0,000390
sympathy 0,314711 0,000081
synonymous 0,446287 0,000115
table 0,083382 0,000043
tail 0,356675 0,000184
tailor 1,108663 0,000285
tale 0,248461 0,000064
talent 0,385662 0,000099
talk 0,061875 0,000032
talker 1,469676 0,000378
talking 0,150823 0,000039
tall 0,198451 0,000102
tangled 1,108663 0,000285
tap 0,798508 0,000411
tape 1,660731 0,000427
tart 1,897120 0,000488
task 0,248461 0,000128
taste 0,105361 0,000081
tax 0,248461 0,000128
tea 0,579818 0,000149
teaboard 3,218876 0,000828
teach 0,083382 0,000043
team 1,049822 0,000270
teapot 2,040221 0,000525
tear 0,030459 0,000031
tearful 1,514128 0,000390
tedious 0,755023 0,000194
teens 2,302585 0,000593
telescope 1,386294 0,000357
temper 0,261365 0,000067
tempered 0,653926 0,000168
temple 0,314711 0,000081
tempting 0,967584 0,000249
tend 0,430783 0,000333
tender 0,301105 0,000155
tenderly 0,916291 0,000236
tenderness 0,616186 0,000159
tenement 1,660731 0,000427
term 0,061875 0,000048
terribly 0,733969 0,000189
terrify 0,579818 0,000149
terror 0,162519 0,000042
thankfulness 1,832581 0,000472
thaw 1,386294 0,000357
thee 0,597837 0,000154
theme 0,891598 0,000229
thinking 0,274437 0,000071
thirsty 0,820981 0,000211
thoroughbred 2,813411 0,000724
thoughtful 0,693147 0,000178
thoughtfully 0,994252 0,000256
thoughtfulness 2,120264 0,000546
thoughtless 1,108663 0,000285
thread 0,342490 0,000176
threshold 0,562119 0,000145
thrice 0,755023 0,000194
thrill 0,713350 0,000184
thrive 1,078810 0,000278
throat 0,223144 0,000057
throw 0,010050 0,000008
thrust 0,287682 0,000074
thursday 1,049822 0,000270
thy 0,634878 0,000163
tick 1,171183 0,000301
tie 0,105361 0,000027
tight 0,494296 0,000127
tilly 3,912023 0,001007
tilt 1,309333 0,000337
time -0,009950 -0,000008
timid 0,544727 0,000140
tinder 2,120264 0,000546
tiny 0,820981 0,000211
tippet 3,218876 0,000828
tire 0,941609 0,000242
tired 0,198451 0,000051
title 0,116534 0,000030
toadstool 2,659260 0,000684
toast 1,139434 0,000293
tobacco 0,713350 0,000184
toe 0,616186 0,000317
tolerable 0,994252 0,000256
toll 1,427116 0,000367
tom 1,049822 0,000270
tone 0,198451 0,000051
tongue 0,139262 0,000072
topsy 1,966113 0,000506
torpid 2,207275 0,000568
torture 0,371064 0,000191
totter 1,237874 0,000319
touch 0,010050 0,000008
touchstone 2,659260 0,000684
town 0,094311 0,000024
toy 0,733969 0,000378
toymaker 3,912023 0,001007
track 0,415515 0,000107
trade 0,287682 0,000074
trademark 0,562119 0,000145
trail 0,653926 0,000168
train 0,162519 0,000042
tramp 0,891598 0,000229
tranquil 0,994252 0,000256
tranquillity 1,049822 0,000270
transaction 0,967584 0,000249
transcendent 1,897120 0,000488
transcribe 0,462035 0,000238
transcription 0,527633 0,000136
transfix 1,386294 0,000357
transform 0,693147 0,000357
transport 0,653926 0,000168
trap 0,527633 0,000136
traveller 0,755023 0,000194
treachery 0,755023 0,000194
tread 0,328504 0,000085
treasure 0,261365 0,000067
treat 0,127833 0,000033
treatment 0,127833 0,000033
tree 0,061875 0,000032
tremble 0,174353 0,000135
tremendous 0,693147 0,000178
trial 0,261365 0,000067
tribe 0,693147 0,000178
trick 0,274437 0,000071
trifle 0,446287 0,000230
trigger 1,714798 0,000441
trill 2,120264 0,000546
trimmed 1,237874 0,000319
trip 0,510826 0,000131
triumphant 0,798508 0,000205
triumphantly 0,941609 0,000242
trivial 0,776529 0,000200
triviality 2,407946 0,000620
trodden 1,237874 0,000319
troll 3,218876 0,000828
troop 0,843970 0,000217
troops 0,941609 0,000242
trot 0,867501 0,000446
trouble 0,010050 0,000005
truce 1,203973 0,000310
true 0,020203 0,000005
trumpet 0,843970 0,000217
trunk 0,579818 0,000149
trust 0,061875 0,000048
truth 0,030459 0,000008
truthful 1,427116 0,000367
tube 1,309333 0,000337
tuck 1,049822 0,000270
tug 0,916291 0,000236
tumble 0,494296 0,000127
tumbler 1,560648 0,000402
tumult 0,798508 0,000205
tune 0,616186 0,000159
turnip 2,120264 0,000546
turnpike 2,207275 0,000568
turvy 2,120264 0,000546
twilight 0,733969 0,000189
twin 1,108663 0,000285
twinkle 1,049822 0,000540
twinkling 1,021651 0,000263
twist 0,314711 0,000243
type 0,174353 0,000090
ubiquity 3,218876 0,000828
ugly 0,385662 0,000099
unaccountable 1,108663 0,000285
unanswerable 1,771957 0,000456
unbeknown 3,218876 0,000828
uncertain 0,301105 0,000077
uncomfortable 0,798508 0,000205
uncomfortably 1,771957 0,000456
uncommon 0,798508 0,000205
uncommonly 1,386294 0,000357
unconnected 1,897120 0,000488
unconscious 0,400478 0,000103
uncontrollable 1,347074 0,000347
undeceived 2,040221 0,000525
undeniable 1,897120 0,000488
undeniably 2,525729 0,000650
understand 0,020203 0,000010
undertake 0,385662 0,000099
undiminished 2,207275 0,000568
undivided 1,832581 0,000472
undying 2,525729 0,000650
uneasiness 0,994252 0,000256
uneasy 0,544727 0,000140
unenforceability 0,562119 0,000145
unequal 0,843970 0,000217
unexpected 0,430783 0,000111
unexpectedly 0,916291 0,000236
unfinished 1,049822 0,000270
unfortunate 0,314711 0,000081
ungenteel 3,506558 0,000902
unhappy 0,400478 0,000103
unheard 0,994252 0,000256
unheeded 1,609438 0,000414
uniform 0,210721 0,000054
unimpeachable 2,525729 0,000650
uninterested 2,207275 0,000568
united 0,094311 0,000024
universe 0,733969 0,000189
unknown 0,105361 0,000027
unlink 0,562119 0,000145
unlooked 2,040221 0,000525
unmitigated 2,525729 0,000650
unpolished 2,407946 0,000620
unprotected 0,673345 0,000173
unquestionably 1,427116 0,000367
unroll 1,771957 0,000456
unscrew 1,966113 0,000506
unseen 0,616186 0,000159
unsolicited 0,510826 0,000131
unspeakable 0,994252 0,000256
unstopped 3,506558 0,000902
unsuspicious 2,120264 0,000546
unusual 0,415515 0,000107
unwilling 0,653926 0,000168
unwillingness 1,832581 0,000472
unwonted 1,309333 0,000337
update 0,510826 0,000131
upholstery 2,813411 0,000724
upright 0,301105 0,000077
uprose 2,525729 0,000650
upset 0,755023 0,000194
upturn 2,995732 0,000771
upward 0,579818 0,000149
urge 0,274437 0,000071
user 0,544727 0,000140
usual 0,139262 0,000036
ut 0,510826 0,000131
utter 0,162519 0,000042
utterly 0,371064 0,000095
vacant 0,693147 0,000178
vacantly 1,897120 0,000488
vacation 1,347074 0,000347
vaccinate 2,995732 0,000771
vagabond 1,203973 0,000310
vague 0,579818 0,000149
vain 0,116534 0,000030
vainly 0,634878 0,000163
valve 2,207275 0,000568
vampire 1,897120 0,000488
vanilla 0,544727 0,000140
vanish 0,314711 0,000081
vanity 0,400478 0,000103
variety 0,150823 0,000039
vast 0,223144 0,000057
veal 1,771957 0,000456
vegetable 0,693147 0,000178
vehemently 1,386294 0,000357
venerable 0,843970 0,000217
vent 0,798508 0,000205
venture 0,223144 0,000057
verily 1,139434 0,000293
verse 0,478036 0,000123
version 0,342490 0,000088
vessel 0,446287 0,000115
vestment 1,771957 0,000456
vex 0,579818 0,000149
viand 1,714798 0,000441
vice 0,478036 0,000123
victim 0,385662 0,000099
view 0,040822 0,000042
vigilance 1,309333 0,000337
vigour 0,843970 0,000217
vilely 2,120264 0,000546
villain 0,916291 0,000236
vindicate 1,427116 0,000367
violate 0,342490 0,000088
violence 0,248461 0,000064
violent 0,223144 0,000057
violently 0,462035 0,000119
virus 0,527633 0,000136
visibly 0,916291 0,000236
vision 0,301105 0,000077
visit 0,030459 0,000024
visitor 0,446287 0,000115
vital 0,693147 0,000178
vivacity 1,237874 0,000319
vocal 1,469676 0,000378
vocation 1,272966 0,000328
voice 0,020203 0,000010
void 0,261365 0,000067
volunteer 0,314711 0,000081
volunteers 0,430783 0,000111
vowel 2,120264 0,000546
waggon 1,660731 0,000427
waist 0,693147 0,000178
waistcoat 0,941609 0,000242
wait 0,061875 0,000032
waiting 0,083382 0,000021
wake 0,223144 0,000057
walk 0,000000 0,000000
walker 1,714798 0,000441
wall 0,094311 0,000049
wander 0,116534 0,000060
ware 1,660731 0,000427
warm 0,116534 0,000090
warning 0,235722 0,000061
warranty 0,544727 0,000280
wary 1,171183 0,000301
wash 0,210721 0,000108
watch 0,020203 0,000016
water 0,040822 0,000011
wave 0,210721 0,000163
wax 0,446287 0,000115
waxy 2,659260 0,000684
weak 0,105361 0,000027
weakness 0,248461 0,000064
wealth 0,287682 0,000074
weapon 0,400478 0,000103
wear 0,083382 0,000107
weariness 0,755023 0,000194
wearisome 1,139434 0,000293
weather 0,248461 0,000064
wedding 0,733969 0,000189
weed 0,755023 0,000194
week 0,127833 0,000033
weep 0,356675 0,000092
weigh 0,162519 0,000084
weight 0,116534 0,000060
weird 1,309333 0,000337
welsh 2,407946 0,000620
west 0,083382 0,000021
wet 0,261365 0,000067
wharf 1,427116 0,000367
whatsoever 0,287682 0,000074
wheedle 2,407946 0,000620
wheel 0,274437 0,000071
whereon 1,309333 0,000337
wheresoever 2,207275 0,000568
whimsical 1,560648 0,000402
whir 2,207275 0,000568
whisk 1,771957 0,000456
whisker 1,171183 0,000301
whisper 0,248461 0,000128
whispering 0,798508 0,000411
whit 1,171183 0,000301
white 0,051293 0,000013
whiten 1,771957 0,000456
wholesome 0,867501 0,000223
wholly 0,400478 0,000103
wicked 0,328504 0,000085
wide 0,030459 0,000016
widen 0,916291 0,000236
wield 1,427116 0,000367
wife 0,083382 0,000064
wild 0,051293 0,000013
wildly 0,776529 0,000200
win 0,356675 0,000092
wind 0,094311 0,000024
winded 1,832581 0,000472
window 0,162519 0,000084
wink 0,597837 0,000154
winter 0,198451 0,000051
wiry 1,832581 0,000472
wisp 1,660731 0,000427
wistful 2,207275 0,000568
wistfully 1,832581 0,000472
wit 0,198451 0,000051
withal 1,347074 0,000347
withdraw 0,210721 0,000054
wither 1,347074 0,000347
withered 0,843970 0,000217
withstand 1,021651 0,000263
witness 0,116534 0,000060
woeful 2,302585 0,000593
woman 0,030459 0,000016
wonderful 0,162519 0,000042
wonderfully 0,510826 0,000131
wondrous 1,203973 0,000310
wood 0,083382 0,000021
wooden 0,415515 0,000107
word 0,020203 0,000005
workaday 2,995732 0,000771
workbox 3,506558 0,000902
worm 0,733969 0,000189
worry 0,544727 0,000140
worth 0,061875 0,000016
worthy 0,186330 0,000048
wounded 0,274437 0,000071
wrap 0,400478 0,000103
wrapper 1,469676 0,000378
wrath 0,634878 0,000163
wretched 0,328504 0,000085
wring 0,798508 0,000411
write 0,020203 0,000005
writing 0,061875 0,000016
wrong 0,072571 0,000019
wry 2,120264 0,000546
yard 0,223144 0,000057
yawning 1,237874 0,000319
yesterday 0,301105 0,000077
yield 0,174353 0,000090
yoking 2,813411 0,000724
yonder 0,843970 0,000217
youth 0,139262 0,000036
zeal 0,579818 0,000149
zealous 1,049822 0,000270
