abhorrence 1,560648 0,000437
abide 0,287682 0,000081
abject 1,049822 0,000294
abjection 3,506558 0,000982
abnormal 1,832581 0,000513
abominable 0,867501 0,000243
abreast 1,203973 0,000337
abruptly 0,843970 0,000236
absence 0,274437 0,000077
absent 0,385662 0,000108
abstinence 1,609438 0,000451
accent 0,843970 0,000236
accept 0,094311 0,000026
accepted 0,139262 0,000039
accepting 0,287682 0,000081
access 0,314711 0,000088
accessed 0,562119 0,000157
accessible 0,446287 0,000125
accident 0,371064 0,000104
accompanied 0,223144 0,000062
accomplishment 1,139434 0,000319
accosted 1,386294 0,000388
account 0,010050 0,000003
accounts 0,597837 0,000167
accoutrement 3,506558 0,000982
accursed 1,108663 0,000310
accustomed 0,287682 0,000081
acids 2,995732 0,000839
acknowledgment 1,347074 0,000377
acquaintance 0,301105 0,000084
acquiescence 1,427116 0,000400
action 0,139262 0,000039
active 0,127833 0,000036
activity 0,446287 0,000125
actual 0,174353 0,000049
acuteness 1,427116 0,000400
add 0,198451 0,000056
addition 0,116534 0,000033
additional 0,198451 0,000056
additions 0,371064 0,000104
address 0,116534 0,000033
addressed 0,274437 0,000077
addresses 0,385662 0,000108
addressing 0,579818 0,000162
admit 0,235722 0,000066
admittance 1,427116 0,000400
admitted 0,301105 0,000084
admitting 1,078810 0,000302
advanced 0,274437 0,000077
advancing 0,579818 0,000162
adventure 0,510826 0,000143
adventures 0,562119 0,000157
advertised 1,609438 0,000451
advice 0,186330 0,000052
advise 0,462035 0,000129
affairs 0,235722 0,000066
affect 0,478036 0,000134
affection 0,235722 0,000066
affections 0,798508 0,000224
affirmative 1,203973 0,000337
afford 0,301105 0,000084
afraid 0,105361 0,000030
afresh 1,021651 0,000286
afternoon 0,287682 0,000081
afternoons 1,771957 0,000496
age 0,051293 0,000014
aged 0,198451 0,000056
agent 0,274437 0,000077
agents 0,967584 0,000271
aghast 1,272966 0,000356
agonies 1,427116 0,000400
agonised 1,966113 0,000551
agree 0,116534 0,000033
agreeable 0,462035 0,000129
agreed 0,116534 0,000033
agreement 0,210721 0,000059
ails 1,660731 0,000465
air 0,061875 0,000017
alarm 0,356675 0,000100
alarmed 0,478036 0,000134
alarms 1,771957 0,000496
alas 0,462035 0,000129
alert 0,843970 0,000236
alive 0,051293 0,000014
alleviation 2,525729 0,000707
allowance 0,776529 0,000217
allusion 0,843970 0,000236
aloud 0,301105 0,000084
alter 0,544727 0,000153
alteration 0,314711 0,000088
altered 0,510826 0,000143
alternate 0,328504 0,000092
altogether 0,198451 0,000056
amazed 0,634878 0,000178
amazement 0,446287 0,000125
ambition 0,597837 0,000167
amen 1,237874 0,000347
amiss 0,820981 0,000230
amities 3,912023 0,001095
amorphous 3,912023 0,001095
amply 0,967584 0,000271
anatomical 2,407946 0,000674
ancient 0,198451 0,000056
anew 0,867501 0,000243
angel 0,579818 0,000162
anger 0,328504 0,000092
angry 0,174353 0,000049
anguish 0,579818 0,000162
animal 0,261365 0,000073
annotated 2,813411 0,000788
answer 0,040822 0,000011
answered 0,072571 0,000020
answering 0,510826 0,000143
anticipation 0,843970 0,000236
apace 1,771957 0,000496
ape 1,514128 0,000424
apocryphal 2,813411 0,000788
apothecary 1,714798 0,000480
appalled 1,203973 0,000337
appalling 1,237874 0,000347
apparatus 1,347074 0,000377
apparent 0,314711 0,000088
appeal 0,342490 0,000096
appearance 0,083382 0,000023
appearances 0,693147 0,000194
appended 2,302585 0,000645
appetite 0,371064 0,000104
appetites 1,049822 0,000294
applicable 0,400478 0,000112
apply 0,162519 0,000046
apprehension 0,616186 0,000173
apprehensions 1,078810 0,000302
approach 0,083382 0,000023
approached 0,248461 0,000070
approaches 0,867501 0,000243
approaching 0,235722 0,000066
approved 0,693147 0,000194
approving 1,427116 0,000400
aptness 3,218876 0,000901
architects 2,120264 0,000594
archive 0,544727 0,000153
arm 0,094311 0,000026
arms 0,051293 0,000014
aroused 0,755023 0,000211
arranged 0,328504 0,000092
arrangement 0,462035 0,000129
arrangements 0,634878 0,000178
array 0,314711 0,000088
arrested 0,733969 0,000206
arrival 0,356675 0,000100
arrive 0,314711 0,000088
arteries 2,040221 0,000571
articles 0,527633 0,000148
ascii 0,562119 0,000157
ashamed 0,248461 0,000070
ashes 0,462035 0,000129
asleep 0,162519 0,000046
aspirations 1,108663 0,000310
ass 0,941609 0,000264
assail 1,609438 0,000451
assaults 1,514128 0,000424
assistance 0,105361 0,000030
associates 1,427116 0,000400
assume 0,478036 0,000134
assurance 0,430783 0,000121
assures 1,203973 0,000337
astute 1,609438 0,000451
attached 0,127833 0,000036
attachment 0,941609 0,000264
attack 0,301105 0,000084
attained 0,494296 0,000138
attempt 0,083382 0,000023
attempted 0,356675 0,000100
attendants 1,108663 0,000310
attention 0,083382 0,000023
attired 1,427116 0,000400
attributes 1,237874 0,000347
audible 0,916291 0,000257
audibly 1,560648 0,000437
aught 0,891598 0,000250
aura 2,525729 0,000707
austere 1,171183 0,000328
author 0,116534 0,000033
autograph 2,813411 0,000788
autumn 0,653926 0,000183
avail 0,544727 0,000153
avenger 1,609438 0,000451
avenues 1,427116 0,000400
aversion 0,941609 0,000264
avidity 1,897120 0,000531
avoid 0,174353 0,000049
avoidance 2,040221 0,000571
avoided 0,371064 0,000104
avowed 1,386294 0,000388
awaiting 0,693147 0,000194
awake 0,356675 0,000100
awakened 0,673345 0,000189
aware 0,223144 0,000062
awe 0,597837 0,000167
awful 0,328504 0,000092
awhile 0,967584 0,000271
awoke 0,446287 0,000125
axe 1,049822 0,000294
ay 1,108663 0,000310
babylonian 2,120264 0,000594
bachelor 1,078810 0,000302
bad 0,051293 0,000014
bade 0,597837 0,000167
baffled 1,171183 0,000328
bagpipe 3,506558 0,000982
baize 2,407946 0,000674
balance 0,544727 0,000153
balanced 1,021651 0,000286
balancing 1,272966 0,000356
balder 3,912023 0,001095
balderdash 3,506558 0,000982
ballroom 2,407946 0,000674
bandit 2,407946 0,000674
bands 0,843970 0,000236
bank 0,261365 0,000073
banked 2,407946 0,000674
banks 0,494296 0,000138
bare 0,162519 0,000046
bargain 0,597837 0,000167
barred 0,916291 0,000257
base 0,301105 0,000084
based 0,371064 0,000104
bated 2,659260 0,000745
battered 1,309333 0,000367
beaconed 3,912023 0,001095
bear 0,061875 0,000017
bearer 1,203973 0,000337
beautiful 0,083382 0,000023
bed 0,051293 0,000014
bedroom 0,798508 0,000224
bedside 1,171183 0,000328
beetles 2,407946 0,000674
befallen 1,078810 0,000302
befell 1,171183 0,000328
beg 0,210721 0,000059
begged 0,462035 0,000129
begs 1,832581 0,000513
beheld 0,510826 0,000143
behold 0,342490 0,000096
beholders 1,966113 0,000551
belief 0,198451 0,000056
bell 0,400478 0,000112
bells 0,597837 0,000167
beloved 0,415515 0,000116
bench 0,616186 0,000173
bending 0,597837 0,000167
benefactor 1,171183 0,000328
beneficent 1,386294 0,000388
besieged 1,560648 0,000437
besiegers 2,659260 0,000745
bestial 1,966113 0,000551
betook 1,560648 0,000437
bible 0,776529 0,000217
bidden 1,347074 0,000377
bidding 0,820981 0,000230
bigness 2,207275 0,000618
binary 0,562119 0,000157
bind 0,755023 0,000211
bird 0,235722 0,000066
birth 0,301105 0,000084
bit 0,174353 0,000049
biting 0,713350 0,000200
bitter 0,235722 0,000066
black 0,072571 0,000020
blackguardly 3,912023 0,001095
blackness 1,237874 0,000347
blame 0,174353 0,000049
blamed 0,941609 0,000264
blameless 1,469676 0,000412
bland 2,040221 0,000571
blank 0,579818 0,000162
blasphemies 2,407946 0,000674
blasted 1,347074 0,000377
blatant 3,218876 0,000901
blazoned 3,506558 0,000982
bless 0,430783 0,000121
blew 0,494296 0,000138
blind 0,223144 0,000062
blistered 2,207275 0,000618
block 0,616186 0,000173
blood 0,116534 0,000033
blot 1,347074 0,000377
blotted 1,272966 0,000356
blow 0,139262 0,000039
blowing 0,510826 0,000143
blows 0,371064 0,000104
body 0,030459 0,000009
boil 1,237874 0,000347
boiled 0,798508 0,000224
boiling 0,776529 0,000217
boisterous 1,514128 0,000424
boldness 0,916291 0,000257
bond 0,673345 0,000189
bondage 1,203973 0,000337
bonds 0,798508 0,000224
bones 0,235722 0,000066
bonnie 3,218876 0,000901
book 0,061875 0,000017
books 0,139262 0,000039
bore 0,150823 0,000042
born 0,105361 0,000030
borne 0,261365 0,000073
bottle 0,562119 0,000157
bottles 0,798508 0,000224
bound 0,030459 0,000009
bounded 0,634878 0,000178
bounding 1,171183 0,000328
bounds 0,634878 0,000178
bowed 0,371064 0,000104
bowels 1,309333 0,000367
box 0,248461 0,000070
boy 0,139262 0,000039
braced 1,609438 0,000451
bracketed 3,506558 0,000982
bradshaw 2,813411 0,000788
branch 0,385662 0,000108
brandishing 1,771957 0,000496
brasses 3,506558 0,000982
bravos 3,912023 0,001095
breach 0,274437 0,000077
break 0,083382 0,000023
breakfast 0,356675 0,000100
breakfasted 2,040221 0,000571
breakfasting 2,525729 0,000707
breaking 0,210721 0,000059
breast 0,210721 0,000059
breath 0,174353 0,000049
breathe 0,478036 0,000134
bright 0,116534 0,000033
brighten 1,897120 0,000531
brightened 0,967584 0,000271
brightly 0,994252 0,000278
brightness 0,634878 0,000178
brilliantly 1,560648 0,000437
brimming 2,120264 0,000594
bring 0,010050 0,000003
bringing 0,105361 0,000030
brings 0,328504 0,000092
broad 0,139262 0,000039
broadly 1,897120 0,000531
broke 0,116534 0,000033
broken 0,061875 0,000017
brooded 1,347074 0,000377
broom 1,469676 0,000412
brother 0,127833 0,000036
brought 0,010050 0,000003
brow 0,544727 0,000153
brown 0,274437 0,000077
brute 0,579818 0,000162
brutish 2,040221 0,000571
build 0,446287 0,000125
building 0,223144 0,000062
buildings 0,713350 0,000200
built 0,150823 0,000042
bull 0,510826 0,000143
buried 0,248461 0,000070
burned 0,400478 0,000112
burning 0,150823 0,000042
burst 0,287682 0,000081
burthen 2,302585 0,000645
business 0,040822 0,000011
busy 0,223144 0,000062
butler 1,203973 0,000337
butt 1,171183 0,000328
buttressed 2,995732 0,000839
cab 1,272966 0,000356
cabinet 1,021651 0,000286
cabinets 2,040221 0,000571
caged 1,832581 0,000513
cain 1,660731 0,000465
calamity 0,891598 0,000250
calculate 0,328504 0,000092
calculated 0,174353 0,000049
calendar 1,714798 0,000480
callous 1,469676 0,000412
callousness 2,995732 0,000839
calmly 0,510826 0,000143
cancer 1,966113 0,000551
candle 0,544727 0,000153
cane 0,916291 0,000257
capacious 1,771957 0,000496
capacity 0,527633 0,000148
capers 2,813411 0,000788
capital 0,328504 0,000092
captives 1,514128 0,000424
capture 0,820981 0,000230
carbuncles 2,659260 0,000745
card 0,223144 0,000062
cards 0,634878 0,000178
care 0,000000 0,000000
career 0,478036 0,000134
careful 0,174353 0,000049
carefully 0,139262 0,000039
careless 0,494296 0,000138
carpenter 1,108663 0,000310
carpet 0,653926 0,000183
carpets 1,427116 0,000400
carriage 0,446287 0,000125
carried 0,030459 0,000009
carry 0,030459 0,000009
carrying 0,083382 0,000023
cash 1,021651 0,000286
cast 0,116534 0,000033
catastrophe 1,108663 0,000310
catholicity 3,506558 0,000982
caught 0,162519 0,000046
causeless 2,207275 0,000618
caution 0,527633 0,000148
cavendish 2,659260 0,000745
cavern 1,347074 0,000377
cease 0,139262 0,000039
ceased 0,235722 0,000066
celebrated 0,562119 0,000157
cell 0,916291 0,000257
cellar 1,021651 0,000286
centred 1,897120 0,000531
cerebral 2,995732 0,000839
certainty 0,342490 0,000096
chain 0,415515 0,000116
chained 1,108663 0,000310
chair 0,274437 0,000077
chamber 0,400478 0,000112
chambers 0,733969 0,000206
chance 0,083382 0,000023
chanced 0,843970 0,000236
change 0,010050 0,000003
changed 0,051293 0,000014
changing 0,248461 0,000070
character 0,061875 0,000017
characters 0,430783 0,000121
charge 0,051293 0,000014
charged 0,328504 0,000092
charges 0,223144 0,000062
charging 1,347074 0,000377
charitable 0,287682 0,000081
charities 0,494296 0,000138
charms 0,755023 0,000211
chastisement 1,771957 0,000496
chattering 1,108663 0,000310
check 0,174353 0,000049
checks 0,478036 0,000134
cheerful 0,385662 0,000108
chemical 1,469676 0,000412
chemicals 2,525729 0,000707
chemist 1,714798 0,000480
chemists 2,659260 0,000745
cheque 1,966113 0,000551
cherish 1,078810 0,000302
cherished 0,843970 0,000236
cherishing 2,120264 0,000594
cheval 3,218876 0,000901
chief 0,094311 0,000026
child 0,072571 0,000020
childhood 0,527633 0,000148
children 0,072571 0,000020
chill 0,733969 0,000206
chimney 0,798508 0,000224
chocolate 1,514128 0,000424
choice 0,150823 0,000042
choose 0,083382 0,000023
chops 2,302585 0,000645
chose 0,301105 0,000084
chosen 0,186330 0,000052
chuckled 1,237874 0,000347
church 0,261365 0,000073
circle 0,223144 0,000062
circulars 2,995732 0,000839
circulation 1,514128 0,000424
circumscription 3,506558 0,000982
circumstance 0,446287 0,000125
circumstances 0,162519 0,000046
citadel 1,560648 0,000437
city 0,051293 0,000014
civilities 1,966113 0,000551
civilly 1,560648 0,000437
claim 0,116534 0,000033
clasped 0,843970 0,000236
class 0,314711 0,000088
clatter 1,386294 0,000388
clause 1,966113 0,000551
clauses 2,995732 0,000839
clay 0,494296 0,000138
clean 0,248461 0,000070
cleanliness 1,237874 0,000347
clerk 0,673345 0,000189
client 1,560648 0,000437
clinched 2,659260 0,000745
cloak 0,562119 0,000157
clock 0,527633 0,000148
close 0,051293 0,000014
closed 0,116534 0,000033
closer 0,385662 0,000108
closet 1,139434 0,000319
closets 2,120264 0,000594
closing 0,446287 0,000125
cloth 0,356675 0,000100
clothed 0,673345 0,000189
clothes 0,127833 0,000036
clouded 1,237874 0,000347
cloudless 1,514128 0,000424
clouds 0,342490 0,000096
clubbed 2,407946 0,000674
clutched 0,994252 0,000278
coat 0,274437 0,000077
cobweb 2,207275 0,000618
codes 0,510826 0,000143
cold 0,040822 0,000011
collar 0,713350 0,000200
collared 2,407946 0,000674
colleague 1,714798 0,000480
collected 0,415515 0,000116
collection 0,174353 0,000049
college 0,693147 0,000194
colour 0,527633 0,000148
coloured 0,693147 0,000194
combat 0,891598 0,000250
combination 0,693147 0,000194
comely 1,237874 0,000347
comfort 0,150823 0,000042
comfortable 0,261365 0,000073
comical 1,560648 0,000437
command 0,162519 0,000046
commend 1,347074 0,000377
commercial 0,274437 0,000077
commingled 2,659260 0,000745
commit 0,527633 0,000148
committed 0,150823 0,000042
common 0,072571 0,000020
commonly 0,755023 0,000211
commonplace 1,237874 0,000347
communicate 0,820981 0,000230
communicated 0,673345 0,000189
community 0,616186 0,000173
companion 0,248461 0,000070
company 0,020203 0,000006
comparative 0,994252 0,000278
comparatively 0,634878 0,000178
compare 0,510826 0,000143
compared 0,274437 0,000077
comparing 0,867501 0,000243
compensations 2,813411 0,000788
compilation 0,494296 0,000138
complaining 0,891598 0,000250
complainingly 3,506558 0,000982
complaints 0,916291 0,000257
complete 0,150823 0,000042
completed 0,446287 0,000125
completely 0,274437 0,000077
compliance 0,342490 0,000096
compliments 0,916291 0,000257
comply 0,342490 0,000096
complying 0,446287 0,000125
compose 0,916291 0,000257
composed 0,328504 0,000092
composedly 2,040221 0,000571
composite 2,302585 0,000645
composure 1,049822 0,000294
compound 1,237874 0,000347
compounded 1,714798 0,000480
compressed 0,342490 0,000096
conceal 0,301105 0,000084
concealed 0,415515 0,000116
conceals 1,609438 0,000451
conceived 0,462035 0,000129
concept 0,544727 0,000153
conception 0,653926 0,000183
concerns 0,820981 0,000230
conclusions 0,916291 0,000257
conclusive 1,427116 0,000400
concourse 1,897120 0,000531
condemnation 1,347074 0,000377
condemned 0,653926 0,000183
condescension 1,309333 0,000367
conditions 0,342490 0,000096
condoned 2,659260 0,000745
conduct 0,198451 0,000056
confess 0,198451 0,000056
confession 0,579818 0,000162
confidence 0,139262 0,000039
confident 0,510826 0,000143
confined 0,385662 0,000108
confirmation 0,356675 0,000100
confirmed 0,174353 0,000049
conflagration 1,469676 0,000412
connected 0,415515 0,000116
connection 0,462035 0,000129
connived 2,813411 0,000788
connoisseur 1,897120 0,000531
conquer 1,021651 0,000286
conquered 0,798508 0,000224
conquering 1,203973 0,000337
conscience 0,314711 0,000088
conscious 0,314711 0,000088
consciousness 0,371064 0,000104
consent 0,328504 0,000092
consequence 0,328504 0,000092
consequential 0,478036 0,000134
considerable 0,105361 0,000030
consideration 0,274437 0,000077
consign 2,040221 0,000571
constant 0,051293 0,000014
constellations 2,302585 0,000645
constitution 0,843970 0,000236
constrained 0,843970 0,000236
consultation 0,994252 0,000278
consulting 0,891598 0,000250
contact 0,210721 0,000059
contempt 0,446287 0,000125
contended 1,469676 0,000412
content 0,186330 0,000052
contentment 1,347074 0,000377
contents 0,094311 0,000026
continent 0,891598 0,000250
continually 0,446287 0,000125
continue 0,261365 0,000073
continued 0,072571 0,000020
continues 0,941609 0,000264
continuously 1,469676 0,000412
contorted 2,120264 0,000594
contract 0,261365 0,000073
contrast 0,494296 0,000138
contributions 0,430783 0,000121
contrived 0,713350 0,000200
control 0,314711 0,000088
controlled 1,171183 0,000328
convenient 0,462035 0,000129
conveniently 1,203973 0,000337
convert 0,385662 0,000108
conveyancing 3,912023 0,001095
convinced 0,287682 0,000081
convulsive 1,272966 0,000356
cook 0,430783 0,000121
cool 0,314711 0,000088
coolly 1,021651 0,000286
coolness 1,171183 0,000328
copying 0,494296 0,000138
copyright 0,415515 0,000116
coquetry 1,897120 0,000531
corded 2,659260 0,000745
cords 1,139434 0,000319
corner 0,127833 0,000036
corners 0,430783 0,000121
corporation 0,462035 0,000129
correct 0,385662 0,000108
correspondence 0,820981 0,000230
corridor 1,203973 0,000337
corridors 1,609438 0,000451
corrupt 0,274437 0,000077
cosily 2,813411 0,000788
cost 0,105361 0,000030
costly 0,967584 0,000271
costs 0,287682 0,000081
counsel 0,527633 0,000148
counted 0,527633 0,000148
countenance 0,415515 0,000116
countenances 1,237874 0,000347
counting 0,693147 0,000194
countrie 3,506558 0,000982
countries 0,235722 0,000066
country 0,010050 0,000003
couple 0,287682 0,000081
courage 0,150823 0,000042
court 0,127833 0,000036
cousin 0,755023 0,000211
cover 0,261365 0,000073
covered 0,139262 0,000039
crack 0,820981 0,000230
crash 0,776529 0,000217
crashed 2,040221 0,000571
crates 2,659260 0,000745
crawled 0,891598 0,000250
crazy 0,916291 0,000257
creaking 1,347074 0,000377
created 0,116534 0,000033
creating 0,342490 0,000096
creation 0,235722 0,000066
creature 0,174353 0,000049
creatures 0,235722 0,000066
credit 0,094311 0,000026
crept 0,494296 0,000138
crime 0,314711 0,000088
crimes 0,653926 0,000183
critic 1,347074 0,000377
critical 0,235722 0,000066
cronies 2,659260 0,000745
cross 0,139262 0,000039
crossed 0,301105 0,000084
crossing 0,462035 0,000129
crouching 1,049822 0,000294
crowd 0,198451 0,000056
crowded 0,301105 0,000084
crowding 1,108663 0,000310
cruelty 0,478036 0,000134
crumpled 1,309333 0,000367
crush 0,967584 0,000271
crushed 0,544727 0,000153
crushing 0,843970 0,000236
crystalline 2,525729 0,000707
crystals 2,407946 0,000674
cup 0,385662 0,000108
cupola 2,302585 0,000645
curiosity 0,223144 0,000062
curious 0,261365 0,000073
current 0,127833 0,000036
curse 0,510826 0,000143
cursed 0,510826 0,000143
curtained 1,832581 0,000513
curtains 0,579818 0,000162
custom 0,210721 0,000059
customary 0,653926 0,000183
cut 0,040822 0,000011
cymbals 2,120264 0,000594
daily 0,248461 0,000070
damage 0,261365 0,000073
damaged 0,356675 0,000100
damages 0,400478 0,000112
damnable 2,040221 0,000571
damned 1,139434 0,000319
damon 3,218876 0,000901
damp 0,415515 0,000116
danger 0,116534 0,000033
dangers 0,597837 0,000167
dapper 2,813411 0,000788
dark 0,051293 0,000014
darkened 0,755023 0,000211
darkly 1,237874 0,000347
darkness 0,186330 0,000052
data 0,494296 0,000138
day 0,000000 0,000000
daylight 0,446287 0,000125
days 0,020203 0,000006
dead 0,072571 0,000020
deadliest 2,813411 0,000788
deadly 0,478036 0,000134
deal 0,105361 0,000030
dealer 1,347074 0,000377
dealing 0,616186 0,000173
death 0,020203 0,000006
debate 1,347074 0,000377
debating 1,966113 0,000551
debility 2,407946 0,000674
decay 0,634878 0,000178
decayed 1,203973 0,000337
decease 1,609438 0,000451
deceived 0,430783 0,000121
december 0,562119 0,000157
decent 0,693147 0,000194
decide 0,274437 0,000077
decided 0,186330 0,000052
decidedly 0,867501 0,000243
decision 0,579818 0,000162
decisively 1,897120 0,000531
declare 0,342490 0,000096
declared 0,210721 0,000059
decreed 1,347074 0,000377
deductible 0,562119 0,000157
deed 0,478036 0,000134
deep 0,051293 0,000014
deeper 0,328504 0,000092
deeply 0,261365 0,000073
defect 0,328504 0,000092
defective 0,356675 0,000100
defects 0,301105 0,000084
defence 0,597837 0,000167
defiance 0,713350 0,000200
definite 0,755023 0,000211
deform 2,659260 0,000745
deformed 1,021651 0,000286
deformity 1,609438 0,000451
degradation 1,108663 0,000310
degree 0,198451 0,000056
degrees 0,446287 0,000125
delay 0,287682 0,000081
deletions 0,562119 0,000157
delicacy 0,713350 0,000200
delight 0,162519 0,000046
delighted 0,287682 0,000081
delirium 1,237874 0,000347
delivered 0,342490 0,000096
delivers 1,897120 0,000531
delivery 0,994252 0,000278
demand 0,127833 0,000036
demeanour 1,469676 0,000412
denied 0,287682 0,000081
denizens 1,966113 0,000551
denying 1,049822 0,000294
departed 0,356675 0,000100
depend 0,371064 0,000104
dependence 1,309333 0,000367
depends 0,198451 0,000056
deposed 1,897120 0,000531
depravity 1,560648 0,000437
depths 0,446287 0,000125
derided 2,120264 0,000594
derivative 0,510826 0,000143
derive 0,342490 0,000096
derived 0,248461 0,000070
description 0,274437 0,000077
deserted 0,385662 0,000108
design 0,400478 0,000112
desire 0,072571 0,000020
desired 0,150823 0,000042
desk 0,891598 0,000250
despair 0,198451 0,000056
despised 0,562119 0,000157
despondency 1,560648 0,000437
destination 1,078810 0,000302
destiny 0,634878 0,000178
destroy 0,127833 0,000036
destroyed 0,274437 0,000077
destroyer 1,714798 0,000480
destroying 0,776529 0,000217
destruction 0,342490 0,000096
detach 0,446287 0,000125
detain 0,820981 0,000230
detection 1,427116 0,000400
determination 0,634878 0,000178
determine 0,210721 0,000059
determined 0,174353 0,000049
detestable 1,203973 0,000337
dethroned 2,813411 0,000788
developed 0,544727 0,000153
devil 0,356675 0,000100
devilish 1,237874 0,000347
devising 2,407946 0,000674
dews 1,771957 0,000496
diabolical 1,714798 0,000480
diaphanous 2,995732 0,000839
dictated 1,272966 0,000356
die 0,105361 0,000030
difficult 0,116534 0,000033
difficulty 0,139262 0,000039
digging 1,108663 0,000310
dimly 0,867501 0,000243
dine 0,673345 0,000189
dined 0,967584 0,000271
dines 2,040221 0,000571
dingy 1,347074 0,000377
dining 0,510826 0,000143
dinner 0,198451 0,000056
dinners 1,108663 0,000310
dire 1,347074 0,000377
direct 0,083382 0,000023
directed 0,287682 0,000081
direction 0,083382 0,000023
directions 0,314711 0,000088
dirt 0,544727 0,000153
disagreeably 1,897120 0,000531
disappearance 1,272966 0,000356
disappeared 0,356675 0,000100
disappointed 0,415515 0,000116
discharged 0,820981 0,000230
disclaim 0,510826 0,000143
disclaimer 0,562119 0,000157
disclaimers 0,562119 0,000157
disclosed 0,867501 0,000243
discoloured 1,897120 0,000531
disconsolate 1,609438 0,000451
discontented 1,078810 0,000302
discontinue 0,544727 0,000153
discourse 0,597837 0,000167
discover 0,083382 0,000023
discovered 0,051293 0,000014
discoveries 0,941609 0,000264
discovery 0,371064 0,000104
discriminating 2,120264 0,000594
disease 0,371064 0,000104
disgrace 0,510826 0,000143
disguise 0,562119 0,000157
disgust 0,446287 0,000125
disgustful 2,995732 0,000839
dishonourable 2,040221 0,000571
disinterred 2,813411 0,000788
disk 0,446287 0,000125
dislike 0,616186 0,000173
disliked 1,049822 0,000294
disloyalty 2,659260 0,000745
dismal 0,843970 0,000236
dismissed 0,597837 0,000167
disordered 1,203973 0,000337
disparity 2,302585 0,000645
dispensing 2,040221 0,000571
disperse 1,660731 0,000465
dispersed 0,867501 0,000243
displaced 1,560648 0,000437
display 0,261365 0,000073
displayed 0,198451 0,000056
displaying 0,342490 0,000096
displeasing 1,771957 0,000496
disposed 0,385662 0,000108
disposition 0,400478 0,000112
disquieted 2,040221 0,000571
disquietude 2,525729 0,000707
disregard 1,021651 0,000286
disregarding 2,207275 0,000618
disreputable 1,714798 0,000480
dissecting 2,120264 0,000594
dissociated 2,659260 0,000745
dissolution 1,469676 0,000412
distained 3,912023 0,001095
distance 0,105361 0,000030
distant 0,162519 0,000046
distaste 1,771957 0,000496
distasteful 1,714798 0,000480
distinct 0,301105 0,000084
distinguished 0,301105 0,000084
distress 0,274437 0,000077
distressed 0,673345 0,000189
distribute 0,400478 0,000112
distributed 0,248461 0,000070
distributing 0,446287 0,000125
distribution 0,430783 0,000121
distributor 0,562119 0,000157
district 0,843970 0,000236
disturbance 0,798508 0,000224
dive 1,347074 0,000377
divide 0,616186 0,000173
divided 0,210721 0,000059
divine 0,430783 0,000121
divinity 0,941609 0,000264
dizziness 2,302585 0,000645
doctor 0,446287 0,000125
document 1,309333 0,000367
documents 1,272966 0,000356
doff 3,218876 0,000901
doggedly 1,897120 0,000531
domain 0,328504 0,000092
domestic 0,527633 0,000148
donate 0,562119 0,000157
donation 0,494296 0,000138
donations 0,494296 0,000138
donors 0,527633 0,000148
doom 1,049822 0,000294
doomed 0,941609 0,000264
door 0,040822 0,000011
doors 0,105361 0,000030
doorstep 1,897120 0,000531
doorways 1,832581 0,000513
dose 1,386294 0,000388
double 0,186330 0,000052
doubled 0,653926 0,000183
doubly 1,049822 0,000294
doubt 0,040822 0,000011
doubted 0,478036 0,000134
doubtless 0,430783 0,000121
downloading 0,562119 0,000157
downright 1,272966 0,000356
doze 1,427116 0,000400
dozed 1,514128 0,000424
dragged 0,462035 0,000129
drank 0,371064 0,000104
draught 0,579818 0,000162
draughts 1,469676 0,000412
draw 0,105361 0,000030
drawer 1,078810 0,000302
drawers 1,049822 0,000294
drawing 0,139262 0,000039
drawn 0,094311 0,000026
dreaded 0,693147 0,000194
dreadful 0,342490 0,000096
dream 0,198451 0,000056
dreamed 0,562119 0,000157
dreaming 0,562119 0,000157
dreams 0,274437 0,000077
drearily 2,040221 0,000571
dreary 0,713350 0,000200
dress 0,186330 0,000052
dressed 0,261365 0,000073
drew 0,162519 0,000046
drift 0,755023 0,000211
drink 0,150823 0,000042
drinking 0,371064 0,000104
drive 0,186330 0,000052
driven 0,127833 0,000036
driver 0,867501 0,000243
drop 0,150823 0,000042
dropping 0,673345 0,000189
drove 0,248461 0,000070
drowned 0,616186 0,000173
drowsed 3,506558 0,000982
drug 1,514128 0,000424
drugs 1,609438 0,000451
drunkard 1,237874 0,000347
dry 0,127833 0,000036
dryness 1,966113 0,000551
dual 2,302585 0,000645
duality 2,995732 0,000839
dull 0,174353 0,000049
duplicity 2,040221 0,000571
dusky 1,021651 0,000286
dust 0,174353 0,000049
dusty 0,967584 0,000271
duty 0,083382 0,000023
dwarf 1,469676 0,000412
dwarfish 2,659260 0,000745
dwell 0,478036 0,000134
dwelling 0,494296 0,000138
dwelt 0,713350 0,000200
dye 1,714798 0,000480
eager 0,210721 0,000059
eagerness 0,544727 0,000153
ear 0,139262 0,000039
earned 0,693147 0,000194
earnest 0,261365 0,000073
earnestly 0,415515 0,000116
ears 0,105361 0,000030
earth 0,051293 0,000014
earthly 0,673345 0,000189
ease 0,162519 0,000046
easily 0,072571 0,000020
east 0,235722 0,000066
eastward 1,203973 0,000337
easy 0,040822 0,000011
eaten 0,446287 0,000125
eating 0,235722 0,000066
ebullition 2,995732 0,000839
eccentric 0,916291 0,000257
echoed 0,798508 0,000224
ecstasy 0,867501 0,000243
eddy 1,966113 0,000551
edge 0,210721 0,000059
edinburgh 2,040221 0,000571
edition 0,287682 0,000081
editions 0,385662 0,000108
educational 0,446287 0,000125
edward 1,049822 0,000294
effervesce 3,218876 0,000901
efficacy 1,966113 0,000551
efficiency 2,040221 0,000571
effort 0,094311 0,000026
efforts 0,139262 0,000039
effulgence 2,407946 0,000674
elapsed 0,967584 0,000271
elastic 1,386294 0,000388
elbow 0,527633 0,000148
elderly 0,843970 0,000236
elect 0,328504 0,000092
electronic 0,544727 0,000153
electronically 0,544727 0,000153
elegant 0,634878 0,000178
elements 0,673345 0,000189
elicited 1,660731 0,000465
eliminated 2,207275 0,000618
email 0,562119 0,000157
embarrassed 0,916291 0,000257
embattled 2,207275 0,000618
embers 1,139434 0,000319
embraced 0,562119 0,000157
eminently 1,469676 0,000412
emotion 0,494296 0,000138
emotional 1,171183 0,000328
emperor 0,994252 0,000278
emphatically 1,203973 0,000337
empire 0,653926 0,000183
employ 0,510826 0,000143
employee 0,527633 0,000148
employees 0,544727 0,000153
emulously 3,912023 0,001095
enclosure 1,272966 0,000356
enclosures 2,207275 0,000618
encoding 0,653926 0,000183
encountered 0,798508 0,000224
endorsed 2,525729 0,000707
endowed 0,820981 0,000230
enduring 0,994252 0,000278
enemy 0,174353 0,000049
energies 1,108663 0,000310
energy 0,415515 0,000116
enfield 2,995732 0,000839
engaged 0,198451 0,000056
engagements 1,203973 0,000337
english 0,094311 0,000026
engravers 3,506558 0,000982
enigmas 2,407946 0,000674
enjoy 0,150823 0,000042
enjoyed 0,415515 0,000116
enormously 1,427116 0,000400
enslaved 1,514128 0,000424
ensuring 0,544727 0,000153
enter 0,094311 0,000026
entered 0,051293 0,000014
entering 0,356675 0,000100
enterprises 1,609438 0,000451
entertainer 2,659260 0,000745
entire 0,274437 0,000077
entity 0,544727 0,000153
entrance 0,210721 0,000059
entries 1,966113 0,000551
entry 0,820981 0,000230
envelope 1,427116 0,000400
envy 0,527633 0,000148
equal 0,174353 0,000049
equally 0,223144 0,000062
equipment 0,430783 0,000121
equipped 1,049822 0,000294
ere 0,634878 0,000178
errand 0,820981 0,000230
error 0,371064 0,000104
errors 0,248461 0,000070
escape 0,094311 0,000026
escaped 0,235722 0,000066
essence 0,693147 0,000194
estate 0,510826 0,000143
esteem 0,494296 0,000138
estimation 1,171183 0,000328
estranged 1,714798 0,000480
ether 1,832581 0,000513
evening 0,083382 0,000023
event 0,342490 0,000096
evidence 0,261365 0,000073
evident 0,356675 0,000100
evil 0,162519 0,000046
exact 0,287682 0,000081
exacting 1,272966 0,000356
exaggerate 1,469676 0,000412
exaggerated 0,843970 0,000236
examine 0,400478 0,000112
examined 0,356675 0,000100
exceeded 1,021651 0,000286
exceeding 0,916291 0,000257
excellent 0,150823 0,000042
exception 0,544727 0,000153
excesses 2,120264 0,000594
exchange 0,342490 0,000096
exchanged 0,579818 0,000162
excitement 0,430783 0,000121
exclaimed 0,494296 0,000138
exclamation 0,994252 0,000278
exclusion 0,371064 0,000104
excursions 1,469676 0,000412
exempt 0,371064 0,000104
exercised 0,867501 0,000243
exertion 0,967584 0,000271
exhausted 0,400478 0,000112
exhibition 1,139434 0,000319
exist 0,342490 0,000096
existed 0,510826 0,000143
existence 0,162519 0,000046
exists 0,235722 0,000066
exorbitant 1,771957 0,000496
expect 0,186330 0,000052
expectation 0,462035 0,000129
expend 0,462035 0,000129
expense 0,150823 0,000042
expenses 0,210721 0,000059
experience 0,083382 0,000023
experiment 0,733969 0,000206
experiments 0,967584 0,000271
explain 0,186330 0,000052
explained 0,248461 0,000070
explaining 0,733969 0,000206
explanation 0,139262 0,000039
explicit 1,347074 0,000377
exporting 0,510826 0,000143
exposed 0,301105 0,000084
express 0,127833 0,000036
expressed 0,274437 0,000077
expression 0,127833 0,000036
exquisitely 1,386294 0,000388
extent 0,083382 0,000023
extinguished 0,693147 0,000194
extraneous 2,040221 0,000571
extraordinary 0,371064 0,000104
extreme 0,235722 0,000066
extremity 0,867501 0,000243
exulting 1,771957 0,000496
eye 0,030459 0,000009
eyed 0,597837 0,000167
eyes 0,010050 0,000003
eyesore 3,506558 0,000982
fabric 1,427116 0,000400
faced 0,820981 0,000230
facility 0,356675 0,000100
faculties 0,693147 0,000194
faded 0,653926 0,000183
fagots 2,302585 0,000645
fail 0,235722 0,000066
failed 0,198451 0,000056
fails 0,891598 0,000250
failure 0,446287 0,000125
faint 0,261365 0,000073
fainted 1,078810 0,000302
fainting 0,776529 0,000217
faintness 1,714798 0,000480
fair 0,051293 0,000014
faith 0,210721 0,000059
fall 0,020203 0,000006
fallen 0,083382 0,000023
falling 0,083382 0,000023
falls 0,328504 0,000092
fame 0,478036 0,000134
familiar 0,150823 0,000042
familiarity 0,891598 0,000250
familiars 2,525729 0,000707
family 0,072571 0,000020
famous 0,261365 0,000073
fan 0,916291 0,000257
fanciful 1,272966 0,000356
fancy 0,198451 0,000056
fantastic 0,798508 0,000224
farewell 0,673345 0,000189
farrago 3,218876 0,000901
fashion 0,174353 0,000049
fast 0,061875 0,000017
fatal 0,342490 0,000096
fate 0,174353 0,000049
father 0,072571 0,000020
fault 0,162519 0,000046
faults 0,693147 0,000194
favour 0,579818 0,000162
favourite 0,653926 0,000183
fear 0,020203 0,000006
feared 0,235722 0,000066
fearful 0,400478 0,000112
fears 0,274437 0,000077
feat 1,386294 0,000388
feature 0,562119 0,000157
features 0,328504 0,000092
federal 0,527633 0,000148
fee 0,342490 0,000096
feel 0,020203 0,000006
feeling 0,105361 0,000030
feelings 0,314711 0,000088
fees 0,415515 0,000116
feet 0,061875 0,000017
feint 2,120264 0,000594
fell 0,051293 0,000014
fellow 0,051293 0,000014
fellows 0,287682 0,000081
fender 1,714798 0,000480
ferocity 1,237874 0,000347
fever 0,371064 0,000104
feverish 0,843970 0,000236
field 0,150823 0,000042
fiend 1,171183 0,000328
figure 0,072571 0,000020
figures 0,248461 0,000070
file 0,235722 0,000066
files 0,478036 0,000134
finally 0,150823 0,000042
financial 0,415515 0,000116
fine 0,072571 0,000020
finger 0,261365 0,000073
finishing 0,843970 0,000236
firelight 1,660731 0,000465
fireside 1,714798 0,000480
firm 0,274437 0,000077
fished 2,040221 0,000571
fit 0,061875 0,000017
fitness 0,446287 0,000125
fitted 0,261365 0,000073
fitting 0,510826 0,000143
fittings 2,407946 0,000674
fixedly 1,427116 0,000400
flags 1,203973 0,000337
flame 0,400478 0,000112
flash 0,510826 0,000143
flats 1,897120 0,000531
flecked 1,897120 0,000531
fled 0,371064 0,000104
flee 1,171183 0,000328
flesh 0,210721 0,000059
fleshly 2,040221 0,000571
flickering 1,108663 0,000310
flight 0,314711 0,000088
flighty 2,207275 0,000618
flock 0,653926 0,000183
floor 0,186330 0,000052
florid 1,560648 0,000437
flush 0,941609 0,000264
flushed 0,713350 0,000200
flushing 1,560648 0,000437
flying 0,235722 0,000066
fog 0,713350 0,000200
fogged 3,912023 0,001095
foggy 1,514128 0,000424
fogs 2,040221 0,000571
folks 0,941609 0,000264
follow 0,020203 0,000006
folly 0,301105 0,000084
fond 0,287682 0,000081
foot 0,083382 0,000023
footfall 2,659260 0,000745
footfalls 2,525729 0,000707
footman 1,469676 0,000412
footstep 1,514128 0,000424
footways 3,506558 0,000982
force 0,061875 0,000017
forced 0,139262 0,000039
forehead 0,430783 0,000121
foresee 1,049822 0,000294
foreseen 1,021651 0,000286
forest 0,430783 0,000121
forfeit 1,660731 0,000465
forfeited 1,660731 0,000465
forge 1,347074 0,000377
forgery 2,040221 0,000571
forget 0,072571 0,000020
forgive 0,356675 0,000100
forgot 0,261365 0,000073
forgotten 0,162519 0,000046
form 0,040822 0,000011
formality 1,469676 0,000412
format 0,562119 0,000157
formats 0,562119 0,000157
formed 0,210721 0,000059
formlessly 3,912023 0,001095
fortified 1,272966 0,000356
fortnight 0,941609 0,000264
fortress 1,049822 0,000294
fortune 0,186330 0,000052
foul 0,634878 0,000178
foully 2,995732 0,000839
foundation 0,174353 0,000049
foundations 0,843970 0,000236
fourth 0,186330 0,000052
fractures 3,506558 0,000982
frame 0,235722 0,000066
frank 0,616186 0,000173
freedom 0,223144 0,000062
freely 0,105361 0,000030
freeze 1,560648 0,000437
freezing 1,347074 0,000377
french 0,342490 0,000096
frenzy 0,867501 0,000243
frequency 1,660731 0,000465
frequented 1,078810 0,000302
frequently 0,287682 0,000081
fresh 0,105361 0,000030
freshly 1,347074 0,000377
freshness 1,021651 0,000286
friend 0,040822 0,000011
friendless 1,771957 0,000496
friendly 0,261365 0,000073
friends 0,020203 0,000006
friendship 0,287682 0,000081
frightened 0,301105 0,000084
fro 0,494296 0,000138
frost 0,755023 0,000211
frown 1,078810 0,000302
froze 1,714798 0,000480
fruitful 1,171183 0,000328
fugitive 1,347074 0,000377
fumes 1,108663 0,000310
funeral 0,634878 0,000178
furious 0,430783 0,000121
furnished 0,328504 0,000092
furniture 0,415515 0,000116
furtherance 2,120264 0,000594
fury 0,328504 0,000092
future 0,105361 0,000030
gable 2,120264 0,000594
gabriel 1,966113 0,000551
gaiety 1,272966 0,000356
gaily 1,078810 0,000302
gain 0,174353 0,000049
gains 0,916291 0,000257
gallows 1,386294 0,000388
garden 0,198451 0,000056
garments 0,597837 0,000167
gasping 1,139434 0,000319
gathered 0,150823 0,000042
gaunt 1,139434 0,000319
gay 0,494296 0,000138
gaze 0,544727 0,000153
gazed 0,597837 0,000167
generation 0,510826 0,000143
generations 0,198451 0,000056
generosities 3,506558 0,000982
generous 0,356675 0,000100
genial 0,994252 0,000278
geniality 2,525729 0,000707
gentleman 0,301105 0,000084
gentlemen 0,430783 0,000121
gently 0,235722 0,000066
genuine 0,597837 0,000167
gesticulated 2,525729 0,000707
gesture 0,634878 0,000178
ghastly 0,867501 0,000243
ghost 0,544727 0,000153
gift 0,261365 0,000073
gin 1,514128 0,000424
girl 0,235722 0,000066
glad 0,072571 0,000020
glance 0,248461 0,000070
glanced 0,653926 0,000183
glances 0,798508 0,000224
glass 0,186330 0,000052
glazed 1,660731 0,000465
glee 1,309333 0,000367
glide 1,309333 0,000367
glimmered 2,302585 0,000645
glimpse 0,544727 0,000153
glimpses 1,021651 0,000286
gloating 2,040221 0,000571
gloom 0,579818 0,000162
gloomiest 2,813411 0,000788
gloomily 1,386294 0,000388
glorious 0,462035 0,000129
glorying 2,659260 0,000745
glow 0,527633 0,000148
glowing 0,510826 0,000143
gnashed 2,525729 0,000707
gnawing 1,386294 0,000388
goals 0,544727 0,000153
god 0,094311 0,000026
gold 0,083382 0,000023
goodwill 1,660731 0,000465
govern 0,342490 0,000096
gradually 0,328504 0,000092
graduated 2,040221 0,000571
grant 0,371064 0,000104
granted 0,150823 0,000042
granting 1,203973 0,000337
grasp 0,385662 0,000108
grate 1,171183 0,000328
gratefully 0,415515 0,000116
gratification 0,994252 0,000278
gratified 1,171183 0,000328
gratitude 0,478036 0,000134
grave 0,127833 0,000036
greatness 0,693147 0,000194
greed 1,609438 0,000451
greedy 1,021651 0,000286
green 0,105361 0,000030
grew 0,139262 0,000039
grey 0,562119 0,000157
grinding 1,078810 0,000302
groping 1,049822 0,000294
gross 0,235722 0,000066
ground 0,030459 0,000009
grounds 0,446287 0,000125
grow 0,139262 0,000039
growing 0,174353 0,000049
growl 1,309333 0,000367
grown 0,116534 0,000033
grows 0,527633 0,000148
growth 0,462035 0,000129
grunted 1,560648 0,000437
guarantee 1,386294 0,000388
guarded 0,597837 0,000167
guess 0,314711 0,000088
guest 0,527633 0,000148
guided 0,462035 0,000129
guilt 0,544727 0,000153
guilty 0,356675 0,000100
gulp 2,040221 0,000571
gust 1,386294 0,000388
gusto 2,120264 0,000594
gutter 1,560648 0,000437
gymnastics 2,525729 0,000707
habit 0,223144 0,000062
habits 0,356675 0,000100
haggard 1,021651 0,000286
hail 0,634878 0,000178
hailing 1,966113 0,000551
hair 0,094311 0,000026
haired 0,820981 0,000230
hairy 1,078810 0,000302
hall 0,314711 0,000088
halloa 2,207275 0,000618
hand 0,010050 0,000003
handbills 3,506558 0,000982
handed 0,274437 0,000077
handkerchief 0,653926 0,000183
handled 0,916291 0,000257
hands 0,020203 0,000006
handsome 0,328504 0,000092
handwriting 1,237874 0,000347
handy 0,994252 0,000278
hanging 0,261365 0,000073
hangs 0,941609 0,000264
hansom 2,302585 0,000645
happen 0,150823 0,000042
happier 0,544727 0,000153
happily 0,478036 0,000134
happiness 0,150823 0,000042
hard 0,040822 0,000011
harder 0,597837 0,000167
hark 1,237874 0,000347
harm 0,210721 0,000059
harmless 0,248461 0,000070
harpies 2,407946 0,000674
harry 1,427116 0,000400
harsh 0,510826 0,000143
hart 0,462035 0,000129
haste 0,371064 0,000104
hastening 1,203973 0,000337
hat 0,478036 0,000134
hate 0,274437 0,000077
hated 0,356675 0,000100
hateful 0,891598 0,000250
hatred 0,494296 0,000138
hatreds 2,659260 0,000745
haunches 1,714798 0,000480
haunt 1,049822 0,000294
haunted 0,579818 0,000162
haunting 1,469676 0,000412
hazard 1,021651 0,000286
head 0,000000 0,000000
headlong 0,843970 0,000236
heady 3,218876 0,000901
healthy 0,356675 0,000100
heaps 0,733969 0,000206
hear 0,010050 0,000003
heard 0,020203 0,000006
hearkening 2,813411 0,000788
heart 0,010050 0,000003
hearted 0,415515 0,000116
hearth 0,867501 0,000243
hearty 0,653926 0,000183
heather 2,207275 0,000618
heaved 1,021651 0,000286
heaven 0,198451 0,000056
heavy 0,030459 0,000009
heel 0,713350 0,000200
heels 0,446287 0,000125
heir 0,653926 0,000183
heirs 1,203973 0,000337
held 0,040822 0,000011
hellish 1,966113 0,000551
helpless 0,328504 0,000092
henceforth 0,867501 0,000243
henry 0,713350 0,000200
heralded 2,407946 0,000674
heresies 2,659260 0,000745
heresy 1,514128 0,000424
hesitate 0,616186 0,000173
hesitated 0,653926 0,000183
hide 0,287682 0,000081
hideous 0,527633 0,000148
highly 0,261365 0,000073
hill 0,248461 0,000070
hillside 1,469676 0,000412
hinge 2,207275 0,000618
hinges 0,994252 0,000278
hired 0,867501 0,000243
hissing 1,237874 0,000347
hitherto 0,385662 0,000108
hoarse 0,867501 0,000243
hoarsely 1,560648 0,000437
hold 0,020203 0,000006
holder 0,446287 0,000125
holograph 3,912023 0,001095
homeward 0,891598 0,000250
honest 0,235722 0,000066
honesty 0,733969 0,000206
honour 0,510826 0,000143
honourable 0,941609 0,000264
honoured 0,916291 0,000257
hope 0,010050 0,000003
hopes 0,210721 0,000059
hoping 0,430783 0,000121
horrible 0,356675 0,000100
horrid 0,713350 0,000200
horror 0,248461 0,000070
horrors 0,693147 0,000194
host 0,478036 0,000134
hosts 1,237874 0,000347
hot 0,116534 0,000033
hotel 0,820981 0,000230
hotness 3,912023 0,001095
hour 0,083382 0,000023
hours 0,094311 0,000026
house 0,020203 0,000006
housed 1,832581 0,000513
household 0,430783 0,000121
housekeeper 1,203973 0,000337
houseless 2,525729 0,000707
housemaid 1,660731 0,000465
houses 0,139262 0,000039
huddled 1,237874 0,000347
hue 0,798508 0,000224
hues 1,771957 0,000496
hum 0,891598 0,000250
human 0,083382 0,000023
humbled 1,171183 0,000328
humility 0,867501 0,000243
hummed 1,660731 0,000465
humorous 1,427116 0,000400
hung 0,174353 0,000049
hunted 0,867501 0,000243
hurried 0,356675 0,000100
hurriedly 0,891598 0,000250
hurry 0,328504 0,000092
hurrying 0,673345 0,000189
hurt 0,198451 0,000056
husky 1,560648 0,000437
hyde 1,897120 0,000531
hypocrisy 1,386294 0,000388
hypocrite 1,966113 0,000551
hysteria 2,813411 0,000788
hysterical 1,469676 0,000412
ice 0,527633 0,000148
icy 1,203973 0,000337
idea 0,105361 0,000030
identical 0,994252 0,000278
identification 0,527633 0,000148
identify 0,415515 0,000116
identities 3,506558 0,000982
identity 1,021651 0,000286
idiosyncratic 3,912023 0,001095
idol 1,469676 0,000412
ignorance 0,287682 0,000081
ignorant 0,301105 0,000084
illusion 1,049822 0,000294
image 0,371064 0,000104
images 0,867501 0,000243
imagination 0,223144 0,000062
imagine 0,139262 0,000039
imitation 0,693147 0,000194
immaterial 1,966113 0,000551
immateriality 3,506558 0,000982
immense 0,314711 0,000088
immodest 2,407946 0,000674
immunities 2,659260 0,000745
impatience 0,634878 0,000178
impatient 0,371064 0,000104
impediment 1,714798 0,000480
impending 1,171183 0,000328
impenetrable 1,049822 0,000294
imperfect 0,673345 0,000189
imperial 1,021651 0,000286
imperious 1,237874 0,000347
implied 0,371064 0,000104
imposed 0,210721 0,000059
impossible 0,094311 0,000026
impressed 0,510826 0,000143
impression 0,210721 0,000059
imprint 1,966113 0,000551
improvement 0,673345 0,000189
impulses 1,237874 0,000347
impure 1,469676 0,000412
impurity 1,897120 0,000531
inaccurate 0,510826 0,000143
incident 0,527633 0,000148
incidental 0,446287 0,000125
incipient 2,525729 0,000707
inclination 0,579818 0,000162
incline 1,049822 0,000294
inclined 0,186330 0,000052
include 0,274437 0,000077
included 0,162519 0,000046
includes 0,462035 0,000129
including 0,139262 0,000039
incoherency 3,506558 0,000982
incomplete 0,301105 0,000084
incongruous 1,771957 0,000496
incorporated 1,771957 0,000496
increased 0,248461 0,000070
increasing 0,127833 0,000036
incredibly 1,897120 0,000531
incredulous 1,309333 0,000367
incurable 1,386294 0,000388
indemnify 0,527633 0,000148
indemnity 0,527633 0,000148
independent 0,510826 0,000143
indescribable 1,108663 0,000310
indescribably 1,771957 0,000496
indifference 0,527633 0,000148
indifferent 0,400478 0,000112
indifferently 1,049822 0,000294
indignation 0,510826 0,000143
indirect 0,446287 0,000125
indirectly 0,371064 0,000104
individual 0,150823 0,000042
indoors 1,469676 0,000412
induce 0,634878 0,000178
inducements 2,207275 0,000618
indulged 0,941609 0,000264
indulgence 0,798508 0,000224
industry 0,867501 0,000243
inexact 2,813411 0,000788
inexplicable 1,171183 0,000328
infallibly 1,427116 0,000400
infamy 1,203973 0,000337
infinite 0,430783 0,000121
inflict 1,049822 0,000294
influence 0,198451 0,000056
infringement 0,544727 0,000153
ingredient 1,966113 0,000551
ingredients 2,120264 0,000594
inhabitants 0,446287 0,000125
inherently 3,506558 0,000982
inherit 1,203973 0,000337
iniquity 1,609438 0,000451
injected 2,995732 0,000839
injury 0,446287 0,000125
inmates 1,386294 0,000388
inmost 1,309333 0,000367
inn 0,713350 0,000200
innocent 0,186330 0,000052
inopportunity 3,912023 0,001095
inordinate 1,771957 0,000496
inorganic 2,813411 0,000788
inquire 0,494296 0,000138
inquired 0,544727 0,000153
inquiring 0,798508 0,000224
insane 0,994252 0,000278
inscrutable 1,514128 0,000424
insensate 2,407946 0,000674
insensibility 1,609438 0,000451
insensibly 1,386294 0,000388
inseparable 1,203973 0,000337
insidiously 2,995732 0,000839
insist 0,462035 0,000129
insisting 1,309333 0,000367
inspector 1,514128 0,000424
instance 0,150823 0,000042
instant 0,210721 0,000059
instantly 0,356675 0,000100
instinct 0,430783 0,000121
instincts 1,049822 0,000294
instruction 0,713350 0,000200
instrument 0,356675 0,000100
insubstantial 3,506558 0,000982
insurgent 3,506558 0,000982
intake 2,995732 0,000839
intellectual 0,235722 0,000066
intelligence 0,301105 0,000084
intelligent 0,342490 0,000096
intention 0,186330 0,000052
intercourse 0,798508 0,000224
internal 0,261365 0,000073
international 0,494296 0,000138
interpreted 0,274437 0,000077
intimacy 0,843970 0,000236
invalidity 0,527633 0,000148
investigations 1,272966 0,000356
inveterately 3,506558 0,000982
invitation 0,579818 0,000162
involuntary 1,021651 0,000286
involve 1,309333 0,000367
involved 0,579818 0,000162
inwards 1,966113 0,000551
iron 0,198451 0,000056
irregular 0,733969 0,000206
irregularities 2,040221 0,000571
irrepressible 1,427116 0,000400
irrevocably 1,897120 0,000531
irritated 1,078810 0,000302
irs 0,562119 0,000157
issues 1,427116 0,000400
ivory 0,843970 0,000236
ivy 1,272966 0,000356
jack 0,820981 0,000230
jangled 2,813411 0,000788
january 0,693147 0,000194
jaws 0,733969 0,000206
jekyll 3,218876 0,000901
jerk 1,427116 0,000400
jewel 1,237874 0,000347
john 0,328504 0,000092
journey 0,198451 0,000056
joy 0,139262 0,000039
judge 0,116534 0,000033
judged 0,430783 0,000121
judges 0,597837 0,000167
judgment 0,198451 0,000056
juggernaut 2,995732 0,000839
jumped 0,653926 0,000183
justice 0,162519 0,000046
justify 0,693147 0,000194
katharine 3,218876 0,000901
keen 0,415515 0,000116
ken 1,771957 0,000496
kernels 2,525729 0,000707
kettle 1,272966 0,000356
key 0,356675 0,000100
kill 0,127833 0,000036
killed 0,223144 0,000062
killing 0,597837 0,000167
kindled 0,867501 0,000243
kindling 1,714798 0,000480
kindly 0,223144 0,000062
kindness 0,287682 0,000081
kinsman 1,609438 0,000451
kitchen 0,597837 0,000167
knee 0,462035 0,000129
knees 0,223144 0,000062
knife 0,356675 0,000100
knit 1,108663 0,000310
knocked 0,510826 0,000143
knocker 2,407946 0,000674
knowledge 0,061875 0,000017
knuckly 3,506558 0,000982
laboratory 1,897120 0,000531
labour 0,634878 0,000178
laboured 1,427116 0,000400
labouring 1,469676 0,000412
labyrinths 2,995732 0,000839
laden 0,673345 0,000189
laid 0,072571 0,000020
lake 0,210721 0,000059
lamentation 1,560648 0,000437
lamp 0,478036 0,000134
lamplight 2,120264 0,000594
lamplighted 3,912023 0,001095
lamplit 3,218876 0,000901
lamps 0,733969 0,000206
land 0,072571 0,000020
lane 0,798508 0,000224
language 0,072571 0,000020
languidly 1,714798 0,000480
lashing 1,832581 0,000513
late 0,094311 0,000026
lateness 2,207275 0,000618
laugh 0,127833 0,000036
laughable 1,897120 0,000531
laughter 0,274437 0,000077
law 0,030459 0,000009
lawny 3,912023 0,001095
laws 0,083382 0,000023
lawyer 0,798508 0,000224
lawyers 1,237874 0,000347
lay 0,051293 0,000014
laying 0,274437 0,000077
lazily 1,237874 0,000347
lazy 0,616186 0,000173
lead 0,083382 0,000023
leading 0,139262 0,000039
lean 0,579818 0,000162
leaned 0,634878 0,000178
leap 0,562119 0,000157
leaped 0,713350 0,000200
leaping 0,713350 0,000200
learn 0,020203 0,000006
learned 0,105361 0,000030
learning 0,301105 0,000084
leave 0,000000 0,000000
leaving 0,083382 0,000023
led 0,040822 0,000011
left 0,000000 0,000000
legal 0,261365 0,000073
legally 0,342490 0,000096
legibly 3,218876 0,000901
legs 0,274437 0,000077
leisurely 1,108663 0,000310
lend 0,597837 0,000167
lent 0,798508 0,000224
lesson 0,400478 0,000112
lethal 2,813411 0,000788
letter 0,116534 0,000033
letters 0,198451 0,000056
liability 0,462035 0,000129
liable 0,235722 0,000066
liberty 0,223144 0,000062
library 0,223144 0,000062
licence 1,560648 0,000437
license 0,301105 0,000084
licensed 0,430783 0,000121
licking 1,272966 0,000356
lie 0,040822 0,000011
lied 1,171183 0,000328
lies 0,162519 0,000046
lieu 0,415515 0,000116
life -0,009950 -0,000003
lifted 0,274437 0,000077
light 0,010050 0,000003
lighted 0,261365 0,000073
lighten 1,203973 0,000337
lighter 0,527633 0,000148
lightly 0,430783 0,000121
lights 0,301105 0,000084
limbs 0,274437 0,000077
limitation 0,478036 0,000134
limitations 1,660731 0,000465
limited 0,261365 0,000073
lingered 1,049822 0,000294
linked 0,385662 0,000108
links 0,415515 0,000116
lip 0,673345 0,000189
lips 0,127833 0,000036
liquor 0,820981 0,000230
list 0,400478 0,000112
listen 0,127833 0,000036
listened 0,274437 0,000077
listening 0,261365 0,000073
listens 1,386294 0,000388
lit 0,653926 0,000183
literally 0,713350 0,000200
literary 0,287682 0,000081
littered 1,966113 0,000551
live 0,010050 0,000003
lived 0,061875 0,000017
livelier 1,771957 0,000496
lively 0,400478 0,000112
lives 0,072571 0,000020
living 0,020203 0,000006
lo 0,916291 0,000257
load 0,634878 0,000178
loaded 0,616186 0,000173
loathed 1,771957 0,000496
loathing 1,427116 0,000400
located 0,400478 0,000112
locations 0,544727 0,000153
lock 0,385662 0,000108
locked 0,430783 0,000121
locking 1,272966 0,000356
locksmith 2,659260 0,000745
london 0,415515 0,000116
longing 0,653926 0,000183
longings 1,714798 0,000480
loose 0,105361 0,000030
lose 0,094311 0,000026
loser 2,207275 0,000618
losing 0,235722 0,000066
loss 0,094311 0,000026
lost 0,020203 0,000006
lot 0,061875 0,000017
loud 0,174353 0,000049
louder 0,527633 0,000148
loudly 0,400478 0,000112
louis 1,078810 0,000302
lovable 2,207275 0,000618
love 0,051293 0,000014
loved 0,198451 0,000056
lover 0,385662 0,000108
luck 0,446287 0,000125
ludicrous 1,386294 0,000388
lumber 1,514128 0,000424
lurid 1,609438 0,000451
lurking 1,049822 0,000294
lust 0,891598 0,000250
lusting 2,659260 0,000745
luxury 0,527633 0,000148
lying 0,061875 0,000017
machine 0,248461 0,000070
mad 0,261365 0,000073
madman 1,078810 0,000302
madness 0,597837 0,000167
mahogany 1,609438 0,000451
maid 0,446287 0,000125
mail 0,891598 0,000250
main 0,127833 0,000036
maintaining 0,235722 0,000066
majority 0,597837 0,000167
maladies 2,207275 0,000618
malefactor 2,813411 0,000788
malformation 3,506558 0,000982
malign 2,207275 0,000618
managed 0,342490 0,000096
manager 0,653926 0,000183
mangled 1,660731 0,000465
mankind 0,478036 0,000134
manner 0,040822 0,000011
manners 0,274437 0,000077
mantle 0,820981 0,000230
manufacture 1,309333 0,000367
map 1,108663 0,000310
march 0,274437 0,000077
margin 1,078810 0,000302
mark 0,127833 0,000036
marked 0,061875 0,000017
marks 0,328504 0,000092
marrow 1,386294 0,000388
marvellous 0,891598 0,000250
mask 0,843970 0,000236
masked 1,469676 0,000412
master 0,083382 0,000023
mastered 0,967584 0,000271
mat 1,309333 0,000367
matches 1,049822 0,000294
material 0,328504 0,000092
mates 1,309333 0,000367
matter 0,010050 0,000003
matters 0,139262 0,000039
mauled 2,995732 0,000839
maw 2,120264 0,000594
maximum 0,478036 0,000134
meal 0,301105 0,000084
meals 0,776529 0,000217
measure 0,301105 0,000084
measured 0,579818 0,000162
measurement 1,771957 0,000496
medicine 0,597837 0,000167
medium 0,223144 0,000062
meet 0,010050 0,000003
meeting 0,186330 0,000052
meetings 0,916291 0,000257
melancholy 0,342490 0,000096
melt 1,049822 0,000294
melted 0,713350 0,000200
memory 0,174353 0,000049
menace 1,347074 0,000377
mended 1,237874 0,000347
mental 0,430783 0,000121
mention 0,223144 0,000062
merchantability 0,994252 0,000278
mercy 0,223144 0,000062
mere 0,094311 0,000026
merrily 1,272966 0,000356
messenger 0,634878 0,000178
met 0,040822 0,000011
metamorphoses 2,525729 0,000707
method 0,094311 0,000026
methods 0,210721 0,000059
michael 0,400478 0,000112
middle 0,030459 0,000009
midnight 0,328504 0,000092
midst 0,287682 0,000081
midway 1,514128 0,000424
mien 1,660731 0,000465
mighty 0,328504 0,000092
mind 0,020203 0,000006
minds 0,235722 0,000066
minims 3,506558 0,000982
minute 0,235722 0,000066
minutes 0,235722 0,000066
miracle 0,755023 0,000211
mirror 0,693147 0,000194
mirth 0,776529 0,000217
misbegotten 3,218876 0,000901
mischief 0,494296 0,000138
misdeeds 2,525729 0,000707
misdirecting 3,912023 0,001095
misgives 3,218876 0,000901
misgiving 2,302585 0,000645
mishaps 2,813411 0,000788
mission 0,210721 0,000059
mississippi 0,415515 0,000116
mist 0,544727 0,000153
mists 1,139434 0,000319
mix 0,994252 0,000278
mixed 0,385662 0,000108
mixture 0,616186 0,000173
modest 0,371064 0,000104
modification 0,494296 0,000138
modified 0,385662 0,000108
moisture 1,108663 0,000310
moment 0,010050 0,000003
momentary 0,693147 0,000194
moments 0,287682 0,000081
money 0,051293 0,000014
monkey 1,049822 0,000294
monstrous 0,400478 0,000112
month 0,174353 0,000049
months 0,094311 0,000026
moon 0,287682 0,000081
mopped 2,995732 0,000839
moral 0,301105 0,000084
morally 1,171183 0,000328
morbid 1,469676 0,000412
morning 0,040822 0,000011
morrow 0,328504 0,000092
mortal 0,400478 0,000112
mortify 2,302585 0,000645
motioned 1,139434 0,000319
mottled 2,120264 0,000594
mouldings 2,813411 0,000788
mount 0,494296 0,000138
mountain 0,400478 0,000112
mounted 0,446287 0,000125
mournful 0,941609 0,000264
mouth 0,105361 0,000030
movement 0,328504 0,000092
muddy 0,916291 0,000257
muffle 2,525729 0,000707
multifarious 2,525729 0,000707
murder 0,314711 0,000088
murdered 0,733969 0,000206
murderer 0,733969 0,000206
murderous 1,078810 0,000302
muscular 1,203973 0,000337
musing 1,272966 0,000356
musingly 2,207275 0,000618
muster 1,203973 0,000337
mutter 1,609438 0,000451
mysteries 0,579818 0,000162
mysterious 0,314711 0,000088
mystery 0,301105 0,000084
mystic 1,108663 0,000310
nails 0,616186 0,000173
naked 0,274437 0,000077
nameable 3,912023 0,001095
nameless 1,078810 0,000302
napery 3,506558 0,000982
narrated 1,469676 0,000412
narrative 0,616186 0,000173
narratives 2,207275 0,000618
narrow 0,105361 0,000030
nationalities 2,525729 0,000707
natural 0,094311 0,000026
naturally 0,210721 0,000059
nature 0,094311 0,000026
naturedly 1,897120 0,000531
natures 0,820981 0,000230
nausea 2,120264 0,000594
nearer 0,400478 0,000112
neat 0,673345 0,000189
neatly 1,049822 0,000294
necessity 0,261365 0,000073
neglect 0,494296 0,000138
negligence 0,415515 0,000116
neighbourhood 0,776529 0,000217
neighbouring 0,891598 0,000250
neighbours 0,713350 0,000200
nerves 0,544727 0,000153
nervous 0,494296 0,000138
network 0,415515 0,000116
news 0,210721 0,000059
newsboys 3,506558 0,000982
newsletter 0,562119 0,000157
nicely 1,021651 0,000286
nicety 1,609438 0,000451
night 0,010050 0,000003
nightly 1,171183 0,000328
nightmare 1,272966 0,000356
nightmares 2,813411 0,000788
ninth 0,994252 0,000278
noble 0,248461 0,000070
nobler 1,171183 0,000328
nocturnal 1,272966 0,000356
nod 0,798508 0,000224
nodded 0,634878 0,000178
noise 0,139262 0,000039
nonproprietary 0,562119 0,000157
noon 0,430783 0,000121
north 0,083382 0,000023
nose 0,274437 0,000077
notable 1,272966 0,000356
note 0,127833 0,000036
notice 0,030459 0,000009
noticed 0,328504 0,000092
notifies 0,527633 0,000148
notion 0,371064 0,000104
nourished 1,660731 0,000465
novelty 0,916291 0,000257
nut 1,386294 0,000388
oak 0,673345 0,000189
obey 0,400478 0,000112
object 0,127833 0,000036
objected 0,755023 0,000211
obligation 0,843970 0,000236
obligations 1,021651 0,000286
obliged 0,287682 0,000081
obliging 1,078810 0,000302
obliterate 2,525729 0,000707
obnoxious 1,514128 0,000424
obscure 0,544727 0,000153
obsequiously 3,218876 0,000901
observation 0,446287 0,000125
observations 0,867501 0,000243
observed 0,162519 0,000046
observer 1,021651 0,000286
observers 1,609438 0,000451
obsolete 0,446287 0,000125
obstacles 0,798508 0,000224
obvious 0,415515 0,000116
occasion 0,105361 0,000030
occasional 0,510826 0,000143
occasionally 0,371064 0,000104
occasions 0,430783 0,000121
occupied 0,235722 0,000066
occur 0,150823 0,000042
occurring 1,427116 0,000400
october 0,653926 0,000183
odd 0,385662 0,000108
oddly 1,469676 0,000412
odious 0,941609 0,000264
odours 1,714798 0,000480
offended 0,616186 0,000173
offered 0,139262 0,000039
offering 0,400478 0,000112
offers 0,198451 0,000056
office 0,072571 0,000020
officer 0,478036 0,000134
officers 0,494296 0,000138
offices 0,510826 0,000143
official 0,235722 0,000066
online 0,510826 0,000143
opportunities 0,235722 0,000066
opportunity 0,061875 0,000017
oration 1,609438 0,000451
ordinary 0,186330 0,000052
organized 0,356675 0,000100
origin 0,544727 0,000153
original 0,105361 0,000030
originator 0,527633 0,000148
outdated 0,562119 0,000157
outstrip 1,966113 0,000551
overcame 0,941609 0,000264
overdose 3,912023 0,001095
overhead 0,843970 0,000236
overlooked 0,776529 0,000217
overpowering 1,309333 0,000367
overthrown 1,469676 0,000412
owed 0,139262 0,000039
owner 0,116534 0,000033
pace 0,328504 0,000092
pacify 1,660731 0,000465
packed 0,616186 0,000173
packet 1,309333 0,000367
packing 1,108663 0,000310
paid 0,061875 0,000017
pain 0,174353 0,000049
painfully 0,916291 0,000257
painted 0,356675 0,000100
pair 0,235722 0,000066
pairs 1,171183 0,000328
palace 0,510826 0,000143
pale 0,198451 0,000056
pall 1,469676 0,000412
pallor 1,347074 0,000377
pamper 2,813411 0,000788
panels 1,386294 0,000388
pang 0,967584 0,000271
pangs 1,078810 0,000302
paper 0,083382 0,000023
papers 0,385662 0,000108
paperwork 0,562119 0,000157
paragraph 0,328504 0,000092
paragraphs 0,494296 0,000138
pardon 0,301105 0,000084
park 0,776529 0,000217
parley 1,609438 0,000451
parry 2,995732 0,000839
partakes 2,207275 0,000618
partial 0,733969 0,000206
particulars 0,776529 0,000217
partly 0,301105 0,000084
party 0,061875 0,000017
pass 0,040822 0,000011
passage 0,139262 0,000039
passed 0,040822 0,000011
passenger 1,078810 0,000302
passengers 0,843970 0,000236
passer 1,714798 0,000480
passes 0,415515 0,000116
passing 0,094311 0,000026
passion 0,186330 0,000052
passions 0,478036 0,000134
patent 1,078810 0,000302
path 0,198451 0,000056
pathetically 1,897120 0,000531
patience 0,139262 0,000039
patient 0,274437 0,000077
patients 1,272966 0,000356
patrols 2,813411 0,000788
pattern 0,693147 0,000194
pause 0,371064 0,000104
paused 0,562119 0,000157
pausing 1,078810 0,000302
paved 1,108663 0,000310
pavement 0,843970 0,000236
pavilion 1,771957 0,000496
pay 0,051293 0,000014
payable 2,407946 0,000674
paying 0,116534 0,000033
payment 0,941609 0,000264
payments 0,415515 0,000116
peace 0,094311 0,000026
pecuniary 1,386294 0,000388
pedant 2,525729 0,000707
pedantically 3,506558 0,000982
peep 0,994252 0,000278
peered 1,237874 0,000347
peevishly 2,995732 0,000839
peg 1,427116 0,000400
pen 0,371064 0,000104
penetration 1,347074 0,000377
penitence 1,514128 0,000424
penny 0,755023 0,000211
people 0,010050 0,000003
perceive 0,356675 0,000100
perch 1,347074 0,000377
perennial 1,966113 0,000551
perfect 0,072571 0,000020
perfectly 0,162519 0,000046
perform 0,150823 0,000042
performances 0,314711 0,000088
performed 0,127833 0,000036
performing 0,261365 0,000073
peril 0,867501 0,000243
period 0,274437 0,000077
periodic 0,544727 0,000153
permanent 0,223144 0,000062
permanently 1,386294 0,000388
permission 0,150823 0,000042
permitted 0,105361 0,000030
perplexed 0,755023 0,000211
perplexity 0,776529 0,000217
person 0,010050 0,000003
personal 0,223144 0,000062
personality 0,967584 0,000271
persuaded 0,527633 0,000148
pet 1,021651 0,000286
petitions 1,897120 0,000531
petrified 1,469676 0,000412
phases 1,714798 0,000480
phenomena 1,272966 0,000356
phial 2,525729 0,000707
phosphorus 2,813411 0,000788
photographed 2,659260 0,000745
phrase 0,174353 0,000049
physical 0,198451 0,000056
physician 0,693147 0,000194
picture 0,248461 0,000070
pictures 0,415515 0,000116
piece 0,072571 0,000020
pieces 0,139262 0,000039
pile 0,579818 0,000162
pillars 0,867501 0,000243
pink 0,867501 0,000243
pious 0,733969 0,000206
pit 0,733969 0,000206
pitch 0,342490 0,000096
pitching 1,832581 0,000513
pitiful 0,798508 0,000224
pity 0,150823 0,000042
plain 0,040822 0,000011
plainly 0,261365 0,000073
plate 0,527633 0,000148
play 0,072571 0,000020
played 0,198451 0,000056
playing 0,186330 0,000052
plaything 1,832581 0,000513
pleaded 0,891598 0,000250
pleasant 0,162519 0,000046
pleasantest 1,609438 0,000451
pleased 0,150823 0,000042
pleasure 0,051293 0,000014
pleasures 0,653926 0,000183
pledged 1,108663 0,000310
plentiful 1,049822 0,000294
plenty 0,235722 0,000066
plies 2,995732 0,000839
plod 3,912023 0,001095
pluck 0,967584 0,000271
plucked 0,776529 0,000217
plunged 0,544727 0,000153
pocket 0,371064 0,000104
pockets 0,733969 0,000206
poignant 1,560648 0,000437
poker 1,660731 0,000465
polar 1,966113 0,000551
police 0,755023 0,000211
policeman 1,386294 0,000388
polished 0,673345 0,000189
politeness 0,798508 0,000224
polity 2,995732 0,000839
poor 0,030459 0,000009
popular 0,430783 0,000121
portico 1,897120 0,000531
portland 2,407946 0,000674
portrait 0,634878 0,000178
position 0,162519 0,000046
positive 0,597837 0,000167
possessed 0,094311 0,000026
possessing 0,891598 0,000250
possession 0,083382 0,000023
possessions 0,776529 0,000217
possibilities 1,139434 0,000319
possibility 0,162519 0,000046
post 0,248461 0,000070
posted 0,301105 0,000084
postmark 2,659260 0,000745
postoffice 3,218876 0,000901
postpone 1,609438 0,000451
posture 1,021651 0,000286
potently 3,218876 0,000901
potion 2,207275 0,000618
pounds 0,494296 0,000138
powders 2,207275 0,000618
power 0,030459 0,000009
powers 0,248461 0,000070
practical 0,494296 0,000138
practically 0,235722 0,000066
practice 0,162519 0,000046
practising 1,386294 0,000388
praises 0,941609 0,000264
prayers 0,478036 0,000134
preceded 0,653926 0,000183
predecease 3,912023 0,001095
predecessor 1,427116 0,000400
preface 0,733969 0,000206
prefer 0,385662 0,000108
preference 0,867501 0,000243
preferred 0,342490 0,000096
premature 1,203973 0,000337
prematurely 1,427116 0,000400
premonitory 2,407946 0,000674
preparations 0,616186 0,000173
prepare 0,162519 0,000046
prepared 0,105361 0,000030
presence 0,094311 0,000026
presently 0,385662 0,000108
presentment 2,407946 0,000674
preserve 0,150823 0,000042
press 0,274437 0,000077
presses 1,609438 0,000451
pressure 0,527633 0,000148
pretend 0,446287 0,000125
pretty 0,150823 0,000042
prevail 0,713350 0,000200
prevailed 0,673345 0,000189
prevent 0,083382 0,000023
prevented 0,328504 0,000092
previous 0,094311 0,000026
prevision 3,506558 0,000982
primitive 0,941609 0,000264
principle 0,430783 0,000121
print 0,261365 0,000073
printed 0,174353 0,000049
prison 0,287682 0,000081
prisoner 0,385662 0,000108
private 0,198451 0,000056
probable 0,494296 0,000138
proceed 0,301105 0,000084
proceeded 0,274437 0,000077
processing 0,562119 0,000157
procession 0,733969 0,000206
prodigy 1,771957 0,000496
produce 0,127833 0,000036
produced 0,105361 0,000030
production 0,314711 0,000088
profession 0,527633 0,000148
professional 0,820981 0,000230
professor 0,287682 0,000081
profit 0,248461 0,000070
profits 0,314711 0,000088
profound 0,462035 0,000129
progress 0,174353 0,000049
prohibition 0,430783 0,000121
project -0,009950 -0,000003
projected 1,139434 0,000319
projecting 0,967584 0,000271
prolong 1,560648 0,000437
prolonged 0,597837 0,000167
prominently 0,494296 0,000138
promise 0,116534 0,000033
promising 0,430783 0,000121
promoting 0,430783 0,000121
promotion 0,342490 0,000096
proofread 0,562119 0,000157
propensity 1,514128 0,000424
property 0,127833 0,000036
proportion 0,371064 0,000104
proportions 0,776529 0,000217
propose 0,527633 0,000148
proprietary 0,562119 0,000157
proprieties 2,207275 0,000618
prospect 0,446287 0,000125
prostration 2,040221 0,000571
protect 0,186330 0,000052
protected 0,415515 0,000116
protege 3,218876 0,000901
protest 0,798508 0,000224
protesting 1,309333 0,000367
prove 0,174353 0,000049
proved 0,116534 0,000033
provide 0,162519 0,000046
providing 0,261365 0,000073
province 0,891598 0,000250
provinces 1,108663 0,000310
provision 0,248461 0,000070
provisions 0,223144 0,000062
provocation 1,171183 0,000328
prudence 0,713350 0,000200
psychological 1,660731 0,000465
public 0,083382 0,000023
puffs 1,832581 0,000513
pull 0,328504 0,000092
pulled 0,371064 0,000104
pulse 0,891598 0,000250
punctually 1,832581 0,000513
pungent 1,832581 0,000513
punish 0,597837 0,000167
punished 0,544727 0,000153
punishment 0,301105 0,000084
punitive 0,562119 0,000157
purchased 0,798508 0,000224
pure 0,150823 0,000042
purple 0,616186 0,000173
purpose 0,040822 0,000011
purse 0,616186 0,000173
pursued 0,328504 0,000092
pursuit 0,328504 0,000092
puzzled 0,494296 0,000138
pythias 3,912023 0,001095
quailed 2,407946 0,000674
quailing 3,218876 0,000901
quaint 1,021651 0,000286
quaintly 2,302585 0,000645
qualities 0,446287 0,000125
quality 0,274437 0,000077
qualm 2,407946 0,000674
quantity 0,579818 0,000162
quarrel 0,328504 0,000092
quarry 1,427116 0,000400
quarter 0,223144 0,000062
quarters 0,248461 0,000070
queer 0,776529 0,000217
question 0,051293 0,000014
questions 0,127833 0,000036
quick 0,139262 0,000039
quickness 1,237874 0,000347
quiet 0,116534 0,000033
quietest 2,302585 0,000645
quietly 0,261365 0,000073
quills 2,813411 0,000788
race 0,198451 0,000056
racked 1,714798 0,000480
racking 2,040221 0,000571
radiance 1,139434 0,000319
radically 2,659260 0,000745
raged 1,272966 0,000356
ragged 0,776529 0,000217
raging 0,653926 0,000183
railing 1,386294 0,000388
raise 0,174353 0,000049
raised 0,061875 0,000017
raising 0,274437 0,000077
rambles 2,040221 0,000571
rambling 1,771957 0,000496
random 0,967584 0,000271
ranks 0,616186 0,000173
ransacked 1,966113 0,000551
rare 0,274437 0,000077
rarely 0,527633 0,000148
rat 1,078810 0,000302
ravages 1,832581 0,000513
reach 0,051293 0,000014
reached 0,127833 0,000036
reaching 0,083382 0,000023
read 0,020203 0,000006
readable 0,510826 0,000143
readiness 0,634878 0,000178
reading 0,061875 0,000017
ready 0,030459 0,000009
real 0,040822 0,000011
reason 0,010050 0,000003
reasonable 0,116534 0,000033
reasons 0,223144 0,000062
recall 0,478036 0,000134
recalled 0,634878 0,000178
receipt 0,314711 0,000088
receive 0,083382 0,000023
received 0,040822 0,000011
receiving 0,116534 0,000033
recess 1,171183 0,000328
recklessness 1,660731 0,000465
recluse 2,207275 0,000618
recognise 1,049822 0,000294
recognised 0,891598 0,000250
reconcile 0,967584 0,000271
record 0,400478 0,000112
recover 0,356675 0,000100
recovery 0,616186 0,000173
red 0,072571 0,000020
reddish 1,386294 0,000388
redeem 1,021651 0,000286
redemption 1,272966 0,000356
redistribute 0,544727 0,000153
redistributing 0,562119 0,000157
redistribution 0,562119 0,000157
reeled 1,714798 0,000480
refer 0,653926 0,000183
references 0,430783 0,000121
reflect 0,653926 0,000183
reflected 0,371064 0,000104
reflection 0,356675 0,000100
reflections 0,798508 0,000224
reformation 1,609438 0,000451
refreshed 0,820981 0,000230
refuge 0,446287 0,000125
refund 0,562119 0,000157
refused 0,235722 0,000066
regard 0,150823 0,000042
regarded 0,301105 0,000084
regent 1,660731 0,000465
registered 0,430783 0,000121
registration 2,995732 0,000839
regular 0,287682 0,000081
regulating 0,415515 0,000116
reinforce 2,813411 0,000788
rejoiced 0,776529 0,000217
relate 0,562119 0,000157
relations 0,287682 0,000081
relaxed 0,994252 0,000278
release 0,210721 0,000059
relentless 1,714798 0,000480
reliant 2,813411 0,000788
relief 0,198451 0,000056
relieve 0,544727 0,000153
relieved 0,478036 0,000134
religion 0,446287 0,000125
relish 1,021651 0,000286
remain 0,040822 0,000011
remained 0,116534 0,000033
remaining 0,094311 0,000026
remains 0,150823 0,000042
remark 0,314711 0,000088
remarkable 0,235722 0,000066
remarked 0,415515 0,000116
remedied 2,040221 0,000571
remedies 0,415515 0,000116
remember 0,083382 0,000023
remembered 0,162519 0,000046
remembers 1,237874 0,000347
remorse 0,755023 0,000211
remove 0,127833 0,000036
removed 0,061875 0,000017
renamed 0,562119 0,000157
rendered 0,527633 0,000148
renewed 0,510826 0,000143
rent 0,597837 0,000167
renunciation 2,207275 0,000618
repaid 1,309333 0,000367
repair 0,693147 0,000194
repeated 0,127833 0,000036
repetitions 1,966113 0,000551
replace 0,342490 0,000096
replaced 0,820981 0,000230
replacement 0,562119 0,000157
replied 0,235722 0,000066
reply 0,174353 0,000049
reported 0,162519 0,000046
reports 0,261365 0,000073
repose 0,544727 0,000153
reposed 1,427116 0,000400
representations 0,356675 0,000100
reprove 1,897120 0,000531
repugnance 1,386294 0,000388
repulsion 2,040221 0,000571
reputable 2,525729 0,000707
reputation 0,385662 0,000108
request 0,127833 0,000036
requested 0,843970 0,000236
require 0,127833 0,000036
required 0,083382 0,000023
requirements 0,415515 0,000116
resemblance 0,755023 0,000211
resented 1,203973 0,000337
resentment 0,820981 0,000230
reservation 1,832581 0,000513
resistance 0,430783 0,000121
resisted 0,776529 0,000217
resolute 0,916291 0,000257
resolution 0,462035 0,000129
resolve 0,713350 0,000200
resolved 0,342490 0,000096
respect 0,094311 0,000026
respectability 1,427116 0,000400
respecters 3,912023 0,001095
responsibility 0,776529 0,000217
rest 0,010050 0,000003
restored 0,385662 0,000108
restraint 0,733969 0,000206
restrictions 0,385662 0,000108
resumed 0,415515 0,000116
resuscitating 3,506558 0,000982
retail 2,407946 0,000674
retains 1,514128 0,000424
return 0,040822 0,000011
returned 0,061875 0,000017
returning 0,127833 0,000036
returns 0,235722 0,000066
revenue 0,371064 0,000104
reversal 2,995732 0,000839
review 0,891598 0,000250
revolting 1,560648 0,000437
revolver 1,660731 0,000465
reward 0,328504 0,000092
rewarded 0,713350 0,000200
rich 0,139262 0,000039
richard 1,021651 0,000286
richer 0,891598 0,000250
riches 0,798508 0,000224
rid 0,223144 0,000062
rifle 1,514128 0,000424
rightly 0,430783 0,000121
rigorous 1,560648 0,000437
rigour 1,897120 0,000531
riot 1,309333 0,000367
ripe 0,820981 0,000230
rise 0,040822 0,000011
risk 0,371064 0,000104
risked 1,514128 0,000424
rivalled 2,407946 0,000674
river 0,174353 0,000049
roadway 2,120264 0,000594
roaring 0,713350 0,000200
robert 1,078810 0,000302
robust 0,994252 0,000278
roll 0,415515 0,000116
rolled 0,356675 0,000100
rolling 0,415515 0,000116
rolls 1,139434 0,000319
romantically 2,995732 0,000839
roof 0,223144 0,000062
roofed 1,560648 0,000437
root 0,385662 0,000108
roots 0,634878 0,000178
rose 0,094311 0,000026
rosy 1,078810 0,000302
routing 2,813411 0,000788
rows 0,733969 0,000206
royalties 0,527633 0,000148
royalty 0,385662 0,000108
rude 0,342490 0,000096
rugged 0,798508 0,000224
ruin 0,287682 0,000081
ruined 0,371064 0,000104
rule 0,198451 0,000056
rules 0,150823 0,000042
ruminated 2,813411 0,000788
rumour 1,272966 0,000356
rushed 0,478036 0,000134
rust 1,272966 0,000356
rusty 1,078810 0,000302
ruthlessly 1,771957 0,000496
sacrificed 0,733969 0,000206
sad 0,223144 0,000062
sadly 0,510826 0,000143
sadness 0,820981 0,000230
safe 0,116534 0,000033
safety 0,356675 0,000100
sake 0,094311 0,000026
salads 2,813411 0,000788
saleswomen 3,218876 0,000901
salt 0,116534 0,000033
sample 1,560648 0,000437
sane 1,309333 0,000367
sanity 1,832581 0,000513
sat 0,083382 0,000023
satan 1,237874 0,000347
satisfy 0,342490 0,000096
saucers 2,120264 0,000594
savage 0,356675 0,000100
save 0,030459 0,000009
sawbones 3,506558 0,000982
scaffold 1,660731 0,000465
scales 1,049822 0,000294
scandal 0,891598 0,000250
scanty 0,941609 0,000264
scarce 0,693147 0,000194
scarcely 0,301105 0,000084
scare 1,427116 0,000400
scared 0,941609 0,000264
scene 0,198451 0,000056
school 0,174353 0,000049
schoolboy 1,560648 0,000437
science 0,446287 0,000125
scientific 0,776529 0,000217
scores 1,171183 0,000328
scotland 1,347074 0,000377
scrawling 2,995732 0,000839
screamed 0,733969 0,000206
screaming 0,916291 0,000257
screams 1,386294 0,000388
screech 2,302585 0,000645
screwed 1,386294 0,000388
scroll 1,714798 0,000480
scruple 1,272966 0,000356
scrutiny 1,272966 0,000356
scud 2,995732 0,000839
sea 0,116534 0,000033
seal 0,562119 0,000157
sealed 0,820981 0,000230
search 0,051293 0,000014
searchers 3,218876 0,000901
searching 0,415515 0,000116
season 0,287682 0,000081
seasonable 2,040221 0,000571
seat 0,105361 0,000030
seated 0,223144 0,000062
seclusion 1,237874 0,000347
secret 0,061875 0,000017
secretly 0,597837 0,000167
secrets 0,400478 0,000112
secure 0,072571 0,000020
securely 0,916291 0,000257
sedulous 2,813411 0,000788
sedulously 2,525729 0,000707
seek 0,198451 0,000056
seemingly 0,967584 0,000271
seize 0,446287 0,000125
seized 0,235722 0,000066
seizing 0,693147 0,000194
selfishness 0,843970 0,000236
semblance 1,049822 0,000294
send 0,030459 0,000009
sending 0,083382 0,000023
sensations 0,843970 0,000236
sense 0,051293 0,000014
sensitive 0,693147 0,000194
sensual 1,203973 0,000337
sentence 0,127833 0,000036
sentiment 0,478036 0,000134
separate 0,248461 0,000070
separately 1,108663 0,000310
separation 0,776529 0,000217
series 0,494296 0,000138
servant 0,186330 0,000052
servants 0,162519 0,000046
serve 0,174353 0,000049
served 0,186330 0,000052
service 0,072571 0,000020
services 0,494296 0,000138
set 0,010050 0,000003
setting 0,186330 0,000052
settle 0,356675 0,000100
settled 0,127833 0,000036
severed 1,347074 0,000377
severity 0,798508 0,000224
shade 0,274437 0,000077
shaded 0,891598 0,000250
shadow 0,223144 0,000062
shady 0,994252 0,000278
shaft 0,916291 0,000257
shake 0,287682 0,000081
shaken 0,494296 0,000138
shame 0,223144 0,000062
shape 0,186330 0,000052
share 0,040822 0,000011
shared 0,139262 0,000039
sharing 0,248461 0,000070
sharp 0,162519 0,000046
sharpened 1,049822 0,000294
sharply 0,510826 0,000143
shattered 0,867501 0,000243
sheep 0,371064 0,000104
sheet 0,446287 0,000125
sheets 0,544727 0,000153
shelf 0,891598 0,000250
shelter 0,342490 0,000096
shield 0,733969 0,000206
shifting 0,891598 0,000250
shine 0,616186 0,000173
shipwreck 1,660731 0,000465
shock 0,446287 0,000125
shocked 0,776529 0,000217
shocking 1,139434 0,000319
shoes 0,430783 0,000121
shone 0,494296 0,000138
shook 0,235722 0,000066
shop 0,494296 0,000138
shops 0,843970 0,000236
short 0,020203 0,000006
shot 0,223144 0,000062
shoulder 0,210721 0,000059
shoulders 0,174353 0,000049
shrank 1,108663 0,000310
shrunken 2,207275 0,000618
shudder 0,693147 0,000194
shuddered 0,867501 0,000243
shuddering 1,171183 0,000328
shut 0,072571 0,000020
shuts 1,714798 0,000480
shutters 1,108663 0,000310
sick 0,150823 0,000042
sicken 2,407946 0,000674
sickened 2,120264 0,000594
sickliness 2,995732 0,000839
sickness 0,478036 0,000134
sigh 0,342490 0,000096
sighed 0,673345 0,000189
sight 0,051293 0,000014
sights 0,755023 0,000211
signature 1,386294 0,000388
signed 0,843970 0,000236
signified 1,560648 0,000437
silence 0,105361 0,000030
silent 0,051293 0,000014
silently 0,544727 0,000153
silver 0,210721 0,000059
silvery 1,203973 0,000337
simple 0,094311 0,000026
simply 0,150823 0,000042
sin 0,430783 0,000121
sincerely 0,867501 0,000243
singing 0,371064 0,000104
single 0,083382 0,000023
singular 0,430783 0,000121
singularly 0,843970 0,000236
sinister 1,108663 0,000310
sinking 0,494296 0,000138
sinks 1,108663 0,000310
sinned 1,347074 0,000377
sinner 0,994252 0,000278
sinners 1,347074 0,000377
sir 0,150823 0,000042
sit 0,061875 0,000017
sits 0,820981 0,000230
sitter 2,407946 0,000674
sitting 0,105361 0,000030
situated 0,733969 0,000206
situation 0,198451 0,000056
sixth 0,446287 0,000125
size 0,248461 0,000070
skulking 1,966113 0,000551
sky 0,210721 0,000059
slatternly 2,525729 0,000707
slave 0,494296 0,000138
slavery 0,798508 0,000224
slay 1,171183 0,000328
sleep 0,072571 0,000020
sleeper 1,272966 0,000356
sleeping 0,235722 0,000066
sleeplessness 1,897120 0,000531
slept 0,223144 0,000062
slight 0,150823 0,000042
slighter 2,207275 0,000618
slime 1,386294 0,000388
slipped 0,494296 0,000138
sloped 2,120264 0,000594
sloping 1,021651 0,000286
slouched 2,302585 0,000645
slowly 0,150823 0,000042
slumber 0,673345 0,000189
slumbered 2,207275 0,000618
slyish 3,912023 0,001095
smartingly 3,506558 0,000982
smell 0,371064 0,000104
smile 0,274437 0,000077
smiled 0,356675 0,000100
smiling 0,301105 0,000084
smoke 0,314711 0,000088
smoking 0,462035 0,000129
smooth 0,274437 0,000077
smoothed 1,021651 0,000286
smote 1,021651 0,000286
smother 1,714798 0,000480
smuggled 2,302585 0,000645
snarled 2,040221 0,000571
sneering 1,609438 0,000451
sob 1,049822 0,000294
sober 0,597837 0,000167
sobering 2,995732 0,000839
soberly 1,469676 0,000412
society 0,210721 0,000059
softened 0,653926 0,000183
soho 2,525729 0,000707
sold 0,385662 0,000108
sole 0,342490 0,000096
solely 0,733969 0,000206
solemn 0,301105 0,000084
solemnly 0,579818 0,000162
solicit 0,430783 0,000121
solicitation 0,510826 0,000143
solid 0,274437 0,000077
solitary 0,462035 0,000129
solitude 0,510826 0,000143
solution 0,820981 0,000230
solve 0,653926 0,000183
solved 0,867501 0,000243
sombre 1,171183 0,000328
son 0,105361 0,000030
song 0,371064 0,000104
sordid 1,139434 0,000319
sorely 1,049822 0,000294
sorrow 0,287682 0,000081
sort 0,105361 0,000030
sorts 0,356675 0,000100
sought 0,150823 0,000042
soul 0,105361 0,000030
sound 0,020203 0,000006
sounded 0,371064 0,000104
sounds 0,223144 0,000062
space 0,116534 0,000033
spacious 0,916291 0,000257
spare 0,210721 0,000059
spark 0,776529 0,000217
sparkling 0,776529 0,000217
speak 0,051293 0,000014
speaking 0,072571 0,000020
special 0,083382 0,000023
speech 0,198451 0,000056
spelling 1,237874 0,000347
spine 1,832581 0,000513
spirit 0,051293 0,000014
spirits 0,198451 0,000056
spiritual 0,653926 0,000183
spite 0,139262 0,000039
splintered 2,040221 0,000571
splutter 2,659260 0,000745
spoke 0,116534 0,000033
sprang 0,400478 0,000112
sprawling 1,347074 0,000377
spring 0,083382 0,000023
springs 0,634878 0,000178
sprung 0,544727 0,000153
spy 0,916291 0,000257
square 0,235722 0,000066
stack 1,714798 0,000480
staff 0,274437 0,000077
stage 0,223144 0,000062
stagger 1,469676 0,000412
staggered 0,733969 0,000206
stain 0,994252 0,000278
stained 0,653926 0,000183
stair 1,171183 0,000328
stairs 0,430783 0,000121
stamp 0,693147 0,000194
stamped 0,693147 0,000194
stamping 1,049822 0,000294
stand 0,000000 0,000000
standing 0,030459 0,000009
stands 0,261365 0,000073
stared 0,597837 0,000167
staring 0,634878 0,000178
start -0,009950 -0,000003
started 0,150823 0,000042
starting 0,371064 0,000104
startle 1,514128 0,000424
startled 0,415515 0,000116
startling 0,967584 0,000271
statement 0,544727 0,000153
statements 0,430783 0,000121
station 0,356675 0,000100
stations 1,049822 0,000294
stature 0,891598 0,000250
status 0,446287 0,000125
statute 1,714798 0,000480
stay 0,083382 0,000023
stays 1,078810 0,000302
stead 1,139434 0,000319
steadfastly 1,660731 0,000465
steadily 0,415515 0,000116
steadiness 1,966113 0,000551
stealing 0,653926 0,000183
stealthily 1,560648 0,000437
step 0,083382 0,000023
stepped 0,510826 0,000143
stepping 0,755023 0,000211
steps 0,094311 0,000026
sterling 1,560648 0,000437
sternly 0,820981 0,000230
stick 0,342490 0,000096
sticks 0,733969 0,000206
stiff 0,430783 0,000121
stillness 0,891598 0,000250
stimulated 1,427116 0,000400
stimulation 3,506558 0,000982
stink 2,207275 0,000618
stirred 0,446287 0,000125
stirrings 2,995732 0,000839
stock 0,328504 0,000092
stole 0,494296 0,000138
stone 0,116534 0,000033
stood 0,030459 0,000009
stooping 0,867501 0,000243
store 0,385662 0,000108
stored 0,342490 0,000096
stories 0,328504 0,000092
storm 0,342490 0,000096
story 0,051293 0,000014
straight 0,105361 0,000030
strain 0,385662 0,000108
strained 0,776529 0,000217
strange 0,061875 0,000017
strangeness 1,386294 0,000388
stranger 0,139262 0,000039
strangling 1,897120 0,000531
straw 0,356675 0,000100
streaming 0,798508 0,000224
street 0,198451 0,000056
streets 0,274437 0,000077
strength 0,030459 0,000009
stress 0,891598 0,000250
stretched 0,274437 0,000077
strewn 1,139434 0,000319
strict 0,210721 0,000059
stringent 2,120264 0,000594
strip 0,597837 0,000167
stripped 0,776529 0,000217
strong 0,030459 0,000009
struck 0,083382 0,000023
structure 0,673345 0,000189
struggle 0,287682 0,000081
struggled 0,415515 0,000116
struggling 0,462035 0,000129
strung 1,386294 0,000388
student 0,673345 0,000189
students 0,994252 0,000278
studied 0,446287 0,000125
studies 0,579818 0,000162
studious 1,386294 0,000388
study 0,162519 0,000046
stuff 0,385662 0,000108
stumping 2,995732 0,000839
stupidity 0,916291 0,000257
style 0,274437 0,000077
subject 0,072571 0,000020
subjected 0,820981 0,000230
subjective 2,120264 0,000594
submerged 1,560648 0,000437
subordinate 1,139434 0,000319
subscribe 0,494296 0,000138
subsequent 0,867501 0,000243
subside 1,714798 0,000480
subsided 1,203973 0,000337
substituted 1,386294 0,000388
succeed 0,328504 0,000092
succeeded 0,186330 0,000052
success 0,162519 0,000046
successive 0,891598 0,000250
succumbed 1,714798 0,000480
sucked 1,171183 0,000328
sudden 0,072571 0,000020
suddenly 0,040822 0,000011
suffer 0,127833 0,000036
suffered 0,210721 0,000059
sufferer 1,078810 0,000302
sufferers 1,514128 0,000424
suffering 0,248461 0,000070
sufferings 0,616186 0,000173
suffice 0,673345 0,000189
sufficient 0,139262 0,000039
sugar 0,776529 0,000217
suggestion 0,510826 0,000143
suggestions 0,891598 0,000250
suicide 1,049822 0,000294
sulkily 2,302585 0,000645
sullenness 2,302585 0,000645
summoned 0,733969 0,000206
summoning 1,609438 0,000451
summons 0,867501 0,000243
sums 1,021651 0,000286
sun 0,072571 0,000020
sunday 0,494296 0,000138
sunder 2,813411 0,000788
sunk 0,371064 0,000104
sunset 0,843970 0,000236
sunshine 0,616186 0,000173
superiors 1,309333 0,000367
superscribed 3,218876 0,000901
superstitious 1,108663 0,000310
supplied 0,478036 0,000134
supply 0,371064 0,000104
support 0,127833 0,000036
suppose 0,072571 0,000020
supposed 0,174353 0,000049
supposing 0,478036 0,000134
supremacy 1,714798 0,000480
surely 0,186330 0,000052
surgeon 1,108663 0,000310
surgical 1,832581 0,000513
surplus 1,771957 0,000496
surprised 0,210721 0,000059
surprising 0,544727 0,000153
surrounded 0,223144 0,000062
surroundings 0,994252 0,000278
survive 0,274437 0,000077
surviving 1,427116 0,000400
suspect 0,342490 0,000096
suspects 1,771957 0,000496
suspense 0,776529 0,000217
suspicion 0,287682 0,000081
suspicions 0,616186 0,000173
suspicious 0,579818 0,000162
swallow 0,616186 0,000173
swallowed 0,462035 0,000129
swamp 0,342490 0,000096
swarmed 1,514128 0,000424
swart 2,659260 0,000745
swear 0,494296 0,000138
sweat 0,634878 0,000178
sweet 0,174353 0,000049
sweetness 0,673345 0,000189
swell 0,653926 0,000183
swelled 0,776529 0,000217
swept 0,385662 0,000108
swift 0,415515 0,000116
swiftly 0,713350 0,000200
swing 0,693147 0,000194
swirling 2,659260 0,000745
swung 0,733969 0,000206
symbols 1,469676 0,000412
symptoms 0,776529 0,000217
synonymous 0,446287 0,000125
tabernacle 1,966113 0,000551
table 0,094311 0,000026
tables 0,415515 0,000116
tale 0,287682 0,000081
tales 0,579818 0,000162
talk 0,083382 0,000023
talking 0,150823 0,000042
tall 0,223144 0,000062
tasks 1,386294 0,000388
taste 0,174353 0,000049
tastes 0,634878 0,000178
tasting 1,203973 0,000337
tax 0,328504 0,000092
taxes 0,385662 0,000108
tea 0,579818 0,000162
tear 0,371064 0,000104
tearing 0,673345 0,000189
tears 0,150823 0,000042
teeth 0,198451 0,000056
temper 0,274437 0,000077
tempest 0,843970 0,000236
temples 0,616186 0,000173
temporary 0,713350 0,000200
temptation 0,527633 0,000148
temptations 1,049822 0,000294
tempted 0,527633 0,000148
tenfold 1,771957 0,000496
tenor 1,171183 0,000328
tensely 2,813411 0,000788
tenths 2,207275 0,000618
term 0,371064 0,000104
termination 1,309333 0,000367
terms 0,061875 0,000017
terror 0,198451 0,000056
terrors 0,843970 0,000236
testament 1,108663 0,000310
testified 1,386294 0,000388
testify 1,347074 0,000377
texture 1,272966 0,000356
theatre 0,820981 0,000230
theatrical 1,427116 0,000400
thenceforth 1,560648 0,000437
thenceforward 2,302585 0,000645
theory 0,478036 0,000134
thickly 1,108663 0,000310
thief 0,653926 0,000183
thinking 0,274437 0,000077
thoroughfare 2,040221 0,000571
thoroughfares 2,207275 0,000618
thrall 2,659260 0,000745
threshold 0,562119 0,000157
threw 0,116534 0,000033
thrice 0,755023 0,000211
thrill 0,867501 0,000243
thriving 1,714798 0,000480
throat 0,261365 0,000073
throes 1,714798 0,000480
throw 0,083382 0,000023
thrust 0,328504 0,000092
ticklish 2,120264 0,000594
tide 0,653926 0,000183
tied 0,261365 0,000073
tight 0,616186 0,000173
tilted 1,609438 0,000451
time -0,009950 -0,000003
times 0,010050 0,000003
timidity 1,469676 0,000412
tincture 2,525729 0,000707
tiptoe 1,049822 0,000294
title 0,116534 0,000033
toiling 1,514128 0,000424
toils 1,237874 0,000347
tokens 1,386294 0,000388
tolerance 2,302585 0,000645
tones 0,713350 0,000200
tongue 0,162519 0,000046
tongued 2,525729 0,000707
topic 1,021651 0,000286
topmost 1,714798 0,000480
torments 1,237874 0,000347
torture 0,579818 0,000162
tortured 0,843970 0,000236
toss 1,049822 0,000294
tossed 0,673345 0,000189
total 0,597837 0,000167
totally 0,916291 0,000257
touch 0,083382 0,000023
touched 0,139262 0,000039
tough 0,994252 0,000278
town 0,105361 0,000030
trace 0,371064 0,000104
traced 0,820981 0,000230
traces 0,673345 0,000189
tracked 1,832581 0,000513
trade 0,328504 0,000092
trademark 0,562119 0,000157
tradesmen 1,427116 0,000400
tragic 0,820981 0,000230
trampled 0,843970 0,000236
trampling 1,347074 0,000377
tramps 1,966113 0,000551
transact 1,966113 0,000551
transcendental 2,407946 0,000674
transcribe 0,494296 0,000138
transcription 0,527633 0,000148
transferred 0,994252 0,000278
transfigures 3,218876 0,000901
transformation 1,347074 0,000377
transformations 2,407946 0,000674
transforming 2,120264 0,000594
transience 3,218876 0,000901
transition 1,347074 0,000377
transparency 2,207275 0,000618
transpires 3,506558 0,000982
transport 1,108663 0,000310
traversed 1,139434 0,000319
tread 0,562119 0,000157
treatment 0,127833 0,000036
treble 1,714798 0,000480
trees 0,127833 0,000036
tremble 0,713350 0,000200
trembles 1,514128 0,000424
trembling 0,287682 0,000081
trench 1,832581 0,000513
trial 0,314711 0,000088
tricks 0,579818 0,000162
trifle 0,579818 0,000162
trifling 0,653926 0,000183
trimming 1,897120 0,000531
trio 2,207275 0,000618
triumph 0,274437 0,000077
trod 0,733969 0,000206
troglodytic 3,912023 0,001095
trouble 0,051293 0,000014
troubles 0,478036 0,000134
trousers 0,843970 0,000236
trudged 2,302585 0,000645
true 0,020203 0,000006
trust 0,116534 0,000033
trusted 0,544727 0,000153
trustee 2,207275 0,000618
truth 0,030459 0,000009
turpitude 3,218876 0,000901
tut 1,897120 0,000531
twilight 0,733969 0,000206
twin 1,469676 0,000412
twins 1,714798 0,000480
twitching 1,469676 0,000412
twopenny 2,995732 0,000839
types 0,385662 0,000108
ugly 0,415515 0,000116
ultimate 0,941609 0,000264
ultimately 1,108663 0,000310
umber 2,525729 0,000707
unable 0,248461 0,000070
unbearable 1,560648 0,000437
unbelief 1,771957 0,000496
unbridled 2,207275 0,000618
uncertain 0,301105 0,000084
uncertainties 2,302585 0,000645
unconscious 0,400478 0,000112
undaunted 1,771957 0,000496
undemonstrative 3,218876 0,000901
understand 0,030459 0,000009
understood 0,061875 0,000017
undertook 1,203973 0,000337
undignified 2,040221 0,000571
undo 1,309333 0,000367
unearthed 2,040221 0,000571
uneasy 0,544727 0,000153
unenforceability 0,562119 0,000157
unequal 0,843970 0,000236
unequally 2,302585 0,000645
unexplained 1,897120 0,000531
unexpressed 2,659260 0,000745
unfamiliar 1,386294 0,000388
unfortunate 0,314711 0,000088
unhappy 0,400478 0,000112
uniform 0,210721 0,000059
unimpaired 2,207275 0,000618
unimpressionable 3,218876 0,000901
uninterrupted 1,309333 0,000367
united 0,094311 0,000026
unjust 0,693147 0,000194
unknown 0,105361 0,000030
unlink 0,562119 0,000157
unlocked 1,108663 0,000310
unlooked 2,040221 0,000571
unmanning 3,912023 0,001095
unobtrusive 2,207275 0,000618
unopened 2,207275 0,000618
unprepared 1,514128 0,000424
unprotected 0,673345 0,000189
unquestionably 1,427116 0,000400
unread 2,659260 0,000745
unreality 2,525729 0,000707
unresisting 2,302585 0,000645
unscientific 2,813411 0,000788
unscrupulous 1,771957 0,000496
unsealed 2,407946 0,000674
unseemly 1,560648 0,000437
unshaken 1,609438 0,000451
unsleeping 2,995732 0,000839
unsolicited 0,510826 0,000143
unsteady 1,469676 0,000412
unsunned 3,912023 0,001095
untasted 2,120264 0,000594
unusually 0,891598 0,000250
unvarying 2,207275 0,000618
unveiled 2,302585 0,000645
unwelcome 1,469676 0,000412
unworthily 2,525729 0,000707
unworthy 0,673345 0,000189
updated 0,510826 0,000143
upper 0,314711 0,000088
uppermost 1,237874 0,000347
upright 0,328504 0,000092
upward 0,579818 0,000162
useless 0,235722 0,000066
uselessness 1,966113 0,000551
user 0,562119 0,000157
ushered 1,386294 0,000388
usual 0,139262 0,000039
usurp 2,207275 0,000618
ut 0,510826 0,000143
utter 0,248461 0,000070
uttered 0,430783 0,000121
utterly 0,371064 0,000104
vain 0,116534 0,000033
vanilla 0,544727 0,000153
vapour 1,514128 0,000424
vapours 1,897120 0,000531
variety 0,162519 0,000046
vast 0,223144 0,000062
veil 0,544727 0,000153
veiled 1,272966 0,000356
vein 1,078810 0,000302
veins 0,544727 0,000153
vengeance 0,579818 0,000162
venture 0,342490 0,000096
ventured 0,478036 0,000134
version 0,385662 0,000108
vestment 2,813411 0,000788
vicarious 2,813411 0,000788
vice 0,527633 0,000148
victim 0,462035 0,000129
view 0,105361 0,000030
viewed 0,261365 0,000073
viewing 0,415515 0,000116
views 0,562119 0,000157
vigilance 1,309333 0,000367
vile 0,693147 0,000194
villainous 1,609438 0,000451
vineyards 1,560648 0,000437
vintages 3,506558 0,000982
violates 0,527633 0,000148
violent 0,223144 0,000062
violently 0,462035 0,000129
virtue 0,328504 0,000092
virus 0,527633 0,000148
visible 0,235722 0,000066
visibly 0,916291 0,000257
visit 0,061875 0,000017
visited 0,328504 0,000092
visitor 0,713350 0,000200
visitors 0,653926 0,000183
visits 0,544727 0,000153
vital 0,693147 0,000194
voice 0,020203 0,000006
voices 0,287682 0,000081
void 0,274437 0,000077
volatile 2,120264 0,000594
volume 0,494296 0,000138
voluntarily 0,891598 0,000250
voluntary 0,843970 0,000236
volunteer 0,478036 0,000134
volunteers 0,430783 0,000121
vows 1,237874 0,000347
waist 0,713350 0,000200
wait 0,094311 0,000026
waiter 1,108663 0,000310
waiting 0,083382 0,000023
wake 0,462035 0,000129
wakeful 1,832581 0,000513
wakened 1,714798 0,000480
wakening 2,813411 0,000788
walk 0,105361 0,000030
walked 0,210721 0,000059
walking 0,083382 0,000023
walks 0,162519 0,000046
wall 0,198451 0,000056
walls 0,139262 0,000039
wandered 0,494296 0,000138
war 0,162519 0,000046
warm 0,139262 0,000039
warmed 0,867501 0,000243
warmth 0,579818 0,000162
warned 0,527633 0,000148
warning 0,248461 0,000070
warnings 1,514128 0,000424
warrant 0,713350 0,000200
warranties 0,562119 0,000157
warranty 0,544727 0,000153
watch 0,094311 0,000026
watched 0,210721 0,000059
watcher 2,040221 0,000571
water 0,051293 0,000014
waters 0,356675 0,000100
watery 1,272966 0,000356
wavered 1,660731 0,000465
weak 0,116534 0,000033
weakened 0,994252 0,000278
weakness 0,261365 0,000073
wealth 0,287682 0,000081
wealthy 0,673345 0,000189
weapon 0,634878 0,000178
wear 0,274437 0,000077
wearied 0,820981 0,000230
weariness 0,755023 0,000211
weather 0,248461 0,000070
week 0,235722 0,000066
weeks 0,248461 0,000070
weeping 0,544727 0,000153
weigh 0,579818 0,000162
weight 0,116534 0,000033
weighty 1,347074 0,000377
wept 0,597837 0,000167
west 0,083382 0,000023
wet 0,287682 0,000081
whatsoever 0,287682 0,000081
wheel 0,446287 0,000125
whereabouts 1,714798 0,000480
wherewithal 2,407946 0,000674
whetted 1,966113 0,000551
whimpering 1,966113 0,000551
whipped 1,078810 0,000302
whipping 1,660731 0,000465
whisper 0,446287 0,000125
whispered 0,400478 0,000112
whispering 0,820981 0,000230
white 0,051293 0,000014
wholesale 1,771957 0,000496
wholly 0,400478 0,000112
wicked 0,356675 0,000100
wide 0,061875 0,000017
wider 0,755023 0,000211
widespread 0,916291 0,000257
widest 0,446287 0,000125
wife 0,094311 0,000026
wild 0,051293 0,000014
wind 0,105361 0,000030
window 0,274437 0,000077
windowless 2,995732 0,000839
windows 0,261365 0,000073
wine 0,248461 0,000070
wing 0,562119 0,000157
winter 0,198451 0,000056
wiped 0,733969 0,000206
wise 0,105361 0,000030
wisely 0,653926 0,000183
wiser 0,597837 0,000167
withdrawn 0,616186 0,000173
withdrew 0,510826 0,000143
withered 0,843970 0,000236
woke 0,820981 0,000230
woman 0,061875 0,000017
womb 1,272966 0,000356
women 0,094311 0,000026
wonderful 0,162519 0,000046
wood 0,116534 0,000033
word 0,020203 0,000006
worded 2,040221 0,000571
wore 0,274437 0,000077
workmanship 1,272966 0,000356
worse 0,083382 0,000023
worst 0,186330 0,000052
worth 0,061875 0,000017
wrack 2,407946 0,000674
wrappers 2,040221 0,000571
wreaths 1,171183 0,000328
wreck 0,941609 0,000264
wrecked 1,272966 0,000356
wrestling 1,469676 0,000412
write 0,150823 0,000042
writer 0,415515 0,000116
writing 0,061875 0,000017
written 0,051293 0,000014
wrong 0,083382 0,000023
wrote 0,150823 0,000042
wrung 1,021651 0,000286
yard 0,430783 0,000121
yellow 0,328504 0,000092
yesterday 0,301105 0,000084
youth 0,150823 0,000042
