abandon 0,544727 0,000242
abide 0,287682 0,000128
abound 1,469676 0,000654
abounding 1,897120 0,000844
abrupt 0,994252 0,000442
absolute 0,400478 0,000178
absolutely 0,287682 0,000128
absurd 0,430783 0,000192
absurdly 1,427116 0,000635
accents 1,272966 0,000566
accept 0,094311 0,000042
accepted 0,139262 0,000062
accepting 0,287682 0,000128
access 0,314711 0,000140
accessed 0,562119 0,000250
accessible 0,446287 0,000199
accidents 0,820981 0,000365
accompanied 0,223144 0,000099
accomplish 0,733969 0,000326
accomplished 0,385662 0,000172
accord 0,597837 0,000266
account 0,010050 0,000004
accumulation 1,609438 0,000716
accused 0,616186 0,000274
achieve 1,078810 0,000480
acknowledges 2,120264 0,000943
acquainted 0,385662 0,000172
acquire 0,776529 0,000345
acquired 0,462035 0,000206
acquirement 2,659260 0,001183
actions 0,356675 0,000159
active 0,127833 0,000057
activities 1,771957 0,000788
activity 0,446287 0,000199
actual 0,174353 0,000078
actuality 2,302585 0,001024
adam 0,941609 0,000419
add 0,198451 0,000088
addition 0,116534 0,000052
additional 0,198451 0,000088
additions 0,371064 0,000165
address 0,116534 0,000052
addressed 0,274437 0,000122
addresses 0,385662 0,000172
adds 0,798508 0,000355
adjusted 1,171183 0,000521
adjustment 2,207275 0,000982
admire 0,527633 0,000235
admit 0,235722 0,000105
admittedly 3,506558 0,001560
advance 0,223144 0,000099
adverse 1,514128 0,000674
advertisements 2,207275 0,000982
advertises 3,912023 0,001740
advice 0,186330 0,000083
advise 0,462035 0,000206
advised 0,616186 0,000274
advising 1,237874 0,000551
affair 0,301105 0,000134
afford 0,301105 0,000134
age 0,051293 0,000023
aged 0,198451 0,000088
ageing 3,218876 0,001432
agent 0,274437 0,000122
agents 0,967584 0,000430
ages 0,261365 0,000116
agree 0,116534 0,000052
agreeable 0,462035 0,000206
agreed 0,116534 0,000052
agreement 0,210721 0,000094
aid 0,287682 0,000128
aiming 1,309333 0,000582
air 0,061875 0,000028
airs 1,078810 0,000480
ak 1,347074 0,000599
alas 0,462035 0,000206
alhambra 3,912023 0,001740
alive 0,051293 0,000023
alter 0,544727 0,000242
alteration 0,314711 0,000140
alternate 0,328504 0,000146
alternative 1,078810 0,000480
alternatives 2,040221 0,000908
amateur 1,386294 0,000617
analyse 1,832581 0,000815
angry 0,174353 0,000078
anna 1,832581 0,000815
answer 0,040822 0,000018
antagonistic 1,966113 0,000875
anticipated 0,755023 0,000336
anxious 0,261365 0,000116
apologies 1,237874 0,000551
appeal 0,342490 0,000152
appetite 0,371064 0,000165
applicable 0,400478 0,000178
application 0,733969 0,000326
applies 1,171183 0,000521
apply 0,162519 0,000072
appreciable 2,407946 0,001071
appreciation 1,049822 0,000467
approach 0,083382 0,000037
approaching 0,235722 0,000105
architecture 1,108663 0,000493
archive 0,544727 0,000242
ardour 1,272966 0,000566
aristocracy 1,386294 0,000617
arm 0,094311 0,000042
army 0,371064 0,000165
arnold 2,302585 0,001024
arrange 0,579818 0,000258
arrangement 0,462035 0,000206
arranging 0,820981 0,000365
array 0,314711 0,000140
arrival 0,356675 0,000159
arrive 0,314711 0,000140
arrived 0,150823 0,000067
arriving 0,634878 0,000282
art 0,139262 0,000062
arthur 1,660731 0,000739
articles 0,527633 0,000235
arts 0,597837 0,000266
ascii 0,562119 0,000250
ashamed 0,248461 0,000111
asinine 3,218876 0,001432
aspirant 2,407946 0,001071
aspiration 2,120264 0,000943
aspirations 1,108663 0,000493
assault 0,916291 0,000408
assistance 0,105361 0,000047
assume 0,478036 0,000213
assuming 0,916291 0,000408
assured 0,301105 0,000134
assuredly 0,967584 0,000430
astonished 0,301105 0,000134
astonishing 0,653926 0,000291
astonishingly 2,995732 0,001333
attached 0,127833 0,000057
attained 0,494296 0,000220
attainment 1,771957 0,000788
attempt 0,083382 0,000037
attempted 0,356675 0,000159
attempting 0,579818 0,000258
attend 0,301105 0,000134
attendances 3,912023 0,001740
attendant 0,733969 0,000326
attending 0,713350 0,000317
attention 0,083382 0,000037
attire 1,203973 0,000536
attitude 0,478036 0,000213
audacity 1,237874 0,000551
aught 0,891598 0,000397
august 0,616186 0,000274
aurelius 2,525729 0,001124
aurora 1,714798 0,000763
author 0,116534 0,000052
average 0,820981 0,000365
avoid 0,174353 0,000078
avoidable 2,995732 0,001333
aware 0,223144 0,000099
awful 0,328504 0,000146
baby 0,673345 0,000300
backslider 3,506558 0,001560
backwaters 3,912023 0,001740
bad 0,051293 0,000023
badly 0,446287 0,000199
baggy 2,302585 0,001024
balance 0,544727 0,000242
balanced 1,021651 0,000454
balances 2,302585 0,001024
balancing 1,272966 0,000566
banal 3,506558 0,001560
band 0,430783 0,000192
bangs 2,525729 0,001124
banjo 3,912023 0,001740
bank 0,261365 0,000116
bars 0,653926 0,000291
based 0,371064 0,000165
bath 0,562119 0,000250
battle 0,287682 0,000128
beatific 2,525729 0,001124
beating 0,314711 0,000140
beauty 0,174353 0,000078
bed 0,051293 0,000023
bedroom 0,798508 0,000355
beethoven 2,207275 0,000982
beg 0,210721 0,000094
behaves 1,897120 0,000844
behaviour 0,941609 0,000419
bells 0,597837 0,000266
beneficially 3,912023 0,001740
bent 0,174353 0,000078
bernard 1,966113 0,000875
betray 0,527633 0,000235
beware 0,820981 0,000365
binary 0,562119 0,000250
birds 0,301105 0,000134
biscuits 1,771957 0,000788
bit 0,174353 0,000078
bitterness 0,634878 0,000282
blame 0,174353 0,000078
block 0,616186 0,000274
blush 0,693147 0,000308
boat 0,446287 0,000199
body 0,030459 0,000014
boiling 0,776529 0,000345
boils 1,714798 0,000763
bolts 1,427116 0,000635
bones 0,235722 0,000105
book 0,061875 0,000028
books 0,139262 0,000062
bookseller 2,302585 0,001024
boor 2,659260 0,001183
bore 0,150823 0,000067
bored 0,994252 0,000442
bores 2,120264 0,000943
bound 0,030459 0,000014
box 0,248461 0,000111
braced 1,609438 0,000716
braces 1,609438 0,000716
bracing 1,714798 0,000763
brain 0,356675 0,000159
breach 0,274437 0,000122
bread 0,248461 0,000111
breakfasts 2,407946 0,001071
breaking 0,210721 0,000094
breast 0,210721 0,000094
breathless 0,673345 0,000300
bribe 1,309333 0,000582
bridge 0,494296 0,000220
bright 0,116534 0,000052
bring 0,010050 0,000004
british 0,843970 0,000375
brokers 2,813411 0,001252
brought 0,010050 0,000004
brow 0,544727 0,000242
browning 2,995732 0,001333
bruyere 3,912023 0,001740
budget 2,207275 0,000982
build 0,446287 0,000199
bunch 0,994252 0,000442
burden 0,223144 0,000099
burglars 2,120264 0,000943
burglary 2,120264 0,000943
bursting 0,713350 0,000317
bush 0,820981 0,000365
business 0,040822 0,000018
butter 0,820981 0,000365
butterfly 1,427116 0,000635
cab 1,272966 0,000566
cabinet 1,021651 0,000454
calculate 0,328504 0,000146
calculated 0,174353 0,000078
calm 0,301105 0,000134
calmly 0,510826 0,000227
candid 1,203973 0,000536
capable 0,261365 0,000116
caprice 1,469676 0,000654
car 0,994252 0,000442
card 0,223144 0,000099
cards 0,634878 0,000282
care 0,000000 0,000000
career 0,478036 0,000213
careful 0,174353 0,000078
carefully 0,139262 0,000062
cares 0,634878 0,000282
caress 1,469676 0,000654
carry 0,030459 0,000014
carter 2,040221 0,000908
cat 0,562119 0,000250
catch 0,210721 0,000094
cease 0,139262 0,000062
ceases 1,309333 0,000582
cellars 1,469676 0,000654
central 0,733969 0,000326
ceremonial 1,966113 0,000875
chaining 3,912023 0,001740
chance 0,083382 0,000037
chancellor 2,120264 0,000943
chancellors 3,506558 0,001560
chances 0,562119 0,000250
change 0,010050 0,000004
changed 0,051293 0,000023
changeful 2,659260 0,001183
chap 1,021651 0,000454
chapter 0,342490 0,000152
chapters 1,469676 0,000654
character 0,061875 0,000028
charge 0,051293 0,000023
charges 0,223144 0,000099
chariot 1,237874 0,000551
charitable 0,287682 0,000128
charities 0,494296 0,000220
charles 0,597837 0,000266
chat 1,203973 0,000536
chatter 1,427116 0,000635
check 0,174353 0,000078
checks 0,478036 0,000213
chief 0,094311 0,000042
chiefest 1,966113 0,000875
chiefly 0,527633 0,000235
chinese 1,139434 0,000507
choice 0,150823 0,000067
choose 0,083382 0,000037
choosing 0,867501 0,000386
chorus 1,021651 0,000454
chosen 0,186330 0,000083
cigar 1,139434 0,000507
cigarette 1,514128 0,000674
circumstances 0,162519 0,000072
circumvent 2,525729 0,001124
circus 1,427116 0,000635
city 0,051293 0,000023
claim 0,116534 0,000052
claims 0,616186 0,000274
class 0,314711 0,000140
clerk 0,673345 0,000300
cloak 0,562119 0,000250
cloth 0,356675 0,000159
cloud 0,301105 0,000134
club 0,713350 0,000317
clutching 1,203973 0,000536
coast 0,544727 0,000242
codes 0,510826 0,000227
coffee 0,562119 0,000250
coin 0,916291 0,000408
cold 0,040822 0,000018
colder 1,078810 0,000480
collection 0,174353 0,000078
colloquial 3,506558 0,001560
coma 3,218876 0,001432
combined 0,713350 0,000317
comfort 0,150823 0,000067
comfortably 0,693147 0,000308
command 0,162519 0,000072
commencement 1,139434 0,000507
comment 0,673345 0,000300
commercial 0,274437 0,000122
committed 0,150823 0,000067
commodity 2,302585 0,001024
common 0,072571 0,000032
commoner 2,302585 0,001024
commonest 1,832581 0,000815
companies 1,139434 0,000507
companions 0,301105 0,000134
company 0,020203 0,000009
compare 0,510826 0,000227
compartment 2,040221 0,000908
competitions 3,218876 0,001432
compilation 0,494296 0,000220
complain 0,446287 0,000199
complete 0,150823 0,000067
completely 0,274437 0,000122
complex 1,139434 0,000507
compliance 0,342490 0,000152
comply 0,342490 0,000152
complying 0,446287 0,000199
composed 0,328504 0,000146
composer 2,120264 0,000943
comprehend 0,616186 0,000274
comprehended 0,967584 0,000430
comprehensible 1,832581 0,000815
compressed 0,342490 0,000152
comprises 2,207275 0,000982
conceivable 1,386294 0,000617
concentrate 1,609438 0,000716
concentrating 2,207275 0,000982
concentration 1,771957 0,000788
concept 0,544727 0,000242
concert 1,139434 0,000507
concerts 1,897120 0,000844
condition 0,094311 0,000042
conduct 0,198451 0,000088
conducted 0,415515 0,000185
conductor 1,108663 0,000493
confidence 0,139262 0,000062
confine 0,755023 0,000336
confirmation 0,356675 0,000159
confirmed 0,174353 0,000078
confronted 1,021651 0,000454
confused 0,248461 0,000111
conscience 0,314711 0,000140
conscientious 1,272966 0,000566
conscientiously 1,609438 0,000716
conscious 0,314711 0,000140
consciousness 0,371064 0,000165
consecutive 2,302585 0,001024
consequence 0,328504 0,000146
consequences 0,371064 0,000165
consequential 0,478036 0,000213
considerable 0,105361 0,000047
consideration 0,274437 0,000122
consist 0,867501 0,000386
consisted 0,562119 0,000250
consols 3,912023 0,001740
constant 0,051293 0,000023
constantly 0,371064 0,000165
constitute 1,171183 0,000521
construction 0,755023 0,000336
consult 0,579818 0,000258
consultation 0,994252 0,000442
consulted 0,673345 0,000300
contact 0,210721 0,000094
content 0,186330 0,000083
contention 1,309333 0,000582
contents 0,094311 0,000042
continual 0,693147 0,000308
continue 0,261365 0,000116
continuous 0,867501 0,000386
contract 0,261365 0,000116
contrary 0,198451 0,000088
contributions 0,430783 0,000192
contrive 1,237874 0,000551
control 0,314711 0,000140
controlling 1,469676 0,000654
convenience 0,755023 0,000336
convenient 0,462035 0,000206
convert 0,385662 0,000172
convinced 0,287682 0,000128
cook 0,430783 0,000192
cooking 0,967584 0,000430
cooling 1,272966 0,000566
cope 1,272966 0,000566
copying 0,494296 0,000220
copyright 0,415515 0,000185
corner 0,127833 0,000057
corporation 0,462035 0,000206
correspondence 0,820981 0,000365
correspondents 2,302585 0,001024
corrupt 0,274437 0,000122
cost 0,105361 0,000047
costs 0,287682 0,000128
count 0,248461 0,000111
countries 0,235722 0,000105
country 0,010050 0,000004
counts 1,237874 0,000551
couple 0,287682 0,000128
covent 2,207275 0,000982
cover 0,261365 0,000116
cracked 0,843970 0,000375
craft 0,755023 0,000336
created 0,116534 0,000052
creating 0,342490 0,000152
creation 0,235722 0,000105
creature 0,174353 0,000078
credit 0,094311 0,000042
creeping 0,634878 0,000282
crime 0,314711 0,000140
critical 0,235722 0,000105
criticised 1,897120 0,000844
crockery 1,714798 0,000763
cross 0,139262 0,000062
crowded 0,301105 0,000134
cruelly 0,820981 0,000365
cultivate 1,171183 0,000521
cultivated 0,693147 0,000308
cultivation 1,469676 0,000654
cultivators 2,525729 0,001124
cup 0,385662 0,000172
cure 0,430783 0,000192
cures 1,771957 0,000788
curiosity 0,223144 0,000099
curiousness 3,218876 0,001432
current 0,127833 0,000057
curt 2,120264 0,000943
customs 0,713350 0,000317
cut 0,040822 0,000018
dailies 3,506558 0,001560
daily 0,248461 0,000111
damage 0,261365 0,000116
damaged 0,356675 0,000159
damages 0,400478 0,000178
danger 0,116534 0,000052
dangers 0,597837 0,000266
data 0,494296 0,000220
day 0,000000 0,000000
days 0,020203 0,000009
dazzling 0,941609 0,000419
deal 0,105361 0,000047
dealing 0,616186 0,000274
deals 1,272966 0,000566
dealt 0,597837 0,000266
debt 0,693147 0,000308
debts 0,867501 0,000386
decent 0,693147 0,000308
decide 0,274437 0,000122
decided 0,186330 0,000083
decidedly 0,867501 0,000386
deciding 1,427116 0,000635
decline 0,673345 0,000300
deductible 0,562119 0,000250
deeper 0,328504 0,000146
defect 0,328504 0,000146
defective 0,356675 0,000159
defects 0,301105 0,000134
deference 0,967584 0,000430
define 1,272966 0,000566
definite 0,755023 0,000336
defy 1,139434 0,000507
degree 0,198451 0,000088
degrees 0,446287 0,000199
deletions 0,562119 0,000250
deliberate 0,755023 0,000336
deliberately 0,693147 0,000308
deliberation 1,171183 0,000521
delicate 0,301105 0,000134
demand 0,127833 0,000057
demanded 0,400478 0,000178
demands 0,673345 0,000300
democracy 1,832581 0,000815
deny 0,301105 0,000134
depart 0,400478 0,000178
departments 1,609438 0,000716
depend 0,371064 0,000165
depends 0,198451 0,000088
deplorable 1,386294 0,000617
depressing 1,427116 0,000635
depths 0,446287 0,000199
derivative 0,510826 0,000227
derive 0,342490 0,000152
derived 0,248461 0,000111
deserve 0,430783 0,000192
desire 0,072571 0,000032
desiring 0,916291 0,000408
desirous 0,634878 0,000282
despair 0,198451 0,000088
desperate 0,328504 0,000146
destroy 0,127833 0,000057
detach 0,446287 0,000199
determine 0,210721 0,000094
determining 1,237874 0,000551
deterred 1,897120 0,000844
developing 1,386294 0,000617
development 0,755023 0,000336
devote 0,755023 0,000336
devoted 0,301105 0,000134
devoting 1,660731 0,000739
dickens 1,560648 0,000694
dictate 1,203973 0,000536
dictates 1,469676 0,000654
didactic 2,302585 0,001024
die 0,105361 0,000047
dies 0,579818 0,000258
differentiates 3,912023 0,001740
difficult 0,116534 0,000052
difficulties 0,385662 0,000172
difficulty 0,139262 0,000062
dignity 0,314711 0,000140
dinner 0,198451 0,000088
direct 0,083382 0,000037
direction 0,083382 0,000037
director 0,798508 0,000355
disappointment 0,462035 0,000206
disapprobation 2,040221 0,000908
disastrous 1,108663 0,000493
disciplining 2,659260 0,001183
disclaim 0,510826 0,000227
disclaimer 0,562119 0,000250
disclaimers 0,562119 0,000250
discomfort 1,237874 0,000551
discomforts 2,525729 0,001124
disconcerting 2,302585 0,001024
discontented 1,078810 0,000480
discontinue 0,544727 0,000242
discouragements 2,995732 0,001333
discover 0,083382 0,000037
discovered 0,051293 0,000023
discovery 0,371064 0,000165
discussion 0,673345 0,000300
disdainfully 1,897120 0,000844
disease 0,371064 0,000165
disguise 0,562119 0,000250
disguised 0,867501 0,000386
disillusions 3,506558 0,001560
disk 0,446287 0,000199
dislike 0,616186 0,000274
display 0,261365 0,000116
displayed 0,198451 0,000088
displaying 0,342490 0,000152
displeased 1,108663 0,000493
disquieting 2,120264 0,000943
disregard 1,021651 0,000454
dissatisfaction 1,609438 0,000716
distaste 1,771957 0,000788
distinguish 0,356675 0,000159
distinguished 0,301105 0,000134
distress 0,274437 0,000122
distressing 1,108663 0,000493
distribute 0,400478 0,000178
distributed 0,248461 0,000111
distributing 0,446287 0,000199
distribution 0,430783 0,000192
distributor 0,562119 0,000250
disturb 0,478036 0,000213
disturbing 1,021651 0,000454
diversion 1,078810 0,000480
divert 1,139434 0,000507
doctor 0,446287 0,000199
doctors 0,916291 0,000408
dog 0,261365 0,000116
domain 0,328504 0,000146
domestic 0,527633 0,000235
dominate 2,207275 0,000982
donate 0,562119 0,000250
donation 0,494296 0,000220
donations 0,494296 0,000220
donors 0,527633 0,000235
door 0,040822 0,000018
downloading 0,562119 0,000250
doze 1,427116 0,000635
drains 2,040221 0,000908
dramatic 1,078810 0,000480
draw 0,105361 0,000047
drawbacks 2,120264 0,000943
drawn 0,094311 0,000042
dream 0,198451 0,000088
drift 0,755023 0,000336
drink 0,150823 0,000067
drinking 0,371064 0,000165
driven 0,127833 0,000057
driving 0,371064 0,000165
drown 0,820981 0,000365
dumb 0,562119 0,000250
durable 1,714798 0,000763
duties 0,356675 0,000159
duty 0,083382 0,000037
eager 0,210721 0,000094
ear 0,139262 0,000062
earned 0,693147 0,000308
earner 3,506558 0,001560
earnestly 0,415515 0,000185
earning 1,609438 0,000716
earns 2,302585 0,001024
ears 0,105361 0,000047
earth 0,051293 0,000023
easily 0,072571 0,000032
easy 0,040822 0,000018
eat 0,083382 0,000037
eating 0,235722 0,000105
edge 0,210721 0,000094
edition 0,287682 0,000128
editions 0,385662 0,000172
educational 0,446287 0,000199
effective 0,967584 0,000430
efficiency 2,040221 0,000908
effort 0,094311 0,000042
efforts 0,139262 0,000062
elasticity 1,897120 0,000844
elect 0,328504 0,000146
electronic 0,544727 0,000242
electronically 0,544727 0,000242
element 0,510826 0,000227
elementary 1,427116 0,000635
elephant 1,237874 0,000551
eliot 2,407946 0,001071
elusive 2,302585 0,001024
email 0,562119 0,000250
embark 1,560648 0,000694
emerge 1,386294 0,000617
emerson 3,218876 0,001432
employ 0,510826 0,000227
employee 0,527633 0,000235
employees 0,544727 0,000242
employing 1,171183 0,000521
employment 0,579818 0,000258
enable 0,579818 0,000258
encoding 0,653926 0,000291
encountered 0,798508 0,000355
encumbers 2,995732 0,001333
encyclopaedia 2,995732 0,001333
endeavour 0,867501 0,000386
endless 0,478036 0,000213
enemies 0,314711 0,000140
energies 1,108663 0,000493
energy 0,415515 0,000185
engaged 0,198451 0,000088
engines 1,078810 0,000480
england 0,385662 0,000172
english 0,094311 0,000042
enjoy 0,150823 0,000067
enjoyments 1,514128 0,000674
enlarging 1,832581 0,000815
enliven 2,525729 0,001124
enormous 0,430783 0,000192
ensure 1,514128 0,000674
ensuring 0,544727 0,000242
enterprise 0,843970 0,000375
enterprising 1,609438 0,000716
enthralling 2,995732 0,001333
entire 0,274437 0,000122
entity 0,544727 0,000242
environment 1,514128 0,000674
epilogue 1,966113 0,000875
equally 0,223144 0,000099
equipment 0,430783 0,000192
equivalent 1,078810 0,000480
ere 0,634878 0,000282
errors 0,248461 0,000111
escape 0,094311 0,000042
essay 1,078810 0,000480
estate 0,510826 0,000227
esteem 0,494296 0,000220
eternal 0,415515 0,000185
eternally 1,347074 0,000599
evening 0,083382 0,000037
evenings 0,798508 0,000355
eventide 2,120264 0,000943
evil 0,162519 0,000072
evils 0,798508 0,000355
evolution 1,386294 0,000617
exaggerated 0,843970 0,000375
examination 0,385662 0,000172
examine 0,400478 0,000178
examines 2,120264 0,000943
exceed 0,967584 0,000430
exceeding 0,916291 0,000408
excellence 1,049822 0,000467
excellent 0,150823 0,000067
exceptional 1,386294 0,000617
excessive 0,597837 0,000266
exchequer 2,407946 0,001071
excite 0,843970 0,000375
exclaim 1,171183 0,000521
excluded 0,967584 0,000430
exclusion 0,371064 0,000165
excursions 1,469676 0,000654
excuse 0,174353 0,000078
excuses 1,078810 0,000480
execution 0,597837 0,000266
executive 1,171183 0,000521
executors 2,525729 0,001124
exempt 0,371064 0,000165
exercise 0,287682 0,000128
exercises 0,891598 0,000397
exertion 0,967584 0,000430
exhausted 0,400478 0,000178
exhausting 1,609438 0,000716
exhibits 1,832581 0,000815
exist 0,342490 0,000152
existed 0,510826 0,000227
existence 0,162519 0,000072
exists 0,235722 0,000105
expanse 1,139434 0,000507
expansive 2,120264 0,000943
expect 0,186330 0,000083
expectation 0,462035 0,000206
expend 0,462035 0,000206
expenditure 1,469676 0,000654
expense 0,150823 0,000067
expenses 0,210721 0,000094
experience 0,083382 0,000037
experiment 0,733969 0,000326
explain 0,186330 0,000083
explained 0,248461 0,000111
explaining 0,733969 0,000326
explanation 0,139262 0,000062
explicable 3,912023 0,001740
exporting 0,510826 0,000227
express 0,127833 0,000057
exquisitely 1,386294 0,000617
extend 0,867501 0,000386
extends 1,139434 0,000507
extent 0,083382 0,000037
extra 0,843970 0,000375
extraneous 2,040221 0,000908
extravagant 0,916291 0,000408
extreme 0,235722 0,000105
extremely 0,385662 0,000172
eyes 0,010050 0,000004
facility 0,356675 0,000159
factors 1,771957 0,000788
faculties 0,693147 0,000308
fail 0,235722 0,000105
failed 0,198451 0,000088
fails 0,891598 0,000397
failure 0,446287 0,000199
faintly 0,713350 0,000317
fair 0,051293 0,000023
fairbanks 1,386294 0,000617
fall 0,020203 0,000009
familiar 0,150823 0,000067
families 0,430783 0,000192
famous 0,261365 0,000116
fancy 0,198451 0,000088
fares 2,120264 0,000943
fatal 0,342490 0,000152
fatigue 0,616186 0,000274
fatigued 1,203973 0,000536
fatiguing 2,040221 0,000908
favours 1,272966 0,000566
fear 0,020203 0,000009
feared 0,235722 0,000105
feasibility 3,218876 0,001432
feast 0,544727 0,000242
federal 0,527633 0,000235
fee 0,342490 0,000152
feebly 0,843970 0,000375
feeds 1,660731 0,000739
feel 0,020203 0,000009
feeling 0,105361 0,000047
feels 0,446287 0,000199
fees 0,415515 0,000185
fellow 0,051293 0,000023
fetish 2,995732 0,001333
feverish 0,843970 0,000375
fiction 0,891598 0,000397
fiddle 1,771957 0,000788
fiddler 2,525729 0,001124
field 0,150823 0,000067
fields 0,287682 0,000128
file 0,235722 0,000105
files 0,478036 0,000213
final 0,342490 0,000152
finality 2,407946 0,001071
finally 0,150823 0,000067
financial 0,415515 0,000185
fine 0,072571 0,000032
finer 1,021651 0,000454
finger 0,261365 0,000116
fit 0,061875 0,000028
fitness 0,446287 0,000199
flat 0,248461 0,000111
flatly 1,660731 0,000739
flawless 2,813411 0,001252
flirt 2,040221 0,000908
flourishing 1,021651 0,000454
fly 0,210721 0,000094
folks 0,941609 0,000419
follow 0,020203 0,000009
food 0,127833 0,000057
fool 0,314711 0,000140
foolish 0,235722 0,000105
force 0,061875 0,000028
forced 0,139262 0,000062
foreign 0,301105 0,000134
foreseen 1,021651 0,000454
forest 0,430783 0,000192
forget 0,072571 0,000032
forgotten 0,162519 0,000072
form 0,040822 0,000018
formal 0,673345 0,000300
formally 1,386294 0,000617
format 0,562119 0,000250
formation 1,139434 0,000507
formats 0,562119 0,000250
fortunate 0,415515 0,000185
fortunately 0,579818 0,000258
foster 1,171183 0,000521
foundation 0,174353 0,000078
foundations 0,843970 0,000375
freely 0,105361 0,000047
french 0,342490 0,000152
fresh 0,105361 0,000047
friend 0,040822 0,000018
friends 0,020203 0,000009
frittered 3,506558 0,001560
fritters 2,995732 0,001333
frivolity 1,771957 0,000788
frivolous 1,386294 0,000617
frustrate 1,897120 0,000844
fun 0,798508 0,000355
function 1,347074 0,000599
functions 0,994252 0,000442
futile 1,469676 0,000654
future 0,105361 0,000047
gain 0,174353 0,000078
garden 0,198451 0,000088
gardening 2,207275 0,000982
gas 1,171183 0,000521
gather 0,328504 0,000146
gazing 0,597837 0,000266
generations 0,198451 0,000088
generous 0,356675 0,000159
genius 0,400478 0,000178
genuine 0,597837 0,000266
genuinely 1,897120 0,000844
geology 2,120264 0,000943
george 0,616186 0,000274
glance 0,248461 0,000111
glaring 0,967584 0,000430
glass 0,186330 0,000083
glorious 0,462035 0,000206
gloriously 1,427116 0,000635
glow 0,527633 0,000235
goal 0,867501 0,000386
goals 0,544727 0,000242
govern 0,342490 0,000152
gradually 0,328504 0,000146
grandiose 2,995732 0,001333
granted 0,150823 0,000067
gratefully 0,415515 0,000185
gratifying 1,272966 0,000566
grave 0,127833 0,000057
gravely 0,693147 0,000308
gregory 1,139434 0,000507
grips 2,525729 0,001124
gross 0,235722 0,000105
growing 0,174353 0,000078
grows 0,527633 0,000235
guessed 0,616186 0,000274
guided 0,462035 0,000206
guineas 1,427116 0,000635
gulf 0,755023 0,000336
gun 0,755023 0,000336
gusto 2,120264 0,000943
habit 0,223144 0,000099
habits 0,356675 0,000159
hacking 2,407946 0,001071
hackneyed 2,525729 0,001124
hairs 0,916291 0,000408
halfpence 2,407946 0,001071
hall 0,314711 0,000140
hand 0,010050 0,000004
hang 0,400478 0,000178
hangs 0,941609 0,000419
happen 0,150823 0,000067
happier 0,544727 0,000242
happily 0,478036 0,000213
happiness 0,150823 0,000067
happy 0,072571 0,000032
hard 0,040822 0,000018
harmless 0,248461 0,000111
harried 2,995732 0,001333
hart 0,462035 0,000206
hast 0,891598 0,000397
hat 0,478036 0,000213
hate 0,274437 0,000122
hated 0,356675 0,000159
hates 1,237874 0,000551
haunted 0,579818 0,000258
haunting 1,469676 0,000654
hautboy 3,506558 0,001560
head 0,000000 0,000000
headed 0,510826 0,000227
health 0,198451 0,000088
healthy 0,356675 0,000159
heaps 0,733969 0,000326
hear 0,010050 0,000004
heard 0,020203 0,000009
heart 0,010050 0,000004
hearted 0,415515 0,000185
heartedly 2,659260 0,001183
heavily 0,400478 0,000178
heavy 0,030459 0,000014
herbert 2,525729 0,001124
heredity 2,120264 0,000943
heterogeneous 2,525729 0,001124
highly 0,261365 0,000116
hill 0,248461 0,000111
hints 0,941609 0,000419
history 0,186330 0,000083
hold 0,020203 0,000009
holder 0,446287 0,000199
honest 0,235722 0,000105
honestly 0,843970 0,000375
hope 0,010050 0,000004
hoping 0,430783 0,000192
horn 0,776529 0,000345
hotel 0,820981 0,000365
hour 0,083382 0,000037
hours 0,094311 0,000042
house 0,020203 0,000009
household 0,430783 0,000192
houses 0,139262 0,000062
human 0,083382 0,000037
humble 0,301105 0,000134
humdrum 2,407946 0,001071
humour 0,733969 0,000326
hurry 0,328504 0,000146
hurts 1,139434 0,000507
ice 0,527633 0,000235
idea 0,105361 0,000047
ideal 0,843970 0,000375
ideals 1,609438 0,000716
ideas 0,314711 0,000140
identification 0,527633 0,000235
identify 0,415515 0,000185
idle 0,274437 0,000122
idleness 0,755023 0,000336
idly 1,309333 0,000582
iii 0,287682 0,000128
illogical 2,302585 0,001024
imaginative 1,609438 0,000716
imagine 0,139262 0,000062
imbecility 1,609438 0,000716
imbued 1,660731 0,000739
immense 0,314711 0,000140
immerse 3,506558 0,001560
immortal 0,776529 0,000345
impassioned 2,040221 0,000908
implied 0,371064 0,000165
imposed 0,210721 0,000094
impossible 0,094311 0,000042
impress 0,776529 0,000345
impressed 0,510826 0,000227
impression 0,210721 0,000094
improve 0,733969 0,000326
improvement 0,673345 0,000300
impudence 1,272966 0,000566
impulse 0,462035 0,000206
inability 1,386294 0,000617
inaccurate 0,510826 0,000227
incapable 0,562119 0,000250
incidental 0,446287 0,000199
incidentally 1,609438 0,000716
inclination 0,579818 0,000258
include 0,274437 0,000122
included 0,162519 0,000072
includes 0,462035 0,000206
including 0,139262 0,000062
income 0,798508 0,000355
incomplete 0,301105 0,000134
inconsolably 3,506558 0,001560
inconvenient 1,237874 0,000551
increase 0,287682 0,000128
increasing 0,127833 0,000057
incur 1,386294 0,000617
indemnify 0,527633 0,000235
indemnity 0,527633 0,000235
indirect 0,446287 0,000199
indirectly 0,371064 0,000165
indispensable 0,843970 0,000375
individual 0,150823 0,000067
individuals 0,673345 0,000300
induce 0,634878 0,000282
inevitably 0,843970 0,000375
inexperienced 1,203973 0,000536
inexplicable 1,171183 0,000521
infinitely 0,673345 0,000300
influence 0,198451 0,000088
influences 0,994252 0,000442
informed 0,371064 0,000165
infringement 0,544727 0,000242
infused 1,714798 0,000763
ingeniously 1,832581 0,000815
ingloriously 2,813411 0,001252
inhabited 0,713350 0,000317
innumerable 0,634878 0,000282
inquired 0,544727 0,000242
inquires 2,407946 0,001071
inquiries 0,653926 0,000291
inquiry 0,634878 0,000282
inseparable 1,203973 0,000536
insist 0,462035 0,000206
insisted 0,400478 0,000178
inspires 1,386294 0,000617
instances 0,653926 0,000291
instant 0,210721 0,000094
instantly 0,356675 0,000159
instinctive 1,203973 0,000536
instruct 1,078810 0,000480
instrument 0,356675 0,000159
instruments 0,527633 0,000235
insufficiency 2,407946 0,001071
intellect 0,693147 0,000308
intellectual 0,235722 0,000105
intelligence 0,301105 0,000134
intense 0,430783 0,000192
intensely 0,820981 0,000365
intensification 3,912023 0,001740
intensity 0,994252 0,000442
intentioned 2,813411 0,001252
intermission 1,560648 0,000694
internal 0,261365 0,000116
international 0,494296 0,000220
interpreted 0,274437 0,000122
interval 0,579818 0,000258
invalidity 0,527633 0,000235
involve 1,309333 0,000582
irs 0,562119 0,000250
iso 1,897120 0,000844
issued 0,579818 0,000258
items 1,897120 0,000844
iterate 3,506558 0,001560
iv 0,328504 0,000146
ix 0,494296 0,000220
jane 1,832581 0,000815
jangling 2,813411 0,001252
john 0,328504 0,000146
joke 0,494296 0,000220
jolly 0,994252 0,000442
journey 0,198451 0,000088
jove 1,108663 0,000493
joy 0,139262 0,000062
judge 0,116534 0,000052
judgment 0,198451 0,000088
jump 0,733969 0,000326
jungle 1,966113 0,000875
justice 0,162519 0,000072
justify 0,693147 0,000308
keats 2,659260 0,001183
keen 0,415515 0,000185
kill 0,127833 0,000057
killer 2,120264 0,000943
kills 1,139434 0,000507
kindly 0,223144 0,000099
knave 1,714798 0,000763
knees 0,223144 0,000099
knowledge 0,061875 0,000028
labour 0,634878 0,000282
lack 0,478036 0,000213
lacking 1,171183 0,000521
lady 0,248461 0,000111
laid 0,072571 0,000032
lake 0,210721 0,000094
lamp 0,478036 0,000213
land 0,072571 0,000032
language 0,072571 0,000032
lap 0,634878 0,000282
larking 3,506558 0,001560
late 0,094311 0,000042
laugh 0,127833 0,000057
laughs 0,994252 0,000442
lavishness 3,506558 0,001560
law 0,030459 0,000014
laws 0,083382 0,000037
lead 0,083382 0,000037
leading 0,139262 0,000062
leads 0,462035 0,000206
leaf 0,462035 0,000206
learn 0,020203 0,000009
learning 0,301105 0,000134
leave 0,000000 0,000000
leaves 0,094311 0,000042
leaving 0,083382 0,000037
led 0,040822 0,000018
left 0,000000 0,000000
leg 0,478036 0,000213
legal 0,261365 0,000116
legally 0,342490 0,000152
leigh 3,218876 0,001432
leisured 3,506558 0,001560
lessen 1,171183 0,000521
lessens 2,525729 0,001124
letter 0,116534 0,000052
level 0,274437 0,000122
liability 0,462035 0,000206
liable 0,235722 0,000105
library 0,223144 0,000099
license 0,301105 0,000134
licensed 0,430783 0,000192
lid 0,820981 0,000365
lie 0,040822 0,000018
lieu 0,415515 0,000185
life -0,009950 -0,000004
light 0,010050 0,000004
liking 1,049822 0,000467
limitation 0,478036 0,000213
limited 0,261365 0,000116
limits 0,494296 0,000220
lingers 2,120264 0,000943
linked 0,385662 0,000172
links 0,415515 0,000185
liquid 0,891598 0,000397
listen 0,127833 0,000057
literary 0,287682 0,000128
literature 0,673345 0,000300
live 0,010050 0,000004
lived 0,061875 0,000028
livelihood 1,514128 0,000674
lives 0,072571 0,000032
living 0,020203 0,000009
lo 0,916291 0,000408
located 0,400478 0,000178
locations 0,544727 0,000242
lohengrin 3,506558 0,001560
lombard 2,120264 0,000943
london 0,415515 0,000185
londoner 3,506558 0,001560
loose 0,105361 0,000047
lose 0,094311 0,000042
loses 0,916291 0,000408
loss 0,094311 0,000042
lost 0,020203 0,000009
lot 0,061875 0,000028
loud 0,174353 0,000078
louder 0,527633 0,000235
loudly 0,400478 0,000178
love 0,051293 0,000023
lovely 0,494296 0,000220
loyally 2,525729 0,001124
lucid 1,386294 0,000617
ludgate 3,218876 0,001432
lunching 2,207275 0,000982
luxuries 1,386294 0,000617
lying 0,061875 0,000028
machine 0,248461 0,000111
machinery 1,049822 0,000467
mad 0,261365 0,000116
magic 0,673345 0,000300
magically 2,659260 0,001183
magnificent 0,328504 0,000146
maiden 0,820981 0,000365
main 0,127833 0,000057
maintain 0,562119 0,000250
maintaining 0,235722 0,000105
majestic 1,108663 0,000493
majestically 1,560648 0,000694
majority 0,597837 0,000266
males 1,560648 0,000694
manage 0,462035 0,000206
managed 0,342490 0,000152
mandarins 2,525729 0,001124
manner 0,040822 0,000018
margin 1,078810 0,000480
marked 0,061875 0,000028
martyred 3,218876 0,001432
martyrs 1,714798 0,000763
marvellously 1,660731 0,000739
mass 0,301105 0,000134
masterpieces 1,966113 0,000875
match 0,385662 0,000172
matches 1,049822 0,000467
material 0,328504 0,000146
materials 0,733969 0,000326
matter 0,010050 0,000004
matters 0,139262 0,000062
maturity 1,427116 0,000635
maximum 0,478036 0,000213
meal 0,301105 0,000134
mecca 2,813411 0,001252
mediaeval 2,995732 0,001333
meditate 1,347074 0,000599
medium 0,223144 0,000099
meet 0,010050 0,000004
melancholy 0,342490 0,000152
memory 0,174353 0,000078
mend 0,967584 0,000430
mental 0,430783 0,000192
mention 0,223144 0,000099
mentioned 0,223144 0,000099
mere 0,094311 0,000042
merit 0,544727 0,000242
met 0,040822 0,000018
meter 2,995732 0,001333
method 0,094311 0,000042
methods 0,210721 0,000094
michael 0,400478 0,000178
middle 0,030459 0,000014
midst 0,287682 0,000128
mighty 0,328504 0,000146
miles 0,223144 0,000099
milkman 2,407946 0,001071
millionaire 2,302585 0,001024
mince 2,407946 0,001071
mind 0,020203 0,000009
minded 0,400478 0,000178
minor 0,733969 0,000326
minority 1,386294 0,000617
minute 0,235722 0,000105
minutes 0,235722 0,000105
minutiae 3,218876 0,001432
miracle 0,755023 0,000336
misapplied 2,813411 0,001252
misapprehension 2,302585 0,001024
miserable 0,210721 0,000094
misleading 2,207275 0,000982
mission 0,210721 0,000094
mississippi 0,415515 0,000185
mistake 0,223144 0,000099
mistaken 0,261365 0,000116
modest 0,371064 0,000165
modification 0,494296 0,000220
modified 0,385662 0,000172
modify 2,120264 0,000943
moment 0,010050 0,000004
moments 0,287682 0,000128
monday 0,891598 0,000397
monetary 3,218876 0,001432
money 0,051293 0,000023
monopolised 2,995732 0,001333
monotonous 1,078810 0,000480
months 0,094311 0,000042
mood 0,527633 0,000235
moral 0,301105 0,000134
morally 1,171183 0,000521
morning 0,040822 0,000018
mornings 1,203973 0,000536
morrow 0,328504 0,000146
moths 2,207275 0,000982
motion 0,328504 0,000146
motor 2,302585 0,001024
mountains 0,400478 0,000178
movement 0,328504 0,000146
muddle 2,040221 0,000908
muddles 2,995732 0,001333
murmur 0,494296 0,000220
muscles 1,021651 0,000454
music 0,198451 0,000088
muttering 1,049822 0,000467
mutton 1,272966 0,000566
mysterious 0,314711 0,000140
narrative 0,616186 0,000274
narrow 0,105361 0,000047
natural 0,094311 0,000042
naturally 0,210721 0,000094
nature 0,094311 0,000042
necessity 0,261365 0,000116
neck 0,186330 0,000083
necktie 2,407946 0,001071
neglected 0,400478 0,000178
negligence 0,415515 0,000185
nerves 0,544727 0,000242
network 0,415515 0,000185
newborn 2,659260 0,001183
news 0,210721 0,000094
newsletter 0,562119 0,000250
newspaper 1,021651 0,000454
newspapers 0,820981 0,000365
nicely 1,021651 0,000454
night 0,010050 0,000004
nights 0,235722 0,000105
nocturnal 1,272966 0,000566
nominally 2,120264 0,000943
nonproprietary 0,562119 0,000250
nonsense 0,478036 0,000213
noonday 1,660731 0,000739
north 0,083382 0,000037
note 0,127833 0,000057
notice 0,030459 0,000014
notifies 0,527633 0,000235
nourishment 0,994252 0,000442
numerous 0,235722 0,000105
obedience 0,494296 0,000220
obedient 0,544727 0,000242
object 0,127833 0,000057
objected 0,755023 0,000336
objection 0,616186 0,000274
obliged 0,287682 0,000128
observation 0,446287 0,000199
observe 0,235722 0,000105
observed 0,162519 0,000072
obsessed 2,659260 0,001183
obsolete 0,446287 0,000199
obvious 0,415515 0,000185
occasional 0,510826 0,000227
occupations 1,078810 0,000480
occur 0,150823 0,000067
occurred 0,261365 0,000116
october 0,653926 0,000291
odd 0,385662 0,000172
odious 0,941609 0,000419
offered 0,139262 0,000062
offers 0,198451 0,000088
office 0,072571 0,000032
official 0,235722 0,000105
online 0,510826 0,000227
operatic 2,995732 0,001333
opinion 0,139262 0,000062
opportunities 0,235722 0,000105
opportunity 0,061875 0,000028
oppressive 1,171183 0,000521
orchestra 1,609438 0,000716
orchestral 3,506558 0,001560
orchestras 3,912023 0,001740
ordeal 1,660731 0,000739
ordinary 0,186330 0,000083
organ 0,776529 0,000345
organised 2,040221 0,000908
organism 1,832581 0,000815
organized 0,356675 0,000159
oriental 1,108663 0,000493
original 0,105361 0,000047
originally 0,673345 0,000300
originator 0,527633 0,000235
outdated 0,562119 0,000250
outer 0,510826 0,000227
outlook 1,771957 0,000788
outright 1,309333 0,000582
overflowing 0,994252 0,000442
overstep 2,995732 0,001333
overtaxed 2,995732 0,001333
overture 1,714798 0,000763
owed 0,139262 0,000062
owner 0,116534 0,000052
oxford 1,272966 0,000566
pace 0,328504 0,000146
paces 0,673345 0,000300
paid 0,061875 0,000028
pained 1,203973 0,000536
painful 0,328504 0,000146
painfully 0,916291 0,000408
painfulness 3,218876 0,001432
pair 0,235722 0,000105
pale 0,198451 0,000088
palliative 3,506558 0,001560
paper 0,083382 0,000037
paperwork 0,562119 0,000250
paradise 0,798508 0,000355
paragraph 0,328504 0,000146
paragraphs 0,494296 0,000220
paris 0,562119 0,000250
partly 0,301105 0,000134
party 0,061875 0,000028
pascal 2,525729 0,001124
pass 0,040822 0,000018
passably 2,407946 0,001071
passing 0,094311 0,000042
passion 0,186330 0,000083
passionately 0,941609 0,000419
patch 0,916291 0,000408
patent 1,078810 0,000480
path 0,198451 0,000088
pathetic 1,108663 0,000493
pay 0,051293 0,000023
paying 0,116534 0,000052
payment 0,941609 0,000419
payments 0,415515 0,000185
peace 0,094311 0,000042
pearls 1,078810 0,000480
peers 1,832581 0,000815
pen 0,371064 0,000165
penal 1,714798 0,000763
penetrated 0,843970 0,000375
penned 2,040221 0,000908
penny 0,755023 0,000336
people 0,010050 0,000004
perceive 0,356675 0,000159
perceives 1,714798 0,000763
perception 1,139434 0,000507
perceptions 1,714798 0,000763
perfect 0,072571 0,000032
perfectly 0,162519 0,000072
perform 0,150823 0,000067
performances 0,314711 0,000140
performed 0,127833 0,000057
performing 0,261365 0,000116
period 0,274437 0,000122
periodic 0,544727 0,000242
perish 0,733969 0,000326
permanent 0,223144 0,000099
permanently 1,386294 0,000617
permission 0,150823 0,000067
permit 0,446287 0,000199
permitted 0,105361 0,000047
perseverance 1,108663 0,000493
persevere 1,714798 0,000763
persist 1,309333 0,000582
persisting 2,207275 0,000982
persists 2,120264 0,000943
person 0,010050 0,000004
personal 0,223144 0,000099
persons 0,210721 0,000094
perspiration 1,237874 0,000551
perspires 3,912023 0,001740
persuaded 0,527633 0,000235
persuading 1,049822 0,000467
pert 1,966113 0,000875
petty 0,776529 0,000345
philosophers 0,994252 0,000442
philosophy 0,597837 0,000266
photographs 1,660731 0,000739
phrase 0,174353 0,000078
phrases 0,820981 0,000365
physical 0,198451 0,000088
piano 1,139434 0,000507
pictures 0,415515 0,000185
picturesque 0,755023 0,000336
picturesqueness 2,659260 0,001183
piece 0,072571 0,000032
pig 0,634878 0,000282
pipe 0,494296 0,000220
pipes 0,776529 0,000345
plain 0,040822 0,000018
plaintive 1,560648 0,000694
planet 1,272966 0,000566
planned 0,916291 0,000408
planning 1,021651 0,000454
plans 0,371064 0,000165
planting 1,560648 0,000694
platform 0,891598 0,000397
platforms 2,207275 0,000982
platitude 3,912023 0,001740
platitudes 2,995732 0,001333
play 0,072571 0,000032
player 1,139434 0,000507
plays 0,634878 0,000282
pleasure 0,051293 0,000023
poet 0,597837 0,000266
poetry 0,693147 0,000308
policy 0,820981 0,000365
politely 1,078810 0,000480
pompous 1,514128 0,000674
ponderous 1,203973 0,000536
poor 0,030459 0,000014
poorer 1,049822 0,000467
popular 0,430783 0,000192
port 0,579818 0,000258
portion 0,356675 0,000159
pose 1,427116 0,000635
position 0,162519 0,000072
positions 0,941609 0,000419
positively 0,776529 0,000345
possess 0,356675 0,000159
possessed 0,094311 0,000042
possession 0,083382 0,000037
possessions 0,776529 0,000345
possibility 0,162519 0,000072
posted 0,301105 0,000134
posting 1,660731 0,000739
postponing 2,207275 0,000982
potter 1,469676 0,000654
pottering 3,218876 0,001432
pound 0,776529 0,000345
pounds 0,494296 0,000220
pour 0,544727 0,000242
power 0,030459 0,000014
powerful 0,223144 0,000099
powers 0,248461 0,000111
practicable 1,309333 0,000582
practical 0,494296 0,000220
practically 0,235722 0,000105
practice 0,162519 0,000072
practise 0,967584 0,000430
prayer 0,478036 0,000213
precarious 1,660731 0,000739
precaution 0,941609 0,000419
precautions 1,021651 0,000454
preceding 0,755023 0,000336
precious 0,162519 0,000072
precisely 0,510826 0,000227
preface 0,733969 0,000326
prefer 0,385662 0,000172
prejudice 0,733969 0,000326
preliminary 0,994252 0,000442
preoccupied 1,386294 0,000617
prepare 0,162519 0,000072
prepared 0,105361 0,000047
preserve 0,150823 0,000067
press 0,274437 0,000122
pretend 0,446287 0,000199
pretty 0,150823 0,000067
prevent 0,083382 0,000037
previous 0,094311 0,000042
price 0,314711 0,000140
priceless 1,897120 0,000844
pride 0,150823 0,000067
prig 2,525729 0,001124
primal 2,407946 0,001071
primary 1,660731 0,000739
principal 0,287682 0,000128
principally 1,108663 0,000493
principles 0,510826 0,000227
print 0,261365 0,000116
printed 0,174353 0,000078
prison 0,287682 0,000128
private 0,198451 0,000088
prize 0,579818 0,000258
process 0,400478 0,000178
processing 0,562119 0,000250
procuring 1,347074 0,000599
produce 0,127833 0,000057
produced 0,105361 0,000047
produces 0,916291 0,000408
producing 0,713350 0,000317
product 1,237874 0,000551
production 0,314711 0,000140
professor 0,287682 0,000128
profit 0,248461 0,000111
profits 0,314711 0,000140
profound 0,462035 0,000206
profoundly 0,994252 0,000442
programme 1,609438 0,000716
programmes 3,506558 0,001560
prohibition 0,430783 0,000192
project -0,009950 -0,000004
prologue 2,407946 0,001071
prolonged 0,597837 0,000266
promenade 2,040221 0,000908
promenades 2,995732 0,001333
prominence 1,771957 0,000788
prominently 0,494296 0,000220
promised 0,198451 0,000088
promoting 0,430783 0,000192
promotion 0,342490 0,000152
proofread 0,562119 0,000250
proper 0,061875 0,000028
properly 0,385662 0,000172
property 0,127833 0,000057
proportion 0,371064 0,000165
propose 0,527633 0,000235
proprietary 0,562119 0,000250
prose 1,021651 0,000454
prospects 1,203973 0,000536
prosperity 0,820981 0,000365
protect 0,186330 0,000083
protests 1,714798 0,000763
proved 0,116534 0,000052
proverb 1,108663 0,000493
proves 0,776529 0,000345
provide 0,162519 0,000072
providing 0,261365 0,000116
provinces 1,108663 0,000493
proving 0,820981 0,000365
provision 0,248461 0,000111
provisions 0,223144 0,000099
provoke 0,891598 0,000397
public 0,083382 0,000037
punishment 0,301105 0,000134
punitive 0,562119 0,000250
purely 0,713350 0,000317
purpose 0,040822 0,000018
purposefulness 3,912023 0,001740
purse 0,616186 0,000274
pursue 0,510826 0,000227
quality 0,274437 0,000122
quantity 0,579818 0,000258
quarter 0,223144 0,000099
quarters 0,248461 0,000111
question 0,051293 0,000023
quicken 1,771957 0,000788
quiescence 2,813411 0,001252
quietly 0,261365 0,000116
quitting 1,386294 0,000617
raged 1,272966 0,000566
railway 1,203973 0,000536
railways 2,040221 0,000908
raiment 1,714798 0,000763
raises 1,171183 0,000521
rapidity 0,820981 0,000365
rare 0,274437 0,000122
rate 0,274437 0,000122
rattles 2,407946 0,001071
raw 0,713350 0,000317
reach 0,051293 0,000023
reached 0,127833 0,000057
reaching 0,083382 0,000037
read 0,020203 0,000009
readable 0,510826 0,000227
reader 0,342490 0,000152
readers 0,776529 0,000345
reading 0,061875 0,000028
ready 0,030459 0,000014
real 0,040822 0,000018
realisation 1,966113 0,000875
realise 1,347074 0,000599
realising 2,120264 0,000943
reality 0,328504 0,000146
realm 1,021651 0,000454
reason 0,010050 0,000004
reasonable 0,116534 0,000052
reassuring 1,560648 0,000694
receipt 0,314711 0,000140
receive 0,083382 0,000037
received 0,040822 0,000018
receives 0,916291 0,000408
receiving 0,116534 0,000052
reconstitute 3,506558 0,001560
recurring 1,347074 0,000599
red 0,072571 0,000032
redistribute 0,544727 0,000242
redistributing 0,562119 0,000250
redistribution 0,562119 0,000250
reference 0,562119 0,000250
references 0,430783 0,000192
referred 0,616186 0,000274
referring 0,967584 0,000430
reflect 0,653926 0,000291
reflection 0,356675 0,000159
reflective 2,040221 0,000908
reflects 1,832581 0,000815
refund 0,562119 0,000250
refuses 1,272966 0,000566
regard 0,150823 0,000067
registered 0,430783 0,000192
regret 0,385662 0,000172
regular 0,287682 0,000128
regularly 0,616186 0,000274
regulating 0,415515 0,000185
rehearsal 2,120264 0,000943
reiterate 2,659260 0,001183
relation 0,446287 0,000199
relatives 0,941609 0,000419
release 0,210721 0,000094
religion 0,446287 0,000199
reluctance 1,049822 0,000467
remain 0,040822 0,000018
remaining 0,094311 0,000042
remains 0,150823 0,000067
remark 0,314711 0,000140
remarks 0,462035 0,000206
remedies 0,415515 0,000185
remember 0,083382 0,000037
remind 0,755023 0,000336
reminded 0,527633 0,000235
remove 0,127833 0,000057
removed 0,061875 0,000028
renamed 0,562119 0,000250
rents 1,714798 0,000763
repeat 0,328504 0,000146
replace 0,342490 0,000152
replacement 0,562119 0,000250
reply 0,174353 0,000078
reported 0,162519 0,000072
reports 0,261365 0,000116
representations 0,356675 0,000159
reproach 0,371064 0,000165
repugnant 1,771957 0,000788
request 0,127833 0,000057
requested 0,843970 0,000375
require 0,127833 0,000057
required 0,083382 0,000037
requirements 0,415515 0,000185
resolution 0,462035 0,000206
respect 0,094311 0,000042
respected 0,673345 0,000300
respectfully 1,139434 0,000507
respective 1,171183 0,000521
rest 0,010050 0,000004
restaurant 1,560648 0,000694
restricted 1,560648 0,000694
restrictions 0,385662 0,000172
result 0,174353 0,000078
resume 0,776529 0,000345
resurrection 1,347074 0,000599
retire 0,673345 0,000300
return 0,040822 0,000018
returning 0,127833 0,000057
returns 0,235722 0,000105
reveals 1,386294 0,000617
revenue 0,371064 0,000165
reversed 1,171183 0,000521
reviews 1,832581 0,000815
revolution 0,713350 0,000317
rewarded 0,713350 0,000317
rid 0,223144 0,000099
ridicule 1,171183 0,000521
ridiculous 0,478036 0,000213
righteousness 1,427116 0,000635
rise 0,040822 0,000018
risen 0,342490 0,000152
rising 0,116534 0,000052
risk 0,371064 0,000165
rivers 0,713350 0,000317
road 0,150823 0,000067
rob 0,653926 0,000291
robs 2,207275 0,000982
role 1,609438 0,000716
roll 0,415515 0,000185
rolled 0,356675 0,000159
romance 0,693147 0,000308
root 0,385662 0,000172
rouse 0,798508 0,000355
roused 0,653926 0,000291
royal 0,400478 0,000178
royalties 0,527633 0,000235
royalty 0,385662 0,000172
ruined 0,371064 0,000165
rule 0,198451 0,000088
rules 0,150823 0,000067
ruse 1,832581 0,000815
rush 0,287682 0,000128
rushes 1,049822 0,000467
russell 2,407946 0,001071
sack 0,891598 0,000397
sacred 0,415515 0,000185
sacrifice 0,328504 0,000146
sacrifices 0,867501 0,000386
sad 0,223144 0,000099
sadness 0,820981 0,000365
safeguard 1,660731 0,000739
sagacious 1,660731 0,000739
sailing 0,653926 0,000291
sake 0,094311 0,000042
salt 0,116534 0,000052
sample 1,560648 0,000694
sat 0,083382 0,000037
satisfaction 0,186330 0,000083
satisfied 0,105361 0,000047
satisfy 0,342490 0,000152
saturday 0,843970 0,000375
saucepan 2,120264 0,000943
saucer 1,609438 0,000716
save 0,030459 0,000014
saving 0,478036 0,000213
scales 1,049822 0,000467
scarcely 0,301105 0,000134
scatter 1,049822 0,000467
scattered 0,139262 0,000062
scene 0,198451 0,000088
scenes 0,494296 0,000220
science 0,446287 0,000199
scientific 0,776529 0,000345
scientifically 2,407946 0,001071
scope 1,139434 0,000507
scruff 2,659260 0,001183
sea 0,116534 0,000052
sealed 0,820981 0,000365
search 0,051293 0,000023
secret 0,061875 0,000028
secure 0,072571 0,000032
security 0,544727 0,000242
seldom 0,301105 0,000134
selling 0,820981 0,000365
send 0,030459 0,000014
sending 0,083382 0,000037
sensation 0,462035 0,000206
sense 0,051293 0,000023
sentence 0,127833 0,000057
separates 1,469676 0,000654
servants 0,162519 0,000072
served 0,186330 0,000083
service 0,072571 0,000032
servitude 1,272966 0,000566
set 0,010050 0,000004
sets 0,385662 0,000172
setting 0,186330 0,000083
settled 0,127833 0,000057
settler 3,218876 0,001432
seventh 0,562119 0,000250
severest 1,560648 0,000694
shah 2,813411 0,001252
shameful 0,916291 0,000408
shape 0,186330 0,000083
share 0,040822 0,000018
shared 0,139262 0,000062
sharing 0,248461 0,000111
shepherd 0,941609 0,000419
shilling 1,203973 0,000536
shillings 1,171183 0,000521
shipping 1,309333 0,000582
shires 3,912023 0,001740
shirk 2,407946 0,001071
shocked 0,776529 0,000345
shocking 1,139434 0,000507
short 0,020203 0,000009
showered 1,714798 0,000763
shy 0,733969 0,000326
sight 0,051293 0,000023
sign 0,139262 0,000062
silent 0,051293 0,000023
silly 0,400478 0,000178
simple 0,094311 0,000042
simpler 1,347074 0,000599
simply 0,150823 0,000067
sincerity 0,653926 0,000291
sing 0,415515 0,000185
single 0,083382 0,000037
singular 0,430783 0,000192
sir 0,150823 0,000067
sit 0,061875 0,000028
situation 0,198451 0,000088
situations 1,469676 0,000654
sixpence 1,469676 0,000654
sixteen 0,653926 0,000291
skeleton 1,021651 0,000454
skiff 1,832581 0,000815
skill 0,301105 0,000134
skin 0,210721 0,000094
skinny 2,302585 0,001024
skipped 1,660731 0,000739
slackness 2,659260 0,001183
slaked 3,218876 0,001432
slaking 3,506558 0,001560
slave 0,494296 0,000220
slaved 3,506558 0,001560
sleep 0,072571 0,000032
slight 0,150823 0,000067
slip 0,462035 0,000206
slippers 1,021651 0,000454
slow 0,139262 0,000062
smoke 0,314711 0,000140
smoking 0,462035 0,000206
social 0,371064 0,000165
society 0,210721 0,000094
soft 0,210721 0,000094
sole 0,342490 0,000152
solicit 0,430783 0,000192
solicitation 0,510826 0,000227
solid 0,274437 0,000122
solitude 0,510826 0,000227
sombre 1,171183 0,000521
songs 0,544727 0,000242
sorrowfulness 3,218876 0,001432
soul 0,105361 0,000047
souls 0,342490 0,000152
sound 0,020203 0,000009
sounds 0,223144 0,000099
source 0,328504 0,000146
soured 2,302585 0,001024
sovereign 0,776529 0,000345
space 0,116534 0,000052
spaces 1,347074 0,000599
spare 0,210721 0,000094
special 0,083382 0,000037
specialise 3,912023 0,001740
specialist 2,040221 0,000908
specially 0,820981 0,000365
specific 0,820981 0,000365
spectacle 0,544727 0,000242
spencer 1,897120 0,000844
spend 0,328504 0,000146
spending 0,597837 0,000266
spends 1,427116 0,000635
spent 0,105361 0,000047
spin 1,203973 0,000536
spirit 0,051293 0,000023
spite 0,139262 0,000062
spread 0,061875 0,000028
spring 0,083382 0,000037
springs 0,634878 0,000282
spur 1,139434 0,000507
spy 0,916291 0,000408
square 0,235722 0,000105
staff 0,274437 0,000122
stall 1,714798 0,000763
stand 0,000000 0,000000
standing 0,030459 0,000014
start -0,009950 -0,000004
started 0,150823 0,000067
statements 0,430783 0,000192
station 0,356675 0,000159
stations 1,049822 0,000467
status 0,446287 0,000199
steadily 0,415515 0,000185
steady 0,356675 0,000159
steak 2,120264 0,000943
steals 1,386294 0,000617
step 0,083382 0,000037
stephen 1,966113 0,000875
stick 0,342490 0,000152
stolen 0,430783 0,000192
stomach 0,693147 0,000308
stone 0,116534 0,000052
stony 0,994252 0,000442
stored 0,342490 0,000152
story 0,051293 0,000023
straight 0,105361 0,000047
strain 0,385662 0,000172
strains 1,272966 0,000566
strange 0,061875 0,000028
stranger 0,139262 0,000062
strap 1,771957 0,000788
stream 0,210721 0,000094
street 0,198451 0,000088
strength 0,030459 0,000014
stretch 0,446287 0,000199
strict 0,210721 0,000094
stricture 3,506558 0,001560
strike 0,210721 0,000094
striving 0,755023 0,000336
stroll 1,347074 0,000599
strolling 1,469676 0,000654
strong 0,030459 0,000014
stronger 0,287682 0,000128
students 0,994252 0,000442
study 0,162519 0,000072
stupid 0,478036 0,000213
subject 0,072571 0,000032
subjects 0,356675 0,000159
subordinate 1,139434 0,000507
subordinates 2,040221 0,000908
subscribe 0,494296 0,000220
subservient 1,897120 0,000844
subterranean 1,714798 0,000763
suburb 1,469676 0,000654
suburban 1,771957 0,000788
suburbs 1,609438 0,000716
succeed 0,328504 0,000146
succeeded 0,186330 0,000083
succeeds 1,203973 0,000536
success 0,162519 0,000072
sudden 0,072571 0,000032
suddenly 0,040822 0,000018
sufficient 0,139262 0,000062
suggestion 0,510826 0,000227
suggestions 0,891598 0,000397
suit 0,261365 0,000116
suitable 0,462035 0,000206
sum 0,356675 0,000159
sundays 1,309333 0,000582
sundry 1,386294 0,000617
superior 0,274437 0,000122
superstructure 2,525729 0,001124
supply 0,371064 0,000165
support 0,127833 0,000057
supportable 3,218876 0,001432
suppose 0,072571 0,000032
supposed 0,174353 0,000078
supposing 0,478036 0,000213
suppressed 0,673345 0,000300
supreme 0,616186 0,000274
surely 0,186330 0,000083
surmounted 1,237874 0,000551
surrounding 0,693147 0,000308
survive 0,274437 0,000122
sustained 0,579818 0,000258
swamp 0,342490 0,000152
swimming 0,820981 0,000365
sympathy 0,328504 0,000146
symphony 2,659260 0,001183
synonymous 0,446287 0,000199
systematic 1,427116 0,000635
table 0,094311 0,000042
talk 0,083382 0,000037
talked 0,261365 0,000116
talking 0,150823 0,000067
task 0,261365 0,000116
taste 0,174353 0,000078
tasted 0,544727 0,000242
tax 0,328504 0,000146
taxes 0,385662 0,000172
tea 0,579818 0,000258
teaches 1,203973 0,000536
teapot 2,040221 0,000908
tedious 0,755023 0,000336
tedium 2,302585 0,001024
teeth 0,198451 0,000088
telephone 2,407946 0,001071
tendency 0,634878 0,000282
tennis 2,207275 0,000982
tennyson 2,659260 0,001183
tense 1,609438 0,000716
terminate 2,120264 0,000943
terms 0,061875 0,000028
terrace 1,347074 0,000599
terrible 0,186330 0,000083
terrific 1,108663 0,000493
theatre 0,820981 0,000365
theme 0,994252 0,000442
theories 0,967584 0,000430
thief 0,653926 0,000291
thine 1,139434 0,000507
thirst 0,527633 0,000235
thoughtful 0,693147 0,000308
thrice 0,755023 0,000336
thrill 0,867501 0,000386
thrilled 1,386294 0,000617
thrilling 1,139434 0,000507
throw 0,083382 0,000037
thrust 0,328504 0,000146
thy 0,634878 0,000282
thyself 1,272966 0,000566
ticket 1,347074 0,000599
tied 0,261365 0,000116
time -0,009950 -0,000004
times 0,010050 0,000004
tire 0,994252 0,000442
tired 0,198451 0,000088
tireless 2,207275 0,000982
tiresome 1,078810 0,000480
tissue 1,560648 0,000694
title 0,116534 0,000052
toil 0,616186 0,000274
tone 0,248461 0,000111
tony 3,218876 0,001432
tools 0,820981 0,000365
tormented 1,078810 0,000480
torture 0,579818 0,000258
total 0,597837 0,000266
touch 0,083382 0,000037
tour 0,941609 0,000419
town 0,105361 0,000047
trademark 0,562119 0,000250
traducing 3,506558 0,001560
traffic 1,171183 0,000521
tragedy 0,798508 0,000355
train 0,274437 0,000122
trained 0,544727 0,000242
trains 1,049822 0,000467
transcribe 0,494296 0,000220
transcription 0,527633 0,000235
transform 1,469676 0,000654
travel 0,356675 0,000159
travelling 0,693147 0,000308
tray 1,309333 0,000582
treacherous 0,891598 0,000397
treat 0,287682 0,000128
treated 0,261365 0,000116
treating 0,967584 0,000430
treatment 0,127833 0,000057
tremendous 0,693147 0,000308
trifling 0,653926 0,000291
trivial 0,776529 0,000345
trouble 0,051293 0,000023
troubles 0,478036 0,000213
trousers 0,843970 0,000375
true 0,020203 0,000009
truth 0,030459 0,000014
tube 1,386294 0,000617
turkish 1,427116 0,000635
types 0,385662 0,000172
typical 1,560648 0,000694
tyrannise 3,912023 0,001740
tyrant 0,891598 0,000397
tyro 2,525729 0,001124
ultimately 1,108663 0,000493
unaccountably 1,966113 0,000875
unassisted 2,407946 0,001071
unattainable 1,609438 0,000716
unblushingly 3,506558 0,001560
unconnected 1,897120 0,000844
unconscious 0,400478 0,000178
unconsciously 0,634878 0,000282
understand 0,030459 0,000014
understanding 0,223144 0,000099
understates 3,912023 0,001740
undertaking 0,713350 0,000317
undiscovered 1,714798 0,000763
undone 0,994252 0,000442
uneasiness 0,994252 0,000442
uneasy 0,544727 0,000242
unenforceability 0,562119 0,000250
unexhausted 2,659260 0,001183
unfatiguing 3,912023 0,001740
unfortunate 0,314711 0,000140
unfulfilled 2,120264 0,000943
unhealthy 1,309333 0,000582
unhesitatingly 1,660731 0,000739
uniform 0,210721 0,000094
uninterrupted 1,309333 0,000582
united 0,094311 0,000042
universal 0,478036 0,000213
universe 0,733969 0,000326
unlink 0,562119 0,000250
unmanufactured 3,218876 0,001432
unmistakable 1,171183 0,000521
unmoved 0,916291 0,000408
unostentatiously 3,912023 0,001740
unpleasant 0,562119 0,000250
unruly 1,609438 0,000716
unsolicited 0,510826 0,000227
unspoilt 3,218876 0,001432
unsuspected 1,609438 0,000716
unusual 0,415515 0,000185
unwritten 1,966113 0,000875
updated 0,510826 0,000227
uprising 2,207275 0,000982
upset 0,776529 0,000345
urge 0,967584 0,000430
urgency 1,660731 0,000739
urgent 0,798508 0,000355
urgently 1,560648 0,000694
useless 0,235722 0,000105
user 0,562119 0,000250
ut 0,510826 0,000227
utterly 0,371064 0,000165
vague 0,579818 0,000258
vain 0,116534 0,000052
valuable 0,371064 0,000165
van 1,078810 0,000480
vanilla 0,544727 0,000242
vapour 1,514128 0,000674
variety 0,162519 0,000072
vast 0,223144 0,000099
vastly 1,203973 0,000536
vegetating 2,995732 0,001333
verily 1,139434 0,000507
verse 0,653926 0,000291
version 0,385662 0,000172
viewed 0,261365 0,000116
viewing 0,415515 0,000185
vii 0,430783 0,000192
viii 0,446287 0,000199
violates 0,527633 0,000235
violence 0,248461 0,000111
violently 0,462035 0,000206
virtuous 0,653926 0,000291
virus 0,527633 0,000235
visit 0,061875 0,000028
vitalising 3,912023 0,001740
vitality 1,309333 0,000582
vitiates 3,912023 0,001740
vocation 1,309333 0,000582
voice 0,020203 0,000009
void 0,274437 0,000122
volition 1,771957 0,000788
volume 0,494296 0,000220
volumes 0,755023 0,000336
volunteer 0,478036 0,000213
volunteers 0,430783 0,000192
wage 1,514128 0,000674
wages 0,916291 0,000408
wait 0,094311 0,000042
waiter 1,108663 0,000493
waiting 0,083382 0,000037
wake 0,462035 0,000206
walk 0,105361 0,000047
walked 0,210721 0,000094
walking 0,083382 0,000037
walks 0,162519 0,000072
walter 1,966113 0,000875
warm 0,139262 0,000062
warmer 0,994252 0,000442
warn 0,579818 0,000258
warning 0,248461 0,000111
warranties 0,562119 0,000250
warranty 0,544727 0,000242
waste 0,186330 0,000083
wasted 0,400478 0,000178
wastes 1,897120 0,000844
wasting 0,673345 0,000300
watch 0,094311 0,000042
water 0,051293 0,000023
weakens 2,407946 0,001071
wealth 0,287682 0,000128
wealthy 0,673345 0,000300
wearies 2,525729 0,001124
week 0,235722 0,000105
weeklies 3,506558 0,001560
weekly 1,203973 0,000536
weeks 0,248461 0,000111
weighed 0,430783 0,000192
weightier 3,506558 0,001560
welfare 0,916291 0,000408
west 0,083382 0,000037
whatsoever 0,287682 0,000128
whisky 2,302585 0,001024
wide 0,061875 0,000028
widest 0,446287 0,000199
wife 0,094311 0,000042
wigwams 2,813411 0,001252
wild 0,051293 0,000023
windfall 2,659260 0,001183
winter 0,198451 0,000088
wisdom 0,287682 0,000128
wise 0,105361 0,000047
wiser 0,597837 0,000266
withdrawn 0,616186 0,000274
withheld 1,108663 0,000493
witness 0,198451 0,000088
witting 3,506558 0,001560
woman 0,061875 0,000028
wonderful 0,162519 0,000072
wondrous 1,203973 0,000536
word 0,020203 0,000009
worded 2,040221 0,000908
worker 1,427116 0,000635
worry 0,820981 0,000365
worshipped 1,203973 0,000536
worst 0,186330 0,000083
worth 0,061875 0,000028
wound 0,274437 0,000122
write 0,150823 0,000067
writing 0,061875 0,000028
written 0,051293 0,000023
wrong 0,083382 0,000037
wrote 0,150823 0,000067
xi 0,597837 0,000266
xii 0,579818 0,000258
yard 0,430783 0,000192
yards 0,400478 0,000178
yesterday 0,301105 0,000134
yield 0,342490 0,000152
yields 1,469676 0,000654
yoke 1,049822 0,000467
youth 0,150823 0,000067
youths 1,108663 0,000493
zest 1,832581 0,000815
