abandoned 0,371064 0,000251
abyss 1,049822 0,000709
accept 0,094311 0,000064
accepted 0,139262 0,000094
accomplish 0,733969 0,000496
achieved 0,867501 0,000586
achievements 1,469676 0,000992
acids 2,995732 0,002023
actors 1,049822 0,000709
afraid 0,105361 0,000071
age 0,051293 0,000035
ages 0,261365 0,000176
agony 0,544727 0,000368
agree 0,116534 0,000079
ailments 2,407946 0,001626
aim 0,462035 0,000312
air 0,061875 0,000042
alike 0,287682 0,000194
alive 0,051293 0,000035
alliance 1,171183 0,000791
alms 1,309333 0,000884
aloud 0,301105 0,000203
altars 1,897120 0,001281
alter 0,544727 0,000368
amen 1,237874 0,000836
ancient 0,198451 0,000134
ancients 1,347074 0,000910
anger 0,328504 0,000222
angry 0,174353 0,000118
animals 0,494296 0,000334
answer 0,040822 0,000028
answered 0,072571 0,000049
answering 0,510826 0,000345
anthem 2,525729 0,001705
anxiety 0,287682 0,000194
appointed 0,356675 0,000241
approach 0,083382 0,000056
approval 0,798508 0,000539
approved 0,693147 0,000468
aprons 1,897120 0,001281
arm 0,094311 0,000064
arms 0,051293 0,000035
arrive 0,314711 0,000212
arrow 0,653926 0,000442
arrows 1,021651 0,000690
artists 1,139434 0,000769
asleep 0,162519 0,000110
assigned 0,733969 0,000496
ate 0,415515 0,000281
atone 1,386294 0,000936
attack 0,301105 0,000203
avert 1,514128 0,001022
awaited 0,733969 0,000496
awaiting 0,693147 0,000468
awaits 1,237874 0,000836
awaken 0,891598 0,000602
awe 0,597837 0,000404
awoke 0,446287 0,000301
bag 0,544727 0,000368
bandage 1,427116 0,000964
banner 1,272966 0,000860
banners 1,560648 0,001054
bar 0,527633 0,000356
bare 0,162519 0,000110
barren 0,713350 0,000482
barrier 1,078810 0,000728
bars 0,653926 0,000442
base 0,301105 0,000203
battle 0,287682 0,000194
beacon 1,966113 0,001328
beam 0,843970 0,000570
bear 0,061875 0,000042
bearers 1,309333 0,000884
beasts 0,430783 0,000291
beat 0,186330 0,000126
beating 0,314711 0,000212
beautiful 0,083382 0,000056
beauty 0,174353 0,000118
bed 0,051293 0,000035
beds 0,430783 0,000291
befell 1,171183 0,000791
beg 0,210721 0,000142
beggar 0,733969 0,000496
begging 0,713350 0,000482
behold 0,342490 0,000231
bell 0,400478 0,000270
belong 0,235722 0,000159
belongs 0,415515 0,000281
beneath 0,198451 0,000134
bent 0,174353 0,000118
betray 0,527633 0,000356
betrayed 0,494296 0,000334
betraying 1,386294 0,000936
bid 0,400478 0,000270
bidding 0,820981 0,000554
bird 0,235722 0,000159
birds 0,301105 0,000203
birth 0,301105 0,000203
birthday 1,108663 0,000749
bit 0,174353 0,000118
bitterness 0,634878 0,000429
black 0,072571 0,000049
blacker 1,660731 0,001121
blade 0,755023 0,000510
blankets 1,171183 0,000791
bleed 1,560648 0,001054
bless 0,430783 0,000291
blessed 0,356675 0,000241
blessing 0,446287 0,000301
blew 0,494296 0,000334
blind 0,223144 0,000151
blinding 1,469676 0,000992
blindly 0,941609 0,000636
blindness 0,994252 0,000671
blood 0,116534 0,000079
blow 0,139262 0,000094
blown 0,579818 0,000392
blows 0,371064 0,000251
blue 0,174353 0,000118
boast 0,430783 0,000291
bodies 0,174353 0,000118
body 0,030459 0,000021
bond 0,673345 0,000455
bones 0,235722 0,000159
book 0,061875 0,000042
books 0,139262 0,000094
boon 1,560648 0,001054
bore 0,150823 0,000102
bored 0,994252 0,000671
born 0,105361 0,000071
botched 2,995732 0,002023
bottles 0,798508 0,000539
bow 0,287682 0,000194
bowed 0,371064 0,000251
box 0,248461 0,000168
boxes 0,798508 0,000539
boy 0,139262 0,000094
bracelet 2,120264 0,001432
brain 0,356675 0,000241
branch 0,385662 0,000260
branches 0,371064 0,000251
brass 0,478036 0,000323
bread 0,248461 0,000168
break 0,083382 0,000056
breakfast 0,356675 0,000241
breast 0,210721 0,000142
breath 0,174353 0,000118
breathed 0,494296 0,000334
brick 0,713350 0,000482
bricks 1,203973 0,000813
brigade 2,120264 0,001432
brigades 2,659260 0,001796
bright 0,116534 0,000079
brighter 0,776529 0,000524
brightness 0,634878 0,000429
brine 2,040221 0,001378
bring 0,010050 0,000007
broad 0,139262 0,000094
broke 0,116534 0,000079
broken 0,061875 0,000042
brooms 2,813411 0,001900
brother 0,127833 0,000086
brotherhood 1,660731 0,001121
brothers 0,356675 0,000241
brought 0,010050 0,000007
brown 0,274437 0,000185
brute 0,579818 0,000392
build 0,446287 0,000301
builders 1,560648 0,001054
building 0,223144 0,000151
built 0,150823 0,000102
burden 0,223144 0,000151
buried 0,248461 0,000168
burn 0,400478 0,000270
burned 0,400478 0,000270
burning 0,150823 0,000102
burst 0,287682 0,000194
bushes 0,733969 0,000496
button 1,049822 0,000709
buttons 1,108663 0,000749
calmest 2,659260 0,001796
candidates 1,966113 0,001328
candle 0,544727 0,000368
candles 0,755023 0,000510
capable 0,261365 0,000176
capital 0,328504 0,000222
care 0,000000 0,000000
carpenter 1,108663 0,000749
carried 0,030459 0,000021
carry 0,030459 0,000021
caught 0,162519 0,000110
ceiling 0,527633 0,000356
cell 0,916291 0,000619
cellar 1,021651 0,000690
centuries 0,544727 0,000368
cesspool 2,995732 0,002023
chain 0,415515 0,000281
chains 0,562119 0,000380
chance 0,083382 0,000056
change 0,010050 0,000007
changed 0,051293 0,000035
chapter 0,342490 0,000231
cheeks 0,415515 0,000281
child 0,072571 0,000049
childhood 0,527633 0,000356
children 0,072571 0,000049
chills 2,302585 0,001555
chin 0,478036 0,000323
choice 0,150823 0,000102
choked 0,755023 0,000510
choose 0,083382 0,000056
chooses 1,272966 0,000860
choruses 2,525729 0,001705
chose 0,301105 0,000203
chosen 0,186330 0,000126
circle 0,223144 0,000151
circles 0,733969 0,000496
cities 0,616186 0,000416
city 0,051293 0,000035
claim 0,116534 0,000079
claws 1,078810 0,000728
clay 0,494296 0,000334
clean 0,248461 0,000168
cleaned 1,139434 0,000769
cleaner 2,207275 0,001490
cleanliness 1,237874 0,000836
clearing 1,469676 0,000992
clerks 1,309333 0,000884
cliffs 1,272966 0,000860
climbed 0,673345 0,000455
close 0,051293 0,000035
closed 0,116534 0,000079
closer 0,385662 0,000260
cloth 0,356675 0,000241
clothes 0,127833 0,000086
clouds 0,342490 0,000231
clung 0,693147 0,000468
coal 0,693147 0,000468
coals 1,108663 0,000749
cobweb 2,207275 0,001490
cobwebs 1,832581 0,001237
coils 1,897120 0,001281
coins 1,078810 0,000728
cold 0,040822 0,000028
coldness 1,021651 0,000690
collapsed 1,514128 0,001022
collective 1,966113 0,001328
colors 1,309333 0,000884
column 0,755023 0,000510
columns 0,867501 0,000586
command 0,162519 0,000110
commandment 1,832581 0,001237
committed 0,150823 0,000102
compass 0,673345 0,000455
conceive 0,544727 0,000368
concern 0,430783 0,000291
confess 0,198451 0,000134
confession 0,579818 0,000392
conquered 0,798508 0,000539
contents 0,094311 0,000064
convulsions 1,272966 0,000860
cook 0,430783 0,000291
cooked 0,916291 0,000619
cooking 0,967584 0,000653
cooler 1,897120 0,001281
copper 0,798508 0,000539
cords 1,139434 0,000769
core 1,386294 0,000936
corner 0,127833 0,000086
corners 0,430783 0,000291
corrective 2,525729 0,001705
corruption 0,820981 0,000554
council 0,713350 0,000482
councils 1,514128 0,001022
count 0,248461 0,000168
counted 0,527633 0,000356
courage 0,150823 0,000102
courtyard 1,560648 0,001054
covet 1,714798 0,001158
cowardice 0,994252 0,000671
crack 0,820981 0,000554
cracked 0,843970 0,000570
crawl 1,049822 0,000709
crawled 0,891598 0,000602
created 0,116534 0,000079
creature 0,174353 0,000118
creatures 0,235722 0,000159
creed 1,203973 0,000813
crime 0,314711 0,000212
crimes 0,653926 0,000442
cringe 2,407946 0,001626
cross 0,139262 0,000094
crossing 0,462035 0,000312
crowd 0,198451 0,000134
crown 0,314711 0,000212
crumbled 1,560648 0,001054
crushes 2,302585 0,001555
crystal 1,049822 0,000709
cups 0,820981 0,000554
cure 0,430783 0,000291
curiosity 0,223144 0,000151
current 0,127833 0,000086
curse 0,510826 0,000345
cursed 0,510826 0,000345
curses 0,867501 0,000586
curtains 0,579818 0,000392
curve 1,347074 0,000910
cushion 1,347074 0,000910
cut 0,040822 0,000028
cutting 0,415515 0,000281
dais 2,813411 0,001900
damnation 1,771957 0,001196
damned 1,139434 0,000769
dance 0,356675 0,000241
danced 0,653926 0,000442
dancing 0,371064 0,000251
danger 0,116534 0,000079
dark 0,051293 0,000035
darkness 0,186330 0,000126
dawn 0,478036 0,000323
day 0,000000 0,000000
days 0,020203 0,000014
dead 0,072571 0,000049
death 0,020203 0,000014
debts 0,867501 0,000586
decide 0,274437 0,000185
declared 0,210721 0,000142
decreed 1,347074 0,000910
deed 0,478036 0,000323
deep 0,051293 0,000035
defied 1,469676 0,000992
defies 2,207275 0,001490
defying 1,966113 0,001328
deigned 1,560648 0,001054
deliver 0,494296 0,000334
deliverance 0,941609 0,000636
delivered 0,342490 0,000231
democracy 1,832581 0,001237
departed 0,356675 0,000241
department 0,941609 0,000636
depraved 1,560648 0,001054
depth 0,494296 0,000334
deserve 0,430783 0,000291
desire 0,072571 0,000049
despair 0,198451 0,000134
destroy 0,127833 0,000086
destroyed 0,274437 0,000185
detention 1,897120 0,001281
devised 1,171183 0,000791
dew 0,867501 0,000586
dictate 1,203973 0,000813
die 0,105361 0,000071
died 0,061875 0,000042
dignity 0,314711 0,000212
dim 0,415515 0,000281
dining 0,510826 0,000345
dinner 0,198451 0,000134
direction 0,083382 0,000056
disaster 0,867501 0,000586
discarded 1,309333 0,000884
discovered 0,051293 0,000035
discovery 0,371064 0,000251
disposes 2,302585 0,001555
distant 0,162519 0,000110
distinguish 0,356675 0,000241
disturb 0,478036 0,000323
divide 0,616186 0,000416
doctor 0,446287 0,000301
doctors 0,916291 0,000619
doomed 0,941609 0,000636
door 0,040822 0,000028
doors 0,105361 0,000071
doubt 0,040822 0,000028
doubted 0,478036 0,000323
drank 0,371064 0,000251
draw 0,105361 0,000071
drawn 0,094311 0,000064
draws 0,755023 0,000510
dress 0,186330 0,000126
drew 0,162519 0,000110
dried 0,462035 0,000312
drink 0,150823 0,000102
driven 0,127833 0,000086
drop 0,150823 0,000102
drops 0,544727 0,000368
drove 0,248461 0,000168
dry 0,127833 0,000086
dull 0,174353 0,000118
dullest 2,040221 0,001378
dust 0,174353 0,000118
duties 0,356675 0,000241
eager 0,210721 0,000142
earn 0,891598 0,000602
earned 0,693147 0,000468
ears 0,105361 0,000071
earth 0,051293 0,000035
ease 0,162519 0,000110
east 0,235722 0,000159
easy 0,040822 0,000028
eat 0,083382 0,000056
eating 0,235722 0,000159
ecstasy 0,867501 0,000586
edge 0,210721 0,000142
edges 0,867501 0,000586
edict 1,966113 0,001328
ego 1,771957 0,001196
eighteen 0,462035 0,000312
elected 1,078810 0,000728
electricity 1,966113 0,001328
endeavoring 2,120264 0,001432
endure 0,342490 0,000231
engine 1,021651 0,000690
enslaved 1,514128 0,001022
enter 0,094311 0,000064
entered 0,051293 0,000035
equality 0,967584 0,000653
equally 0,223144 0,000151
erase 2,207275 0,001490
error 0,371064 0,000251
escape 0,094311 0,000064
eternity 0,693147 0,000468
eugenics 3,218876 0,002173
evenings 0,798508 0,000539
evil 0,162519 0,000110
evils 0,798508 0,000539
exist 0,342490 0,000231
existed 0,510826 0,000345
expects 1,021651 0,000690
explain 0,186330 0,000126
explained 0,248461 0,000168
explore 1,078810 0,000728
eye 0,030459 0,000021
eyes 0,010050 0,000007
fall 0,020203 0,000014
fallen 0,083382 0,000056
falling 0,083382 0,000056
false 0,210721 0,000142
falsehood 0,733969 0,000496
falter 2,120264 0,001432
famous 0,261365 0,000176
fan 0,916291 0,000619
fangs 1,660731 0,001121
faster 0,562119 0,000380
fate 0,174353 0,000118
fathom 1,427116 0,000964
fear 0,020203 0,000014
fearful 0,400478 0,000270
feel 0,020203 0,000014
feet 0,061875 0,000042
fell 0,051293 0,000035
fellow 0,051293 0,000035
female 0,385662 0,000260
field 0,150823 0,000102
fields 0,287682 0,000194
fifteenth 1,237874 0,000836
fight 0,162519 0,000110
fighting 0,342490 0,000231
final 0,342490 0,000231
finger 0,261365 0,000176
fingers 0,235722 0,000159
fingertips 2,659260 0,001796
finish 0,314711 0,000212
finished 0,162519 0,000110
fireflies 2,995732 0,002023
fist 0,713350 0,000482
fists 1,108663 0,000749
fit 0,061875 0,000042
flame 0,400478 0,000270
flames 0,616186 0,000416
flaming 0,820981 0,000554
flat 0,248461 0,000168
fled 0,371064 0,000251
flesh 0,210721 0,000142
flew 0,314711 0,000212
flickers 3,218876 0,002173
fling 0,967584 0,000653
flinging 1,203973 0,000813
flint 1,237874 0,000836
flints 2,302585 0,001555
flood 0,544727 0,000368
floor 0,186330 0,000126
flowers 0,274437 0,000185
flowing 0,527633 0,000356
fluid 1,272966 0,000860
flung 0,579818 0,000392
flush 0,941609 0,000636
flying 0,235722 0,000159
foe 0,776529 0,000524
fold 1,021651 0,000690
folds 0,755023 0,000510
follow 0,020203 0,000014
food 0,127833 0,000086
fools 0,616186 0,000416
foot 0,083382 0,000056
footsteps 0,478036 0,000323
forbade 1,078810 0,000728
forbid 0,579818 0,000392
forbidden 0,544727 0,000368
force 0,061875 0,000042
forehead 0,430783 0,000291
forest 0,430783 0,000291
forests 0,891598 0,000602
forget 0,072571 0,000049
forgive 0,356675 0,000241
forgiven 0,941609 0,000636
forgot 0,261365 0,000176
fort 1,171183 0,000791
fortress 1,049822 0,000709
fortune 0,186330 0,000126
fought 0,371064 0,000251
foul 0,634878 0,000429
fragments 0,891598 0,000602
fraternity 1,966113 0,001328
freedom 0,223144 0,000151
friend 0,040822 0,000028
friends 0,020203 0,000014
frighten 0,798508 0,000539
frightened 0,301105 0,000203
frightens 2,120264 0,001432
frightful 0,776529 0,000524
frog 1,609438 0,001087
froth 1,771957 0,001196
froths 3,218876 0,002173
frowned 1,272966 0,000860
frozen 0,733969 0,000496
fruit 0,274437 0,000185
furrows 1,897120 0,001281
future 0,105361 0,000071
gaea 3,912023 0,002641
garments 0,597837 0,000404
gasped 1,021651 0,000690
gate 0,287682 0,000194
gather 0,328504 0,000222
gathered 0,150823 0,000102
gathering 0,430783 0,000291
gay 0,494296 0,000334
gender 2,525729 0,001705
gently 0,235722 0,000159
gift 0,261365 0,000176
gifts 0,527633 0,000356
glad 0,072571 0,000049
gladly 0,544727 0,000368
glanced 0,653926 0,000442
glass 0,186330 0,000126
gleam 0,693147 0,000468
glistening 1,237874 0,000836
glistens 3,218876 0,002173
globes 1,966113 0,001328
glory 0,342490 0,000231
glow 0,527633 0,000356
glowed 1,108663 0,000749
glowing 0,510826 0,000345
goal 0,867501 0,000586
goat 1,021651 0,000690
god 0,094311 0,000064
goddess 1,171183 0,000791
gods 0,653926 0,000442
gold 0,083382 0,000056
golden 0,342490 0,000231
grace 0,235722 0,000159
graceless 2,995732 0,002023
granite 1,347074 0,000910
grant 0,371064 0,000251
granted 0,150823 0,000102
grants 1,897120 0,001281
green 0,105361 0,000071
greet 0,994252 0,000671
greeted 1,049822 0,000709
greeting 0,798508 0,000539
grew 0,139262 0,000094
grey 0,562119 0,000380
grill 3,506558 0,002368
grooves 2,407946 0,001626
groping 1,049822 0,000709
ground 0,030459 0,000021
grow 0,139262 0,000094
growing 0,174353 0,000118
grown 0,116534 0,000079
guard 0,174353 0,000118
guarded 0,597837 0,000404
guards 0,673345 0,000455
guess 0,314711 0,000212
guessed 0,616186 0,000416
guidance 0,776529 0,000524
guiding 0,867501 0,000586
guilt 0,544727 0,000368
guilty 0,356675 0,000241
gulls 2,525729 0,001705
gutter 1,560648 0,001054
hair 0,094311 0,000064
hall 0,314711 0,000212
halls 1,309333 0,000884
halting 1,309333 0,000884
hand 0,010050 0,000007
hands 0,020203 0,000014
handwriting 1,237874 0,000836
hanging 0,261365 0,000176
happened 0,094311 0,000064
happiest 0,798508 0,000539
happiness 0,150823 0,000102
happy 0,072571 0,000049
hard 0,040822 0,000028
hardens 2,407946 0,001626
harmony 0,579818 0,000392
harness 1,108663 0,000749
hasten 1,021651 0,000690
hastened 0,616186 0,000416
hatred 0,494296 0,000334
haunted 0,579818 0,000392
haunts 1,171183 0,000791
hawk 1,427116 0,000964
head 0,000000 0,000000
heads 0,094311 0,000064
healthy 0,356675 0,000241
hear 0,010050 0,000007
heard 0,020203 0,000014
hearing 0,139262 0,000094
heart 0,010050 0,000007
hearth 0,867501 0,000586
hearts 0,261365 0,000176
heavier 0,776529 0,000524
heavy 0,030459 0,000021
hedge 0,994252 0,000671
heed 0,693147 0,000468
heir 0,653926 0,000442
held 0,040822 0,000028
helplessly 1,514128 0,001022
hidden 0,248461 0,000168
hide 0,287682 0,000194
history 0,186330 0,000126
hold 0,020203 0,000014
holding 0,174353 0,000118
hole 0,356675 0,000241
holier 2,302585 0,001555
hollow 0,446287 0,000301
holy 0,385662 0,000260
homes 2,813411 0,001900
honor 0,891598 0,000602
honored 1,427116 0,000964
hooded 2,407946 0,001626
hoods 2,525729 0,001705
hope 0,010050 0,000007
hopeless 0,510826 0,000345
horror 0,248461 0,000168
horses 0,261365 0,000176
hot 0,116534 0,000079
hour 0,083382 0,000056
hours 0,094311 0,000064
house 0,020203 0,000014
houses 0,139262 0,000094
huddled 1,237874 0,000836
human 0,083382 0,000056
humans 2,207275 0,001490
humble 0,301105 0,000203
humblest 2,120264 0,001432
hunched 2,040221 0,001378
hung 0,174353 0,000118
hunger 0,478036 0,000323
hungry 0,328504 0,000222
hymn 1,021651 0,000690
hymns 1,714798 0,001158
ideas 0,314711 0,000212
illness 0,616186 0,000416
illustrious 1,021651 0,000690
impassable 1,560648 0,001054
impotent 1,272966 0,000860
indivisible 2,407946 0,001626
infamy 1,203973 0,000813
infants 1,171183 0,000791
international 0,494296 0,000334
invented 0,597837 0,000404
iron 0,198451 0,000134
jar 1,386294 0,000936
jerked 1,237874 0,000836
jerking 1,660731 0,001121
jewel 1,237874 0,000836
jewels 0,820981 0,000554
journey 0,198451 0,000134
joy 0,139262 0,000094
joys 0,916291 0,000619
judge 0,116534 0,000079
judgement 2,120264 0,001432
judges 0,597837 0,000404
justice 0,162519 0,000110
key 0,356675 0,000241
kill 0,127833 0,000086
killed 0,223144 0,000151
kin 1,139434 0,000769
kindness 0,287682 0,000194
king 0,223144 0,000151
kings 0,527633 0,000356
kneel 1,203973 0,000813
kneeling 0,798508 0,000539
knees 0,223144 0,000151
knelt 0,994252 0,000671
knife 0,356675 0,000241
knives 0,916291 0,000619
knocked 0,510826 0,000345
knowledge 0,061875 0,000042
labor 1,272966 0,000860
lad 0,713350 0,000482
lake 0,210721 0,000142
land 0,072571 0,000049
lands 0,544727 0,000368
language 0,072571 0,000049
lanterns 1,609438 0,001087
larder 2,207275 0,001490
lash 1,386294 0,000936
lashed 1,203973 0,000813
lashes 1,237874 0,000836
lassitude 1,897120 0,001281
laugh 0,127833 0,000086
laughed 0,248461 0,000168
laughing 0,248461 0,000168
laughter 0,274437 0,000185
law 0,030459 0,000021
laws 0,083382 0,000056
lay 0,051293 0,000035
lead 0,083382 0,000056
leader 0,462035 0,000312
leaders 0,820981 0,000554
leading 0,139262 0,000094
leaf 0,462035 0,000312
leap 0,562119 0,000380
leaping 0,713350 0,000482
leapt 1,560648 0,001054
learn 0,020203 0,000014
learned 0,105361 0,000071
learning 0,301105 0,000203
leather 0,544727 0,000368
leave 0,000000 0,000000
leaves 0,094311 0,000064
leaving 0,083382 0,000056
led 0,040822 0,000028
left 0,000000 0,000000
leg 0,478036 0,000323
legend 1,049822 0,000709
legends 1,309333 0,000884
legs 0,274437 0,000185
lessons 0,579818 0,000392
letters 0,198451 0,000134
liberty 0,223144 0,000151
lids 1,171183 0,000791
lie 0,040822 0,000028
lied 1,171183 0,000791
lies 0,162519 0,000110
life -0,009950 -0,000007
lifetimes 3,506558 0,002368
lift 0,415515 0,000281
lifted 0,274437 0,000185
light 0,010050 0,000007
lighten 1,203973 0,000813
lighting 0,755023 0,000510
lightning 0,478036 0,000323
lights 0,301105 0,000203
likeness 0,693147 0,000468
limbs 0,274437 0,000185
lime 1,514128 0,001022
limits 0,494296 0,000334
lips 0,127833 0,000086
liquid 0,891598 0,000602
listen 0,127833 0,000086
listened 0,274437 0,000185
lit 0,653926 0,000442
live 0,010050 0,000007
lived 0,061875 0,000042
lives 0,072571 0,000049
living 0,020203 0,000014
loadstone 2,525729 0,001705
lock 0,385662 0,000260
locked 0,430783 0,000291
locks 0,733969 0,000496
losing 0,235722 0,000159
lost 0,020203 0,000014
louder 0,527633 0,000356
love 0,051293 0,000035
loved 0,198451 0,000134
lunged 2,659260 0,001796
lungs 0,916291 0,000619
lying 0,061875 0,000042
madness 0,597837 0,000404
majority 0,597837 0,000404
male 0,597837 0,000404
mandate 2,207275 0,001490
mandates 3,218876 0,002173
mankind 0,478036 0,000323
manuscripts 2,120264 0,001432
map 1,108663 0,000749
marble 0,597837 0,000404
marked 0,061875 0,000042
marks 0,328504 0,000222
martyrs 1,714798 0,001158
masters 0,446287 0,000301
mating 2,995732 0,002023
matter 0,010050 0,000007
mattered 1,714798 0,001158
matters 0,139262 0,000094
meal 0,301105 0,000203
meaning 0,210721 0,000142
meet 0,010050 0,000007
meeting 0,186330 0,000126
meetings 0,916291 0,000619
meets 0,713350 0,000482
melt 1,049822 0,000709
memory 0,174353 0,000118
mercy 0,223144 0,000151
metal 0,597837 0,000404
metals 1,427116 0,000964
midday 1,108663 0,000749
midst 0,287682 0,000194
mile 0,342490 0,000231
milepost 3,912023 0,002641
mind 0,020203 0,000014
minds 0,235722 0,000159
minutes 0,235722 0,000159
miracle 0,755023 0,000510
misery 0,301105 0,000203
mission 0,210721 0,000142
mist 0,544727 0,000368
mists 1,139434 0,000769
mix 0,994252 0,000671
moan 1,139434 0,000769
moat 2,120264 0,001432
modern 0,314711 0,000212
moment 0,010050 0,000007
monster 0,634878 0,000429
monstrous 0,400478 0,000270
month 0,174353 0,000118
months 0,094311 0,000064
moonlight 0,673345 0,000455
morning 0,040822 0,000028
moss 1,049822 0,000709
mother 0,072571 0,000049
moths 2,207275 0,001490
mould 0,891598 0,000602
mount 0,494296 0,000334
mountain 0,400478 0,000270
mountains 0,400478 0,000270
mountaintop 3,912023 0,002641
mouth 0,105361 0,000071
movement 0,328504 0,000222
muscles 1,021651 0,000690
mysteries 0,579818 0,000392
naked 0,274437 0,000185
narrow 0,105361 0,000071
nature 0,094311 0,000064
neck 0,186330 0,000126
needle 0,798508 0,000539
night 0,010050 0,000007
nights 0,235722 0,000159
north 0,083382 0,000056
northern 0,653926 0,000442
notice 0,030459 0,000021
obediently 1,469676 0,000992
obey 0,400478 0,000270
occurred 0,261365 0,000176
odor 1,560648 0,001054
offense 1,609438 0,001087
offer 0,162519 0,000110
offered 0,139262 0,000094
outcast 1,386294 0,000936
oven 1,469676 0,000992
owe 0,494296 0,000334
paces 0,673345 0,000455
paid 0,061875 0,000042
pain 0,174353 0,000118
painting 0,798508 0,000539
palace 0,510826 0,000345
pale 0,198451 0,000134
palm 0,494296 0,000334
palms 0,820981 0,000554
paper 0,083382 0,000056
papers 0,385662 0,000260
parents 0,314711 0,000212
pass 0,040822 0,000028
passages 0,527633 0,000356
passed 0,040822 0,000028
passer 1,714798 0,001158
passes 0,415515 0,000281
passing 0,094311 0,000064
patch 0,916291 0,000619
path 0,198451 0,000134
paths 0,755023 0,000510
pavements 2,120264 0,001432
peace 0,094311 0,000064
peak 1,171183 0,000791
peaks 1,514128 0,001022
peasants 1,347074 0,000910
perish 0,733969 0,000496
perished 0,733969 0,000496
permitted 0,105361 0,000071
permitting 1,386294 0,000936
person 0,010050 0,000007
picked 0,400478 0,000270
pictures 0,415515 0,000281
piece 0,072571 0,000049
pieces 0,139262 0,000094
pierced 0,693147 0,000468
piled 0,713350 0,000482
pillow 0,776529 0,000524
pity 0,150823 0,000102
plain 0,040822 0,000028
plans 0,371064 0,000251
plants 0,527633 0,000356
plates 0,653926 0,000442
play 0,072571 0,000049
played 0,198451 0,000134
plays 0,634878 0,000429
pleaded 0,891598 0,000602
pleading 1,272966 0,000860
pleasure 0,051293 0,000035
pleats 3,912023 0,002641
ploughed 1,660731 0,001121
plunder 1,309333 0,000884
ponder 1,714798 0,001158
poor 0,030459 0,000021
portals 1,966113 0,001328
possess 0,356675 0,000241
post 0,248461 0,000168
pot 0,597837 0,000404
poured 0,385662 0,000260
powders 2,207275 0,001490
power 0,030459 0,000021
precious 0,162519 0,000110
preference 0,867501 0,000586
preferred 0,342490 0,000231
pregnant 1,272966 0,000860
prescribe 1,966113 0,001328
preserve 0,150823 0,000102
pressed 0,274437 0,000185
prevent 0,083382 0,000056
pride 0,150823 0,000102
prison 0,287682 0,000194
probe 2,207275 0,001490
produced 0,105361 0,000071
project -0,009950 -0,000007
prometheus 2,302585 0,001555
proper 0,061875 0,000042
protect 0,186330 0,000126
protected 0,415515 0,000281
protest 0,798508 0,000539
provide 0,162519 0,000110
puddle 1,714798 0,001158
pulled 0,371064 0,000251
pulpit 1,203973 0,000813
punished 0,544727 0,000368
punishment 0,301105 0,000203
pure 0,150823 0,000102
purple 0,616186 0,000416
purpose 0,040822 0,000028
push 0,562119 0,000380
puzzle 1,021651 0,000690
pyre 2,207275 0,001490
quest 0,776529 0,000524
question 0,051293 0,000035
questioned 0,673345 0,000455
questions 0,127833 0,000086
quick 0,139262 0,000094
quiet 0,116534 0,000079
race 0,198451 0,000134
rage 0,261365 0,000176
raged 1,272966 0,000860
rags 0,916291 0,000619
rain 0,223144 0,000151
rains 0,967584 0,000653
raise 0,174353 0,000118
raised 0,061875 0,000042
rakes 2,040221 0,001378
rand 2,995732 0,002023
rare 0,274437 0,000185
ravine 1,966113 0,001328
ray 0,798508 0,000539
raze 3,218876 0,002173
reach 0,051293 0,000035
read 0,020203 0,000014
ready 0,030459 0,000021
reason 0,010050 0,000007
reasons 0,223144 0,000151
rebirth 3,218876 0,002173
rebuild 2,040221 0,001378
received 0,040822 0,000028
recover 0,356675 0,000241
recreation 1,514128 0,001022
red 0,072571 0,000049
redemption 1,272966 0,000860
reeling 1,514128 0,001022
refused 0,235722 0,000159
regret 0,385662 0,000260
relation 0,446287 0,000301
remain 0,040822 0,000028
remains 0,150823 0,000102
remember 0,083382 0,000056
remembered 0,162519 0,000110
remove 0,127833 0,000086
removed 0,061875 0,000042
removing 0,673345 0,000455
repair 0,693147 0,000468
repeat 0,328504 0,000222
report 0,301105 0,000203
represents 1,021651 0,000690
reprimanded 1,966113 0,001328
resist 0,430783 0,000291
respect 0,094311 0,000064
rest 0,010050 0,000007
restrain 0,673345 0,000455
return 0,040822 0,000028
returned 0,061875 0,000042
returns 0,235722 0,000159
reveal 0,616186 0,000416
reverence 0,634878 0,000429
revolves 2,207275 0,001490
rewarded 0,713350 0,000482
rippled 1,966113 0,001328
rise 0,040822 0,000028
risen 0,342490 0,000231
rising 0,116534 0,000079
river 0,174353 0,000118
rivers 0,713350 0,000482
road 0,150823 0,000102
roads 0,597837 0,000404
roam 1,560648 0,001054
rock 0,385662 0,000260
rocks 0,446287 0,000301
rod 0,673345 0,000455
rolled 0,356675 0,000241
roof 0,223144 0,000151
root 0,385662 0,000260
roots 0,634878 0,000429
rose 0,094311 0,000064
rows 0,733969 0,000496
rubbed 0,544727 0,000368
ruin 0,287682 0,000194
ruins 0,755023 0,000510
rules 0,150823 0,000102
rusted 2,407946 0,001626
rustle 1,139434 0,000769
sacred 0,415515 0,000281
sacrifice 0,328504 0,000222
sadness 0,820981 0,000554
sages 1,386294 0,000936
sails 0,798508 0,000539
saint 0,673345 0,000455
saints 1,049822 0,000709
sake 0,094311 0,000064
salute 0,967584 0,000653
sanction 1,309333 0,000884
sand 0,597837 0,000404
sands 1,171183 0,000791
sank 0,544727 0,000368
sat 0,083382 0,000056
satisfaction 0,186330 0,000126
savage 0,356675 0,000241
save 0,030459 0,000021
scars 1,771957 0,001196
scholar 0,798508 0,000539
scholars 1,049822 0,000709
science 0,446287 0,000301
scores 1,171183 0,000791
scornful 1,203973 0,000813
scraped 1,386294 0,000936
scraps 1,272966 0,000860
scream 0,693147 0,000468
screamed 0,733969 0,000496
script 2,525729 0,001705
scripts 3,912023 0,002641
sea 0,116534 0,000079
searchlight 3,506558 0,002368
seas 0,916291 0,000619
seat 0,105361 0,000071
secret 0,061875 0,000042
secrets 0,400478 0,000270
secure 0,072571 0,000049
seeds 1,049822 0,000709
seek 0,198451 0,000134
seeking 0,274437 0,000185
seized 0,235722 0,000159
send 0,030459 0,000021
sense 0,051293 0,000035
sentenced 1,560648 0,001054
serfdom 2,659260 0,001796
servant 0,186330 0,000126
set 0,010050 0,000007
sets 0,385662 0,000260
seventeen 0,693147 0,000468
shackled 2,995732 0,002023
shade 0,274437 0,000185
shading 1,714798 0,001158
shadow 0,223144 0,000151
shadows 0,494296 0,000334
shaft 0,916291 0,000619
shakes 1,272966 0,000860
shame 0,223144 0,000151
shameful 0,916291 0,000619
shape 0,186330 0,000126
shapeless 2,120264 0,001432
shapes 0,755023 0,000510
share 0,040822 0,000028
shared 0,139262 0,000094
sharper 1,469676 0,000992
sheer 0,843970 0,000570
shelves 1,171183 0,000791
shining 0,385662 0,000260
ships 0,653926 0,000442
shook 0,235722 0,000159
shoulder 0,210721 0,000142
shoulders 0,174353 0,000118
shoved 1,309333 0,000884
shrieked 1,171183 0,000791
shrink 1,139434 0,000769
shrinking 1,171183 0,000791
shudder 0,693147 0,000468
shut 0,072571 0,000049
sickly 0,891598 0,000602
sieve 1,966113 0,001328
sighed 0,673345 0,000455
sight 0,051293 0,000035
sign 0,139262 0,000094
signal 0,544727 0,000368
silence 0,105361 0,000071
silent 0,051293 0,000035
silk 0,478036 0,000323
silver 0,210721 0,000142
similarity 1,427116 0,000964
simple 0,094311 0,000064
simply 0,150823 0,000102
sin 0,430783 0,000291
sing 0,415515 0,000281
singing 0,371064 0,000251
single 0,083382 0,000056
sins 0,798508 0,000539
sisters 0,527633 0,000356
sit 0,061875 0,000042
sitting 0,105361 0,000071
size 0,248461 0,000168
skin 0,210721 0,000142
sky 0,210721 0,000142
slashed 1,832581 0,001237
slaves 0,634878 0,000429
sleep 0,072571 0,000049
sleeping 0,235722 0,000159
slept 0,223144 0,000151
slipping 0,967584 0,000653
slowly 0,150823 0,000102
smeared 1,560648 0,001054
smile 0,274437 0,000185
smiled 0,356675 0,000241
smiling 0,301105 0,000203
smoke 0,314711 0,000212
smooth 0,274437 0,000185
smoulder 3,218876 0,002173
snapped 0,891598 0,000602
snarling 1,714798 0,001158
snores 2,659260 0,001796
sobs 1,078810 0,000728
social 0,371064 0,000251
soft 0,210721 0,000142
softly 0,400478 0,000270
soggy 3,506558 0,002368
soil 0,494296 0,000334
solemn 0,301105 0,000203
solidarity 2,659260 0,001796
solitude 0,510826 0,000345
solved 0,867501 0,000586
son 0,105361 0,000071
song 0,371064 0,000251
sons 0,356675 0,000241
sought 0,150823 0,000102
soul 0,105361 0,000071
sound 0,020203 0,000014
south 0,235722 0,000159
space 0,116534 0,000079
spangles 2,813411 0,001900
spark 0,776529 0,000524
sparkle 1,514128 0,001022
sparkling 0,776529 0,000524
sparks 1,139434 0,000769
spat 1,469676 0,000992
speak 0,051293 0,000035
speaking 0,072571 0,000049
speck 1,108663 0,000749
speeches 0,867501 0,000586
speedily 0,713350 0,000482
spend 0,328504 0,000222
spider 1,237874 0,000836
spill 2,302585 0,001555
spilled 1,660731 0,001121
spine 1,832581 0,001237
spirit 0,051293 0,000035
spoke 0,116534 0,000079
spoken 0,150823 0,000102
sprays 2,040221 0,001378
spread 0,061875 0,000042
spreading 0,446287 0,000301
spring 0,083382 0,000056
springs 0,634878 0,000429
sprinkling 1,660731 0,001121
square 0,235722 0,000159
squares 1,171183 0,000791
stage 0,223144 0,000151
stained 0,653926 0,000442
stains 1,347074 0,000910
stake 0,693147 0,000468
stand 0,000000 0,000000
standing 0,030459 0,000021
stands 0,261365 0,000176
star 0,544727 0,000368
stare 0,713350 0,000482
stars 0,342490 0,000231
start -0,009950 -0,000007
started 0,150823 0,000102
stayed 0,415515 0,000281
steadiest 3,218876 0,002173
steadily 0,415515 0,000281
steal 0,510826 0,000345
steals 1,386294 0,000936
steel 0,510826 0,000345
step 0,083382 0,000056
stepped 0,510826 0,000345
stepping 0,755023 0,000510
steps 0,094311 0,000064
stir 0,400478 0,000270
stirs 1,560648 0,001054
stole 0,494296 0,000334
stolen 0,430783 0,000291
stomach 0,693147 0,000468
stone 0,116534 0,000079
stones 0,301105 0,000203
stood 0,030459 0,000021
stories 0,328504 0,000222
story 0,051293 0,000035
straight 0,105361 0,000071
strands 2,040221 0,001378
strange 0,061875 0,000042
streak 1,203973 0,000813
streaked 1,832581 0,001237
streaks 1,609438 0,001087
stream 0,210721 0,000142
street 0,198451 0,000134
streets 0,274437 0,000185
strength 0,030459 0,000021
stretch 0,446287 0,000301
stretched 0,274437 0,000185
stricken 0,653926 0,000442
strike 0,210721 0,000142
striking 0,274437 0,000185
string 0,634878 0,000429
strive 0,820981 0,000554
stroke 0,356675 0,000241
strokes 0,916291 0,000619
strong 0,030459 0,000021
struck 0,083382 0,000056
structure 0,673345 0,000455
struggles 0,891598 0,000602
student 0,673345 0,000455
students 0,994252 0,000671
studies 0,579818 0,000392
study 0,162519 0,000110
submission 0,776529 0,000524
sudden 0,072571 0,000049
suddenly 0,040822 0,000028
suffer 0,127833 0,000086
suffered 0,210721 0,000142
summer 0,186330 0,000126
summit 0,798508 0,000539
sun 0,072571 0,000049
sundial 3,218876 0,002173
sunlight 0,843970 0,000570
sunrise 0,891598 0,000602
superior 0,274437 0,000185
supreme 0,616186 0,000416
surrender 0,891598 0,000602
survived 1,021651 0,000690
suspect 0,342490 0,000231
suspicion 0,287682 0,000194
swallowed 0,462035 0,000312
swayed 1,108663 0,000749
sweeper 2,659260 0,001796
sweepers 3,218876 0,002173
sweeping 0,820981 0,000554
swiftly 0,713350 0,000482
swimming 0,820981 0,000554
swung 0,733969 0,000496
table 0,094311 0,000064
tables 0,415515 0,000281
tall 0,223144 0,000151
taller 0,941609 0,000636
tamed 1,609438 0,001087
tarried 2,120264 0,001432
tasted 0,544727 0,000368
taught 0,248461 0,000168
taut 2,207275 0,001490
teachers 0,776529 0,000524
tear 0,371064 0,000251
tears 0,150823 0,000102
temple 0,527633 0,000356
tempted 0,527633 0,000356
tent 0,994252 0,000671
terror 0,198451 0,000134
theatre 0,820981 0,000554
thinking 0,274437 0,000185
thirsty 0,843970 0,000570
thread 0,430783 0,000291
threads 1,139434 0,000769
threatens 1,469676 0,000992
threshold 0,562119 0,000380
threw 0,116534 0,000079
thrice 0,755023 0,000510
throat 0,261365 0,000176
throw 0,083382 0,000056
thunderstorms 2,813411 0,001900
tied 0,261365 0,000176
tight 0,616186 0,000416
time -0,009950 -0,000007
times 0,010050 0,000007
tired 0,198451 0,000134
togas 3,506558 0,002368
toil 0,616186 0,000416
toiled 1,514128 0,001022
toiling 1,514128 0,001022
tomorrow 0,755023 0,000510
tongue 0,162519 0,000110
tonight 1,272966 0,000860
tool 1,021651 0,000690
torches 1,171183 0,000791
tore 0,527633 0,000356
torn 0,248461 0,000168
torrent 0,941609 0,000636
torture 0,579818 0,000392
touch 0,083382 0,000056
touched 0,139262 0,000094
touches 0,798508 0,000539
tower 0,527633 0,000356
towers 0,967584 0,000653
track 0,510826 0,000345
tracks 1,139434 0,000769
trades 1,237874 0,000836
traitor 1,237874 0,000836
transgression 1,832581 0,001237
transgressions 1,771957 0,001196
transgressor 2,659260 0,001796
transition 1,347074 0,000910
travel 0,356675 0,000241
treasures 0,755023 0,000510
tree 0,235722 0,000159
trees 0,127833 0,000086
treetops 2,525729 0,001705
tremble 0,713350 0,000482
trembled 0,462035 0,000312
trembling 0,287682 0,000194
trials 0,941609 0,000636
trickled 1,832581 0,001237
triumph 0,274437 0,000185
troubled 0,287682 0,000194
true 0,020203 0,000014
trust 0,116534 0,000079
truth 0,030459 0,000021
tune 0,755023 0,000510
tunic 1,832581 0,001237
tunics 2,813411 0,001900
tunnel 1,560648 0,001054
twinkling 1,021651 0,000690
ugly 0,415515 0,000281
unanimity 2,302585 0,001555
unbroken 0,733969 0,000496
uncharted 2,813411 0,001900
unclean 1,386294 0,000936
unconquered 2,813411 0,001900
undefiled 2,207275 0,001490
understand 0,030459 0,000021
understanding 0,223144 0,000151
understood 0,061875 0,000042
undress 1,832581 0,001237
unexplored 1,771957 0,001196
union 0,510826 0,000345
universe 0,733969 0,000496
unknown 0,105361 0,000071
unmentionable 3,218876 0,002173
unmoving 2,995732 0,002023
unspeakable 0,994252 0,000671
untouched 1,171183 0,000791
unveiling 2,813411 0,001900
unworthy 0,673345 0,000455
upturned 2,040221 0,001378
useless 0,235722 0,000159
vainly 0,634878 0,000429
veils 1,714798 0,001158
vein 1,078810 0,000728
veins 0,544727 0,000368
vials 2,659260 0,001796
vice 0,527633 0,000356
victims 0,916291 0,000619
victory 0,371064 0,000251
vindicate 2,040221 0,001378
virtue 0,328504 0,000222
visiting 0,713350 0,000482
vocations 3,218876 0,002173
voice 0,020203 0,000014
voices 0,287682 0,000194
vote 1,078810 0,000728
voted 1,771957 0,001196
wagons 1,469676 0,000992
wait 0,094311 0,000064
waited 0,198451 0,000134
waiting 0,083382 0,000056
waits 1,139434 0,000769
walk 0,105361 0,000071
walked 0,210721 0,000142
walking 0,083382 0,000056
walks 0,162519 0,000110
wall 0,198451 0,000134
walls 0,139262 0,000094
wards 1,714798 0,001158
warm 0,139262 0,000094
warmth 0,579818 0,000392
warning 0,248461 0,000168
warrant 0,713350 0,000482
waste 0,186330 0,000126
watch 0,094311 0,000064
watched 0,210721 0,000142
watching 0,210721 0,000142
water 0,051293 0,000035
waves 0,478036 0,000323
wax 0,597837 0,000404
weak 0,116534 0,000079
weakest 1,427116 0,000964
wear 0,274437 0,000185
weariness 0,755023 0,000510
weary 0,198451 0,000134
weather 0,248461 0,000168
weeds 1,021651 0,000690
wept 0,597837 0,000404
west 0,083382 0,000056
whatsoever 0,287682 0,000194
whip 0,597837 0,000404
whirl 1,078810 0,000728
whirled 1,078810 0,000728
whisper 0,446287 0,000301
whispered 0,400478 0,000270
whispers 1,049822 0,000709
whistled 1,078810 0,000728
white 0,051293 0,000035
wide 0,061875 0,000042
wider 0,755023 0,000510
wild 0,051293 0,000035
wilderness 0,693147 0,000468
wildly 0,776529 0,000524
willingly 0,527633 0,000356
wind 0,105361 0,000071
winding 0,634878 0,000429
window 0,274437 0,000185
windowpane 3,506558 0,002368
windows 0,261365 0,000176
winds 0,494296 0,000334
wings 0,430783 0,000291
winter 0,198451 0,000134
wire 1,049822 0,000709
wires 1,469676 0,000992
wisdom 0,287682 0,000194
wise 0,105361 0,000071
wisest 0,733969 0,000496
withered 0,843970 0,000570
witness 0,198451 0,000134
women 0,094311 0,000064
wood 0,116534 0,000079
word 0,020203 0,000014
worn 0,223144 0,000151
worship 0,544727 0,000368
wound 0,274437 0,000185
wounds 0,562119 0,000380
wreck 0,941609 0,000636
wretch 0,733969 0,000496
wrists 1,272966 0,000860
write 0,150823 0,000102
writing 0,061875 0,000042
written 0,051293 0,000035
wrote 0,150823 0,000102
yard 0,430783 0,000291
yellow 0,328504 0,000222
yoke 1,049822 0,000709
youth 0,150823 0,000102
zinc 2,995732 0,002023
