abandoned 0,371064 0,000185
abasement 1,897120 0,000946
abel 2,120264 0,001057
abhorred 1,560648 0,000778
abide 0,287682 0,000143
abiding 1,309333 0,000653
ability 0,579818 0,000289
abominable 0,867501 0,000433
abundant 0,867501 0,000433
abundantly 1,272966 0,000635
accept 0,094311 0,000047
acceptable 0,967584 0,000483
accepted 0,139262 0,000069
accepting 0,287682 0,000143
accepts 1,514128 0,000755
access 0,314711 0,000157
accessed 0,562119 0,000280
accessible 0,446287 0,000223
accomplished 0,385662 0,000192
accord 0,597837 0,000298
account 0,010050 0,000005
accursed 1,108663 0,000553
accustomed 0,287682 0,000143
acknowledge 0,527633 0,000263
acquire 0,776529 0,000387
active 0,127833 0,000064
actual 0,174353 0,000087
adam 0,941609 0,000470
addition 0,116534 0,000058
additional 0,198451 0,000099
additions 0,371064 0,000185
address 0,116534 0,000058
addresses 0,385662 0,000192
admonished 1,714798 0,000855
adultery 1,832581 0,000914
advice 0,186330 0,000093
affect 0,478036 0,000238
afflict 1,897120 0,000946
afflicted 0,693147 0,000346
affliction 0,867501 0,000433
afraid 0,105361 0,000053
aged 0,198451 0,000099
agent 0,274437 0,000137
agree 0,116534 0,000058
agreed 0,116534 0,000058
agreement 0,210721 0,000105
air 0,061875 0,000031
ak 1,347074 0,000672
alienated 2,040221 0,001018
allusion 0,843970 0,000421
altar 0,820981 0,000409
alter 0,544727 0,000272
alteration 0,314711 0,000157
altered 0,510826 0,000255
alternate 0,328504 0,000164
altogether 0,198451 0,000099
amazed 0,634878 0,000317
amen 1,237874 0,000617
amends 1,108663 0,000553
ancient 0,198451 0,000099
angel 0,579818 0,000289
angels 0,776529 0,000387
anger 0,328504 0,000164
angry 0,174353 0,000087
animal 0,261365 0,000130
animals 0,494296 0,000247
answered 0,072571 0,000036
apparition 0,994252 0,000496
apparitions 2,407946 0,001201
appealed 1,021651 0,000510
appealing 1,171183 0,000584
appeals 0,916291 0,000457
appearance 0,083382 0,000042
appeased 1,272966 0,000635
applicable 0,400478 0,000200
apply 0,162519 0,000081
applying 1,108663 0,000553
approach 0,083382 0,000042
approached 0,248461 0,000124
approved 0,693147 0,000346
arabic 2,120264 0,001057
archive 0,544727 0,000272
array 0,314711 0,000157
arrived 0,150823 0,000075
arson 2,995732 0,001494
art 0,139262 0,000069
arts 0,597837 0,000298
ascii 0,562119 0,000280
ashamed 0,248461 0,000124
asleep 0,162519 0,000081
aspired 1,832581 0,000914
assistance 0,105361 0,000053
assumed 0,385662 0,000192
astray 1,078810 0,000538
ate 0,415515 0,000207
atomic 2,995732 0,001494
attached 0,127833 0,000064
attempt 0,083382 0,000042
attempts 0,478036 0,000238
attend 0,301105 0,000150
author 0,116534 0,000058
authority 0,261365 0,000130
avenge 1,049822 0,000524
avenged 1,514128 0,000755
await 0,776529 0,000387
awaited 0,733969 0,000366
awful 0,328504 0,000164
awoke 0,446287 0,000223
bad 0,051293 0,000026
badly 0,446287 0,000223
bake 1,897120 0,000946
bank 0,261365 0,000130
bare 0,162519 0,000081
based 0,371064 0,000185
bathe 1,272966 0,000635
bear 0,061875 0,000031
beard 0,579818 0,000289
beasts 0,430783 0,000215
beat 0,186330 0,000093
beautiful 0,083382 0,000042
beautifully 0,867501 0,000433
beauty 0,174353 0,000087
befall 0,967584 0,000483
befallen 1,078810 0,000538
beg 0,210721 0,000105
begged 0,462035 0,000230
begging 0,713350 0,000356
beguiling 2,659260 0,001326
behalf 0,713350 0,000356
behaved 0,798508 0,000398
beheld 0,510826 0,000255
behold 0,342490 0,000171
beholding 1,021651 0,000510
belief 0,198451 0,000099
belly 0,916291 0,000457
belong 0,235722 0,000118
bent 0,174353 0,000087
beseech 1,049822 0,000524
beseeching 1,609438 0,000803
besought 1,309333 0,000653
beware 0,820981 0,000409
bible 0,776529 0,000387
biblical 2,407946 0,001201
binary 0,562119 0,000280
birds 0,301105 0,000150
birth 0,301105 0,000150
bitter 0,235722 0,000118
bitterly 0,579818 0,000289
bitterness 0,634878 0,000317
black 0,072571 0,000036
blame 0,174353 0,000087
blasphemed 2,407946 0,001201
bled 1,469676 0,000733
bleeding 0,843970 0,000421
blemish 1,897120 0,000946
bless 0,430783 0,000215
blessed 0,356675 0,000178
blessing 0,446287 0,000223
blew 0,494296 0,000247
blood 0,116534 0,000058
blot 1,347074 0,000672
blotted 1,272966 0,000635
blow 0,139262 0,000069
blows 0,371064 0,000185
bodies 0,174353 0,000087
body 0,030459 0,000015
bond 0,673345 0,000336
bonds 0,798508 0,000398
bone 0,527633 0,000263
bones 0,235722 0,000118
book 0,061875 0,000031
books 0,139262 0,000069
border 0,967584 0,000483
borders 0,994252 0,000496
bore 0,150823 0,000075
born 0,105361 0,000053
borne 0,261365 0,000130
bosom 0,462035 0,000230
bottle 0,562119 0,000280
bound 0,030459 0,000015
bowed 0,371064 0,000185
brains 0,776529 0,000387
branches 0,371064 0,000185
brass 0,478036 0,000238
breach 0,274437 0,000137
bread 0,248461 0,000124
break 0,083382 0,000042
breast 0,210721 0,000105
breasts 0,891598 0,000445
breathe 0,478036 0,000238
breathed 0,494296 0,000247
breeze 0,713350 0,000356
bright 0,116534 0,000058
brightened 0,967584 0,000483
brightness 0,634878 0,000317
brilliant 0,430783 0,000215
bring 0,010050 0,000005
bringing 0,105361 0,000053
brings 0,328504 0,000164
broad 0,139262 0,000069
broke 0,116534 0,000058
broken 0,061875 0,000031
broth 1,897120 0,000946
brother 0,127833 0,000064
brought 0,010050 0,000005
bruise 1,560648 0,000778
brutish 2,040221 0,001018
bucket 1,309333 0,000653
built 0,150823 0,000075
burdened 1,469676 0,000733
buried 0,248461 0,000124
burn 0,400478 0,000200
burned 0,400478 0,000200
burning 0,150823 0,000075
burns 1,203973 0,000600
burnt 0,415515 0,000207
business 0,040822 0,000020
cain 1,660731 0,000828
calculate 0,328504 0,000164
calculated 0,174353 0,000087
calm 0,301105 0,000150
carcasses 1,832581 0,000914
card 0,223144 0,000111
care 0,000000 0,000000
carefully 0,139262 0,000069
carried 0,030459 0,000015
carries 0,755023 0,000377
carry 0,030459 0,000015
cast 0,116534 0,000058
catch 0,210721 0,000105
caution 0,527633 0,000263
cautious 0,673345 0,000336
cave 0,776529 0,000387
cavern 1,347074 0,000672
cease 0,139262 0,000069
ceased 0,235722 0,000118
ceasing 1,078810 0,000538
centuries 0,544727 0,000272
century 0,494296 0,000247
cereal 3,218876 0,001605
change 0,010050 0,000005
changed 0,051293 0,000026
chapter 0,342490 0,000171
character 0,061875 0,000031
charge 0,051293 0,000026
charges 0,223144 0,000111
charitable 0,287682 0,000143
charities 0,494296 0,000247
charming 0,527633 0,000263
check 0,174353 0,000087
checks 0,478036 0,000238
cherub 1,897120 0,000946
cherubim 2,040221 0,001018
chest 0,371064 0,000185
chief 0,094311 0,000047
child 0,072571 0,000036
children 0,072571 0,000036
choose 0,083382 0,000042
chosen 0,186330 0,000093
christ 0,867501 0,000433
church 0,261365 0,000130
city 0,051293 0,000026
clad 0,597837 0,000298
claim 0,116534 0,000058
clean 0,248461 0,000124
cleanness 2,813411 0,001403
cleansed 1,714798 0,000855
clearness 1,049822 0,000524
close 0,051293 0,000026
closer 0,385662 0,000192
clothe 1,237874 0,000617
clothed 0,673345 0,000336
cloud 0,301105 0,000150
coal 0,693147 0,000346
codes 0,510826 0,000255
cold 0,040822 0,000020
collection 0,174353 0,000087
color 1,021651 0,000510
combat 0,891598 0,000445
comedy 0,941609 0,000470
comfort 0,150823 0,000075
comfortable 0,261365 0,000130
comforted 0,776529 0,000387
comforting 1,139434 0,000568
coming 1,171183 0,000584
command 0,162519 0,000081
commanded 0,462035 0,000230
commandment 1,832581 0,000914
commandments 1,897120 0,000946
commands 0,616186 0,000307
commercial 0,274437 0,000137
commit 0,527633 0,000263
committed 0,150823 0,000075
committing 1,078810 0,000538
commune 1,966113 0,000981
communed 2,525729 0,001260
communing 2,120264 0,001057
company 0,020203 0,000010
compared 0,274437 0,000137
compilation 0,494296 0,000247
completed 0,446287 0,000223
compliance 0,342490 0,000171
comply 0,342490 0,000171
complying 0,446287 0,000223
compressed 0,342490 0,000171
concealment 1,108663 0,000553
conceived 0,462035 0,000230
concept 0,544727 0,000272
conclude 0,843970 0,000421
conclusion 0,235722 0,000118
condemn 0,867501 0,000433
condemned 0,653926 0,000326
condition 0,094311 0,000047
conditions 0,342490 0,000171
confirmation 0,356675 0,000178
confirmed 0,174353 0,000087
conflict 0,693147 0,000346
consent 0,328504 0,000164
consented 0,562119 0,000280
consequential 0,478036 0,000238
considerable 0,105361 0,000053
consolation 0,713350 0,000356
consorted 2,407946 0,001201
constant 0,051293 0,000026
constructed 0,867501 0,000433
consulting 0,891598 0,000445
consume 1,108663 0,000553
consumed 0,634878 0,000317
contact 0,210721 0,000105
content 0,186330 0,000093
contents 0,094311 0,000047
continually 0,446287 0,000223
continue 0,261365 0,000130
continued 0,072571 0,000036
contract 0,261365 0,000130
contrary 0,198451 0,000099
contributions 0,430783 0,000215
control 0,314711 0,000157
conversed 1,203973 0,000600
convert 0,385662 0,000192
converted 0,820981 0,000409
cook 0,430783 0,000215
cooled 1,560648 0,000778
copying 0,494296 0,000247
copyright 0,415515 0,000207
corn 0,579818 0,000289
corners 0,430783 0,000215
corporation 0,462035 0,000230
corpse 0,693147 0,000346
corpses 1,427116 0,000712
corrupt 0,274437 0,000137
cost 0,105361 0,000053
costs 0,287682 0,000143
counsel 0,527633 0,000263
counselled 1,966113 0,000981
counsels 1,237874 0,000617
countries 0,235722 0,000118
country 0,010050 0,000005
covenant 1,660731 0,000828
covenanted 2,995732 0,001494
cover 0,261365 0,000130
covered 0,139262 0,000069
covering 0,446287 0,000223
covers 0,820981 0,000409
crack 0,820981 0,000409
crafty 1,427116 0,000712
create 0,597837 0,000298
created 0,116534 0,000058
creating 0,342490 0,000171
creation 0,235722 0,000118
creator 1,139434 0,000568
creature 0,174353 0,000087
creatures 0,235722 0,000118
credit 0,094311 0,000047
crept 0,494296 0,000247
critical 0,235722 0,000118
cross 0,139262 0,000069
crown 0,314711 0,000157
crucified 1,714798 0,000855
cruel 0,261365 0,000130
cruelly 0,820981 0,000409
crush 0,967584 0,000483
crying 1,560648 0,000778
crystal 1,049822 0,000524
cultivated 0,693147 0,000346
current 0,127833 0,000064
curse 0,510826 0,000255
cursed 0,510826 0,000255
custom 0,210721 0,000105
cut 0,040822 0,000020
damage 0,261365 0,000130
damaged 0,356675 0,000178
damages 0,400478 0,000200
dark 0,051293 0,000026
darkness 0,186330 0,000093
data 0,494296 0,000247
daughter 0,261365 0,000130
dawn 0,478036 0,000238
dawned 1,049822 0,000524
day 0,000000 0,000000
daylight 0,446287 0,000223
days 0,020203 0,000010
dead 0,072571 0,000036
deal 0,105361 0,000053
dealt 0,597837 0,000298
death 0,020203 0,000010
deceit 1,021651 0,000510
deceitful 1,347074 0,000672
deceive 0,527633 0,000263
deceived 0,430783 0,000215
deceiving 1,203973 0,000600
deception 0,994252 0,000496
decided 0,186330 0,000093
decreed 1,347074 0,000672
deductible 0,562119 0,000280
deeds 0,527633 0,000263
deep 0,051293 0,000026
deeply 0,261365 0,000130
defeated 1,021651 0,000510
defect 0,328504 0,000164
defective 0,356675 0,000178
defects 0,301105 0,000150
defile 1,609438 0,000803
defiled 1,469676 0,000733
degradation 1,108663 0,000553
deletions 0,562119 0,000280
delicious 0,713350 0,000356
delight 0,162519 0,000081
delights 0,820981 0,000409
deliver 0,494296 0,000247
deliverance 0,941609 0,000470
delivered 0,342490 0,000171
demand 0,127833 0,000064
dennis 2,813411 0,001403
deny 0,301105 0,000150
depart 0,400478 0,000200
departed 0,356675 0,000178
depends 0,198451 0,000099
deprive 1,021651 0,000510
deprived 0,579818 0,000289
depths 0,446287 0,000223
derivative 0,510826 0,000255
derive 0,342490 0,000171
derived 0,248461 0,000124
descend 0,478036 0,000238
descendant 1,560648 0,000778
descendants 1,108663 0,000553
description 0,274437 0,000137
deserted 0,385662 0,000192
desire 0,072571 0,000036
desired 0,150823 0,000075
desires 0,478036 0,000238
desolate 0,820981 0,000409
destroy 0,127833 0,000064
destroyed 0,274437 0,000137
destroys 1,427116 0,000712
destruction 0,342490 0,000171
detach 0,446287 0,000223
determine 0,210721 0,000105
determined 0,174353 0,000087
device 0,755023 0,000377
devil 0,356675 0,000178
devils 0,820981 0,000409
devour 0,994252 0,000496
die 0,105361 0,000053
died 0,061875 0,000031
difficult 0,116534 0,000058
dig 0,776529 0,000387
digestive 2,407946 0,001201
diligently 1,203973 0,000600
dip 1,139434 0,000568
direct 0,083382 0,000042
director 0,798508 0,000398
disappear 0,891598 0,000445
disappoint 1,469676 0,000733
discernment 1,469676 0,000733
disclaim 0,510826 0,000255
disclaimer 0,562119 0,000280
disclaimers 0,562119 0,000280
discontinue 0,544727 0,000272
discourse 0,597837 0,000298
discover 0,083382 0,000042
discovered 0,051293 0,000026
disk 0,446287 0,000223
display 0,261365 0,000130
displayed 0,198451 0,000099
displaying 0,342490 0,000171
displeased 1,108663 0,000553
distance 0,105361 0,000053
distant 0,162519 0,000081
distress 0,274437 0,000137
distribute 0,400478 0,000200
distributed 0,248461 0,000124
distributing 0,446287 0,000223
distribution 0,430783 0,000215
distributor 0,562119 0,000280
divided 0,210721 0,000105
divine 0,430783 0,000215
divinity 0,941609 0,000470
domain 0,328504 0,000164
dome 1,427116 0,000712
dominion 0,994252 0,000496
donate 0,562119 0,000280
donation 0,494296 0,000247
donations 0,494296 0,000247
donors 0,527633 0,000263
doom 1,049822 0,000524
downloading 0,562119 0,000280
drags 1,771957 0,000884
drank 0,371064 0,000185
dread 0,371064 0,000185
drew 0,162519 0,000081
dried 0,462035 0,000230
drink 0,150823 0,000075
drinking 0,371064 0,000185
drive 0,186330 0,000093
driven 0,127833 0,000064
dropped 0,274437 0,000137
drove 0,248461 0,000124
drowning 1,309333 0,000653
drunk 0,415515 0,000207
dry 0,127833 0,000064
dug 0,673345 0,000336
duly 0,843970 0,000421
dumb 0,562119 0,000280
dungeon 1,427116 0,000712
durra 3,912023 0,001951
dust 0,174353 0,000087
dwelling 0,494296 0,000247
dying 0,261365 0,000130
ear 0,139262 0,000069
ears 0,105361 0,000053
earth 0,051293 0,000026
earthly 0,673345 0,000336
earthy 1,966113 0,000981
easily 0,072571 0,000036
east 0,235722 0,000118
eastern 0,733969 0,000366
eastward 1,203973 0,000600
easy 0,040822 0,000020
eat 0,083382 0,000042
eaten 0,446287 0,000223
eating 0,235722 0,000118
eden 1,771957 0,000884
edge 0,210721 0,000105
edition 0,287682 0,000143
editions 0,385662 0,000192
editorial 2,525729 0,001260
educational 0,446287 0,000223
effort 0,094311 0,000047
efforts 0,139262 0,000069
egypt 0,891598 0,000445
egyptian 1,203973 0,000600
egyptians 1,560648 0,000778
eighth 0,798508 0,000398
eightieth 2,407946 0,001201
elect 0,328504 0,000164
electronic 0,544727 0,000272
electronically 0,544727 0,000272
element 0,510826 0,000255
elements 0,673345 0,000336
elevated 0,891598 0,000445
eloquently 1,897120 0,000946
email 0,562119 0,000280
embedded 2,302585 0,001148
emotional 1,171183 0,000584
employee 0,527633 0,000263
employees 0,544727 0,000272
encoding 0,653926 0,000326
encompass 1,897120 0,000946
encompasses 3,218876 0,001605
encourage 0,544727 0,000272
endeavored 1,560648 0,000778
endurance 0,891598 0,000445
endure 0,342490 0,000171
endured 0,673345 0,000336
enemy 0,174353 0,000087
english 0,094311 0,000047
enjoy 0,150823 0,000075
enjoyed 0,415515 0,000207
enslave 2,040221 0,001018
ensure 1,514128 0,000755
ensuring 0,544727 0,000272
enter 0,094311 0,000047
entered 0,051293 0,000026
enticed 1,714798 0,000855
entity 0,544727 0,000272
entrance 0,210721 0,000105
entreated 1,049822 0,000524
entreating 1,660731 0,000828
envious 1,309333 0,000653
equipment 0,430783 0,000215
equivalent 1,078810 0,000538
erase 2,207275 0,001101
errors 0,248461 0,000124
escape 0,094311 0,000047
escaped 0,235722 0,000118
escort 1,021651 0,000510
establish 0,713350 0,000356
established 0,301105 0,000150
establishing 1,203973 0,000600
estate 0,510826 0,000255
estranged 1,714798 0,000855
eternal 0,415515 0,000207
ethiopic 3,506558 0,001749
eve 0,673345 0,000336
evening 0,083382 0,000042
events 0,223144 0,000111
evil 0,162519 0,000081
exact 0,287682 0,000143
exalted 0,673345 0,000336
exchanging 1,347074 0,000672
exclusion 0,371064 0,000185
executive 1,171183 0,000584
exempt 0,371064 0,000185
existence 0,162519 0,000081
exists 0,235722 0,000118
exodus 2,040221 0,001018
expelled 1,347074 0,000672
expend 0,462035 0,000230
expense 0,150823 0,000075
expenses 0,210721 0,000105
explain 0,186330 0,000093
explained 0,248461 0,000124
explanation 0,139262 0,000069
exploring 1,386294 0,000691
exporting 0,510826 0,000255
express 0,127833 0,000064
expression 0,127833 0,000064
extent 0,083382 0,000042
extracted 1,203973 0,000600
eye 0,030459 0,000015
eyes 0,010050 0,000005
facility 0,356675 0,000178
fails 0,891598 0,000445
faint 0,261365 0,000130
fainting 0,776529 0,000387
faintness 1,714798 0,000855
fair 0,051293 0,000026
fairbanks 1,386294 0,000691
fairest 1,272966 0,000635
faith 0,210721 0,000105
fall 0,020203 0,000010
fallen 0,083382 0,000042
falling 0,083382 0,000042
falls 0,328504 0,000164
false 0,210721 0,000105
falsely 1,171183 0,000584
familiar 0,150823 0,000075
family 0,072571 0,000036
fancying 1,427116 0,000712
fanned 1,660731 0,000828
fashion 0,174353 0,000087
fast 0,061875 0,000031
fasted 2,040221 0,001018
fasting 1,078810 0,000538
father 0,072571 0,000036
favor 1,021651 0,000510
favorable 1,469676 0,000733
fear 0,020203 0,000010
feared 0,235722 0,000118
fearing 0,673345 0,000336
fed 0,371064 0,000185
federal 0,527633 0,000263
fee 0,342490 0,000171
feeble 0,371064 0,000185
feeding 0,616186 0,000307
feel 0,020203 0,000010
feelings 0,314711 0,000157
fees 0,415515 0,000207
feet 0,061875 0,000031
fell 0,051293 0,000026
fellows 0,287682 0,000143
fervent 1,021651 0,000510
fetch 0,616186 0,000307
fetched 0,941609 0,000470
fiction 0,891598 0,000445
field 0,150823 0,000075
fields 0,287682 0,000143
fiery 0,713350 0,000356
fiftieth 1,832581 0,000914
fig 1,347074 0,000672
figs 1,832581 0,000914
figure 0,072571 0,000036
file 0,235722 0,000118
files 0,478036 0,000238
final 0,342490 0,000171
finally 0,150823 0,000075
financial 0,415515 0,000207
finish 0,314711 0,000157
finished 0,162519 0,000081
fit 0,061875 0,000031
fitness 0,446287 0,000223
fitted 0,261365 0,000130
fitting 0,510826 0,000255
flame 0,400478 0,000200
flames 0,616186 0,000307
flaming 0,820981 0,000409
flared 1,832581 0,000914
flash 0,510826 0,000255
flashed 0,693147 0,000346
flashing 0,820981 0,000409
flat 0,248461 0,000124
fled 0,371064 0,000185
flee 1,171183 0,000584
flesh 0,210721 0,000105
flocks 1,108663 0,000553
flood 0,544727 0,000272
flourishing 1,021651 0,000510
flow 0,462035 0,000230
flowed 0,776529 0,000387
flows 0,941609 0,000470
fluttering 0,994252 0,000496
follow 0,020203 0,000010
food 0,127833 0,000064
footnote 2,407946 0,001201
forbearing 2,302585 0,001148
force 0,061875 0,000031
forced 0,139262 0,000069
forevermore 2,995732 0,001494
forgave 1,832581 0,000914
forget 0,072571 0,000036
forgive 0,356675 0,000178
forgiven 0,941609 0,000470
forgiveness 0,916291 0,000457
forgotten 0,162519 0,000081
form 0,040822 0,000020
format 0,562119 0,000280
formats 0,562119 0,000280
formed 0,210721 0,000105
forms 0,248461 0,000124
forsake 1,427116 0,000712
fortieth 2,302585 0,001148
forwardly 3,912023 0,001951
fought 0,371064 0,000185
foundation 0,174353 0,000087
fountain 0,713350 0,000356
fourth 0,186330 0,000093
fowls 1,272966 0,000635
fraud 1,078810 0,000538
freely 0,105361 0,000053
frequently 0,287682 0,000143
friday 0,967584 0,000483
friendly 0,261365 0,000130
frightened 0,301105 0,000150
frowned 1,272966 0,000635
fruit 0,274437 0,000137
fruits 0,446287 0,000223
fulfil 1,049822 0,000524
fulfilled 0,673345 0,000336
fulfillment 2,302585 0,001148
functions 0,994252 0,000496
future 0,105361 0,000053
gabriel 1,966113 0,000981
gained 0,261365 0,000130
garden 0,198451 0,000099
garment 0,755023 0,000377
garments 0,597837 0,000298
gate 0,287682 0,000143
gates 0,446287 0,000223
gather 0,328504 0,000164
gathered 0,150823 0,000075
generation 0,510826 0,000255
generations 0,198451 0,000099
genesis 1,427116 0,000712
gently 0,235722 0,000118
ghost 0,544727 0,000272
gift 0,261365 0,000130
gifts 0,527633 0,000263
girdle 1,272966 0,000635
girt 1,469676 0,000733
glad 0,072571 0,000036
gladness 1,049822 0,000524
gladsome 2,525729 0,001260
glistened 1,386294 0,000691
gloom 0,579818 0,000289
glorified 1,609438 0,000803
glorious 0,462035 0,000230
glory 0,342490 0,000171
glowing 0,510826 0,000255
goal 0,867501 0,000433
goals 0,544727 0,000272
god 0,094311 0,000047
godhead 2,120264 0,001057
gods 0,653926 0,000326
gold 0,083382 0,000042
golden 0,342490 0,000171
golgotha 2,995732 0,001494
goodness 0,328504 0,000164
goodwill 1,660731 0,000828
goth 2,995732 0,001494
govern 0,342490 0,000171
governs 1,660731 0,000828
grace 0,235722 0,000118
gracious 0,544727 0,000272
grain 0,597837 0,000298
grant 0,371064 0,000185
granted 0,150823 0,000075
grasses 1,714798 0,000855
gratefully 0,415515 0,000207
grave 0,127833 0,000064
gray 0,733969 0,000366
greatly 0,210721 0,000105
greatness 0,693147 0,000346
green 0,105361 0,000053
greeted 1,049822 0,000524
gregory 1,139434 0,000568
grew 0,139262 0,000069
grief 0,356675 0,000178
grieve 0,916291 0,000457
grieved 0,916291 0,000457
grievous 0,967584 0,000483
groaning 0,916291 0,000457
gross 0,235722 0,000118
ground 0,030459 0,000015
groves 1,272966 0,000635
grow 0,139262 0,000069
growing 0,174353 0,000087
grown 0,116534 0,000058
gruff 1,660731 0,000828
guard 0,174353 0,000087
guarded 0,597837 0,000298
guarding 1,386294 0,000691
guests 0,446287 0,000223
guile 1,514128 0,000755
hair 0,094311 0,000047
hallowed 1,897120 0,000946
hand 0,010050 0,000005
handed 0,274437 0,000137
handmaid 1,832581 0,000914
handmaiden 3,218876 0,001605
hands 0,020203 0,000010
hanging 0,261365 0,000130
happen 0,150823 0,000075
happened 0,094311 0,000047
hard 0,040822 0,000020
hardened 0,820981 0,000409
hardships 1,021651 0,000510
harm 0,210721 0,000105
harmless 0,248461 0,000124
hart 0,462035 0,000230
hastened 0,616186 0,000307
hate 0,274437 0,000137
hated 0,356675 0,000178
hater 2,525729 0,001260
haughtily 1,771957 0,000884
hawkins 2,302585 0,001148
head 0,000000 0,000000
heads 0,094311 0,000047
healed 1,108663 0,000553
health 0,198451 0,000099
heap 0,494296 0,000247
heaped 0,994252 0,000496
hear 0,010050 0,000005
heard 0,020203 0,000010
hearing 0,139262 0,000069
heart 0,010050 0,000005
hearted 0,415515 0,000207
hearts 0,261365 0,000130
heat 0,274437 0,000137
heaven 0,198451 0,000099
heavenly 0,843970 0,000421
heavens 0,430783 0,000215
heavily 0,400478 0,000200
heaviness 1,714798 0,000855
heavy 0,030459 0,000015
held 0,040822 0,000020
helper 1,832581 0,000914
helpless 0,328504 0,000164
helpmate 2,659260 0,001326
helpmeet 2,995732 0,001494
hidden 0,248461 0,000124
hide 0,287682 0,000143
hideous 0,527633 0,000263
hill 0,248461 0,000124
historical 0,843970 0,000421
history 0,186330 0,000093
hit 0,356675 0,000178
hold 0,020203 0,000010
holder 0,446287 0,000223
hole 0,356675 0,000178
holes 0,562119 0,000280
holy 0,385662 0,000192
homage 1,078810 0,000538
hope 0,010050 0,000005
host 0,478036 0,000238
hosts 1,237874 0,000617
hour 0,083382 0,000042
hours 0,094311 0,000047
house 0,020203 0,000010
huge 0,400478 0,000200
human 0,083382 0,000042
humble 0,301105 0,000150
humor 1,272966 0,000635
hung 0,174353 0,000087
hunger 0,478036 0,000238
hungry 0,328504 0,000164
hurl 1,469676 0,000733
hurled 1,171183 0,000584
hurt 0,198451 0,000099
husbands 0,755023 0,000377
hymns 1,714798 0,000855
identification 0,527633 0,000263
identify 0,415515 0,000207
iii 0,287682 0,000143
image 0,371064 0,000185
impact 2,207275 0,001101
impatient 0,371064 0,000185
implied 0,371064 0,000185
imposed 0,210721 0,000105
inaccurate 0,510826 0,000255
incense 1,049822 0,000524
incidental 0,446287 0,000223
include 0,274437 0,000137
included 0,162519 0,000081
includes 0,462035 0,000230
including 0,139262 0,000069
incomplete 0,301105 0,000150
increase 0,287682 0,000143
increasing 0,127833 0,000064
indemnify 0,527633 0,000263
indemnity 0,527633 0,000263
india 0,843970 0,000421
indian 0,597837 0,000298
indirect 0,446287 0,000223
indirectly 0,371064 0,000185
individual 0,150823 0,000075
infancy 0,916291 0,000457
infirmity 1,203973 0,000600
inform 0,510826 0,000255
informed 0,371064 0,000185
infringement 0,544727 0,000272
inhabitant 1,560648 0,000778
inhabitants 0,446287 0,000223
inherit 1,203973 0,000600
injure 0,941609 0,000470
innards 3,912023 0,001951
innocence 0,634878 0,000317
insight 1,171183 0,000584
integrity 1,203973 0,000600
intellectual 0,235722 0,000118
intend 0,494296 0,000247
intent 0,527633 0,000263
intention 0,186330 0,000093
intercession 1,966113 0,000981
interchangeably 2,995732 0,001494
intercourse 0,798508 0,000398
internal 0,261365 0,000130
international 0,494296 0,000247
interpreted 0,274437 0,000137
interpreters 2,407946 0,001201
introduced 0,356675 0,000178
invalidity 0,527633 0,000263
iron 0,198451 0,000099
irs 0,562119 0,000280
islamic 3,912023 0,001951
iso 1,897120 0,000946
iv 0,328504 0,000164
ix 0,494296 0,000247
james 0,673345 0,000336
january 0,693147 0,000346
jealous 0,446287 0,000223
jealousy 0,478036 0,000238
jerusalem 1,237874 0,000617
jesus 1,237874 0,000617
jewish 1,832581 0,000914
jews 1,078810 0,000538
john 0,328504 0,000164
joshua 2,040221 0,001018
joy 0,139262 0,000069
joyful 0,798508 0,000398
judgment 0,198451 0,000099
keeper 0,916291 0,000457
kill 0,127833 0,000064
killed 0,223144 0,000111
kills 1,139434 0,000568
kindled 0,867501 0,000433
king 0,223144 0,000111
kingdom 0,494296 0,000247
kingdoms 1,108663 0,000553
kings 0,527633 0,000263
kissed 0,462035 0,000230
knowledge 0,061875 0,000031
koran 2,813411 0,001403
lack 0,478036 0,000238
laid 0,072571 0,000036
lake 0,210721 0,000105
lamb 0,776529 0,000387
land 0,072571 0,000036
landed 0,527633 0,000263
lands 0,544727 0,000272
language 0,072571 0,000036
languor 1,560648 0,000778
late 0,094311 0,000047
law 0,030459 0,000015
laws 0,083382 0,000042
lay 0,051293 0,000026
laying 0,274437 0,000137
lead 0,083382 0,000042
leaf 0,462035 0,000230
lean 0,579818 0,000289
leaned 0,634878 0,000317
leanness 2,813411 0,001403
learn 0,020203 0,000010
learned 0,105361 0,000053
leave 0,000000 0,000000
leaves 0,094311 0,000047
led 0,040822 0,000020
ledge 1,272966 0,000635
left 0,000000 0,000000
legal 0,261365 0,000130
legally 0,342490 0,000171
letter 0,116534 0,000058
liability 0,462035 0,000230
liable 0,235722 0,000118
library 0,223144 0,000111
license 0,301105 0,000150
licensed 0,430783 0,000215
licking 1,272966 0,000635
lie 0,040822 0,000020
lieu 0,415515 0,000207
life -0,009950 -0,000005
lifted 0,274437 0,000137
light 0,010050 0,000005
lightened 1,514128 0,000755
lightnings 1,832581 0,000914
likeness 0,693147 0,000346
limit 0,673345 0,000336
limitation 0,478036 0,000238
limited 0,261365 0,000130
linear 2,659260 0,001326
linked 0,385662 0,000192
linking 2,525729 0,001260
links 0,415515 0,000207
lions 1,021651 0,000510
list 0,400478 0,000200
listen 0,127833 0,000064
literary 0,287682 0,000143
literature 0,673345 0,000336
liv 2,040221 0,001018
live 0,010050 0,000005
lived 0,061875 0,000031
living 0,020203 0,000010
located 0,400478 0,000200
location 2,302585 0,001148
locations 0,544727 0,000272
lonely 0,415515 0,000207
longing 0,653926 0,000326
loose 0,105361 0,000053
lord 0,223144 0,000111
lose 0,094311 0,000047
lost 0,020203 0,000010
lot 0,061875 0,000031
loud 0,174353 0,000087
love 0,051293 0,000026
loved 0,198451 0,000099
lover 0,385662 0,000192
loves 0,562119 0,000280
loving 0,478036 0,000238
lust 0,891598 0,000445
lustre 1,171183 0,000584
lx 2,525729 0,001260
lxx 3,218876 0,001605
lying 0,061875 0,000031
machine 0,248461 0,000124
maid 0,446287 0,000223
maidens 1,347074 0,000672
main 0,127833 0,000064
maintaining 0,235722 0,000118
majesty 0,544727 0,000272
manage 0,462035 0,000230
manna 2,120264 0,001057
manner 0,040822 0,000020
mark 0,127833 0,000064
marked 0,061875 0,000031
marriage 0,314711 0,000157
married 0,248461 0,000124
marry 0,430783 0,000215
marrying 0,867501 0,000433
marvelous 1,609438 0,000803
master 0,083382 0,000042
matter 0,010050 0,000005
maximum 0,478036 0,000238
meaning 0,210721 0,000105
meanness 1,237874 0,000617
measure 0,301105 0,000150
medieval 3,218876 0,001605
medium 0,223144 0,000111
meek 1,272966 0,000635
meet 0,010050 0,000005
melon 2,207275 0,001101
merciful 0,994252 0,000496
mercifully 2,120264 0,001057
mercy 0,223144 0,000111
mere 0,094311 0,000047
messenger 0,634878 0,000317
met 0,040822 0,000020
method 0,094311 0,000047
methods 0,210721 0,000105
michael 0,400478 0,000200
middle 0,030459 0,000015
mind 0,020203 0,000010
mingled 0,462035 0,000230
ministered 2,525729 0,001260
miserable 0,210721 0,000105
misery 0,301105 0,000150
misguided 2,407946 0,001201
misled 1,139434 0,000568
mission 0,210721 0,000105
mississippi 0,415515 0,000207
mistaken 0,261365 0,000130
mixture 0,616186 0,000307
mocked 1,469676 0,000733
modern 0,314711 0,000157
modification 0,494296 0,000247
modified 0,385662 0,000192
moment 0,010050 0,000005
money 0,051293 0,000026
months 0,094311 0,000047
mood 0,527633 0,000263
morning 0,040822 0,000020
mortal 0,400478 0,000200
mother 0,072571 0,000036
mountain 0,400478 0,000200
mourned 1,771957 0,000884
mourns 2,302585 0,001148
mouth 0,105361 0,000053
mouths 0,462035 0,000230
mud 0,478036 0,000238
muddy 0,916291 0,000457
multiply 1,272966 0,000635
multitude 0,446287 0,000223
murder 0,314711 0,000157
murderer 0,733969 0,000366
murderous 1,078810 0,000538
murmured 0,673345 0,000336
mute 0,776529 0,000387
mutual 0,510826 0,000255
myrrh 2,207275 0,001101
mysteriously 1,171183 0,000584
naked 0,274437 0,000137
nakedness 1,560648 0,000778
naming 2,525729 0,001260
narrowness 1,560648 0,000778
nature 0,094311 0,000047
negligence 0,415515 0,000207
network 0,415515 0,000207
newsletter 0,562119 0,000280
night 0,010050 0,000005
nights 0,235722 0,000118
ninth 0,994252 0,000496
noble 0,248461 0,000124
noise 0,139262 0,000069
nonproprietary 0,562119 0,000280
noon 0,430783 0,000215
north 0,083382 0,000042
northern 0,653926 0,000326
northward 1,203973 0,000600
northwards 2,525729 0,001260
notice 0,030459 0,000015
notifies 0,527633 0,000263
nourish 1,386294 0,000691
numerous 0,235722 0,000118
oath 0,510826 0,000255
obedient 0,544727 0,000272
obey 0,400478 0,000200
obeyed 0,579818 0,000289
obeying 0,941609 0,000470
obsolete 0,446287 0,000223
occur 0,150823 0,000075
offence 0,579818 0,000289
offense 1,609438 0,000803
offer 0,162519 0,000081
offered 0,139262 0,000069
offering 0,400478 0,000200
offerings 1,609438 0,000803
offers 0,198451 0,000099
office 0,072571 0,000036
official 0,235722 0,000118
offspring 0,994252 0,000496
online 0,510826 0,000255
oozed 2,120264 0,001057
opportunities 0,235722 0,000118
opportunity 0,061875 0,000031
ordained 1,108663 0,000553
organized 0,356675 0,000178
organs 1,171183 0,000584
original 0,105361 0,000053
originator 0,527633 0,000263
ostriches 2,659260 0,001326
outdated 0,562119 0,000280
outright 1,309333 0,000653
overcome 0,261365 0,000130
overcomes 2,302585 0,001148
overhanging 1,514128 0,000755
overhead 0,843970 0,000421
overpowered 1,049822 0,000524
overshadowed 2,040221 0,001018
overshadowing 2,525729 0,001260
overturned 1,514128 0,000755
overwhelm 1,609438 0,000803
overwhelmed 0,891598 0,000445
owed 0,139262 0,000069
owner 0,116534 0,000058
owners 0,891598 0,000445
paid 0,061875 0,000031
pain 0,174353 0,000087
pained 1,203973 0,000600
palm 0,494296 0,000247
paper 0,083382 0,000042
paperwork 0,562119 0,000280
paragraph 0,328504 0,000164
paragraphs 0,494296 0,000247
parched 1,203973 0,000600
parents 0,314711 0,000157
partake 1,171183 0,000584
partaken 2,302585 0,001148
party 0,061875 0,000031
pass 0,040822 0,000020
passage 0,139262 0,000069
passed 0,040822 0,000020
passion 0,186330 0,000093
patience 0,139262 0,000069
patient 0,274437 0,000137
patiently 0,733969 0,000366
paws 1,237874 0,000617
pay 0,051293 0,000026
paying 0,116534 0,000058
payments 0,415515 0,000207
peace 0,094311 0,000047
penance 1,514128 0,000755
people 0,010050 0,000005
perfect 0,072571 0,000036
perform 0,150823 0,000075
performances 0,314711 0,000157
performed 0,127833 0,000064
performing 0,261365 0,000130
periodic 0,544727 0,000272
perish 0,733969 0,000366
permanent 0,223144 0,000111
permission 0,150823 0,000075
permitted 0,105361 0,000053
perpetual 0,478036 0,000238
person 0,010050 0,000005
phrase 0,174353 0,000087
physical 0,198451 0,000099
piece 0,072571 0,000036
pieces 0,139262 0,000069
pierced 0,693147 0,000346
pig 0,634878 0,000317
pile 0,579818 0,000289
pit 0,733969 0,000366
pity 0,150823 0,000075
plague 0,755023 0,000377
plagued 1,966113 0,000981
plagues 1,771957 0,000884
plain 0,040822 0,000020
plan 0,261365 0,000130
planned 0,916291 0,000457
planning 1,021651 0,000510
plans 0,371064 0,000185
planted 0,634878 0,000317
plants 0,527633 0,000263
platt 3,218876 0,001605
played 0,198451 0,000099
pleasant 0,162519 0,000081
pleased 0,150823 0,000075
pleasurable 1,966113 0,000981
pleasure 0,051293 0,000026
plenty 0,235722 0,000118
populace 1,660731 0,000828
portion 0,356675 0,000178
position 0,162519 0,000081
possessed 0,094311 0,000047
possession 0,083382 0,000042
possibility 0,162519 0,000081
posted 0,301105 0,000150
pounds 0,494296 0,000247
pour 0,544727 0,000272
poured 0,385662 0,000192
power 0,030459 0,000015
powers 0,248461 0,000124
practically 0,235722 0,000118
praise 0,371064 0,000185
praised 0,653926 0,000326
praises 0,941609 0,000470
praising 1,386294 0,000691
pray 0,371064 0,000185
prayed 0,673345 0,000336
prayer 0,478036 0,000238
prayers 0,478036 0,000238
praying 0,798508 0,000398
precious 0,162519 0,000081
precisely 0,510826 0,000255
pregnancy 2,120264 0,001057
preparation 0,579818 0,000289
prepare 0,162519 0,000081
prepared 0,105361 0,000053
prepares 2,040221 0,001018
presence 0,094311 0,000047
preserve 0,150823 0,000075
pretended 0,562119 0,000280
pretends 1,714798 0,000855
pretense 1,966113 0,000981
prevail 0,713350 0,000356
prevailed 0,673345 0,000336
prevent 0,083382 0,000042
prevented 0,328504 0,000164
previous 0,094311 0,000047
principal 0,287682 0,000143
print 0,261365 0,000130
printed 0,174353 0,000087
prison 0,287682 0,000143
processing 0,562119 0,000280
produce 0,127833 0,000064
produced 0,105361 0,000053
production 0,314711 0,000157
professor 0,287682 0,000143
profit 0,248461 0,000124
profits 0,314711 0,000157
profusely 1,832581 0,000914
prohibition 0,430783 0,000215
project -0,009950 -0,000005
prologue 2,407946 0,001201
prominently 0,494296 0,000247
promise 0,116534 0,000058
promised 0,198451 0,000099
promises 0,510826 0,000255
promising 0,430783 0,000215
promoting 0,430783 0,000215
promotion 0,342490 0,000171
proofread 0,562119 0,000280
property 0,127833 0,000064
prophecy 1,078810 0,000538
prophesy 2,120264 0,001057
proprietary 0,562119 0,000280
protect 0,186330 0,000093
provide 0,162519 0,000081
providing 0,261365 0,000130
provision 0,248461 0,000124
provisions 0,223144 0,000111
psalms 1,609438 0,000803
pseudepigrapha 3,912023 0,001951
pseudepigraphic 3,912023 0,001951
pseudepigraphical 3,912023 0,001951
public 0,083382 0,000042
published 0,579818 0,000289
publishing 1,771957 0,000884
pull 0,328504 0,000164
punish 0,597837 0,000298
punished 0,544727 0,000272
punishment 0,301105 0,000150
punishments 1,609438 0,000803
punitive 0,562119 0,000280
pure 0,150823 0,000075
purpose 0,040822 0,000020
quaked 2,207275 0,001101
quaking 1,832581 0,000914
quench 1,309333 0,000653
quieted 1,309333 0,000653
race 0,198451 0,000099
rage 0,261365 0,000130
raise 0,174353 0,000087
raised 0,061875 0,000031
raphael 1,897120 0,000946
rational 0,867501 0,000433
ravenous 1,514128 0,000755
rays 0,776529 0,000387
reach 0,051293 0,000026
reached 0,127833 0,000064
reaches 0,820981 0,000409
reaching 0,083382 0,000042
read 0,020203 0,000010
readable 0,510826 0,000255
readied 3,912023 0,001951
reading 0,061875 0,000031
ready 0,030459 0,000015
real 0,040822 0,000020
reality 0,328504 0,000164
realm 1,021651 0,000510
realms 1,514128 0,000755
reap 1,049822 0,000524
reaping 1,832581 0,000914
reason 0,010050 0,000005
reasonable 0,116534 0,000058
rebuke 1,049822 0,000524
recall 0,478036 0,000238
recalls 1,609438 0,000803
receipt 0,314711 0,000157
receive 0,083382 0,000042
received 0,040822 0,000020
receives 0,916291 0,000457
receiving 0,116534 0,000058
reckoned 0,653926 0,000326
reckoning 0,843970 0,000421
recollection 0,616186 0,000307
red 0,072571 0,000036
redeem 1,021651 0,000510
redistribute 0,544727 0,000272
redistributing 0,562119 0,000280
redistribution 0,562119 0,000280
reference 0,562119 0,000280
references 0,430783 0,000215
refreshed 0,820981 0,000409
refuge 0,446287 0,000223
refund 0,562119 0,000280
regions 0,891598 0,000445
registered 0,430783 0,000215
regulating 0,415515 0,000207
reign 0,733969 0,000366
rejoice 0,843970 0,000421
rejoiced 0,776529 0,000387
rejoicing 0,967584 0,000483
relations 0,287682 0,000143
release 0,210721 0,000105
released 0,616186 0,000307
relief 0,198451 0,000099
remain 0,040822 0,000020
remained 0,116534 0,000058
remaining 0,094311 0,000047
remains 0,150823 0,000075
remedies 0,415515 0,000207
remember 0,083382 0,000042
remembrance 0,733969 0,000366
reminded 0,527633 0,000263
remit 2,525729 0,001260
remove 0,127833 0,000064
removed 0,061875 0,000031
renamed 0,562119 0,000280
rendered 0,527633 0,000263
renewed 0,510826 0,000255
renounce 1,237874 0,000617
renounced 1,427116 0,000712
repay 0,891598 0,000445
repeated 0,127833 0,000064
repent 0,713350 0,000356
repentance 0,798508 0,000398
repented 1,347074 0,000672
replace 0,342490 0,000171
replacement 0,562119 0,000280
replenish 1,714798 0,000855
reply 0,174353 0,000087
reported 0,162519 0,000081
reports 0,261365 0,000130
representations 0,356675 0,000178
represented 0,462035 0,000230
reprimand 1,771957 0,000884
request 0,127833 0,000064
requests 1,469676 0,000733
require 0,127833 0,000064
required 0,083382 0,000042
requirements 0,415515 0,000207
requires 0,673345 0,000336
requiring 1,108663 0,000553
rescue 0,562119 0,000280
resemble 0,994252 0,000496
resembling 0,941609 0,000470
resentful 1,966113 0,000981
resolution 0,462035 0,000230
respecting 1,139434 0,000568
rest 0,010050 0,000005
rested 0,314711 0,000157
restoration 1,309333 0,000653
restore 0,653926 0,000326
restored 0,385662 0,000192
restrain 0,673345 0,000336
restrained 0,776529 0,000387
restrictions 0,385662 0,000192
rests 0,673345 0,000336
resurrection 1,347074 0,000672
retrained 3,912023 0,001951
return 0,040822 0,000020
returned 0,061875 0,000031
returning 0,127833 0,000064
returns 0,235722 0,000118
reveal 0,616186 0,000307
revenue 0,371064 0,000185
revisits 3,506558 0,001749
rib 2,040221 0,001018
rid 0,223144 0,000111
righteous 1,203973 0,000600
ripe 0,820981 0,000409
ripped 1,386294 0,000691
rise 0,040822 0,000020
risen 0,342490 0,000171
rising 0,116534 0,000058
river 0,174353 0,000087
rivers 0,713350 0,000356
robes 0,916291 0,000457
rock 0,385662 0,000192
rocks 0,446287 0,000223
rod 0,673345 0,000336
rods 1,309333 0,000653
role 1,609438 0,000803
roll 0,415515 0,000207
roof 0,223144 0,000111
root 0,385662 0,000192
rose 0,094311 0,000047
rough 0,186330 0,000093
roused 0,653926 0,000326
royalties 0,527633 0,000263
royalty 0,385662 0,000192
ruined 0,371064 0,000185
rule 0,198451 0,000099
ruled 0,967584 0,000483
rules 0,150823 0,000075
rutherford 3,506558 0,001749
sabbath 1,514128 0,000755
sacred 0,415515 0,000207
sad 0,223144 0,000111
sake 0,094311 0,000047
salt 0,116534 0,000058
salvation 0,798508 0,000398
sand 0,597837 0,000298
sang 0,415515 0,000207
sank 0,544727 0,000272
sat 0,083382 0,000042
satan 1,237874 0,000617
satisfied 0,105361 0,000053
satisfy 0,342490 0,000171
save 0,030459 0,000015
saved 0,274437 0,000137
savor 2,302585 0,001148
savory 2,407946 0,001201
scandal 0,891598 0,000445
scattered 0,139262 0,000069
scheming 1,714798 0,000855
scholars 1,049822 0,000524
scorched 1,386294 0,000691
scorches 2,659260 0,001326
screamed 0,733969 0,000366
sea 0,116534 0,000058
seal 0,562119 0,000280
search 0,051293 0,000026
searched 0,713350 0,000356
seashore 2,120264 0,001057
seated 0,223144 0,000111
secret 0,061875 0,000031
secure 0,072571 0,000036
seek 0,198451 0,000099
seeking 0,274437 0,000137
seeks 1,021651 0,000510
seized 0,235722 0,000118
send 0,030459 0,000015
sending 0,083382 0,000042
sends 0,544727 0,000272
sense 0,051293 0,000026
sentence 0,127833 0,000064
separate 0,248461 0,000124
separated 0,274437 0,000137
sepulcher 2,813411 0,001403
serpent 0,755023 0,000377
servant 0,186330 0,000093
servants 0,162519 0,000081
serve 0,174353 0,000087
service 0,072571 0,000036
set 0,010050 0,000005
setting 0,186330 0,000093
settled 0,127833 0,000064
seventh 0,562119 0,000280
sever 1,609438 0,000803
severed 1,347074 0,000672
severely 0,634878 0,000317
sew 1,966113 0,000981
sewn 1,660731 0,000828
sexual 2,525729 0,001260
shadow 0,223144 0,000111
shady 0,994252 0,000496
shaken 0,494296 0,000247
shaking 0,371064 0,000185
shalt 1,171183 0,000584
shamefacedness 3,912023 0,001951
shape 0,186330 0,000093
share 0,040822 0,000020
shared 0,139262 0,000069
sharing 0,248461 0,000124
sharp 0,162519 0,000081
shattered 0,867501 0,000433
sheep 0,371064 0,000185
shelter 0,342490 0,000171
sheltering 1,514128 0,000755
shine 0,616186 0,000307
shirt 0,653926 0,000326
shook 0,235722 0,000118
shoot 0,494296 0,000247
shore 0,342490 0,000171
short 0,020203 0,000010
shortcoming 3,218876 0,001605
shouted 0,478036 0,000238
shoved 1,309333 0,000653
shriveled 2,813411 0,001403
shut 0,072571 0,000036
sick 0,150823 0,000075
sickle 2,040221 0,001018
sigh 0,342490 0,000171
sighed 0,673345 0,000336
sighing 1,021651 0,000510
sight 0,051293 0,000026
sign 0,139262 0,000069
signs 0,186330 0,000093
silence 0,105361 0,000053
silent 0,051293 0,000026
silver 0,210721 0,000105
simple 0,094311 0,000047
simply 0,150823 0,000075
sin 0,430783 0,000215
sinful 1,309333 0,000653
sing 0,415515 0,000207
singed 1,660731 0,000828
sinned 1,347074 0,000672
sins 0,798508 0,000398
sister 0,356675 0,000178
sisters 0,527633 0,000263
sit 0,061875 0,000031
sixth 0,446287 0,000223
size 0,248461 0,000124
skill 0,301105 0,000150
skin 0,210721 0,000105
skins 1,021651 0,000510
sky 0,210721 0,000105
sleep 0,072571 0,000036
slept 0,223144 0,000111
slick 3,218876 0,001605
slippery 1,139434 0,000568
slumber 0,673345 0,000336
smell 0,371064 0,000185
smelled 1,660731 0,000828
smelling 0,843970 0,000421
sob 1,049822 0,000524
sobbed 1,078810 0,000538
soften 0,941609 0,000470
softened 0,653926 0,000326
soil 0,494296 0,000247
solicit 0,430783 0,000215
solicitation 0,510826 0,000255
solid 0,274437 0,000137
son 0,105361 0,000053
songs 0,544727 0,000272
sons 0,356675 0,000178
sorely 1,049822 0,000524
soreness 2,995732 0,001494
sorrow 0,287682 0,000143
sorrowed 2,995732 0,001494
sorrowful 1,021651 0,000510
sorrowfully 1,714798 0,000855
sorrows 0,798508 0,000398
sought 0,150823 0,000075
soul 0,105361 0,000053
souls 0,342490 0,000171
sound 0,020203 0,000010
south 0,235722 0,000118
southern 0,579818 0,000289
sowing 1,514128 0,000755
sown 1,078810 0,000538
space 0,116534 0,000058
spared 0,544727 0,000272
speak 0,051293 0,000026
speaking 0,072571 0,000036
special 0,083382 0,000042
specific 0,820981 0,000409
speech 0,198451 0,000099
speechless 0,916291 0,000457
spelling 1,237874 0,000617
spellings 2,995732 0,001494
spent 0,105361 0,000053
spilled 1,660731 0,000828
spirit 0,051293 0,000026
spirits 0,198451 0,000099
split 0,798508 0,000398
spoke 0,116534 0,000058
spoken 0,150823 0,000075
spoon 1,171183 0,000584
spread 0,061875 0,000031
spring 0,083382 0,000042
sprinkle 1,966113 0,000981
square 0,235722 0,000118
squeezed 1,171183 0,000584
staff 0,274437 0,000137
stained 0,653926 0,000326
stand 0,000000 0,000000
standing 0,030459 0,000015
stars 0,342490 0,000171
start -0,009950 -0,000005
statements 0,430783 0,000215
status 0,446287 0,000223
stay 0,083382 0,000042
stayed 0,415515 0,000207
steps 0,094311 0,000047
stick 0,342490 0,000171
stigma 2,407946 0,001201
stomach 0,693147 0,000346
stone 0,116534 0,000058
stones 0,301105 0,000150
stood 0,030459 0,000015
stored 0,342490 0,000171
straight 0,105361 0,000053
strained 0,776529 0,000387
strange 0,061875 0,000031
strangers 0,356675 0,000178
stream 0,210721 0,000105
strength 0,030459 0,000015
strengthen 0,916291 0,000457
strengthened 0,820981 0,000409
strewed 1,832581 0,000914
strict 0,210721 0,000105
stripped 0,776529 0,000387
strong 0,030459 0,000015
stronger 0,287682 0,000143
struck 0,083382 0,000042
struggled 0,415515 0,000207
stuck 0,462035 0,000230
stunned 1,078810 0,000538
subject 0,072571 0,000036
subjected 0,820981 0,000409
subjection 1,272966 0,000635
submitted 0,755023 0,000377
subscribe 0,494296 0,000247
subsist 1,832581 0,000914
substance 0,415515 0,000207
substantiated 2,813411 0,001403
sucked 1,171183 0,000584
suddenly 0,040822 0,000020
sued 2,040221 0,001018
suffer 0,127833 0,000064
suffering 0,248461 0,000124
sufferings 0,616186 0,000307
suicide 1,049822 0,000524
suitable 0,462035 0,000230
summit 0,798508 0,000398
sun 0,072571 0,000036
sunday 0,494296 0,000247
sunrise 0,891598 0,000445
sunset 0,843970 0,000421
support 0,127833 0,000064
suppose 0,072571 0,000036
surround 1,139434 0,000568
surrounded 0,223144 0,000111
surrounds 1,514128 0,000755
survive 0,274437 0,000137
survived 1,021651 0,000510
swamp 0,342490 0,000171
sway 1,078810 0,000538
swear 0,494296 0,000247
swearing 0,994252 0,000496
sweated 1,966113 0,000981
sweet 0,174353 0,000087
swelled 0,776529 0,000387
sword 0,462035 0,000230
swore 0,634878 0,000317
sworn 0,673345 0,000336
synonymous 0,446287 0,000223
table 0,094311 0,000047
tail 0,462035 0,000230
talk 0,083382 0,000042
talked 0,261365 0,000130
talking 0,150823 0,000075
taller 0,941609 0,000470
tallest 1,714798 0,000855
talmud 3,506558 0,001749
taste 0,174353 0,000087
tasted 0,544727 0,000272
taught 0,248461 0,000124
tax 0,328504 0,000164
taxes 0,385662 0,000192
tears 0,150823 0,000075
temptation 0,527633 0,000263
temptations 1,049822 0,000524
tempting 0,967584 0,000483
tent 0,994252 0,000496
term 0,371064 0,000185
terms 0,061875 0,000031
terrified 0,693147 0,000346
terror 0,198451 0,000099
thee 0,597837 0,000298
theory 0,478036 0,000238
therewith 1,560648 0,000778
thickened 1,897120 0,000946
thine 1,139434 0,000568
thinking 0,274437 0,000137
thirst 0,527633 0,000263
thirsty 0,843970 0,000421
thirteen 0,579818 0,000289
thirteenth 1,203973 0,000600
thirtieth 1,714798 0,000855
thistles 2,302585 0,001148
thorns 1,309333 0,000653
thread 0,430783 0,000215
threw 0,116534 0,000058
throne 0,798508 0,000398
throw 0,083382 0,000042
throwing 0,287682 0,000143
thrown 0,116534 0,000058
thundered 1,469676 0,000733
tidings 1,139434 0,000568
time -0,009950 -0,000005
times 0,010050 0,000005
tired 0,198451 0,000099
title 0,116534 0,000058
toil 0,616186 0,000307
token 0,798508 0,000398
tokens 1,386294 0,000691
tolerated 1,469676 0,000733
tongs 1,386294 0,000691
tongue 0,162519 0,000081
torn 0,248461 0,000124
touch 0,083382 0,000042
trace 0,371064 0,000185
trademark 0,562119 0,000280
tragic 0,820981 0,000409
transcribe 0,494296 0,000247
transcription 0,527633 0,000263
transformed 0,967584 0,000483
transforming 2,120264 0,001057
transgress 1,832581 0,000914
transgressed 1,966113 0,000981
transgression 1,832581 0,000914
transgressions 1,771957 0,000884
transgressor 2,659260 0,001326
translated 0,798508 0,000398
translation 0,891598 0,000445
translations 1,609438 0,000803
trap 0,653926 0,000326
treading 1,203973 0,000600
treasures 0,755023 0,000377
treated 0,261365 0,000130
treatment 0,127833 0,000064
tree 0,235722 0,000118
trees 0,127833 0,000064
tremble 0,713350 0,000356
trembled 0,462035 0,000230
trembling 0,287682 0,000143
trespass 1,832581 0,000914
trespassed 2,813411 0,001403
trial 0,314711 0,000157
trials 0,941609 0,000470
trick 0,510826 0,000255
tricked 1,832581 0,000914
tricks 0,579818 0,000289
trouble 0,051293 0,000026
troubled 0,287682 0,000143
true 0,020203 0,000010
trust 0,116534 0,000058
trusted 0,544727 0,000272
truth 0,030459 0,000015
twelfth 1,237874 0,000617
twigs 1,469676 0,000733
twin 1,469676 0,000733
type 0,446287 0,000223
types 0,385662 0,000192
ugliest 2,207275 0,001101
ugly 0,415515 0,000207
uh 2,995732 0,001494
unable 0,248461 0,000124
undefiled 2,207275 0,001101
understand 0,030459 0,000015
understanding 0,223144 0,000111
unenforceability 0,562119 0,000280
uniform 0,210721 0,000105
unit 2,040221 0,001018
united 0,094311 0,000047
unknown 0,105361 0,000053
unlink 0,562119 0,000280
unrighteousness 2,659260 0,001326
unsolicited 0,510826 0,000255
unspecified 3,912023 0,001951
unwittingly 1,660731 0,000828
updated 0,510826 0,000255
upright 0,328504 0,000164
useless 0,235722 0,000118
user 0,562119 0,000280
ut 0,510826 0,000255
vanilla 0,544727 0,000272
variety 0,162519 0,000081
vein 1,078810 0,000538
venomous 1,966113 0,000981
verily 1,139434 0,000568
verse 0,653926 0,000326
version 0,385662 0,000192
viewed 0,261365 0,000130
viewing 0,415515 0,000207
vii 0,430783 0,000215
viii 0,446287 0,000223
violates 0,527633 0,000263
virus 0,527633 0,000263
vision 0,371064 0,000185
visit 0,061875 0,000031
vital 0,693147 0,000346
vivid 0,776529 0,000387
voice 0,020203 0,000010
void 0,274437 0,000137
volunteer 0,478036 0,000238
volunteers 0,430783 0,000215
vow 1,078810 0,000538
wage 1,514128 0,000755
wailed 1,832581 0,000914
wailing 1,203973 0,000600
wait 0,094311 0,000047
waited 0,198451 0,000099
waiting 0,083382 0,000042
wake 0,462035 0,000230
walk 0,105361 0,000053
walked 0,210721 0,000105
walking 0,083382 0,000042
walks 0,162519 0,000081
wallowed 2,207275 0,001101
walls 0,139262 0,000069
wandering 0,274437 0,000137
war 0,162519 0,000081
warned 0,527633 0,000263
warranties 0,562119 0,000280
warranty 0,544727 0,000272
wash 0,478036 0,000238
washed 0,494296 0,000247
washes 1,714798 0,000855
washing 0,579818 0,000289
wasted 0,400478 0,000200
watch 0,094311 0,000047
watched 0,210721 0,000105
watching 0,210721 0,000105
water 0,051293 0,000026
watered 1,272966 0,000635
waters 0,356675 0,000178
weak 0,116534 0,000058
weakness 0,261365 0,000130
weaned 2,407946 0,001201
wearily 1,272966 0,000635
weariness 0,755023 0,000377
wearing 0,415515 0,000207
weary 0,198451 0,000099
wedding 0,776529 0,000387
wednesday 1,139434 0,000568
week 0,235722 0,000118
weeks 0,248461 0,000124
weight 0,116534 0,000058
west 0,083382 0,000042
western 0,616186 0,000307
westward 1,139434 0,000568
whatsoever 0,287682 0,000143
wheat 0,994252 0,000496
wherefore 1,139434 0,000568
whereof 1,237874 0,000617
wherewith 1,514128 0,000755
whirlwind 1,609438 0,000803
white 0,051293 0,000026
whiteness 1,139434 0,000568
whosoever 1,714798 0,000855
wicked 0,356675 0,000178
wickedness 0,916291 0,000457
wide 0,061875 0,000031
widest 0,446287 0,000223
wife 0,094311 0,000047
wiggling 3,506558 0,001749
wild 0,051293 0,000026
willed 1,347074 0,000672
willingly 0,527633 0,000263
wind 0,105361 0,000053
wipe 0,776529 0,000387
wiped 0,733969 0,000366
wisdom 0,287682 0,000143
withdrawn 0,616186 0,000307
withdrew 0,510826 0,000255
withered 0,843970 0,000421
withheld 1,108663 0,000553
withstand 1,469676 0,000733
witness 0,198451 0,000099
wives 0,400478 0,000200
woman 0,061875 0,000031
womb 1,272966 0,000635
wonderful 0,162519 0,000081
word 0,020203 0,000010
worker 1,427116 0,000712
worldly 0,820981 0,000409
worried 0,867501 0,000433
worry 0,820981 0,000409
worship 0,544727 0,000272
worshipped 1,203973 0,000600
worshipping 1,966113 0,000981
worth 0,061875 0,000031
wounds 0,562119 0,000280
wrath 0,634878 0,000317
write 0,150823 0,000075
writing 0,061875 0,000031
writings 0,994252 0,000496
written 0,051293 0,000026
wrong 0,083382 0,000042
wrote 0,150823 0,000075
xi 0,597837 0,000298
xii 0,579818 0,000289
xiii 0,673345 0,000336
xiv 0,693147 0,000346
xix 0,867501 0,000433
xvi 0,776529 0,000387
xvii 0,843970 0,000421
xviii 0,891598 0,000445
xx 0,916291 0,000457
xxi 0,867501 0,000433
xxii 0,967584 0,000483
xxiii 0,967584 0,000483
xxiv 0,994252 0,000496
xxv 1,108663 0,000553
xxx 1,272966 0,000635
yards 0,400478 0,000200
yield 0,342490 0,000171
yielded 0,510826 0,000255
yielding 0,653926 0,000326
