abandoned 0,371064 0,000145
abel 2,120264 0,000829
abhor 1,469676 0,000574
abide 0,287682 0,000112
aboard 1,237874 0,000484
abominable 0,867501 0,000339
absent 0,385662 0,000151
absolute 0,400478 0,000156
absolutely 0,287682 0,000112
absurd 0,430783 0,000168
absurdly 1,427116 0,000558
accept 0,094311 0,000037
accepted 0,139262 0,000054
accepting 0,287682 0,000112
access 0,314711 0,000123
accessed 0,562119 0,000220
accessible 0,446287 0,000174
accident 0,371064 0,000145
accidental 0,755023 0,000295
accidents 0,820981 0,000321
accommodation 1,237874 0,000484
accompanied 0,223144 0,000087
account 0,010050 0,000004
accounted 0,891598 0,000348
acquaintance 0,301105 0,000118
action 0,139262 0,000054
actions 0,356675 0,000139
active 0,127833 0,000050
actual 0,174353 0,000068
acutely 1,832581 0,000716
addition 0,116534 0,000046
additional 0,198451 0,000078
additions 0,371064 0,000145
address 0,116534 0,000046
addressed 0,274437 0,000107
addresses 0,385662 0,000151
adequacy 3,912023 0,001529
admission 0,713350 0,000279
admitted 0,301105 0,000118
advanced 0,274437 0,000107
advantage 0,139262 0,000054
adventure 0,510826 0,000200
affair 0,301105 0,000118
affection 0,235722 0,000092
afraid 0,105361 0,000041
aft 1,771957 0,000692
afternoon 0,287682 0,000112
aged 0,198451 0,000078
agent 0,274437 0,000107
agitation 0,713350 0,000279
agree 0,116534 0,000046
agreeably 1,171183 0,000458
agreed 0,116534 0,000046
agreement 0,210721 0,000082
aha 1,771957 0,000692
air 0,061875 0,000024
airy 1,237874 0,000484
ak 1,347074 0,000526
alee 3,218876 0,001258
alertness 2,207275 0,000863
alive 0,051293 0,000020
alluding 1,771957 0,000692
alteration 0,314711 0,000123
alternate 0,328504 0,000128
alternative 1,078810 0,000422
alternatives 2,040221 0,000797
altogether 0,198451 0,000078
amazing 0,941609 0,000368
american 0,733969 0,000287
anchor 0,867501 0,000339
anchorage 2,525729 0,000987
anchored 1,560648 0,000610
angel 0,579818 0,000227
angle 0,733969 0,000287
animated 0,755023 0,000295
annoyed 0,733969 0,000287
answer 0,040822 0,000016
answered 0,072571 0,000028
anxiety 0,287682 0,000112
anxious 0,261365 0,000102
anxiously 0,693147 0,000271
appalled 1,203973 0,000470
appeal 0,342490 0,000134
appealed 1,021651 0,000399
appearance 0,083382 0,000033
applicable 0,400478 0,000156
apply 0,162519 0,000064
appointed 0,356675 0,000139
approach 0,083382 0,000033
approached 0,248461 0,000097
arbitrarily 2,302585 0,000900
archipelago 2,207275 0,000863
archive 0,544727 0,000213
arduous 1,714798 0,000670
arid 1,966113 0,000768
arm 0,094311 0,000037
arms 0,051293 0,000020
arouse 1,237874 0,000484
arrangement 0,462035 0,000181
array 0,314711 0,000123
arrest 0,941609 0,000368
arrival 0,356675 0,000139
arrived 0,150823 0,000059
ascii 0,562119 0,000220
ashamed 0,248461 0,000097
ashore 1,139434 0,000445
asparagus 2,207275 0,000863
aspect 0,462035 0,000181
assented 1,108663 0,000433
asserting 1,386294 0,000542
assistance 0,105361 0,000041
assurance 0,430783 0,000168
assure 0,385662 0,000151
assured 0,301105 0,000118
astonished 0,301105 0,000118
astonishment 0,301105 0,000118
astounded 1,427116 0,000558
ate 0,415515 0,000162
athwart 1,560648 0,000610
atlantic 1,171183 0,000458
attached 0,127833 0,000050
attained 0,494296 0,000193
attempt 0,083382 0,000033
attended 0,342490 0,000134
attention 0,083382 0,000033
attire 1,203973 0,000470
attitudes 1,771957 0,000692
audible 0,916291 0,000358
author 0,116534 0,000046
avoid 0,174353 0,000068
awaited 0,733969 0,000287
awake 0,356675 0,000139
aware 0,223144 0,000087
awash 3,506558 0,001370
awed 1,560648 0,000610
awful 0,328504 0,000128
background 0,867501 0,000339
bad 0,051293 0,000020
balance 0,544727 0,000213
bamboo 1,771957 0,000692
bananas 2,659260 0,001039
bandy 2,302585 0,000900
bang 1,469676 0,000574
bar 0,527633 0,000206
bare 0,162519 0,000064
barefooted 1,714798 0,000670
bareheaded 1,966113 0,000768
barely 0,798508 0,000312
bark 0,597837 0,000234
barren 0,713350 0,000279
barring 2,120264 0,000829
based 0,371064 0,000145
bath 0,562119 0,000220
bathroom 2,659260 0,001039
batter 2,120264 0,000829
bawled 2,120264 0,000829
beam 0,843970 0,000330
bearing 0,162519 0,000064
bearings 1,427116 0,000558
beast 0,342490 0,000134
beastly 1,897120 0,000741
beating 0,314711 0,000123
beats 0,941609 0,000368
beauty 0,174353 0,000068
beckoned 1,272966 0,000497
bed 0,051293 0,000020
beg 0,210721 0,000082
behaved 0,798508 0,000312
behold 0,342490 0,000134
bell 0,400478 0,000156
belong 0,235722 0,000092
belt 0,713350 0,000279
bent 0,174353 0,000068
bethought 1,469676 0,000574
bible 0,776529 0,000303
biggish 3,912023 0,001529
binary 0,562119 0,000220
binnacle 3,506558 0,001370
bird 0,235722 0,000092
bit 0,174353 0,000068
bitter 0,235722 0,000092
black 0,072571 0,000028
blackness 1,237874 0,000484
blame 0,174353 0,000068
blank 0,579818 0,000227
blast 0,693147 0,000271
bless 0,430783 0,000168
blew 0,494296 0,000193
blockhouses 3,218876 0,001258
blue 0,174353 0,000068
bluntly 1,966113 0,000768
board 0,314711 0,000123
boat 0,446287 0,000174
boats 0,820981 0,000321
bodies 0,174353 0,000068
bodily 0,673345 0,000263
body 0,030459 0,000012
boiling 0,776529 0,000303
bold 0,287682 0,000112
boldly 0,462035 0,000181
bolt 0,733969 0,000287
bolted 0,967584 0,000378
book 0,061875 0,000024
bookcase 2,207275 0,000863
boots 0,510826 0,000200
border 0,967584 0,000378
borrowed 0,616186 0,000241
boss 1,660731 0,000649
bother 0,916291 0,000358
bothered 1,514128 0,000592
bottle 0,562119 0,000220
bottles 0,798508 0,000312
bound 0,030459 0,000012
bow 0,287682 0,000112
bowed 0,371064 0,000145
boy 0,139262 0,000054
brace 1,469676 0,000574
braces 1,609438 0,000629
brand 1,203973 0,000470
brass 0,478036 0,000187
breach 0,274437 0,000107
bread 0,248461 0,000097
break 0,083382 0,000033
breakfast 0,356675 0,000139
breaking 0,210721 0,000082
breast 0,210721 0,000082
breath 0,174353 0,000068
breathed 0,494296 0,000193
breathless 0,673345 0,000263
breeze 0,713350 0,000279
breezes 1,832581 0,000716
bright 0,116534 0,000046
bring 0,010050 0,000004
bringing 0,105361 0,000041
brisk 1,021651 0,000399
broad 0,139262 0,000054
broke 0,116534 0,000046
broken 0,061875 0,000024
brooding 1,021651 0,000399
brought 0,010050 0,000004
brown 0,274437 0,000107
brushes 1,660731 0,000649
brusque 2,659260 0,001039
brusquely 2,995732 0,001171
brute 0,579818 0,000227
bulkhead 2,995732 0,001171
bullock 1,966113 0,000768
bunches 1,609438 0,000629
bundle 0,755023 0,000295
bunk 2,302585 0,000900
bunting 2,525729 0,000987
burial 0,994252 0,000389
burned 0,400478 0,000156
burning 0,150823 0,000059
bushes 0,733969 0,000287
busily 1,021651 0,000399
business 0,040822 0,000016
busy 0,223144 0,000087
cabin 0,916291 0,000358
cadaverous 2,407946 0,000941
cain 1,660731 0,000649
calculate 0,328504 0,000128
calculated 0,174353 0,000068
calm 0,301105 0,000118
calmness 1,203973 0,000470
campstool 3,506558 0,001370
canoe 1,660731 0,000649
cap 0,462035 0,000181
capable 0,261365 0,000102
capital 0,328504 0,000128
caprice 1,469676 0,000574
caps 0,967584 0,000378
captain 0,371064 0,000145
captains 1,171183 0,000458
carcass 1,469676 0,000574
card 0,223144 0,000087
care 0,000000 0,000000
careful 0,174353 0,000068
carefully 0,139262 0,000054
cargo 1,272966 0,000497
carpenter 1,108663 0,000433
carried 0,030459 0,000012
carry 0,030459 0,000012
carrying 0,083382 0,000033
casing 2,995732 0,001171
cast 0,116534 0,000046
casually 1,386294 0,000542
cat 0,562119 0,000220
catch 0,210721 0,000082
catching 0,562119 0,000220
caught 0,162519 0,000064
cautious 0,673345 0,000263
cease 0,139262 0,000054
ceased 0,235722 0,000092
celestial 1,171183 0,000458
ceremoniously 2,525729 0,000987
chains 0,562119 0,000220
chair 0,274437 0,000107
chance 0,083382 0,000033
chances 0,562119 0,000220
change 0,010050 0,000004
changed 0,051293 0,000020
chaps 1,660731 0,000649
chapter 0,342490 0,000134
character 0,061875 0,000024
characteristic 0,597837 0,000234
charge 0,051293 0,000020
charges 0,223144 0,000087
charitable 0,287682 0,000112
charities 0,494296 0,000193
chart 1,771957 0,000692
chased 0,941609 0,000368
check 0,174353 0,000068
checked 0,579818 0,000227
checks 0,478036 0,000187
cheek 0,430783 0,000168
cheeked 1,966113 0,000768
cheeks 0,415515 0,000162
cheerful 0,385662 0,000151
cheery 1,560648 0,000610
chest 0,371064 0,000145
chicken 1,139434 0,000445
chief 0,094311 0,000037
childlike 1,771957 0,000692
chin 0,478036 0,000187
china 0,776529 0,000303
choice 0,150823 0,000059
choose 0,083382 0,000033
chronometers 3,218876 0,001258
chucked 2,407946 0,000941
cigar 1,139434 0,000445
circle 0,223144 0,000087
circumstances 0,162519 0,000064
cistern 1,771957 0,000692
city 0,051293 0,000020
claim 0,116534 0,000046
clapped 1,049822 0,000410
clasp 1,078810 0,000422
clatter 1,386294 0,000542
clean 0,248461 0,000097
climb 0,693147 0,000271
climbed 0,673345 0,000263
close 0,051293 0,000020
closed 0,116534 0,000046
closeness 2,040221 0,000797
closer 0,385662 0,000151
closing 0,446287 0,000174
clothes 0,127833 0,000050
cloud 0,301105 0,000118
clumps 1,771957 0,000692
clutched 0,994252 0,000389
coal 0,693147 0,000271
coast 0,544727 0,000213
coat 0,274437 0,000107
coats 0,653926 0,000256
coaxingly 2,995732 0,001171
cochin 2,995732 0,001171
codes 0,510826 0,000200
coffee 0,562119 0,000220
collaboration 2,995732 0,001171
collect 0,673345 0,000263
collection 0,174353 0,000068
color 1,021651 0,000399
comfort 0,150823 0,000059
comforting 1,139434 0,000445
command 0,162519 0,000064
commander 0,967584 0,000378
comment 0,673345 0,000263
commercial 0,274437 0,000107
commit 0,527633 0,000206
committed 0,150823 0,000059
commotion 1,078810 0,000422
communicates 2,207275 0,000863
communication 0,597837 0,000234
communion 1,427116 0,000558
companion 0,248461 0,000097
company 0,020203 0,000008
compared 0,274437 0,000107
compass 0,673345 0,000263
compilation 0,494296 0,000193
complete 0,150823 0,000059
completely 0,274437 0,000107
complexion 0,798508 0,000312
compliance 0,342490 0,000134
complication 2,302585 0,000900
comply 0,342490 0,000134
complying 0,446287 0,000174
compressed 0,342490 0,000134
compunction 1,714798 0,000670
conceal 0,301105 0,000118
concealed 0,415515 0,000162
concentrated 0,867501 0,000339
concept 0,544727 0,000213
conception 0,653926 0,000256
concern 0,430783 0,000168
concerned 0,287682 0,000112
concluded 0,356675 0,000139
conclusion 0,235722 0,000092
condition 0,094311 0,000037
conditioned 2,040221 0,000797
conditions 0,342490 0,000134
conduct 0,198451 0,000078
confabulation 3,218876 0,001258
confess 0,198451 0,000078
confession 0,579818 0,000227
confidence 0,139262 0,000054
confident 0,510826 0,000200
confidential 1,021651 0,000399
confidently 1,049822 0,000410
confirmation 0,356675 0,000139
confirmed 0,174353 0,000068
confounded 0,693147 0,000271
confronted 1,021651 0,000399
confused 0,248461 0,000097
connected 0,415515 0,000162
conrad 3,218876 0,001258
conscience 0,314711 0,000123
conscientious 1,272966 0,000497
consequence 0,328504 0,000128
consequential 0,478036 0,000187
considerable 0,105361 0,000041
consideration 0,274437 0,000107
constant 0,051293 0,000020
constantly 0,371064 0,000145
consul 1,832581 0,000716
contact 0,210721 0,000082
contemplative 1,714798 0,000670
contents 0,094311 0,000037
continued 0,072571 0,000028
contract 0,261365 0,000102
contributions 0,430783 0,000168
contrived 0,713350 0,000279
controlled 1,171183 0,000458
convenient 0,462035 0,000181
conversation 0,186330 0,000073
convert 0,385662 0,000151
conveyed 0,634878 0,000248
convict 1,272966 0,000497
cook 0,430783 0,000168
cooked 0,916291 0,000358
copying 0,494296 0,000193
copyright 0,415515 0,000162
corner 0,127833 0,000050
corporation 0,462035 0,000181
corpse 0,693147 0,000271
corrected 0,733969 0,000287
corrupt 0,274437 0,000107
cost 0,105361 0,000041
costs 0,287682 0,000112
couch 0,733969 0,000287
countenancing 3,912023 0,001529
countries 0,235722 0,000092
country 0,010050 0,000004
counts 1,237874 0,000484
couple 0,287682 0,000112
courtesy 0,713350 0,000279
covered 0,139262 0,000054
covering 0,446287 0,000174
cowardice 0,994252 0,000389
craft 0,755023 0,000295
cramp 2,040221 0,000797
crash 0,776529 0,000303
crazed 1,966113 0,000768
crazy 0,916291 0,000358
created 0,116534 0,000046
creating 0,342490 0,000134
creation 0,235722 0,000092
creatures 0,235722 0,000092
credit 0,094311 0,000037
creeping 0,634878 0,000248
crew 0,755023 0,000295
criminal 0,693147 0,000271
critical 0,235722 0,000092
critically 1,714798 0,000670
criticism 0,867501 0,000339
cropped 1,832581 0,000716
cross 0,139262 0,000054
crossed 0,301105 0,000118
crossing 0,462035 0,000181
cruet 2,813411 0,001099
crushed 0,544727 0,000213
cub 2,207275 0,000863
cuddy 3,912023 0,001529
cup 0,385662 0,000151
cur 1,514128 0,000592
curiosity 0,223144 0,000087
current 0,127833 0,000050
curse 0,510826 0,000200
cursed 0,510826 0,000200
curtains 0,579818 0,000227
curves 1,469676 0,000574
damage 0,261365 0,000102
damaged 0,356675 0,000139
damages 0,400478 0,000156
damp 0,415515 0,000162
danger 0,116534 0,000046
dangerous 0,150823 0,000059
dangers 0,597837 0,000234
dark 0,051293 0,000020
darkened 0,755023 0,000295
darkling 2,525729 0,000987
darkly 1,237874 0,000484
darkness 0,186330 0,000073
data 0,494296 0,000193
david 0,597837 0,000234
dawn 0,478036 0,000187
day 0,000000 0,000000
daylight 0,446287 0,000174
days 0,020203 0,000008
daytime 1,560648 0,000610
dead 0,072571 0,000028
deadened 2,040221 0,000797
deafness 2,813411 0,001099
death 0,020203 0,000008
decency 1,171183 0,000458
deck 0,733969 0,000287
decks 1,660731 0,000649
declare 0,342490 0,000134
declared 0,210721 0,000082
deductible 0,562119 0,000220
deep 0,051293 0,000020
defect 0,328504 0,000128
defective 0,356675 0,000139
defects 0,301105 0,000118
defense 1,514128 0,000592
deference 0,967584 0,000378
deletions 0,562119 0,000220
delicacies 1,514128 0,000592
delighted 0,287682 0,000112
demand 0,127833 0,000050
denied 0,287682 0,000112
densely 1,832581 0,000716
denser 2,120264 0,000829
depart 0,400478 0,000156
dependent 0,843970 0,000330
depends 0,198451 0,000078
deprived 0,579818 0,000227
depths 0,446287 0,000174
derivative 0,510826 0,000200
derive 0,342490 0,000134
derived 0,248461 0,000097
descended 0,400478 0,000156
deserved 0,634878 0,000248
desired 0,150823 0,000059
desisted 1,966113 0,000768
desk 0,891598 0,000348
despair 0,198451 0,000078
desperate 0,328504 0,000128
desperately 0,843970 0,000330
desperation 0,867501 0,000339
destination 1,078810 0,000422
destiny 0,634878 0,000248
destroy 0,127833 0,000050
detach 0,446287 0,000174
detained 0,867501 0,000339
detected 0,776529 0,000303
determine 0,210721 0,000082
developed 0,544727 0,000213
devil 0,356675 0,000139
devils 0,820981 0,000321
devious 2,302585 0,000900
devoted 0,301105 0,000118
dew 0,867501 0,000339
died 0,061875 0,000024
difficulty 0,139262 0,000054
dignity 0,314711 0,000123
dimly 0,867501 0,000339
dinner 0,198451 0,000078
direct 0,083382 0,000033
directed 0,287682 0,000112
director 0,798508 0,000312
disappearance 1,272966 0,000497
disaster 0,867501 0,000339
discipline 0,653926 0,000256
disclaim 0,510826 0,000200
disclaimer 0,562119 0,000220
disclaimers 0,562119 0,000220
discomfiture 1,660731 0,000649
disconcert 2,207275 0,000863
disconcerted 1,386294 0,000542
disconnected 1,771957 0,000692
discontinue 0,544727 0,000213
discover 0,083382 0,000033
discovered 0,051293 0,000020
discovery 0,371064 0,000145
disease 0,371064 0,000145
dishes 0,755023 0,000295
disk 0,446287 0,000174
disliked 1,049822 0,000410
dismally 1,771957 0,000692
dismissed 0,597837 0,000234
dispassionately 2,813411 0,001099
display 0,261365 0,000102
displayed 0,198451 0,000078
displaying 0,342490 0,000134
dispute 0,562119 0,000220
disquieting 2,120264 0,000829
distance 0,105361 0,000041
distances 1,171183 0,000458
distant 0,162519 0,000064
distinctly 0,478036 0,000187
distinguished 0,301105 0,000118
distracted 0,798508 0,000312
distressed 0,673345 0,000263
distribute 0,400478 0,000156
distributed 0,248461 0,000097
distributing 0,446287 0,000174
distribution 0,430783 0,000168
distributor 0,562119 0,000220
distrust 0,891598 0,000348
distrusted 1,660731 0,000649
disturbed 0,356675 0,000139
disturbing 1,021651 0,000399
dived 1,660731 0,000649
division 0,653926 0,000256
dock 1,771957 0,000692
dodged 1,660731 0,000649
dogmatic 2,302585 0,000900
doings 0,967584 0,000378
doleful 1,427116 0,000558
domain 0,328504 0,000128
dome 1,427116 0,000558
dominant 1,660731 0,000649
dominated 1,832581 0,000716
donate 0,562119 0,000220
donation 0,494296 0,000193
donations 0,494296 0,000193
donors 0,527633 0,000206
door 0,040822 0,000016
doorway 0,798508 0,000312
double 0,186330 0,000073
doubly 1,049822 0,000410
doubt 0,040822 0,000016
doubted 0,478036 0,000187
downloading 0,562119 0,000220
downright 1,272966 0,000497
drank 0,371064 0,000145
drawer 1,078810 0,000422
drawers 1,049822 0,000410
drawing 0,139262 0,000054
drawn 0,094311 0,000037
draws 0,755023 0,000295
dreaded 0,693147 0,000271
dreamy 1,347074 0,000526
dress 0,186330 0,000073
dressing 0,527633 0,000206
drew 0,162519 0,000064
drift 0,755023 0,000295
drifted 1,108663 0,000433
drifting 1,237874 0,000484
drive 0,186330 0,000073
driven 0,127833 0,000050
driving 0,371064 0,000145
drop 0,150823 0,000059
dropped 0,274437 0,000107
drove 0,248461 0,000097
drown 0,820981 0,000321
drowning 1,309333 0,000512
drunk 0,415515 0,000162
drunkenness 1,237874 0,000484
dry 0,127833 0,000050
dual 2,302585 0,000900
dusk 0,941609 0,000368
dusting 2,040221 0,000797
dustpan 3,218876 0,001258
duties 0,356675 0,000139
duty 0,083382 0,000033
eager 0,210721 0,000082
eagerly 0,385662 0,000151
ear 0,139262 0,000054
earnest 0,261365 0,000102
ears 0,105361 0,000041
earth 0,051293 0,000020
ease 0,162519 0,000064
easily 0,072571 0,000028
east 0,235722 0,000092
eastward 1,203973 0,000470
easy 0,040822 0,000016
eat 0,083382 0,000033
eating 0,235722 0,000092
eccentric 0,916291 0,000358
eccentricities 1,966113 0,000768
eclipsed 2,120264 0,000829
edge 0,210721 0,000082
edification 2,207275 0,000863
edition 0,287682 0,000112
editions 0,385662 0,000151
educational 0,446287 0,000174
effort 0,094311 0,000037
efforts 0,139262 0,000054
eighteen 0,462035 0,000181
ejaculations 2,407946 0,000941
elapsed 0,967584 0,000378
elbow 0,527633 0,000206
elbows 1,021651 0,000399
elect 0,328504 0,000128
electronic 0,544727 0,000213
electronically 0,544727 0,000213
elementary 1,427116 0,000558
elements 0,673345 0,000263
elongated 2,207275 0,000863
elusive 2,302585 0,000900
email 0,562119 0,000220
emitted 2,207275 0,000863
employee 0,527633 0,000206
employees 0,544727 0,000213
encoding 0,653926 0,000256
encourage 0,544727 0,000213
endless 0,478036 0,000187
engage 0,634878 0,000248
engaged 0,198451 0,000078
english 0,094311 0,000037
enlarge 1,272966 0,000497
enormous 0,430783 0,000168
ensuring 0,544727 0,000213
entered 0,051293 0,000020
entering 0,356675 0,000139
enterprise 0,843970 0,000330
entity 0,544727 0,000213
equal 0,174353 0,000068
equipment 0,430783 0,000168
equivocal 2,207275 0,000863
erebus 2,813411 0,001099
errands 1,771957 0,000692
errors 0,248461 0,000097
escape 0,094311 0,000037
escaped 0,235722 0,000092
escorted 1,139434 0,000445
established 0,301105 0,000118
evanescent 2,659260 0,001039
evening 0,083382 0,000033
events 0,223144 0,000087
evergreen 1,966113 0,000768
everlasting 0,891598 0,000348
evidently 0,371064 0,000145
evolve 2,995732 0,001171
exactitude 2,302585 0,000900
exasperating 1,832581 0,000716
exchange 0,342490 0,000134
exchanged 0,579818 0,000227
exchanging 1,347074 0,000526
excitement 0,430783 0,000168
exclaimed 0,494296 0,000193
exclamations 1,272966 0,000497
exclusion 0,371064 0,000145
excuse 0,174353 0,000068
excuses 1,078810 0,000422
executed 0,733969 0,000287
executive 1,171183 0,000458
exempt 0,371064 0,000145
exercised 0,867501 0,000339
exhaustion 1,021651 0,000399
existence 0,162519 0,000064
existences 2,302585 0,000900
exists 0,235722 0,000092
expectation 0,462035 0,000181
expected 0,105361 0,000041
expects 1,021651 0,000399
expend 0,462035 0,000181
expense 0,150823 0,000059
expenses 0,210721 0,000082
experiences 0,755023 0,000295
explain 0,186330 0,000073
explained 0,248461 0,000097
explanation 0,139262 0,000054
exploring 1,386294 0,000542
exporting 0,510826 0,000200
express 0,127833 0,000050
expression 0,127833 0,000050
expressly 0,820981 0,000321
extended 0,446287 0,000174
extent 0,083382 0,000033
extraordinary 0,371064 0,000145
extreme 0,235722 0,000092
extremely 0,385662 0,000151
eye 0,030459 0,000012
eyebrows 0,798508 0,000312
eyelids 0,916291 0,000358
eyes 0,010050 0,000004
faced 0,820981 0,000321
facility 0,356675 0,000139
faded 0,653926 0,000256
fagged 2,207275 0,000863
fail 0,235722 0,000092
faint 0,261365 0,000102
fainter 1,427116 0,000558
faintest 1,237874 0,000484
faintly 0,713350 0,000279
faintness 1,714798 0,000670
fairbanks 1,386294 0,000542
faithful 0,261365 0,000102
fallen 0,083382 0,000033
falling 0,083382 0,000033
faltering 1,272966 0,000497
familiar 0,150823 0,000059
fanned 1,660731 0,000649
fascinated 1,309333 0,000512
fashion 0,174353 0,000068
fast 0,061875 0,000024
fastened 0,616186 0,000241
fate 0,174353 0,000068
father 0,072571 0,000028
fault 0,162519 0,000064
favorable 1,469676 0,000574
fear 0,020203 0,000008
fearful 0,400478 0,000156
features 0,328504 0,000128
federal 0,527633 0,000206
fee 0,342490 0,000134
feel 0,020203 0,000008
feeling 0,105361 0,000041
feelings 0,314711 0,000123
feels 0,446287 0,000174
fees 0,415515 0,000162
feet 0,061875 0,000024
felicitous 2,995732 0,001171
fell 0,051293 0,000020
felled 1,309333 0,000512
fellow 0,051293 0,000020
fellows 0,287682 0,000112
fences 1,560648 0,000610
fended 3,506558 0,001370
ferocity 1,237874 0,000484
fervently 1,427116 0,000558
fetch 0,616186 0,000241
field 0,150823 0,000059
fierce 0,478036 0,000187
fighting 0,342490 0,000134
figure 0,072571 0,000028
figures 0,248461 0,000097
file 0,235722 0,000092
filed 1,469676 0,000574
files 0,478036 0,000187
finally 0,150823 0,000059
financial 0,415515 0,000162
fine 0,072571 0,000028
finely 1,171183 0,000458
finger 0,261365 0,000102
fingers 0,235722 0,000092
finish 0,314711 0,000123
finished 0,162519 0,000064
finishing 0,843970 0,000330
firmly 0,342490 0,000134
fish 0,314711 0,000123
fishermen 1,347074 0,000526
fishes 0,967584 0,000378
fishing 0,755023 0,000295
fishlike 3,506558 0,001370
fit 0,061875 0,000024
fitness 0,446287 0,000174
fitted 0,261365 0,000102
flame 0,400478 0,000156
flash 0,510826 0,000200
flashed 0,693147 0,000271
flat 0,248461 0,000097
fleeing 1,660731 0,000649
flesh 0,210721 0,000082
flew 0,314711 0,000123
flickered 1,609438 0,000629
fling 0,967584 0,000378
flinging 1,203973 0,000470
flitted 1,386294 0,000542
float 0,967584 0,000378
floated 0,798508 0,000312
floating 0,597837 0,000234
floor 0,186330 0,000073
floppy 3,912023 0,001529
flowed 0,776529 0,000303
flowers 0,274437 0,000107
flung 0,579818 0,000227
fluttering 0,994252 0,000389
flying 0,235722 0,000092
foam 0,967584 0,000378
folded 0,544727 0,000213
folding 1,049822 0,000410
follow 0,020203 0,000008
foot 0,083382 0,000033
footfalls 2,525729 0,000987
footsteps 0,478036 0,000187
force 0,061875 0,000024
forced 0,139262 0,000054
fore 0,755023 0,000295
forecastle 2,207275 0,000863
forefinger 1,272966 0,000497
forehead 0,430783 0,000168
foremast 2,407946 0,000941
forenoon 1,347074 0,000526
foresail 2,995732 0,001171
foreyards 3,912023 0,001529
forget 0,072571 0,000028
forgot 0,261365 0,000102
forgotten 0,162519 0,000064
fork 1,021651 0,000399
form 0,040822 0,000016
formally 1,386294 0,000542
format 0,562119 0,000220
formats 0,562119 0,000220
formula 1,514128 0,000592
fortnight 0,941609 0,000368
foundation 0,174353 0,000068
foundations 0,843970 0,000330
fourth 0,186330 0,000073
fragment 1,108663 0,000433
freely 0,105361 0,000041
freeze 1,560648 0,000610
fresh 0,105361 0,000041
friend 0,040822 0,000016
friendly 0,261365 0,000102
frightened 0,301105 0,000118
frightful 0,776529 0,000303
frigid 1,897120 0,000741
fringed 1,309333 0,000512
fro 0,494296 0,000193
frost 0,755023 0,000295
frown 1,078810 0,000422
froze 1,714798 0,000670
fruit 0,274437 0,000107
fugitive 1,347074 0,000526
fumbling 1,609438 0,000629
fun 0,798508 0,000312
funk 2,659260 0,001039
funnel 1,966113 0,000768
furious 0,430783 0,000168
futile 1,469676 0,000574
future 0,105361 0,000041
gained 0,261365 0,000102
gait 1,078810 0,000422
gale 1,171183 0,000458
galley 1,609438 0,000629
gallows 1,386294 0,000542
gangway 2,120264 0,000829
gaping 0,994252 0,000389
garment 0,755023 0,000295
gasp 1,171183 0,000458
gate 0,287682 0,000112
gateway 1,309333 0,000512
gathered 0,150823 0,000059
gazed 0,597837 0,000234
gazing 0,597837 0,000234
generations 0,198451 0,000078
gentle 0,274437 0,000107
gentlemanly 1,771957 0,000692
gently 0,235722 0,000092
geography 1,514128 0,000592
gesture 0,634878 0,000248
gestures 0,891598 0,000348
ghastly 0,867501 0,000339
ghost 0,544727 0,000213
ghostly 1,237874 0,000484
gimbals 3,912023 0,001529
glad 0,072571 0,000028
glance 0,248461 0,000097
glances 0,798508 0,000312
glancing 0,693147 0,000271
glare 0,843970 0,000330
glass 0,186330 0,000073
glasses 0,713350 0,000279
glassy 1,660731 0,000649
gleam 0,693147 0,000271
gleams 1,714798 0,000670
gliding 1,139434 0,000445
glimmering 1,660731 0,000649
glimpse 0,544727 0,000213
glistened 1,386294 0,000542
glitter 1,386294 0,000542
glow 0,527633 0,000206
glowing 0,510826 0,000200
goals 0,544727 0,000213
god 0,094311 0,000037
gold 0,083382 0,000033
goodness 0,328504 0,000128
gorge 1,714798 0,000670
govern 0,342490 0,000134
granted 0,150823 0,000059
graphic 2,302585 0,000900
gras 3,506558 0,001370
gratefully 0,415515 0,000162
grave 0,127833 0,000050
gray 0,733969 0,000287
greatly 0,210721 0,000082
greatness 0,693147 0,000271
green 0,105361 0,000041
greenish 1,832581 0,000716
gregory 1,139434 0,000445
grip 0,916291 0,000358
gripped 1,469676 0,000574
groping 1,049822 0,000410
gropingly 2,995732 0,001171
gross 0,235722 0,000092
grove 0,994252 0,000389
grow 0,139262 0,000054
growing 0,174353 0,000068
growth 0,462035 0,000181
guess 0,314711 0,000123
guilt 0,544727 0,000213
guiltily 2,813411 0,001099
guilty 0,356675 0,000139
gulf 0,755023 0,000295
ha 0,891598 0,000348
habitation 1,139434 0,000445
haggard 1,021651 0,000399
hail 0,634878 0,000248
hailing 1,966113 0,000768
hair 0,094311 0,000037
haired 0,820981 0,000321
halfway 1,386294 0,000542
halter 2,120264 0,000829
hand 0,010050 0,000004
handkerchief 0,653926 0,000256
handled 0,916291 0,000358
hands 0,020203 0,000008
hang 0,400478 0,000156
hanging 0,261365 0,000102
happened 0,094311 0,000037
happening 0,634878 0,000248
harbor 1,514128 0,000592
hard 0,040822 0,000016
harmless 0,248461 0,000097
hart 0,462035 0,000181
hastened 0,616186 0,000241
hat 0,478036 0,000187
hatch 2,207275 0,000863
hate 0,274437 0,000107
hated 0,356675 0,000139
haul 1,609438 0,000629
hauled 1,171183 0,000458
hauling 1,660731 0,000649
haunted 0,579818 0,000227
head 0,000000 0,000000
headed 0,510826 0,000200
headless 1,897120 0,000741
heads 0,094311 0,000037
hear 0,010050 0,000004
heard 0,020203 0,000008
hearing 0,139262 0,000054
heart 0,010050 0,000004
heartily 0,597837 0,000234
heat 0,274437 0,000107
heaved 1,021651 0,000399
heaven 0,198451 0,000078
heavens 0,430783 0,000168
heavy 0,030459 0,000012
height 0,261365 0,000102
held 0,040822 0,000016
hellish 1,966113 0,000768
helm 1,347074 0,000526
helmsman 2,659260 0,001039
helplessly 1,514128 0,000592
henceforth 0,867501 0,000339
hesitated 0,653926 0,000256
hesitating 1,021651 0,000399
hesitation 0,616186 0,000241
hidden 0,248461 0,000097
hide 0,287682 0,000112
hill 0,248461 0,000097
hills 0,356675 0,000139
hiss 1,347074 0,000526
hit 0,356675 0,000139
hoarse 0,867501 0,000339
hold 0,020203 0,000008
holder 0,446287 0,000174
holding 0,174353 0,000068
hole 0,356675 0,000139
homeless 1,832581 0,000716
homeward 0,891598 0,000348
homicidal 2,659260 0,001039
hook 0,798508 0,000312
hooking 2,995732 0,001171
hooks 1,171183 0,000458
hope 0,010050 0,000004
horizon 0,616186 0,000241
horrible 0,356675 0,000139
horrid 0,713350 0,000279
hot 0,116534 0,000046
hour 0,083382 0,000033
hours 0,094311 0,000037
howling 0,755023 0,000295
hull 1,514128 0,000592
hullabaloo 3,218876 0,001258
human 0,083382 0,000033
humbug 1,660731 0,000649
hung 0,174353 0,000068
hunt 0,544727 0,000213
hurricane 1,560648 0,000610
hurried 0,356675 0,000139
hurriedly 0,891598 0,000348
hush 0,776529 0,000303
idea 0,105361 0,000041
ideal 0,843970 0,000330
identical 0,994252 0,000389
identification 0,527633 0,000206
identified 1,386294 0,000542
identify 0,415515 0,000162
identity 1,021651 0,000399
ignorance 0,287682 0,000112
imagine 0,139262 0,000054
imbecile 1,609438 0,000629
immaculate 1,714798 0,000670
immense 0,314711 0,000123
immensely 1,171183 0,000458
immersed 1,469676 0,000574
immobility 2,659260 0,001039
immovableness 3,912023 0,001529
impart 1,078810 0,000422
imparted 1,171183 0,000458
impassive 1,714798 0,000670
impeccable 3,506558 0,001370
imperceptible 1,609438 0,000629
imperceptibly 1,469676 0,000574
implied 0,371064 0,000145
imposed 0,210721 0,000082
imposing 0,843970 0,000330
impossible 0,094311 0,000037
impressed 0,510826 0,000200
impression 0,210721 0,000082
impressions 0,891598 0,000348
impressively 1,966113 0,000768
improper 1,139434 0,000445
impudence 1,272966 0,000497
impulse 0,462035 0,000181
inaccurate 0,510826 0,000200
incapable 0,562119 0,000220
incertitude 3,218876 0,001258
incidental 0,446287 0,000174
incidentally 1,609438 0,000629
include 0,274437 0,000107
included 0,162519 0,000064
includes 0,462035 0,000181
including 0,139262 0,000054
incomplete 0,301105 0,000118
incomprehensible 1,108663 0,000433
inconceivable 1,078810 0,000422
increasing 0,127833 0,000050
incredulity 1,386294 0,000542
incredulously 2,302585 0,000900
indemnify 0,527633 0,000206
indemnity 0,527633 0,000206
independent 0,510826 0,000200
india 0,843970 0,000330
indian 0,597837 0,000234
indirect 0,446287 0,000174
indirectly 0,371064 0,000145
individual 0,150823 0,000059
induced 0,527633 0,000206
inexplicable 1,171183 0,000458
infinitely 0,673345 0,000263
inform 0,510826 0,000200
informality 2,813411 0,001099
informing 1,021651 0,000399
infringement 0,544727 0,000213
ingenious 0,693147 0,000271
inhabited 0,713350 0,000279
inhuman 1,108663 0,000433
inkling 1,427116 0,000558
inkwell 3,912023 0,001529
inland 1,469676 0,000574
inquired 0,544727 0,000213
inquiries 0,653926 0,000256
inquiring 0,798508 0,000312
insanity 1,469676 0,000574
inshore 3,218876 0,001258
insignificance 2,207275 0,000863
insignificant 0,891598 0,000348
insist 0,462035 0,000181
insisted 0,400478 0,000156
insistence 1,897120 0,000741
insolence 0,994252 0,000389
inspecting 1,609438 0,000629
instance 0,150823 0,000059
instances 0,653926 0,000256
instant 0,210721 0,000082
instinctively 0,733969 0,000287
instructed 0,713350 0,000279
intellect 0,693147 0,000271
intellectual 0,235722 0,000092
intelligence 0,301105 0,000118
intelligent 0,342490 0,000134
intense 0,430783 0,000168
intently 0,891598 0,000348
interchange 1,660731 0,000649
interfere 0,544727 0,000213
interlude 2,813411 0,001099
internal 0,261365 0,000102
international 0,494296 0,000193
interpreted 0,274437 0,000107
interrupted 0,301105 0,000118
intervals 0,510826 0,000200
intimate 0,462035 0,000181
intolerable 0,673345 0,000263
intuition 1,714798 0,000670
invaded 1,237874 0,000484
invalidity 0,527633 0,000206
invested 1,203973 0,000470
invisible 0,562119 0,000220
invited 0,415515 0,000162
inviting 0,891598 0,000348
invulnerable 2,040221 0,000797
irresistible 0,653926 0,000256
irresistibly 1,203973 0,000470
irresolute 1,427116 0,000558
irretrievably 2,995732 0,001171
irs 0,562119 0,000220
islands 0,755023 0,000295
islet 2,407946 0,000941
islets 2,813411 0,001099
issue 0,462035 0,000181
issues 1,427116 0,000558
item 1,272966 0,000497
jacket 0,798508 0,000312
jammed 1,832581 0,000716
java 2,525729 0,000987
jeering 1,714798 0,000670
jerk 1,427116 0,000558
job 0,673345 0,000263
joint 0,673345 0,000263
joseph 0,994252 0,000389
journey 0,198451 0,000078
jove 1,108663 0,000433
judge 0,116534 0,000046
judged 0,430783 0,000168
judges 0,597837 0,000234
judgment 0,198451 0,000078
judith 2,120264 0,000829
juggling 2,659260 0,001039
jumped 0,653926 0,000256
june 0,527633 0,000206
jury 1,237874 0,000484
keel 1,386294 0,000542
keen 0,415515 0,000162
ken 1,771957 0,000692
kettle 1,272966 0,000497
key 0,356675 0,000139
kicked 0,843970 0,000330
kill 0,127833 0,000050
killed 0,223144 0,000087
knees 0,223144 0,000087
knife 0,356675 0,000139
knit 1,108663 0,000433
knock 0,616186 0,000241
knocking 0,798508 0,000312
knowledge 0,061875 0,000024
lack 0,478036 0,000187
ladder 0,693147 0,000271
laid 0,072571 0,000028
lake 0,210721 0,000082
lamp 0,478036 0,000187
land 0,072571 0,000028
landed 0,527633 0,000206
language 0,072571 0,000028
launched 1,171183 0,000458
law 0,030459 0,000012
laws 0,083382 0,000033
lay 0,051293 0,000020
laying 0,274437 0,000107
lazy 0,616186 0,000241
leading 0,139262 0,000054
leaf 0,462035 0,000181
leafage 3,218876 0,001258
leaned 0,634878 0,000248
leaning 0,301105 0,000118
learn 0,020203 0,000008
learned 0,105361 0,000041
leave 0,000000 0,000000
leaving 0,083382 0,000033
leeward 2,207275 0,000863
left 0,000000 0,000000
leg 0,478036 0,000187
legal 0,261365 0,000102
legally 0,342490 0,000134
legs 0,274437 0,000107
leisure 0,579818 0,000227
letter 0,116534 0,000046
letters 0,198451 0,000078
level 0,274437 0,000107
leveled 2,407946 0,000941
liability 0,462035 0,000181
liable 0,235722 0,000092
library 0,223144 0,000087
license 0,301105 0,000118
licensed 0,430783 0,000168
lie 0,040822 0,000016
lieu 0,415515 0,000162
life -0,009950 -0,000004
lift 0,415515 0,000162
lifts 1,139434 0,000445
light 0,010050 0,000004
lighted 0,261365 0,000102
lightless 3,912023 0,001529
lightly 0,430783 0,000168
lightning 0,478036 0,000187
limb 0,798508 0,000312
limbs 0,274437 0,000107
limitation 0,478036 0,000187
limited 0,261365 0,000102
lingered 1,049822 0,000410
lingering 0,755023 0,000295
linked 0,385662 0,000151
links 0,415515 0,000162
lip 0,673345 0,000263
lips 0,127833 0,000050
liquor 0,820981 0,000321
listen 0,127833 0,000050
listened 0,274437 0,000107
listening 0,261365 0,000102
literally 0,713350 0,000279
literary 0,287682 0,000112
littered 1,966113 0,000768
live 0,010050 0,000004
lived 0,061875 0,000024
liverpool 1,897120 0,000741
lives 0,072571 0,000028
livid 1,171183 0,000458
living 0,020203 0,000008
lo 0,916291 0,000358
loaded 0,616186 0,000241
loafer 2,813411 0,001099
lobby 2,040221 0,000797
located 0,400478 0,000156
locations 0,544727 0,000213
lock 0,385662 0,000151
locked 0,430783 0,000168
locker 2,407946 0,000941
lockers 2,659260 0,001039
locks 0,733969 0,000287
loftier 1,609438 0,000629
lofty 0,494296 0,000193
lolled 2,659260 0,001039
lonely 0,415515 0,000162
lookout 1,514128 0,000592
loom 1,897120 0,000741
loose 0,105361 0,000041
lose 0,094311 0,000037
losing 0,235722 0,000092
loss 0,094311 0,000037
lost 0,020203 0,000008
lot 0,061875 0,000024
loud 0,174353 0,000068
louder 0,527633 0,000206
loudly 0,400478 0,000156
loudness 2,207275 0,000863
lucky 0,527633 0,000206
ludicrous 1,386294 0,000542
lunacy 2,813411 0,001099
lunatics 2,207275 0,000863
lying 0,061875 0,000024
machine 0,248461 0,000097
mad 0,261365 0,000102
maddening 1,897120 0,000741
main 0,127833 0,000050
mainland 2,407946 0,000941
mainsail 2,995732 0,001171
maintaining 0,235722 0,000092
malay 2,659260 0,001039
manage 0,462035 0,000181
managed 0,342490 0,000134
maneuvering 2,995732 0,001171
manned 1,771957 0,000692
manner 0,040822 0,000016
mantle 0,820981 0,000321
mark 0,127833 0,000050
marked 0,061875 0,000024
maroon 2,525729 0,000987
marveling 2,995732 0,001171
mass 0,301105 0,000118
master 0,083382 0,000033
mastheads 2,995732 0,001171
masts 1,272966 0,000497
mate 0,867501 0,000339
mates 1,309333 0,000512
matted 1,514128 0,000592
matter 0,010050 0,000004
matters 0,139262 0,000054
maximum 0,478036 0,000187
meal 0,301105 0,000118
meaningly 3,506558 0,001370
measuring 1,203973 0,000470
mechanically 1,078810 0,000422
meddled 2,813411 0,001099
meditative 1,660731 0,000649
medium 0,223144 0,000087
meet 0,010050 0,000004
menaced 1,560648 0,000610
menacing 1,272966 0,000497
mental 0,430783 0,000168
mention 0,223144 0,000087
merchant 0,713350 0,000279
mercy 0,223144 0,000087
mere 0,094311 0,000037
merits 0,693147 0,000271
met 0,040822 0,000016
method 0,094311 0,000037
methods 0,210721 0,000082
michael 0,400478 0,000156
middle 0,030459 0,000012
middling 2,040221 0,000797
midnight 0,328504 0,000128
mildly 1,171183 0,000458
mile 0,342490 0,000134
miles 0,223144 0,000087
mind 0,020203 0,000008
mingled 0,462035 0,000181
ministering 2,120264 0,000829
minor 0,733969 0,000287
minute 0,235722 0,000092
minutes 0,235722 0,000092
miracle 0,755023 0,000295
miraculous 1,171183 0,000458
mirror 0,693147 0,000271
miserable 0,210721 0,000082
mishap 1,771957 0,000692
mission 0,210721 0,000082
mississippi 0,415515 0,000162
mistrust 1,309333 0,000512
miter 2,995732 0,001171
mizzen 2,813411 0,001099
moaning 1,272966 0,000497
modification 0,494296 0,000193
modified 0,385662 0,000151
moment 0,010050 0,000004
moments 0,287682 0,000112
money 0,051293 0,000020
monotonous 1,078810 0,000422
months 0,094311 0,000037
mood 0,527633 0,000206
moored 1,832581 0,000716
moral 0,301105 0,000118
morning 0,040822 0,000016
mother 0,072571 0,000028
motion 0,328504 0,000128
motioned 1,139434 0,000445
motionless 0,544727 0,000213
motives 0,579818 0,000227
mountain 0,400478 0,000156
mountainous 1,560648 0,000610
mouth 0,105361 0,000041
movement 0,328504 0,000128
movements 0,494296 0,000193
muddled 1,897120 0,000741
multitude 0,446287 0,000174
mumbled 1,514128 0,000592
mumbling 1,714798 0,000670
murder 0,314711 0,000123
murdering 1,309333 0,000512
murders 1,309333 0,000512
murmur 0,494296 0,000193
murmured 0,673345 0,000263
murmurs 1,347074 0,000526
mustache 2,040221 0,000797
mute 0,776529 0,000303
mutinous 2,120264 0,000829
mysterious 0,314711 0,000123
mystery 0,301105 0,000118
mystical 1,469676 0,000574
mystified 2,120264 0,000829
naked 0,274437 0,000107
narrative 0,616186 0,000241
narrow 0,105361 0,000041
native 0,328504 0,000128
natural 0,094311 0,000037
naturally 0,210721 0,000082
nature 0,094311 0,000037
nearer 0,400478 0,000156
nearness 1,771957 0,000692
neatly 1,049822 0,000410
necessity 0,261365 0,000102
neck 0,186330 0,000073
negligence 0,415515 0,000162
negligently 2,207275 0,000863
nerve 0,867501 0,000339
nerves 0,544727 0,000213
nervousness 1,714798 0,000670
network 0,415515 0,000162
news 0,210721 0,000082
newsletter 0,562119 0,000220
nice 0,400478 0,000156
night 0,010050 0,000004
nod 0,798508 0,000312
nodded 0,634878 0,000248
noise 0,139262 0,000054
noiseless 1,609438 0,000629
noisy 0,776529 0,000303
nomad 2,995732 0,001171
nonproprietary 0,562119 0,000220
noon 0,430783 0,000168
norfolk 2,120264 0,000829
north 0,083382 0,000033
notice 0,030459 0,000012
noticed 0,328504 0,000128
noticing 0,941609 0,000368
notifies 0,527633 0,000206
notion 0,371064 0,000145
novelty 0,916291 0,000358
november 0,544727 0,000213
numerous 0,235722 0,000092
object 0,127833 0,000050
obligation 0,843970 0,000330
oblique 2,040221 0,000797
obscure 0,544727 0,000213
observed 0,162519 0,000064
obsolete 0,446287 0,000174
occasion 0,105361 0,000041
occur 0,150823 0,000059
occurred 0,261365 0,000102
ocean 0,430783 0,000168
offense 1,609438 0,000629
offering 0,400478 0,000156
offers 0,198451 0,000078
office 0,072571 0,000028
officer 0,478036 0,000187
officers 0,494296 0,000193
official 0,235722 0,000092
oilskin 3,506558 0,001370
oilskins 3,506558 0,001370
ominously 1,966113 0,000768
online 0,510826 0,000200
opaque 1,897120 0,000741
operation 0,693147 0,000271
opportunities 0,235722 0,000092
opportunity 0,061875 0,000024
oppressive 1,171183 0,000458
ordinary 0,186330 0,000073
organized 0,356675 0,000139
original 0,105361 0,000041
originator 0,527633 0,000206
outdated 0,562119 0,000220
outer 0,510826 0,000200
outlines 1,108663 0,000433
oval 1,560648 0,000610
oven 1,469676 0,000574
overboard 1,347074 0,000526
overcharged 2,302585 0,000900
overdid 2,813411 0,001099
overdone 2,207275 0,000863
overhauled 2,525729 0,000987
overhead 0,843970 0,000330
overheard 1,078810 0,000422
overwhelming 1,049822 0,000410
owed 0,139262 0,000054
owner 0,116534 0,000046
owners 0,891598 0,000348
ox 0,941609 0,000368
oysters 1,660731 0,000649
paced 1,171183 0,000458
pagoda 2,659260 0,001039
paid 0,061875 0,000024
painful 0,328504 0,000128
painfully 0,916291 0,000358
painstaking 2,207275 0,000863
pair 0,235722 0,000092
pale 0,198451 0,000078
pant 2,207275 0,000863
pantomime 2,040221 0,000797
pantry 2,040221 0,000797
paper 0,083382 0,000033
papers 0,385662 0,000151
paperwork 0,562119 0,000220
paragraph 0,328504 0,000128
paragraphs 0,494296 0,000193
pardon 0,301105 0,000118
parson 1,514128 0,000592
partial 0,733969 0,000287
particulars 0,776529 0,000303
partnership 1,514128 0,000592
party 0,061875 0,000024
pass 0,040822 0,000016
passage 0,139262 0,000054
passed 0,040822 0,000016
passing 0,094311 0,000037
patches 0,941609 0,000368
pate 2,407946 0,000941
patience 0,139262 0,000054
patient 0,274437 0,000107
pattern 0,693147 0,000271
pause 0,371064 0,000145
paused 0,562119 0,000220
pay 0,051293 0,000020
paying 0,116534 0,000046
payments 0,415515 0,000162
peacefully 1,108663 0,000433
peculiarly 0,755023 0,000295
peep 0,994252 0,000389
peg 1,427116 0,000558
penetrated 0,843970 0,000330
people 0,010050 0,000004
peremptorily 1,660731 0,000649
perfect 0,072571 0,000028
perfectly 0,162519 0,000064
perform 0,150823 0,000059
performances 0,314711 0,000123
performed 0,127833 0,000050
performing 0,261365 0,000102
periodic 0,544727 0,000213
permanent 0,223144 0,000087
permission 0,150823 0,000059
permitted 0,105361 0,000041
perplexing 1,560648 0,000610
perplexity 0,776529 0,000303
persisted 0,713350 0,000279
person 0,010050 0,000004
personality 0,967584 0,000378
personally 0,798508 0,000312
perspiration 1,237874 0,000484
pestiferous 2,995732 0,001171
phantom 1,078810 0,000422
phases 1,714798 0,000670
phenomenon 1,049822 0,000410
phosphorescence 2,813411 0,001099
phosphorescent 2,525729 0,000987
phrase 0,174353 0,000068
physical 0,198451 0,000078
physically 1,347074 0,000526
picked 0,400478 0,000156
picturing 2,302585 0,000900
piece 0,072571 0,000028
pieces 0,139262 0,000054
pin 0,713350 0,000279
pinning 2,525729 0,000987
pitiless 1,347074 0,000526
pity 0,150823 0,000059
pivot 2,120264 0,000829
plain 0,040822 0,000016
plainly 0,261365 0,000102
plan 0,261365 0,000102
plated 2,302585 0,000900
plates 0,653926 0,000256
play 0,072571 0,000028
played 0,198451 0,000078
playing 0,186330 0,000073
plenty 0,235722 0,000092
plop 2,995732 0,001171
pocket 0,371064 0,000145
poison 0,446287 0,000174
poles 1,078810 0,000422
polite 0,693147 0,000271
politely 1,078810 0,000422
politeness 0,798508 0,000312
poll 2,407946 0,000941
poop 2,302585 0,000900
poor 0,030459 0,000012
popped 1,714798 0,000670
port 0,579818 0,000227
porthole 3,218876 0,001258
ports 1,469676 0,000574
position 0,162519 0,000064
positively 0,776529 0,000303
possessed 0,094311 0,000037
possession 0,083382 0,000033
possibility 0,162519 0,000064
posted 0,301105 0,000118
power 0,030459 0,000012
practically 0,235722 0,000092
practice 0,162519 0,000064
prayer 0,478036 0,000187
precious 0,162519 0,000064
preference 0,867501 0,000339
preoccupied 1,386294 0,000542
preparatory 1,309333 0,000512
prepare 0,162519 0,000064
prepared 0,105361 0,000041
preposterous 1,609438 0,000629
presently 0,385662 0,000151
preserve 0,150823 0,000059
preserves 1,108663 0,000433
presided 1,237874 0,000484
pressed 0,274437 0,000107
pretend 0,446287 0,000174
pretense 1,966113 0,000768
pretty 0,150823 0,000059
prevent 0,083382 0,000033
prevented 0,328504 0,000128
previous 0,094311 0,000037
price 0,314711 0,000123
principal 0,287682 0,000112
print 0,261365 0,000102
printed 0,174353 0,000068
prison 0,287682 0,000112
privilege 0,527633 0,000206
prize 0,579818 0,000227
proceeded 0,274437 0,000107
proceedings 0,713350 0,000279
processing 0,562119 0,000220
produce 0,127833 0,000050
produced 0,105361 0,000041
producing 0,713350 0,000279
production 0,314711 0,000123
professor 0,287682 0,000112
profit 0,248461 0,000097
profits 0,314711 0,000123
profound 0,462035 0,000181
profoundly 0,994252 0,000389
prohibition 0,430783 0,000168
project -0,009950 -0,000004
prolonged 0,597837 0,000234
prominently 0,494296 0,000193
promoting 0,430783 0,000168
promotion 0,342490 0,000134
prompted 0,891598 0,000348
pronounced 0,446287 0,000174
pronouncement 2,995732 0,001171
proof 0,287682 0,000112
proofread 0,562119 0,000220
propelling 2,659260 0,001039
proper 0,061875 0,000024
properly 0,385662 0,000151
property 0,127833 0,000050
proposed 0,371064 0,000145
proprietary 0,562119 0,000220
protect 0,186330 0,000073
protested 0,867501 0,000339
provide 0,162519 0,000064
providence 0,693147 0,000271
providing 0,261365 0,000102
provision 0,248461 0,000097
provisions 0,223144 0,000087
provoked 0,941609 0,000368
prudent 0,616186 0,000241
psychological 1,660731 0,000649
public 0,083382 0,000033
pull 0,328504 0,000128
pulling 0,634878 0,000248
punctilious 2,207275 0,000863
punishment 0,301105 0,000118
punitive 0,562119 0,000220
pure 0,150823 0,000059
purpose 0,040822 0,000016
purposely 1,171183 0,000458
pursued 0,328504 0,000128
pushed 0,400478 0,000156
puzzled 0,494296 0,000193
quality 0,274437 0,000107
quarter 0,223144 0,000087
quavering 2,407946 0,000941
queer 0,776529 0,000303
queerest 1,966113 0,000768
question 0,051293 0,000020
quick 0,139262 0,000054
quiet 0,116534 0,000046
quieted 1,309333 0,000512
quietly 0,261365 0,000102
quietness 1,832581 0,000716
quiver 1,021651 0,000399
quivered 1,108663 0,000433
rail 0,798508 0,000312
rails 1,309333 0,000512
raise 0,174353 0,000068
raised 0,061875 0,000024
raising 0,274437 0,000107
ram 1,203973 0,000470
range 0,446287 0,000174
raptures 1,560648 0,000610
rat 1,078810 0,000422
ratlines 3,506558 0,001370
raving 1,309333 0,000512
reach 0,051293 0,000020
reached 0,127833 0,000050
reaching 0,083382 0,000033
read 0,020203 0,000008
readable 0,510826 0,000200
reading 0,061875 0,000024
ready 0,030459 0,000012
real 0,040822 0,000016
realized 0,843970 0,000330
reappeared 1,347074 0,000526
reason 0,010050 0,000004
reasonable 0,116534 0,000046
reasons 0,223144 0,000087
recall 0,478036 0,000187
recalled 0,634878 0,000248
receipt 0,314711 0,000123
receive 0,083382 0,000033
received 0,040822 0,000016
receiving 0,116534 0,000046
recess 1,171183 0,000458
recessed 3,912023 0,001529
recklessly 1,832581 0,000716
reckon 0,693147 0,000271
reckoned 0,653926 0,000256
reclined 1,771957 0,000692
recognized 0,820981 0,000321
recoil 1,966113 0,000768
recoiled 1,514128 0,000592
record 0,400478 0,000156
recover 0,356675 0,000139
recovered 0,385662 0,000151
red 0,072571 0,000028
reddened 1,427116 0,000558
reddening 1,832581 0,000716
redistribute 0,544727 0,000213
redistributing 0,562119 0,000220
redistribution 0,562119 0,000220
reefed 2,659260 0,001039
reefs 2,207275 0,000863
refer 0,653926 0,000256
reference 0,562119 0,000220
references 0,430783 0,000168
reflected 0,371064 0,000145
reflection 0,356675 0,000139
refund 0,562119 0,000220
refused 0,235722 0,000092
regions 0,891598 0,000348
registered 0,430783 0,000168
regret 0,385662 0,000151
regretfully 2,040221 0,000797
regretted 0,843970 0,000330
regular 0,287682 0,000112
regulating 0,415515 0,000162
rejoiced 0,776529 0,000303
rejoined 1,021651 0,000399
release 0,210721 0,000082
released 0,616186 0,000241
relief 0,198451 0,000078
relieve 0,544727 0,000213
relieved 0,478036 0,000187
reluctant 1,021651 0,000399
remain 0,040822 0,000016
remained 0,116534 0,000046
remaining 0,094311 0,000037
remark 0,314711 0,000123
remarked 0,415515 0,000162
remedies 0,415515 0,000162
remembered 0,162519 0,000064
reminded 0,527633 0,000206
remove 0,127833 0,000050
removed 0,061875 0,000024
renamed 0,562119 0,000220
renewed 0,510826 0,000200
repassing 2,525729 0,000987
repeat 0,328504 0,000128
repeated 0,127833 0,000050
replace 0,342490 0,000134
replacement 0,562119 0,000220
replacing 1,514128 0,000592
report 0,301105 0,000118
reported 0,162519 0,000064
reports 0,261365 0,000102
represent 0,494296 0,000193
representations 0,356675 0,000139
repression 2,525729 0,000987
reproof 1,347074 0,000526
request 0,127833 0,000050
require 0,127833 0,000050
required 0,083382 0,000033
requirements 0,415515 0,000162
resembles 1,427116 0,000558
resembling 0,941609 0,000368
resignedly 2,525729 0,000987
resolute 0,916291 0,000358
respect 0,094311 0,000037
respectable 0,430783 0,000168
respective 1,171183 0,000458
responsibility 0,776529 0,000303
rest 0,010050 0,000004
rested 0,314711 0,000123
resting 0,314711 0,000123
restless 0,478036 0,000187
restrain 0,673345 0,000263
restrained 0,776529 0,000303
restrictions 0,385662 0,000151
return 0,040822 0,000016
returned 0,061875 0,000024
returning 0,127833 0,000050
returns 0,235722 0,000092
revealed 0,415515 0,000162
revealing 1,108663 0,000433
revenue 0,371064 0,000145
reverberated 2,659260 0,001039
reverse 0,579818 0,000227
rhyme 1,609438 0,000629
ribs 1,021651 0,000399
ridge 0,994252 0,000389
ridges 1,469676 0,000574
riding 0,562119 0,000220
rigging 1,771957 0,000692
rigidly 1,832581 0,000716
ripple 1,560648 0,000610
rise 0,040822 0,000016
risen 0,342490 0,000134
river 0,174353 0,000068
road 0,150823 0,000059
roadstead 2,525729 0,000987
roamed 1,771957 0,000692
roaming 2,040221 0,000797
rock 0,385662 0,000151
rod 0,673345 0,000263
rolled 0,356675 0,000139
roomy 2,207275 0,000863
rope 0,616186 0,000241
rose 0,094311 0,000037
roughly 0,544727 0,000213
rounded 1,021651 0,000399
roundness 2,302585 0,000900
routine 1,272966 0,000497
royalties 0,527633 0,000206
royalty 0,385662 0,000151
rub 1,108663 0,000433
rubber 1,609438 0,000629
rudder 1,897120 0,000741
ruffian 1,560648 0,000610
ruins 0,755023 0,000295
rules 0,150823 0,000059
rush 0,287682 0,000112
rushed 0,478036 0,000187
safe 0,116534 0,000046
safest 1,560648 0,000610
safety 0,356675 0,000139
sail 0,634878 0,000248
sailing 0,653926 0,000256
sails 0,798508 0,000312
saloon 1,514128 0,000592
salt 0,116534 0,000046
sane 1,309333 0,000512
sanity 1,832581 0,000716
sank 0,544727 0,000213
sardines 2,813411 0,001099
sat 0,083382 0,000033
satisfaction 0,186330 0,000073
save 0,030459 0,000012
saved 0,274437 0,000107
saving 0,478036 0,000187
scandalized 2,525729 0,000987
scanty 0,941609 0,000368
scares 3,218876 0,001258
scattered 0,139262 0,000054
scene 0,198451 0,000078
scheme 0,634878 0,000248
scoring 3,506558 0,001370
scornful 1,203973 0,000470
scorpion 2,302585 0,000900
scrambled 1,469676 0,000574
scrambling 2,120264 0,000829
screaming 0,916291 0,000358
scrimmage 3,218876 0,001258
scrubbing 2,040221 0,000797
scruff 2,659260 0,001039
sea 0,116534 0,000046
seaman 1,514128 0,000592
seamen 1,609438 0,000629
search 0,051293 0,000020
searching 0,415515 0,000162
seas 0,916291 0,000358
seat 0,105361 0,000041
seated 0,223144 0,000087
secrecy 0,820981 0,000321
secret 0,061875 0,000024
secretly 0,597837 0,000234
secure 0,072571 0,000028
security 0,544727 0,000213
seedy 2,813411 0,001099
seeking 0,274437 0,000107
seized 0,235722 0,000092
seizing 0,693147 0,000271
select 0,867501 0,000339
send 0,030459 0,000012
sending 0,083382 0,000033
sensation 0,462035 0,000181
sensations 0,843970 0,000330
sense 0,051293 0,000020
sentence 0,127833 0,000050
sentences 0,820981 0,000321
sentiment 0,478036 0,000187
separate 0,248461 0,000097
separated 0,274437 0,000107
serge 2,813411 0,001099
serve 0,174353 0,000068
service 0,072571 0,000028
serving 0,634878 0,000248
set 0,010050 0,000004
sets 0,385662 0,000151
setting 0,186330 0,000073
settlements 1,771957 0,000692
seventeen 0,693147 0,000271
shade 0,274437 0,000107
shades 0,916291 0,000358
shadow 0,223144 0,000087
shadowily 3,912023 0,001529
shadows 0,494296 0,000193
shadowy 1,108663 0,000433
shake 0,287682 0,000112
shaken 0,494296 0,000193
shaking 0,371064 0,000145
sham 1,660731 0,000649
shame 0,223144 0,000087
shape 0,186330 0,000073
shaped 0,527633 0,000206
share 0,040822 0,000016
shared 0,139262 0,000054
sharer 2,302585 0,000900
sharing 0,248461 0,000097
sharply 0,510826 0,000200
shave 1,171183 0,000458
sheer 0,843970 0,000330
sheet 0,446287 0,000174
sheets 0,544727 0,000213
shied 2,302585 0,000900
shift 0,843970 0,000330
shifting 0,891598 0,000348
shifts 1,714798 0,000670
shimmer 2,659260 0,001039
ship 0,314711 0,000123
shipmaster 3,218876 0,001258
shipmate 3,218876 0,001258
ships 0,653926 0,000256
shoals 2,040221 0,000797
shock 0,446287 0,000174
shone 0,494296 0,000193
shook 0,235722 0,000092
shore 0,342490 0,000134
short 0,020203 0,000008
shoulder 0,210721 0,000082
shoulders 0,174353 0,000068
shout 0,634878 0,000248
shouted 0,478036 0,000187
shouting 0,446287 0,000174
shower 0,755023 0,000295
showy 1,966113 0,000768
shudder 0,693147 0,000271
shuffled 1,609438 0,000629
shut 0,072571 0,000028
shy 0,733969 0,000287
siam 2,813411 0,001099
sick 0,150823 0,000059
sickly 0,891598 0,000348
sideboard 1,660731 0,000649
sigh 0,342490 0,000134
sighed 0,673345 0,000263
sight 0,051293 0,000020
sighted 0,733969 0,000287
sign 0,139262 0,000054
significance 1,021651 0,000399
signs 0,186330 0,000073
silence 0,105361 0,000041
silent 0,051293 0,000020
silently 0,544727 0,000213
silk 0,478036 0,000187
silly 0,400478 0,000156
silver 0,210721 0,000082
silvery 1,203973 0,000470
similitude 2,207275 0,000863
simmering 2,995732 0,001171
simple 0,094311 0,000037
simply 0,150823 0,000059
simultaneously 1,203973 0,000470
single 0,083382 0,000033
singleness 2,407946 0,000941
sink 0,462035 0,000181
sir 0,150823 0,000059
sit 0,061875 0,000024
sitting 0,105361 0,000041
situation 0,198451 0,000078
size 0,248461 0,000097
skin 0,210721 0,000082
skipper 1,966113 0,000768
sky 0,210721 0,000082
skylight 1,966113 0,000768
slack 1,309333 0,000512
slapped 1,272966 0,000497
slaying 1,714798 0,000670
sleep 0,072571 0,000028
sleeper 1,272966 0,000497
sleepily 2,120264 0,000829
sleeping 0,235722 0,000092
sleepless 1,049822 0,000410
sleepy 0,713350 0,000279
slept 0,223144 0,000087
sliding 1,347074 0,000526
slight 0,150823 0,000059
slightest 0,415515 0,000162
slip 0,462035 0,000181
slipped 0,494296 0,000193
slippers 1,021651 0,000399
slow 0,139262 0,000054
slowly 0,150823 0,000059
smart 0,634878 0,000248
smash 1,609438 0,000629
smeary 3,506558 0,001370
smile 0,274437 0,000107
smiled 0,356675 0,000139
smoke 0,314711 0,000123
smooth 0,274437 0,000107
smoothly 1,021651 0,000399
smoothness 1,897120 0,000741
smother 1,714798 0,000670
smothered 1,203973 0,000470
smuggle 2,995732 0,001171
snarling 1,714798 0,000670
snatched 0,733969 0,000287
sneering 1,609438 0,000629
snore 2,302585 0,000900
snoring 1,609438 0,000629
soft 0,210721 0,000082
softly 0,400478 0,000156
solemnity 0,891598 0,000348
solicit 0,430783 0,000168
solicitation 0,510826 0,000200
solid 0,274437 0,000107
solitary 0,462035 0,000181
solitude 0,510826 0,000200
somber 2,120264 0,000829
soothing 0,798508 0,000312
sort 0,105361 0,000041
sorts 0,356675 0,000139
soul 0,105361 0,000041
sound 0,020203 0,000008
soundless 2,995732 0,001171
sounds 0,223144 0,000087
south 0,235722 0,000092
southern 0,579818 0,000227
sovereigns 1,897120 0,000741
space 0,116534 0,000046
spar 2,407946 0,000941
spare 0,210721 0,000082
sparkled 1,237874 0,000484
spars 2,207275 0,000863
speak 0,051293 0,000020
speaking 0,072571 0,000028
special 0,083382 0,000033
specific 0,820981 0,000321
spectators 0,820981 0,000321
speech 0,198451 0,000078
spell 0,820981 0,000321
spirit 0,051293 0,000020
spiritless 1,832581 0,000716
splash 1,309333 0,000512
splashing 1,560648 0,000610
spoke 0,116534 0,000046
spot 0,162519 0,000064
spread 0,061875 0,000024
spring 0,083382 0,000033
sprung 0,544727 0,000213
spun 0,941609 0,000368
squalls 2,040221 0,000797
square 0,235722 0,000092
squat 1,386294 0,000542
stable 0,579818 0,000227
staff 0,274437 0,000107
stage 0,223144 0,000087
stairs 0,430783 0,000168
stakes 1,203973 0,000470
stammered 1,108663 0,000433
stand 0,000000 0,000000
standing 0,030459 0,000012
star 0,544727 0,000213
starboard 2,040221 0,000797
stare 0,713350 0,000279
stared 0,597837 0,000234
staring 0,634878 0,000248
stark 1,386294 0,000542
starry 1,272966 0,000497
stars 0,342490 0,000134
start -0,009950 -0,000004
started 0,150823 0,000059
starting 0,371064 0,000145
startle 1,514128 0,000592
startled 0,415515 0,000162
statements 0,430783 0,000168
stateroom 2,995732 0,001171
stations 1,049822 0,000410
statue 0,843970 0,000330
stature 0,891598 0,000348
status 0,446287 0,000174
stay 0,083382 0,000033
stayed 0,415515 0,000162
stays 1,078810 0,000422
steadfast 1,309333 0,000512
steady 0,356675 0,000139
stealthily 1,560648 0,000610
stealthiness 3,912023 0,001529
stealthy 1,514128 0,000592
steaming 1,203973 0,000470
step 0,083382 0,000033
stepped 0,510826 0,000200
steps 0,094311 0,000037
stern 0,478036 0,000187
sternly 0,820981 0,000321
steward 1,171183 0,000458
stewed 2,302585 0,000900
sticking 0,867501 0,000339
stillness 0,891598 0,000348
stir 0,400478 0,000156
stock 0,328504 0,000128
stole 0,494296 0,000193
stolidly 2,120264 0,000829
stone 0,116534 0,000046
stony 0,994252 0,000389
stood 0,030459 0,000012
stool 0,733969 0,000287
stored 0,342490 0,000134
storerooms 3,506558 0,001370
story 0,051293 0,000020
stowed 1,660731 0,000649
straight 0,105361 0,000041
straightforwardness 3,218876 0,001258
strain 0,385662 0,000151
strained 0,776529 0,000303
straits 1,427116 0,000558
strange 0,061875 0,000024
strangely 0,579818 0,000227
strangeness 1,386294 0,000542
stranger 0,139262 0,000054
strangers 0,356675 0,000139
strangling 1,897120 0,000741
straw 0,356675 0,000139
stream 0,210721 0,000082
strength 0,030459 0,000012
stretch 0,446287 0,000174
strict 0,210721 0,000082
striking 0,274437 0,000107
stripe 2,407946 0,000941
strolled 1,237874 0,000484
strong 0,030459 0,000012
struck 0,083382 0,000033
struggle 0,287682 0,000112
strung 1,386294 0,000542
stubborn 0,843970 0,000330
style 0,274437 0,000107
subdue 1,171183 0,000458
subject 0,072571 0,000028
submerged 1,560648 0,000610
subscribe 0,494296 0,000193
success 0,162519 0,000064
sudden 0,072571 0,000028
suddenly 0,040822 0,000016
suddenness 1,469676 0,000574
sufficient 0,139262 0,000054
suggestion 0,510826 0,000200
suggestions 0,891598 0,000348
suicide 1,049822 0,000410
suit 0,261365 0,000102
suits 0,776529 0,000303
summer 0,186330 0,000073
sun 0,072571 0,000028
sunburn 3,912023 0,001529
sunday 0,494296 0,000193
sunken 1,309333 0,000512
sunrise 0,891598 0,000348
superfluously 2,995732 0,001171
supper 0,446287 0,000174
support 0,127833 0,000050
suppose 0,072571 0,000028
supposed 0,174353 0,000068
suppressing 1,427116 0,000558
surface 0,301105 0,000118
surlily 2,813411 0,001099
surliness 3,506558 0,001370
surmounted 1,237874 0,000484
surprise 0,174353 0,000068
surprises 1,347074 0,000526
surprising 0,544727 0,000213
surrounding 0,693147 0,000271
surveying 1,108663 0,000433
survive 0,274437 0,000107
suspect 0,342490 0,000134
suspected 0,328504 0,000128
suspicions 0,616186 0,000241
sustained 0,579818 0,000227
swallow 0,616186 0,000241
swallowed 0,462035 0,000181
swam 1,108663 0,000433
swamp 0,342490 0,000134
swarm 1,237874 0,000484
sweep 0,673345 0,000263
swiftly 0,713350 0,000279
swim 0,755023 0,000295
swimmer 1,897120 0,000741
swimming 0,820981 0,000321
swing 0,693147 0,000271
swirl 2,407946 0,000941
sword 0,462035 0,000181
sworn 0,673345 0,000263
swung 0,733969 0,000287
symbolic 2,120264 0,000829
symmetrically 2,525729 0,000987
sympathized 2,302585 0,000900
sympathy 0,328504 0,000128
synonymous 0,446287 0,000174
table 0,094311 0,000037
tack 1,560648 0,000610
taffrail 3,506558 0,001370
tale 0,287682 0,000112
tales 0,579818 0,000227
talk 0,083382 0,000033
talked 0,261365 0,000102
talking 0,150823 0,000059
tangle 1,514128 0,000592
tap 1,108663 0,000433
task 0,261365 0,000102
tasks 1,386294 0,000542
tax 0,328504 0,000128
taxes 0,385662 0,000151
tea 0,579818 0,000227
tear 0,371064 0,000145
teeth 0,198451 0,000078
telescope 1,609438 0,000629
temper 0,274437 0,000107
temptation 0,527633 0,000206
tenacious 1,714798 0,000670
tenacity 1,609438 0,000629
tentatively 2,525729 0,000987
terms 0,061875 0,000024
terrible 0,186330 0,000073
terrific 1,108663 0,000433
terrifically 2,995732 0,001171
terrified 0,693147 0,000271
terror 0,198451 0,000078
theoretically 2,120264 0,000829
theory 0,478036 0,000187
thereabouts 1,609438 0,000629
thinking 0,274437 0,000107
thirsty 0,843970 0,000330
thoughtful 0,693147 0,000271
thoughtfully 0,994252 0,000389
threshold 0,562119 0,000220
threw 0,116534 0,000046
throat 0,261365 0,000102
throw 0,083382 0,000033
throwing 0,287682 0,000112
thrown 0,116534 0,000046
thrust 0,328504 0,000128
thump 1,832581 0,000716
thundered 1,469676 0,000574
thunderstruck 2,207275 0,000863
tide 0,653926 0,000256
tides 1,427116 0,000558
tidy 1,272966 0,000497
tied 0,261365 0,000102
tiff 3,218876 0,001258
time -0,009950 -0,000004
times 0,010050 0,000004
tinkled 2,040221 0,000797
tins 2,813411 0,001099
tiny 0,820981 0,000321
tired 0,198451 0,000078
title 0,116534 0,000046
tomorrow 0,755023 0,000295
tone 0,248461 0,000097
tones 0,713350 0,000279
tongue 0,162519 0,000064
tonight 1,272966 0,000497
topsail 3,218876 0,001258
torn 0,248461 0,000097
total 0,597837 0,000234
totally 0,916291 0,000358
touch 0,083382 0,000033
touched 0,139262 0,000054
touching 0,301105 0,000118
towering 1,469676 0,000574
towers 0,967584 0,000378
towns 0,527633 0,000206
track 0,510826 0,000200
trade 0,328504 0,000128
trademark 0,562119 0,000220
tradesmen 1,427116 0,000558
trait 1,514128 0,000592
tramp 1,171183 0,000458
transcribe 0,494296 0,000193
transcription 0,527633 0,000206
travel 0,356675 0,000139
tray 1,309333 0,000512
treated 0,261365 0,000102
treatment 0,127833 0,000050
trees 0,127833 0,000050
tremor 1,514128 0,000592
tribe 0,941609 0,000368
trifling 0,653926 0,000256
tropical 1,560648 0,000610
troubled 0,287682 0,000112
troubling 1,171183 0,000458
true 0,020203 0,000008
trust 0,116534 0,000046
trusted 0,544727 0,000213
trustful 2,040221 0,000797
truth 0,030459 0,000012
tug 1,347074 0,000526
tugboat 3,506558 0,001370
tumbled 0,867501 0,000339
tying 1,560648 0,000610
type 0,446287 0,000174
types 0,385662 0,000151
ugly 0,415515 0,000162
unalloyed 1,897120 0,000741
unalterable 1,309333 0,000512
unavoidable 1,049822 0,000410
uncanny 1,560648 0,000610
uncharted 2,813411 0,001099
unconscious 0,400478 0,000156
unconventional 2,813411 0,001099
understand 0,030459 0,000012
understood 0,061875 0,000024
undertone 1,771957 0,000692
unduly 1,966113 0,000768
unenforceability 0,562119 0,000220
unexpected 0,430783 0,000168
unheard 0,994252 0,000389
unhooked 2,813411 0,001099
uniform 0,210721 0,000082
unintelligent 2,659260 0,001039
unique 1,237874 0,000484
united 0,094311 0,000037
unknown 0,105361 0,000041
unlink 0,562119 0,000220
unlocked 1,108663 0,000433
unmarked 2,995732 0,001171
unmoved 0,916291 0,000358
unnatural 0,713350 0,000279
unplayful 3,912023 0,001529
unpleasant 0,562119 0,000220
unrelated 3,218876 0,001258
unrest 2,040221 0,000797
unrighteous 1,966113 0,000768
unrolled 1,832581 0,000716
unsolicited 0,510826 0,000200
unsolved 1,832581 0,000716
unsteady 1,469676 0,000574
unsuspected 1,609438 0,000629
untempted 3,912023 0,001529
untried 1,966113 0,000768
untroubled 1,966113 0,000768
unusual 0,415515 0,000162
unusually 0,891598 0,000348
unwilling 0,653926 0,000256
unworthy 0,673345 0,000263
unyielding 2,525729 0,000987
updated 0,510826 0,000200
upright 0,328504 0,000128
upturned 2,040221 0,000797
urbanely 3,506558 0,001370
urged 0,356675 0,000139
urgently 1,560648 0,000610
user 0,562119 0,000220
usual 0,139262 0,000054
ut 0,510826 0,000200
uttered 0,430783 0,000168
utterly 0,371064 0,000145
vagabond 1,309333 0,000512
vague 0,579818 0,000227
vaguely 0,967584 0,000378
vain 0,116534 0,000046
vanilla 0,544727 0,000213
vanish 0,967584 0,000378
vanished 0,527633 0,000206
variety 0,162519 0,000064
vase 1,560648 0,000610
vegetables 1,049822 0,000410
vengeful 2,302585 0,000900
ventilating 2,813411 0,001099
version 0,385662 0,000151
vertical 1,966113 0,000768
vexed 0,733969 0,000287
view 0,105361 0,000041
viewed 0,261365 0,000102
viewing 0,415515 0,000162
vigorous 0,544727 0,000213
villages 0,820981 0,000321
violates 0,527633 0,000206
violently 0,462035 0,000181
virtuous 0,653926 0,000256
virus 0,527633 0,000206
visible 0,235722 0,000092
visibly 0,916291 0,000358
vision 0,371064 0,000145
visit 0,061875 0,000024
visitor 0,713350 0,000279
voice 0,020203 0,000008
voices 0,287682 0,000112
void 0,274437 0,000107
volunteer 0,478036 0,000187
volunteers 0,430783 0,000168
voyage 0,653926 0,000256
wagon 1,171183 0,000458
wailed 1,832581 0,000716
waist 0,713350 0,000279
wait 0,094311 0,000037
waited 0,198451 0,000078
waiting 0,083382 0,000033
wake 0,462035 0,000181
walked 0,210721 0,000082
walking 0,083382 0,000033
walks 0,162519 0,000064
walls 0,139262 0,000054
wandering 0,274437 0,000107
warm 0,139262 0,000054
warning 0,248461 0,000097
warningly 2,407946 0,000941
warranties 0,562119 0,000220
warranty 0,544727 0,000213
washing 0,579818 0,000227
watch 0,094311 0,000037
watched 0,210721 0,000082
watching 0,210721 0,000082
water 0,051293 0,000020
wavered 1,660731 0,000649
wear 0,274437 0,000107
wearing 0,415515 0,000162
weather 0,248461 0,000097
week 0,235722 0,000092
weeks 0,248461 0,000097
weigh 0,579818 0,000227
weight 0,116534 0,000046
weird 1,309333 0,000512
west 0,083382 0,000033
westering 2,659260 0,001039
wet 0,287682 0,000112
wetted 1,832581 0,000716
wharf 1,469676 0,000574
whatsoever 0,287682 0,000112
wheel 0,446287 0,000174
wherefore 1,139434 0,000445
whimpered 2,525729 0,000987
whisk 2,525729 0,000987
whisker 2,525729 0,000987
whiskered 2,525729 0,000987
whiskers 1,171183 0,000458
whisper 0,446287 0,000174
whispered 0,400478 0,000156
whispering 0,820981 0,000321
whispers 1,049822 0,000410
whistle 0,843970 0,000330
whistling 0,916291 0,000358
white 0,051293 0,000020
wholly 0,400478 0,000156
wickedness 0,916291 0,000358
wide 0,061875 0,000024
widest 0,446287 0,000174
wife 0,094311 0,000037
wig 1,309333 0,000512
wild 0,051293 0,000020
wildly 0,776529 0,000303
wiles 1,771957 0,000692
wind 0,105361 0,000041
windings 1,560648 0,000610
winds 0,494296 0,000193
winking 1,309333 0,000512
wise 0,105361 0,000041
wisely 0,653926 0,000256
witchcraft 1,714798 0,000670
witness 0,198451 0,000078
wonderful 0,162519 0,000064
word 0,020203 0,000008
wore 0,274437 0,000107
worried 0,867501 0,000339
worse 0,083382 0,000033
worth 0,061875 0,000024
wretch 0,733969 0,000287
wretched 0,328504 0,000128
wretchedness 1,139434 0,000445
write 0,150823 0,000059
writing 0,061875 0,000024
written 0,051293 0,000020
wrong 0,083382 0,000033
yankee 1,897120 0,000741
yard 0,430783 0,000168
yards 0,400478 0,000156
yawn 1,309333 0,000512
yawned 1,272966 0,000497
yearning 1,609438 0,000629
yell 1,203973 0,000470
yelled 1,427116 0,000558
yelling 1,514128 0,000592
zeal 0,579818 0,000227
