abandoning 1,469676 0,000557
abhorred 1,560648 0,000592
abide 0,287682 0,000109
abject 1,049822 0,000398
abode 0,616186 0,000234
abrupt 0,994252 0,000377
abruptly 0,843970 0,000320
absence 0,274437 0,000104
absorbed 0,634878 0,000241
abstain 1,309333 0,000497
abstractedness 3,912023 0,001484
abyss 1,049822 0,000398
accents 1,272966 0,000483
accept 0,094311 0,000036
acceptation 2,302585 0,000873
accepted 0,139262 0,000053
accepting 0,287682 0,000109
access 0,314711 0,000119
accessed 0,562119 0,000213
accessible 0,446287 0,000169
accompanied 0,223144 0,000085
accompanying 0,820981 0,000311
accomplishment 1,139434 0,000432
account 0,010050 0,000004
accounts 0,597837 0,000227
accurate 0,941609 0,000357
accursed 1,108663 0,000420
accustomed 0,287682 0,000109
acquaintance 0,301105 0,000114
acquainted 0,385662 0,000146
action 0,139262 0,000053
actions 0,356675 0,000135
active 0,127833 0,000048
actual 0,174353 0,000066
adapted 0,798508 0,000303
add 0,198451 0,000075
addition 0,116534 0,000044
additional 0,198451 0,000075
additions 0,371064 0,000141
address 0,116534 0,000044
addressed 0,274437 0,000104
addresses 0,385662 0,000146
adduced 2,207275 0,000837
admire 0,527633 0,000200
adorned 0,941609 0,000357
adultress 3,912023 0,001484
advance 0,223144 0,000085
advanced 0,274437 0,000104
advancing 0,579818 0,000220
advice 0,186330 0,000071
affairs 0,235722 0,000089
affectation 1,108663 0,000420
affection 0,235722 0,000089
affections 0,798508 0,000303
affirmed 1,309333 0,000497
afflicted 0,693147 0,000263
affluent 2,525729 0,000958
afraid 0,105361 0,000040
afrits 3,912023 0,001484
age 0,051293 0,000019
aged 0,198451 0,000075
agency 1,203973 0,000457
agent 0,274437 0,000104
agents 0,967584 0,000367
ages 0,261365 0,000099
agitating 2,525729 0,000958
agony 0,544727 0,000207
agree 0,116534 0,000044
agreed 0,116534 0,000044
agreement 0,210721 0,000080
airy 1,237874 0,000469
ak 1,347074 0,000511
alarm 0,356675 0,000135
album 2,207275 0,000837
alienated 2,040221 0,000774
alike 0,287682 0,000109
alive 0,051293 0,000019
alluded 1,139434 0,000432
alms 1,309333 0,000497
aloud 0,301105 0,000114
alps 1,560648 0,000592
alteration 0,314711 0,000119
alternate 0,328504 0,000125
altogether 0,198451 0,000075
amply 0,967584 0,000367
ancient 0,198451 0,000075
anecdotes 1,427116 0,000541
animal 0,261365 0,000099
animated 0,755023 0,000286
annexed 1,469676 0,000557
anonymous 1,714798 0,000650
answer 0,040822 0,000015
answered 0,072571 0,000028
answers 0,415515 0,000158
antagonist 1,309333 0,000497
antiquarian 2,207275 0,000837
antiquary 2,995732 0,001136
antiquities 2,040221 0,000774
anxiety 0,287682 0,000109
anxious 0,261365 0,000099
anxiously 0,693147 0,000263
apace 1,771957 0,000672
apartment 0,693147 0,000263
apartments 0,994252 0,000377
apathetic 2,120264 0,000804
apologies 1,237874 0,000469
apparent 0,314711 0,000119
appealed 1,021651 0,000387
appearance 0,083382 0,000032
appetite 0,371064 0,000141
applause 0,967584 0,000367
applicable 0,400478 0,000152
apply 0,162519 0,000062
appointed 0,356675 0,000135
apprentices 2,407946 0,000913
approach 0,083382 0,000032
approached 0,248461 0,000094
approaching 0,235722 0,000089
approving 1,427116 0,000541
arabian 1,309333 0,000497
arabians 2,659260 0,001008
archipelago 2,207275 0,000837
architect 1,309333 0,000497
architecture 1,108663 0,000420
archive 0,544727 0,000207
arm 0,094311 0,000036
armenian 2,659260 0,001008
arms 0,051293 0,000019
arnold 2,302585 0,000873
arranging 0,820981 0,000311
array 0,314711 0,000119
arrival 0,356675 0,000135
arrive 0,314711 0,000119
arrived 0,150823 0,000057
art 0,139262 0,000053
articles 0,527633 0,000200
arts 0,597837 0,000227
ascertained 1,021651 0,000387
ascii 0,562119 0,000213
ashamed 0,248461 0,000094
ashes 0,462035 0,000175
assembled 0,510826 0,000194
assemblies 1,514128 0,000574
assembly 0,891598 0,000338
assent 0,916291 0,000347
assignation 2,813411 0,001067
assist 0,510826 0,000194
assistance 0,105361 0,000040
associating 2,040221 0,000774
associations 1,139434 0,000432
assume 0,478036 0,000181
assumed 0,385662 0,000146
assured 0,301105 0,000114
astonished 0,301105 0,000114
astonishing 0,653926 0,000248
ataghans 3,912023 0,001484
ate 0,415515 0,000158
athens 1,386294 0,000526
atmosphere 0,579818 0,000220
attach 0,967584 0,000367
attached 0,127833 0,000048
attaching 1,514128 0,000574
attacks 0,867501 0,000329
attained 0,494296 0,000187
attaining 1,203973 0,000457
attempt 0,083382 0,000032
attempted 0,356675 0,000135
attend 0,301105 0,000114
attendance 0,798508 0,000303
attendant 0,733969 0,000278
attendants 1,108663 0,000420
attended 0,342490 0,000130
attending 0,713350 0,000271
attention 0,083382 0,000032
attentions 1,049822 0,000398
attract 0,634878 0,000241
attracted 0,356675 0,000135
attributed 0,867501 0,000329
attributing 2,040221 0,000774
aubrey 3,506558 0,001330
aught 0,891598 0,000338
austria 1,966113 0,000746
author 0,116534 0,000044
availed 1,272966 0,000483
averse 1,049822 0,000398
avert 1,514128 0,000574
avoid 0,174353 0,000066
avoidance 2,040221 0,000774
avoided 0,371064 0,000141
awaiting 0,693147 0,000263
aware 0,223144 0,000085
awe 0,597837 0,000227
awful 0,328504 0,000125
awning 2,302585 0,000873
bade 0,597837 0,000227
baffled 1,171183 0,000444
bailiff 2,407946 0,000913
balcony 1,514128 0,000574
balls 0,798508 0,000303
balustrade 1,897120 0,000719
banker 1,309333 0,000497
banquet 1,272966 0,000483
barbarian 1,714798 0,000650
bargaining 1,897120 0,000719
base 0,301105 0,000114
based 0,371064 0,000141
bashfulness 1,966113 0,000746
bask 2,120264 0,000804
battles 0,916291 0,000347
bay 0,544727 0,000207
bear 0,061875 0,000023
bearing 0,162519 0,000062
beauties 0,820981 0,000311
beautiful 0,083382 0,000032
beauty 0,174353 0,000066
bed 0,051293 0,000019
bedchamber 1,897120 0,000719
beg 0,210721 0,000080
beggar 0,733969 0,000278
begged 0,462035 0,000175
beholding 1,021651 0,000387
belief 0,198451 0,000075
belong 0,235722 0,000089
belonging 0,527633 0,000200
belongs 0,415515 0,000158
beloved 0,415515 0,000158
beneath 0,198451 0,000075
benevolence 1,049822 0,000398
benevolent 1,021651 0,000387
benumbed 2,040221 0,000774
besought 1,309333 0,000497
bestowed 0,562119 0,000213
betted 2,813411 0,001067
bewildered 0,843970 0,000320
binary 0,562119 0,000213
bird 0,235722 0,000089
birth 0,301105 0,000114
bitter 0,235722 0,000089
black 0,072571 0,000028
blast 0,693147 0,000263
bless 0,430783 0,000163
blighted 1,771957 0,000672
blood 0,116534 0,000044
bloom 0,798508 0,000303
blue 0,174353 0,000066
blush 0,693147 0,000263
board 0,314711 0,000119
boast 0,430783 0,000163
boat 0,446287 0,000169
boats 0,820981 0,000311
bodies 0,174353 0,000066
body 0,030459 0,000012
bonnet 1,139434 0,000432
book 0,061875 0,000023
books 0,139262 0,000053
borders 0,994252 0,000377
borne 0,261365 0,000099
bosom 0,462035 0,000175
bound 0,030459 0,000012
boundaries 1,514128 0,000574
bounties 2,525729 0,000958
bradshaw 2,813411 0,001067
brain 0,356675 0,000135
branch 0,385662 0,000146
branches 0,371064 0,000141
breach 0,274437 0,000104
break 0,083382 0,000032
breast 0,210721 0,000080
breasts 0,891598 0,000338
breath 0,174353 0,000066
breathe 0,478036 0,000181
breathed 0,494296 0,000187
breathing 0,462035 0,000175
breeze 0,713350 0,000271
bribe 1,309333 0,000497
bride 0,820981 0,000311
bridegroom 1,237874 0,000469
bright 0,116534 0,000044
brightened 0,967584 0,000367
brightening 1,469676 0,000557
brighter 0,776529 0,000294
brilliancy 1,609438 0,000610
brilliant 0,430783 0,000163
bring 0,010050 0,000004
british 0,843970 0,000320
broad 0,139262 0,000053
broke 0,116534 0,000044
broken 0,061875 0,000023
bronze 1,237874 0,000469
brother 0,127833 0,000048
brought 0,010050 0,000004
brow 0,544727 0,000207
brushwood 2,040221 0,000774
brussels 2,659260 0,001008
built 0,150823 0,000057
bullets 1,347074 0,000511
burial 0,994252 0,000377
buried 0,248461 0,000094
burned 0,400478 0,000152
burst 0,287682 0,000109
bursting 0,713350 0,000271
bury 0,776529 0,000294
bushes 0,733969 0,000278
business 0,040822 0,000015
bust 1,272966 0,000483
busy 0,223144 0,000085
butterfly 1,427116 0,000541
byron 1,660731 0,000630
cabin 0,916291 0,000347
calais 2,407946 0,000913
calculate 0,328504 0,000125
calculated 0,174353 0,000066
candles 0,755023 0,000286
candour 1,771957 0,000672
cane 0,916291 0,000347
canopying 3,912023 0,001484
canto 2,407946 0,000913
canvass 2,659260 0,001008
capable 0,261365 0,000099
card 0,223144 0,000085
care 0,000000 0,000000
career 0,478036 0,000181
caresses 1,386294 0,000526
carpet 0,653926 0,000248
carriage 0,446287 0,000169
carriages 0,820981 0,000311
carried 0,030459 0,000012
carry 0,030459 0,000012
carrying 0,083382 0,000032
cascades 2,813411 0,001067
cat 0,562119 0,000213
catastrophe 1,108663 0,000420
cattle 0,544727 0,000207
caution 0,527633 0,000200
cave 0,776529 0,000294
cease 0,139262 0,000053
celebrated 0,562119 0,000213
censure 1,108663 0,000420
centre 0,462035 0,000175
centres 1,771957 0,000672
certainty 0,342490 0,000130
chair 0,274437 0,000104
chairs 0,579818 0,000220
chamber 0,400478 0,000152
chanced 0,843970 0,000320
change 0,010050 0,000004
changed 0,051293 0,000019
character 0,061875 0,000023
characters 0,430783 0,000163
charge 0,051293 0,000019
charges 0,223144 0,000085
charitable 0,287682 0,000109
charities 0,494296 0,000187
charity 0,494296 0,000187
charm 0,544727 0,000207
charms 0,755023 0,000286
check 0,174353 0,000066
checks 0,478036 0,000181
cheek 0,430783 0,000163
chest 0,371064 0,000141
chief 0,094311 0,000036
chiefly 0,527633 0,000200
child 0,072571 0,000028
childe 2,813411 0,001067
childhood 0,527633 0,000200
children 0,072571 0,000028
choose 0,083382 0,000032
chords 1,660731 0,000630
christabel 3,506558 0,001330
christianity 1,347074 0,000511
chronicling 3,912023 0,001484
church 0,261365 0,000099
churches 0,994252 0,000377
circle 0,223144 0,000085
circles 0,733969 0,000278
circling 1,203973 0,000457
circumstance 0,446287 0,000169
circumstances 0,162519 0,000062
cited 1,560648 0,000592
city 0,051293 0,000019
claim 0,116534 0,000044
claimed 0,843970 0,000320
classical 1,237874 0,000469
cleaves 2,407946 0,000913
clergyman 1,108663 0,000420
climates 2,207275 0,000837
climb 0,693147 0,000263
close 0,051293 0,000019
closed 0,116534 0,000044
closely 0,223144 0,000085
closet 1,139434 0,000432
clothes 0,127833 0,000048
cloud 0,301105 0,000114
clustering 1,832581 0,000695
coarse 0,478036 0,000181
codes 0,510826 0,000194
coincidences 2,207275 0,000837
cold 0,040822 0,000015
collected 0,415515 0,000158
collection 0,174353 0,000066
colour 0,527633 0,000200
coloured 0,693147 0,000263
colours 0,713350 0,000271
combination 0,693147 0,000263
combined 0,713350 0,000271
comet 2,040221 0,000774
comfort 0,150823 0,000057
commander 0,967584 0,000367
commercial 0,274437 0,000104
committed 0,150823 0,000057
common 0,072571 0,000028
companion 0,248461 0,000094
company 0,020203 0,000008
compelled 0,527633 0,000200
compensation 1,108663 0,000420
compilation 0,494296 0,000187
complained 0,562119 0,000213
complete 0,150823 0,000057
completed 0,446287 0,000169
completely 0,274437 0,000104
compliance 0,342490 0,000130
comply 0,342490 0,000130
complying 0,446287 0,000169
composedly 2,040221 0,000774
compressed 0,342490 0,000130
comrade 0,967584 0,000367
comrades 0,967584 0,000367
conceal 0,301105 0,000114
concealed 0,415515 0,000158
conceived 0,462035 0,000175
concept 0,544727 0,000207
concerned 0,287682 0,000109
concluded 0,356675 0,000135
conclusions 0,916291 0,000347
conduct 0,198451 0,000075
conducted 0,415515 0,000158
conductor 1,108663 0,000420
conductress 2,659260 0,001008
confess 0,198451 0,000075
confine 0,755023 0,000286
confined 0,385662 0,000146
confirmation 0,356675 0,000135
confirmed 0,174353 0,000066
congeries 3,506558 0,001330
congratulate 1,078810 0,000409
conjectures 1,078810 0,000409
conjured 2,207275 0,000837
conjuring 2,525729 0,000958
conscience 0,314711 0,000119
conscious 0,314711 0,000119
consented 0,562119 0,000213
consequence 0,328504 0,000125
consequential 0,478036 0,000181
considerable 0,105361 0,000040
considerably 0,776529 0,000294
consideration 0,274437 0,000104
consisted 0,562119 0,000213
consoled 1,108663 0,000420
conspired 1,897120 0,000719
constant 0,051293 0,000019
constantinople 1,832581 0,000695
constantly 0,371064 0,000141
construction 0,755023 0,000286
consulted 0,673345 0,000255
consumptions 3,506558 0,001330
contact 0,210721 0,000080
contemplated 1,078810 0,000409
contemplation 0,527633 0,000200
contempt 0,446287 0,000169
contemptible 1,078810 0,000409
content 0,186330 0,000071
contents 0,094311 0,000036
contest 1,021651 0,000387
continent 0,891598 0,000338
continued 0,072571 0,000028
contract 0,261365 0,000099
contradiction 0,967584 0,000367
contrasted 1,171183 0,000444
contributing 1,714798 0,000650
contributions 0,430783 0,000163
convalescence 1,897120 0,000719
conversation 0,186330 0,000071
converse 0,776529 0,000294
conversed 1,203973 0,000457
convert 0,385662 0,000146
convey 0,544727 0,000207
conveyed 0,634878 0,000241
convinced 0,287682 0,000109
convulsive 1,272966 0,000483
cooling 1,272966 0,000483
coppet 3,912023 0,001484
copying 0,494296 0,000187
copyright 0,415515 0,000158
corner 0,127833 0,000048
cornices 2,525729 0,000958
corporation 0,462035 0,000175
corpse 0,693147 0,000263
corrupt 0,274437 0,000104
corruption 0,820981 0,000311
corse 2,813411 0,001067
corses 3,218876 0,001221
cost 0,105361 0,000040
costs 0,287682 0,000109
cottage 0,798508 0,000303
cottager 3,506558 0,001330
cotton 0,891598 0,000338
couch 0,733969 0,000278
count 0,248461 0,000094
countenance 0,415515 0,000158
countenances 1,237874 0,000469
countess 1,771957 0,000672
countries 0,235722 0,000089
country 0,010050 0,000004
countryman 1,347074 0,000511
countrymen 1,108663 0,000420
courage 0,150823 0,000057
court 0,127833 0,000048
courting 1,560648 0,000592
covered 0,139262 0,000053
cow 0,733969 0,000278
crags 1,832581 0,000695
crashing 1,386294 0,000526
craving 1,272966 0,000483
created 0,116534 0,000044
creating 0,342490 0,000130
creation 0,235722 0,000089
credible 1,714798 0,000650
credit 0,094311 0,000036
crime 0,314711 0,000119
crimes 0,653926 0,000248
critical 0,235722 0,000089
cross 0,139262 0,000053
crossed 0,301105 0,000114
crossing 0,462035 0,000175
crowd 0,198451 0,000075
crowded 0,301105 0,000114
crown 0,314711 0,000119
cultivated 0,693147 0,000263
cunning 0,462035 0,000175
curiosity 0,223144 0,000085
curious 0,261365 0,000099
currency 1,897120 0,000719
current 0,127833 0,000048
curse 0,510826 0,000194
curses 0,867501 0,000329
cursing 1,203973 0,000457
custody 1,560648 0,000592
customary 0,653926 0,000248
cut 0,040822 0,000015
dagger 1,203973 0,000457
daggers 2,040221 0,000774
daily 0,248461 0,000094
dallying 3,218876 0,001221
damage 0,261365 0,000099
damaged 0,356675 0,000135
damages 0,400478 0,000152
damps 2,813411 0,001067
dance 0,356675 0,000135
danced 0,653926 0,000248
dancing 0,371064 0,000141
dangerous 0,150823 0,000057
dangers 0,597837 0,000227
daring 0,843970 0,000320
dark 0,051293 0,000019
darkness 0,186330 0,000071
data 0,494296 0,000187
daughter 0,261365 0,000099
daughters 0,510826 0,000194
day 0,000000 0,000000
days 0,020203 0,000008
dead 0,072571 0,000028
deadly 0,478036 0,000181
dearly 0,776529 0,000294
death 0,020203 0,000008
decay 0,634878 0,000241
deceased 1,078810 0,000409
decline 0,673345 0,000255
decorated 1,021651 0,000387
decreased 2,040221 0,000774
deductible 0,562119 0,000213
deeds 0,527633 0,000200
deemed 0,755023 0,000286
deeper 0,328504 0,000125
deeply 0,261365 0,000099
defect 0,328504 0,000125
defective 0,356675 0,000135
defects 0,301105 0,000114
defence 0,597837 0,000227
defended 0,653926 0,000248
defile 1,609438 0,000610
definite 0,755023 0,000286
deformity 1,609438 0,000610
degradation 1,108663 0,000420
degree 0,198451 0,000075
delay 0,287682 0,000109
delayed 0,616186 0,000234
deletions 0,562119 0,000213
delicate 0,301105 0,000114
delicately 1,171183 0,000444
delight 0,162519 0,000062
delirious 1,386294 0,000526
delirium 1,237874 0,000469
deliver 0,494296 0,000187
demand 0,127833 0,000048
demon 1,139434 0,000432
denied 0,287682 0,000109
denoting 2,040221 0,000774
denounced 1,609438 0,000610
depart 0,400478 0,000152
departed 0,356675 0,000135
departure 0,430783 0,000163
depending 1,309333 0,000497
depends 0,198451 0,000075
depicted 1,427116 0,000541
deposition 2,659260 0,001008
deprived 0,579818 0,000220
depths 0,446287 0,000169
deranged 1,660731 0,000630
derivative 0,510826 0,000194
derive 0,342490 0,000130
derived 0,248461 0,000094
descended 0,400478 0,000152
description 0,274437 0,000104
descriptions 1,108663 0,000420
deserted 0,385662 0,000146
desire 0,072571 0,000028
desired 0,150823 0,000057
desiring 0,916291 0,000347
desirous 0,634878 0,000241
desolated 2,207275 0,000837
destitute 0,916291 0,000347
destroy 0,127833 0,000048
destroyed 0,274437 0,000104
destroyer 1,714798 0,000650
destructive 1,049822 0,000398
detach 0,446287 0,000169
detain 0,820981 0,000311
detained 0,867501 0,000329
detected 0,776529 0,000294
determine 0,210721 0,000080
determined 0,174353 0,000066
developed 0,544727 0,000207
deviation 1,897120 0,000719
devoted 0,301105 0,000114
devouring 1,078810 0,000409
devout 1,203973 0,000457
died 0,061875 0,000023
difference 0,198451 0,000075
dining 0,510826 0,000194
dinner 0,198451 0,000075
direct 0,083382 0,000032
directed 0,287682 0,000109
direction 0,083382 0,000032
director 0,798508 0,000303
disappeared 0,356675 0,000135
disbelieve 2,207275 0,000837
disclaim 0,510826 0,000194
disclaimer 0,562119 0,000213
disclaimers 0,562119 0,000213
disclose 1,272966 0,000483
discontinue 0,544727 0,000207
discover 0,083382 0,000032
discovered 0,051293 0,000019
dishonoured 2,813411 0,001067
disk 0,446287 0,000169
dismounting 2,525729 0,000958
disorder 0,579818 0,000220
dispelled 1,771957 0,000672
display 0,261365 0,000099
displayed 0,198451 0,000075
displaying 0,342490 0,000130
disposition 0,400478 0,000152
dissertations 2,525729 0,000958
dissipations 2,995732 0,001136
distance 0,105361 0,000040
distanced 2,995732 0,001136
distended 1,897120 0,000719
distinctly 0,478036 0,000181
distinguished 0,301105 0,000114
distracted 0,798508 0,000303
distress 0,274437 0,000104
distribute 0,400478 0,000152
distributed 0,248461 0,000094
distributing 0,446287 0,000169
distribution 0,430783 0,000163
distributor 0,562119 0,000213
disturbed 0,356675 0,000135
division 0,653926 0,000248
doctrine 0,733969 0,000278
domain 0,328504 0,000125
domestic 0,527633 0,000200
dominick 3,912023 0,001484
donate 0,562119 0,000213
donation 0,494296 0,000187
donations 0,494296 0,000187
donors 0,527633 0,000200
doomed 0,941609 0,000357
door 0,040822 0,000015
doubt 0,040822 0,000015
doubts 0,494296 0,000187
downloading 0,562119 0,000213
dozen 0,446287 0,000169
drain 1,272966 0,000483
drawing 0,139262 0,000053
drawn 0,094311 0,000036
dread 0,371064 0,000141
dreadful 0,342490 0,000130
dreadfully 1,021651 0,000387
dreams 0,274437 0,000104
dress 0,186330 0,000071
drew 0,162519 0,000062
drinking 0,371064 0,000141
drip 1,966113 0,000746
driven 0,127833 0,000048
drops 0,544727 0,000207
dungeon 1,427116 0,000541
duty 0,083382 0,000032
dwelling 0,494296 0,000187
dwelt 0,713350 0,000271
dying 0,261365 0,000099
eager 0,210721 0,000080
eagerness 0,544727 0,000207
ear 0,139262 0,000053
earl 1,771957 0,000672
earnest 0,261365 0,000099
earnestly 0,415515 0,000158
earnestness 0,867501 0,000329
ears 0,105361 0,000040
earth 0,051293 0,000019
earthquake 1,139434 0,000432
easily 0,072571 0,000028
east 0,235722 0,000089
easy 0,040822 0,000015
eating 0,235722 0,000089
ebbs 2,813411 0,001067
eccentric 0,916291 0,000347
eccentricities 1,966113 0,000746
echoed 0,798508 0,000303
echoing 1,660731 0,000630
edition 0,287682 0,000109
editions 0,385662 0,000146
educational 0,446287 0,000169
effaced 1,514128 0,000574
effort 0,094311 0,000036
efforts 0,139262 0,000053
effusion 1,897120 0,000719
egypt 0,891598 0,000338
eighteen 0,462035 0,000175
elapsed 0,967584 0,000367
elasticity 1,897120 0,000719
elder 0,478036 0,000181
elect 0,328504 0,000125
electronic 0,544727 0,000207
electronically 0,544727 0,000207
elegantly 1,714798 0,000650
emaciated 1,832581 0,000695
email 0,562119 0,000213
embarrassed 0,916291 0,000347
embassy 1,560648 0,000592
embraces 1,049822 0,000398
emerald 1,386294 0,000526
emitting 2,659260 0,001008
emotion 0,494296 0,000187
empires 1,832581 0,000695
employed 0,415515 0,000158
employee 0,527633 0,000200
employees 0,544727 0,000207
employing 1,171183 0,000444
enable 0,579818 0,000220
encoding 0,653926 0,000248
encountered 0,798508 0,000303
endeavoured 1,139434 0,000432
endeavouring 1,078810 0,000409
enemies 0,314711 0,000119
enemy 0,174353 0,000066
engaged 0,198451 0,000075
engaging 0,967584 0,000367
england 0,385662 0,000146
english 0,094311 0,000036
engrossed 1,609438 0,000610
enhance 1,771957 0,000672
enjoyed 0,415515 0,000158
enjoying 0,579818 0,000220
ennui 1,832581 0,000695
enormous 0,430783 0,000163
enquiries 2,813411 0,001067
enquiring 2,407946 0,000913
ensued 0,994252 0,000377
ensuing 1,427116 0,000541
ensure 1,514128 0,000574
ensuring 0,544727 0,000207
entangled 1,237874 0,000469
enter 0,094311 0,000036
entered 0,051293 0,000019
entering 0,356675 0,000135
entitled 0,733969 0,000278
entity 0,544727 0,000207
entrance 0,210721 0,000080
entry 0,820981 0,000311
epicure 2,659260 0,001008
epoch 1,347074 0,000511
equality 0,967584 0,000367
equipment 0,430783 0,000163
ere 0,634878 0,000241
error 0,371064 0,000141
errors 0,248461 0,000094
escape 0,094311 0,000036
escaped 0,235722 0,000089
establishment 0,713350 0,000271
esteem 0,494296 0,000187
europe 0,510826 0,000194
evening 0,083382 0,000032
evenings 0,798508 0,000303
events 0,223144 0,000085
evident 0,356675 0,000135
evidently 0,371064 0,000141
evil 0,162519 0,000062
evils 0,798508 0,000303
evinced 1,660731 0,000630
exalted 0,673345 0,000255
examination 0,385662 0,000146
examining 0,446287 0,000169
excellent 0,150823 0,000057
excessive 0,597837 0,000227
exchanged 0,579818 0,000220
excite 0,843970 0,000320
excited 0,248461 0,000094
excitement 0,430783 0,000163
exclusion 0,371064 0,000141
excursion 1,171183 0,000444
excursions 1,469676 0,000557
excuse 0,174353 0,000066
executive 1,171183 0,000444
exempt 0,371064 0,000141
exhibit 0,967584 0,000367
existed 0,510826 0,000194
existence 0,162519 0,000062
exists 0,235722 0,000089
expend 0,462035 0,000175
expense 0,150823 0,000057
expenses 0,210721 0,000080
experienced 0,356675 0,000135
expire 1,514128 0,000574
expired 1,347074 0,000511
explain 0,186330 0,000071
explanation 0,139262 0,000053
exporting 0,510826 0,000194
expose 0,755023 0,000286
exposed 0,301105 0,000114
exposing 1,386294 0,000526
express 0,127833 0,000048
expressing 0,713350 0,000271
expression 0,127833 0,000048
extant 1,832581 0,000695
extend 0,867501 0,000329
extensive 0,798508 0,000303
extent 0,083382 0,000032
external 0,562119 0,000213
externally 1,771957 0,000672
extract 1,078810 0,000409
extraordinary 0,371064 0,000141
extravagance 1,514128 0,000574
extravagant 0,916291 0,000347
exultant 1,897120 0,000719
exultation 1,203973 0,000457
eye 0,030459 0,000012
eyes 0,010050 0,000004
eyewitness 2,525729 0,000958
facility 0,356675 0,000135
faculties 0,693147 0,000263
faded 0,653926 0,000248
fading 0,967584 0,000367
fainting 0,776529 0,000294
fair 0,051293 0,000019
fairbanks 1,386294 0,000526
fairy 1,078810 0,000409
faithful 0,261365 0,000099
fall 0,020203 0,000008
fallen 0,083382 0,000032
falling 0,083382 0,000032
false 0,210721 0,000080
fame 0,478036 0,000181
families 0,430783 0,000163
family 0,072571 0,000028
fancy 0,198451 0,000075
fantasies 2,407946 0,000913
farm 0,798508 0,000303
faro 2,659260 0,001008
farthest 1,049822 0,000398
farthing 1,347074 0,000511
fashionable 0,916291 0,000347
fast 0,061875 0,000023
fatal 0,342490 0,000130
fate 0,174353 0,000066
father 0,072571 0,000028
fathers 0,478036 0,000181
fatigue 0,616186 0,000234
fattened 2,120264 0,000804
fault 0,162519 0,000062
favour 0,579818 0,000220
favourite 0,653926 0,000248
fear 0,020203 0,000008
feared 0,235722 0,000089
fearful 0,400478 0,000152
fearing 0,673345 0,000255
fears 0,274437 0,000104
feast 0,544727 0,000207
feature 0,562119 0,000213
features 0,328504 0,000125
fed 0,371064 0,000141
federal 0,527633 0,000200
fee 0,342490 0,000130
feed 0,462035 0,000175
feeding 0,616186 0,000234
feel 0,020203 0,000008
feeling 0,105361 0,000040
feelings 0,314711 0,000119
fees 0,415515 0,000158
feet 0,061875 0,000023
fell 0,051293 0,000019
fellow 0,051293 0,000019
felucca 3,912023 0,001484
female 0,385662 0,000146
females 1,309333 0,000497
fever 0,371064 0,000141
field 0,150823 0,000057
fiend 1,171183 0,000444
fiends 1,714798 0,000650
fierce 0,478036 0,000181
figure 0,072571 0,000028
file 0,235722 0,000089
files 0,478036 0,000181
financial 0,415515 0,000158
finding 1,309333 0,000497
fine 0,072571 0,000028
finer 1,021651 0,000387
fingers 0,235722 0,000089
fisherman 1,427116 0,000541
fit 0,061875 0,000023
fitness 0,446287 0,000169
fitted 0,261365 0,000099
flakes 1,609438 0,000610
flame 0,400478 0,000152
flat 0,248461 0,000094
flattered 0,843970 0,000320
fled 0,371064 0,000141
fleet 0,776529 0,000294
flickered 1,609438 0,000610
flitted 1,386294 0,000526
floating 0,597837 0,000227
floor 0,186330 0,000071
floors 1,309333 0,000497
florid 1,560648 0,000592
flow 0,462035 0,000175
flower 0,342490 0,000130
flowers 0,274437 0,000104
flowing 0,527633 0,000200
fluted 2,525729 0,000958
fly 0,210721 0,000080
foe 0,776529 0,000294
foiled 2,207275 0,000837
folds 0,755023 0,000286
foliage 0,916291 0,000347
follow 0,020203 0,000008
folly 0,301105 0,000114
fond 0,287682 0,000109
fondest 2,040221 0,000774
food 0,127833 0,000048
foot 0,083382 0,000032
footing 0,820981 0,000311
force 0,061875 0,000023
forced 0,139262 0,000053
forcing 0,693147 0,000263
forest 0,430783 0,000163
forewarn 2,659260 0,001008
forewarned 2,120264 0,000804
forget 0,072571 0,000028
forgetfulness 0,916291 0,000347
forgot 0,261365 0,000099
forked 1,714798 0,000650
form 0,040822 0,000015
format 0,562119 0,000213
formats 0,562119 0,000213
formed 0,210721 0,000080
forming 0,527633 0,000200
forms 0,248461 0,000094
forte 1,897120 0,000719
fortunate 0,415515 0,000158
fortune 0,186330 0,000071
foster 1,171183 0,000444
foundation 0,174353 0,000066
fountain 0,713350 0,000271
fourteen 0,616186 0,000234
fragment 1,108663 0,000420
frail 0,967584 0,000367
frank 0,616186 0,000234
frankenstein 3,506558 0,001330
frankly 0,798508 0,000303
frantic 0,820981 0,000311
freely 0,105361 0,000040
freemen 2,659260 0,001008
freeze 1,560648 0,000592
freezes 2,813411 0,001067
frequent 0,342490 0,000130
frequented 1,078810 0,000409
frequently 0,287682 0,000109
fresh 0,105361 0,000040
fret 1,272966 0,000483
friend 0,040822 0,000015
friends 0,020203 0,000008
fright 0,653926 0,000248
frivolities 2,995732 0,001136
frontiers 1,714798 0,000650
frown 1,078810 0,000409
fruit 0,274437 0,000104
fruitless 1,049822 0,000398
furnished 0,328504 0,000125
furniture 0,415515 0,000158
future 0,105361 0,000040
gain 0,174353 0,000066
gained 0,261365 0,000099
gaining 0,544727 0,000207
gains 0,916291 0,000347
gale 1,171183 0,000444
gambled 2,302585 0,000873
gambling 1,609438 0,000610
gather 0,328504 0,000125
gathered 0,150823 0,000057
gay 0,494296 0,000187
gaze 0,544727 0,000207
gazed 0,597837 0,000227
gazelle 2,995732 0,001136
gazing 0,597837 0,000227
generations 0,198451 0,000075
generosity 0,820981 0,000311
geneva 1,966113 0,000746
genevan 3,506558 0,001330
genius 0,400478 0,000152
gentleman 0,301105 0,000114
german 0,510826 0,000194
ghastly 0,867501 0,000329
ghost 0,544727 0,000207
giaour 3,218876 0,001221
gibbon 2,659260 0,001008
gilder 3,218876 0,001221
girl 0,235722 0,000089
girls 0,400478 0,000152
glad 0,072571 0,000028
gladly 0,544727 0,000207
glance 0,248461 0,000094
glare 0,843970 0,000320
glass 0,186330 0,000071
glassy 1,660731 0,000630
glee 1,309333 0,000497
glided 1,021651 0,000387
gloom 0,579818 0,000220
glorious 0,462035 0,000175
glory 0,342490 0,000130
glowing 0,510826 0,000194
glutted 2,407946 0,000913
gnashing 1,897120 0,000719
goals 0,544727 0,000207
godwin 2,995732 0,001136
govern 0,342490 0,000130
grace 0,235722 0,000089
gradually 0,328504 0,000125
granted 0,150823 0,000057
grapes 1,237874 0,000469
grappled 1,966113 0,000746
grasp 0,385662 0,000146
gratefully 0,415515 0,000158
gratification 0,994252 0,000377
gratified 1,171183 0,000444
grave 0,127833 0,000048
graves 0,994252 0,000377
grecian 1,427116 0,000541
greece 1,139434 0,000432
greek 0,544727 0,000207
greeks 0,994252 0,000377
green 0,105361 0,000040
gregory 1,139434 0,000432
grew 0,139262 0,000053
grey 0,562119 0,000213
grief 0,356675 0,000135
griefs 1,514128 0,000574
gross 0,235722 0,000089
grossly 1,386294 0,000526
ground 0,030459 0,000012
guard 0,174353 0,000066
guardian 0,693147 0,000263
guardians 1,427116 0,000541
guards 0,673345 0,000255
guessing 1,427116 0,000541
guidance 0,776529 0,000294
guide 0,261365 0,000099
guided 0,462035 0,000175
guides 1,108663 0,000420
guilt 0,544727 0,000207
guns 0,843970 0,000320
habits 0,356675 0,000135
haft 2,813411 0,001067
haggard 1,021651 0,000387
hair 0,094311 0,000036
hall 0,314711 0,000119
hand 0,010050 0,000004
hands 0,020203 0,000008
handsome 0,328504 0,000125
happen 0,150823 0,000057
happened 0,094311 0,000036
happiness 0,150823 0,000057
harass 1,714798 0,000650
harbour 1,078810 0,000409
harmless 0,248461 0,000094
harold 2,813411 0,001067
hart 0,462035 0,000175
haste 0,371064 0,000141
hastened 0,616186 0,000234
hastening 1,203973 0,000457
hasty 0,510826 0,000194
hatred 0,494296 0,000187
haunt 1,049822 0,000398
haunted 0,579818 0,000220
haunts 1,171183 0,000444
head 0,000000 0,000000
heads 0,094311 0,000036
health 0,198451 0,000075
hear 0,010050 0,000004
heard 0,020203 0,000008
hearing 0,139262 0,000053
heart 0,010050 0,000004
heartbreaking 2,525729 0,000958
hearted 0,415515 0,000158
heated 0,916291 0,000347
heavy 0,030459 0,000012
heed 0,693147 0,000263
heeding 1,714798 0,000650
heedless 1,272966 0,000483
heighten 2,302585 0,000873
heights 0,916291 0,000347
heinous 1,897120 0,000719
held 0,040822 0,000015
helpless 0,328504 0,000125
herewith 2,207275 0,000837
hermits 2,525729 0,000958
hero 0,544727 0,000207
hidden 0,248461 0,000094
hill 0,248461 0,000094
hills 0,356675 0,000135
hint 0,462035 0,000175
hinted 1,049822 0,000398
hitherto 0,385662 0,000146
hold 0,020203 0,000008
holder 0,446287 0,000169
hole 0,356675 0,000135
homer 1,203973 0,000457
honour 0,510826 0,000194
hope 0,010050 0,000004
hoped 0,210721 0,000080
hoping 0,430783 0,000163
horizon 0,616186 0,000234
horrible 0,356675 0,000135
horrified 1,272966 0,000483
horror 0,248461 0,000094
horrors 0,693147 0,000263
horse 0,162519 0,000062
horses 0,261365 0,000099
host 0,478036 0,000181
hour 0,083382 0,000032
hours 0,094311 0,000036
house 0,020203 0,000008
hovel 2,120264 0,000804
hue 0,798508 0,000303
hues 1,771957 0,000672
human 0,083382 0,000032
hung 0,174353 0,000066
hungary 2,302585 0,000873
hungry 0,328504 0,000125
hunters 1,171183 0,000444
hurled 1,171183 0,000444
hurried 0,356675 0,000135
hurrying 0,673345 0,000255
husband 0,248461 0,000094
hut 0,916291 0,000347
ida 2,040221 0,000774
idea 0,105361 0,000040
ideas 0,314711 0,000119
identical 0,994252 0,000377
identification 0,527633 0,000200
identify 0,415515 0,000158
idle 0,274437 0,000104
illness 0,616186 0,000234
illustrate 1,139434 0,000432
illustrative 2,407946 0,000913
image 0,371064 0,000141
imagination 0,223144 0,000085
imaginations 1,309333 0,000497
imagine 0,139262 0,000053
imagined 0,287682 0,000109
imbibed 1,966113 0,000746
imitating 1,427116 0,000541
immense 0,314711 0,000119
impart 1,078810 0,000409
impatience 0,634878 0,000241
impeded 1,771957 0,000672
impending 1,171183 0,000444
implied 0,371064 0,000141
implored 1,309333 0,000497
implying 2,040221 0,000774
importunity 1,714798 0,000650
imposed 0,210721 0,000080
impossibility 1,021651 0,000387
impossible 0,094311 0,000036
imprecate 2,995732 0,001136
impressed 0,510826 0,000194
impression 0,210721 0,000080
impudence 1,272966 0,000483
impulses 1,237874 0,000469
imputation 1,714798 0,000650
inaccurate 0,510826 0,000194
incapable 0,562119 0,000213
incidental 0,446287 0,000169
include 0,274437 0,000104
included 0,162519 0,000062
includes 0,462035 0,000175
including 0,139262 0,000053
incoherence 2,407946 0,000913
incoherences 2,995732 0,001136
incomplete 0,301105 0,000114
inconsolable 2,040221 0,000774
increased 0,248461 0,000094
increasing 0,127833 0,000048
incredulous 1,309333 0,000497
indemnify 0,527633 0,000200
indemnity 0,527633 0,000200
indifferent 0,400478 0,000152
indigence 2,207275 0,000837
indigent 2,302585 0,000873
indirect 0,446287 0,000169
indirectly 0,371064 0,000141
individual 0,150823 0,000057
individuals 0,673345 0,000255
induce 0,634878 0,000241
induced 0,527633 0,000200
inevitably 0,843970 0,000320
inexperience 1,427116 0,000541
infamy 1,203973 0,000457
infancy 0,916291 0,000347
infantile 2,407946 0,000913
infantine 2,659260 0,001008
infernal 0,843970 0,000320
influence 0,198451 0,000075
influenced 0,891598 0,000338
informed 0,371064 0,000141
informing 1,021651 0,000387
infringement 0,544727 0,000207
inhabitants 0,446287 0,000169
inheritance 0,798508 0,000303
iniquity 1,609438 0,000610
injuries 0,916291 0,000347
inmates 1,386294 0,000526
innocence 0,634878 0,000241
innocent 0,186330 0,000071
inquired 0,544727 0,000207
inquiries 0,653926 0,000248
insane 0,994252 0,000377
insanity 1,469676 0,000557
inscription 1,272966 0,000483
insisted 0,400478 0,000152
inspired 0,510826 0,000194
inspirer 3,218876 0,001221
instance 0,150823 0,000057
instant 0,210721 0,000080
instantly 0,356675 0,000135
insulting 1,203973 0,000457
integrity 1,203973 0,000457
intellect 0,693147 0,000263
intellectual 0,235722 0,000089
intended 0,174353 0,000066
intention 0,186330 0,000071
intentions 0,494296 0,000187
intently 0,891598 0,000338
internal 0,261365 0,000099
international 0,494296 0,000187
interpose 1,897120 0,000719
interposition 2,040221 0,000774
interpretation 1,078810 0,000409
interpreted 0,274437 0,000104
interval 0,579818 0,000220
intervals 0,510826 0,000194
intervene 2,120264 0,000804
intimacy 0,843970 0,000320
intimate 0,462035 0,000175
intreated 3,218876 0,001221
intrigues 1,714798 0,000650
introduced 0,356675 0,000135
introduction 0,400478 0,000152
invalid 1,139434 0,000432
invalidity 0,527633 0,000200
invent 0,798508 0,000303
invited 0,415515 0,000158
irregular 0,733969 0,000278
irresistible 0,653926 0,000248
irs 0,562119 0,000213
island 0,400478 0,000152
islands 0,755023 0,000286
isle 1,427116 0,000541
iso 1,897120 0,000719
isolated 0,994252 0,000377
issuing 1,078810 0,000409
italian 0,653926 0,000248
italy 0,820981 0,000311
john 0,328504 0,000125
jones 1,309333 0,000497
journal 0,941609 0,000357
joy 0,139262 0,000053
joyous 0,941609 0,000357
judgment 0,198451 0,000075
july 0,616186 0,000234
jura 2,813411 0,001067
justice 0,162519 0,000062
justified 0,693147 0,000263
justify 0,693147 0,000263
kindly 0,223144 0,000085
kindred 0,994252 0,000377
kissed 0,462035 0,000175
kneeling 0,798508 0,000303
knees 0,223144 0,000085
knowledge 0,061875 0,000023
lachryma 3,912023 0,001484
ladies 0,314711 0,000119
lady 0,248461 0,000094
ladyship 1,966113 0,000746
laid 0,072571 0,000028
lake 0,210721 0,000080
lamentable 1,469676 0,000557
landed 0,527633 0,000200
language 0,072571 0,000028
languishing 1,660731 0,000630
late 0,094311 0,000036
latin 0,653926 0,000248
laugh 0,127833 0,000048
laughed 0,248461 0,000094
laughing 0,248461 0,000094
laughter 0,274437 0,000104
law 0,030459 0,000012
laws 0,083382 0,000032
lay 0,051293 0,000019
leaden 1,237874 0,000469
leaders 0,820981 0,000311
leaning 0,301105 0,000114
leaps 1,386294 0,000526
learn 0,020203 0,000008
learned 0,105361 0,000040
learnt 0,713350 0,000271
leave 0,000000 0,000000
leaves 0,094311 0,000036
leaving 0,083382 0,000032
led 0,040822 0,000015
left 0,000000 0,000000
legal 0,261365 0,000099
legally 0,342490 0,000130
letter 0,116534 0,000044
letters 0,198451 0,000075
level 0,274437 0,000104
levity 1,660731 0,000630
liability 0,462035 0,000175
liable 0,235722 0,000089
liberality 1,347074 0,000511
library 0,223144 0,000085
license 0,301105 0,000114
licensed 0,430783 0,000163
licentious 2,120264 0,000804
lichen 2,302585 0,000873
lie 0,040822 0,000015
lies 0,162519 0,000062
lieu 0,415515 0,000158
life -0,009950 -0,000004
lifeless 1,108663 0,000420
lifted 0,274437 0,000104
light 0,010050 0,000004
lightning 0,478036 0,000181
limbs 0,274437 0,000104
limes 2,302585 0,000873
limitation 0,478036 0,000181
limited 0,261365 0,000099
limits 0,494296 0,000187
linen 0,527633 0,000200
linked 0,385662 0,000146
links 0,415515 0,000158
lip 0,673345 0,000255
lips 0,127833 0,000048
lire 3,912023 0,001484
listen 0,127833 0,000048
lit 0,653926 0,000248
literally 0,713350 0,000271
literary 0,287682 0,000109
litter 0,994252 0,000377
live 0,010050 0,000004
lived 0,061875 0,000023
livid 1,171183 0,000444
living 0,020203 0,000008
loaded 0,616186 0,000234
loathe 1,897120 0,000719
located 0,400478 0,000152
locations 0,544727 0,000207
lock 0,385662 0,000146
locket 2,207275 0,000837
lofty 0,494296 0,000187
london 0,415515 0,000158
lone 1,514128 0,000574
loose 0,105361 0,000040
lord 0,223144 0,000085
lords 0,843970 0,000320
lordship 1,771957 0,000672
lorraine 2,659260 0,001008
lose 0,094311 0,000036
losing 0,235722 0,000089
lost 0,020203 0,000008
lot 0,061875 0,000023
loud 0,174353 0,000066
love 0,051293 0,000019
loved 0,198451 0,000075
lovely 0,494296 0,000187
lover 0,385662 0,000146
lovers 0,673345 0,000255
loves 0,562119 0,000213
luckless 1,714798 0,000650
lust 0,891598 0,000338
lustre 1,171183 0,000444
luxurious 0,916291 0,000347
machine 0,248461 0,000094
madame 1,108663 0,000420
magic 0,673345 0,000255
magistrates 1,347074 0,000511
magnificently 1,514128 0,000574
mahomet 1,660731 0,000630
maid 0,446287 0,000169
main 0,127833 0,000048
maintaining 0,235722 0,000089
majestic 1,108663 0,000420
majesty 0,544727 0,000207
maledictions 3,218876 0,001221
malicious 0,941609 0,000357
maniac 2,040221 0,000774
mansion 0,867501 0,000329
mantle 0,820981 0,000311
marble 0,597837 0,000227
march 0,274437 0,000104
marginal 2,813411 0,001067
mark 0,127833 0,000048
marked 0,061875 0,000023
marking 1,203973 0,000457
marks 0,328504 0,000125
marriage 0,314711 0,000119
married 0,248461 0,000094
marry 0,430783 0,000163
marrying 0,867501 0,000329
mask 0,843970 0,000320
mass 0,301105 0,000114
masses 0,776529 0,000294
matron 1,660731 0,000630
mattress 1,427116 0,000541
maximum 0,478036 0,000181
measures 0,579818 0,000220
medium 0,223144 0,000085
meek 1,272966 0,000483
meet 0,010050 0,000004
melancholy 0,342490 0,000130
memorial 1,272966 0,000483
memorials 2,120264 0,000804
memory 0,174353 0,000066
mentioned 0,223144 0,000085
mentioning 0,941609 0,000357
mercenary 1,714798 0,000650
mercer 3,218876 0,001221
merchantmen 2,659260 0,001008
merit 0,544727 0,000207
messiah 2,302585 0,000873
met 0,040822 0,000015
method 0,094311 0,000036
methods 0,210721 0,000080
michael 0,400478 0,000152
middle 0,030459 0,000012
midnight 0,328504 0,000125
midst 0,287682 0,000109
miles 0,223144 0,000085
milliners 3,506558 0,001330
milton 1,609438 0,000610
mind 0,020203 0,000008
mingling 1,139434 0,000432
mining 1,832581 0,000695
minutes 0,235722 0,000089
mirrors 1,514128 0,000574
mirth 0,776529 0,000294
mischief 0,494296 0,000187
misery 0,301105 0,000114
misfortune 0,478036 0,000181
misfortunes 0,867501 0,000329
mission 0,210721 0,000080
mississippi 0,415515 0,000158
misty 1,309333 0,000497
mock 0,755023 0,000286
mocked 1,469676 0,000557
mockery 0,941609 0,000357
mocking 0,994252 0,000377
model 0,634878 0,000241
modern 0,314711 0,000119
modest 0,371064 0,000141
modesty 0,733969 0,000278
modification 0,494296 0,000187
modified 0,385662 0,000146
moment 0,010050 0,000004
money 0,051293 0,000019
monster 0,634878 0,000241
monsters 0,941609 0,000357
monstrous 0,400478 0,000152
months 0,094311 0,000036
monticule 3,912023 0,001484
monuments 1,171183 0,000444
moon 0,287682 0,000109
moral 0,301105 0,000114
morning 0,040822 0,000015
morose 1,469676 0,000557
mortal 0,400478 0,000152
mortification 1,049822 0,000398
mother 0,072571 0,000028
mothers 0,733969 0,000278
motive 0,597837 0,000227
motives 0,579818 0,000220
mount 0,494296 0,000187
mountain 0,400478 0,000152
mountains 0,400478 0,000152
mountebank 2,659260 0,001008
mounted 0,446287 0,000169
mouse 0,941609 0,000357
mouth 0,105361 0,000040
moveless 3,218876 0,001221
mud 0,478036 0,000181
mute 0,776529 0,000294
myrtle 1,966113 0,000746
mystery 0,301105 0,000114
naked 0,274437 0,000104
naples 1,272966 0,000483
narrated 1,469676 0,000557
narratives 2,207275 0,000837
narrow 0,105361 0,000040
nation 0,579818 0,000220
native 0,328504 0,000125
natives 1,203973 0,000457
nature 0,094311 0,000036
neck 0,186330 0,000071
neglected 0,400478 0,000152
neglecting 1,309333 0,000497
negligence 0,415515 0,000158
neighbourhood 0,776529 0,000294
neighbouring 0,891598 0,000338
network 0,415515 0,000158
newsletter 0,562119 0,000213
night 0,010050 0,000004
nightly 1,171183 0,000444
nights 0,235722 0,000089
nobleman 1,171183 0,000444
nobler 1,171183 0,000444
nocturnal 1,272966 0,000483
nonproprietary 0,562119 0,000213
noon 0,430783 0,000163
north 0,083382 0,000032
nose 0,274437 0,000104
note 0,127833 0,000048
notes 0,261365 0,000099
notice 0,030459 0,000012
notices 1,609438 0,000610
notifies 0,527633 0,000200
notify 2,040221 0,000774
notions 0,776529 0,000294
notoriety 1,897120 0,000719
november 0,544727 0,000207
novice 1,660731 0,000630
numerous 0,235722 0,000089
nuptial 2,207275 0,000837
nuptials 2,120264 0,000804
nurse 0,478036 0,000181
oath 0,510826 0,000194
obedient 0,544727 0,000207
object 0,127833 0,000048
objects 0,356675 0,000135
obliged 0,287682 0,000109
observation 0,446287 0,000169
observations 0,867501 0,000329
observe 0,235722 0,000089
observed 0,162519 0,000062
observing 0,510826 0,000194
obsolete 0,446287 0,000169
occasion 0,105361 0,000040
occasions 0,430783 0,000163
occupation 0,494296 0,000187
occupied 0,235722 0,000089
occur 0,150823 0,000057
occurred 0,261365 0,000099
october 0,653926 0,000248
odd 0,385662 0,000146
offence 0,579818 0,000220
offer 0,162519 0,000062
offered 0,139262 0,000053
offers 0,198451 0,000075
office 0,072571 0,000028
official 0,235722 0,000089
offspring 0,994252 0,000377
olive 0,994252 0,000377
online 0,510826 0,000194
openly 0,494296 0,000187
opinion 0,139262 0,000053
opportunities 0,235722 0,000089
opportunity 0,061875 0,000023
oranges 1,660731 0,000630
orbs 2,040221 0,000774
organized 0,356675 0,000135
orgies 1,966113 0,000746
original 0,105361 0,000040
originated 1,237874 0,000469
originator 0,527633 0,000200
ornamental 1,386294 0,000526
ornamented 1,171183 0,000444
orphan 0,891598 0,000338
outcast 1,386294 0,000526
outdated 0,562119 0,000213
outline 0,994252 0,000377
overcame 0,941609 0,000357
overpowered 1,049822 0,000398
overtook 1,108663 0,000420
owed 0,139262 0,000053
owner 0,116534 0,000044
paced 1,171183 0,000444
paces 0,673345 0,000255
pacify 1,660731 0,000630
paid 0,061875 0,000023
pain 0,174353 0,000066
paint 0,693147 0,000263
painter 1,021651 0,000387
painting 0,798508 0,000303
pair 0,235722 0,000089
pale 0,198451 0,000075
palermo 2,995732 0,001136
palm 0,494296 0,000187
pamphlets 2,040221 0,000774
paper 0,083382 0,000032
papers 0,385662 0,000146
paperwork 0,562119 0,000213
paradise 0,798508 0,000303
paragraph 0,328504 0,000125
paragraphs 0,494296 0,000187
parents 0,314711 0,000119
parlour 1,469676 0,000557
parma 2,525729 0,000958
paroxysm 1,514128 0,000574
partakers 2,207275 0,000837
participate 1,714798 0,000650
particulars 0,776529 0,000294
parties 0,371064 0,000141
partner 0,673345 0,000255
party 0,061875 0,000023
pass 0,040822 0,000015
passage 0,139262 0,000053
passages 0,527633 0,000200
passed 0,040822 0,000015
passing 0,094311 0,000036
passion 0,186330 0,000071
passions 0,478036 0,000181
patches 0,941609 0,000357
paternoster 2,813411 0,001067
path 0,198451 0,000075
paul 0,798508 0,000303
pay 0,051293 0,000019
paying 0,116534 0,000044
payments 0,415515 0,000158
peaceful 0,478036 0,000181
peak 1,171183 0,000444
peculiar 0,223144 0,000085
peculiarities 1,049822 0,000398
peculiarly 0,755023 0,000286
pelting 2,525729 0,000958
pen 0,371064 0,000141
pencil 0,634878 0,000241
penetrate 0,867501 0,000329
penetrating 0,967584 0,000367
peninsula 1,897120 0,000719
pensive 1,171183 0,000444
people 0,010050 0,000004
perceive 0,356675 0,000135
perceived 0,400478 0,000152
perceiving 0,867501 0,000329
percy 2,659260 0,001008
perforce 1,609438 0,000610
perform 0,150823 0,000057
performances 0,314711 0,000119
performed 0,127833 0,000048
performing 0,261365 0,000099
peril 0,867501 0,000329
periodic 0,544727 0,000207
permanent 0,223144 0,000085
permission 0,150823 0,000057
permitted 0,105361 0,000040
persisted 0,713350 0,000271
person 0,010050 0,000004
personification 2,040221 0,000774
persons 0,210721 0,000080
perspiration 1,237874 0,000469
persuading 1,049822 0,000398
peruse 2,207275 0,000837
perused 1,897120 0,000719
philanthropy 1,771957 0,000672
philosopher 0,798508 0,000303
phosphoric 3,506558 0,001330
phrase 0,174353 0,000066
physical 0,198451 0,000075
physician 0,693147 0,000263
piano 1,139434 0,000432
picture 0,248461 0,000094
pictured 1,049822 0,000398
pictures 0,415515 0,000158
picturesque 0,755023 0,000286
piece 0,072571 0,000028
pierce 0,916291 0,000347
pilgrims 1,714798 0,000650
pillars 0,867501 0,000329
pillow 0,776529 0,000294
pilot 1,139434 0,000432
pine 0,673345 0,000255
pinnacle 2,040221 0,000774
pistols 1,514128 0,000574
plain 0,040822 0,000015
plainly 0,261365 0,000099
plan 0,261365 0,000099
plans 0,371064 0,000141
plausible 1,078810 0,000409
play 0,072571 0,000028
playing 0,186330 0,000071
plead 0,867501 0,000329
pleasantry 1,469676 0,000557
pleased 0,150823 0,000057
pleasing 0,653926 0,000248
pleasure 0,051293 0,000019
pleasures 0,653926 0,000248
pledge 0,916291 0,000347
plinths 3,506558 0,001330
poem 0,967584 0,000367
poems 1,237874 0,000469
poet 0,597837 0,000227
poets 0,916291 0,000347
poland 1,832581 0,000695
pomp 1,021651 0,000387
poor 0,030459 0,000012
pores 2,525729 0,000958
port 0,579818 0,000220
portico 1,897120 0,000719
portion 0,356675 0,000135
portioned 2,659260 0,001008
portrait 0,634878 0,000241
positively 0,776529 0,000294
possessed 0,094311 0,000036
possession 0,083382 0,000032
possessor 1,139434 0,000432
possibility 0,162519 0,000062
posted 0,301105 0,000114
posterity 1,139434 0,000432
postilions 2,525729 0,000958
posting 1,660731 0,000630
posture 1,021651 0,000387
pour 0,544727 0,000207
power 0,030459 0,000012
powers 0,248461 0,000094
practically 0,235722 0,000089
praise 0,371064 0,000141
praying 0,798508 0,000303
precaution 0,941609 0,000357
preceding 0,755023 0,000286
precipices 1,897120 0,000719
preparation 0,579818 0,000220
prepare 0,162519 0,000062
prepared 0,105361 0,000040
presence 0,094311 0,000036
presentation 1,514128 0,000574
presentiment 1,427116 0,000541
preservation 1,049822 0,000398
preserve 0,150823 0,000057
press 0,274437 0,000104
pressed 0,274437 0,000104
pretence 0,891598 0,000338
pretended 0,562119 0,000213
pretends 1,714798 0,000650
pretext 0,941609 0,000357
pretty 0,150823 0,000057
prevails 1,427116 0,000541
prevalent 1,309333 0,000497
prevent 0,083382 0,000032
prevented 0,328504 0,000125
preventing 1,237874 0,000469
previous 0,094311 0,000036
prey 0,527633 0,000200
principal 0,287682 0,000109
print 0,261365 0,000099
printed 0,174353 0,000066
printer 1,897120 0,000719
proceed 0,301105 0,000114
processing 0,562119 0,000213
procured 0,733969 0,000278
produce 0,127833 0,000048
produced 0,105361 0,000040
production 0,314711 0,000119
profession 0,527633 0,000200
professor 0,287682 0,000109
profit 0,248461 0,000094
profits 0,314711 0,000119
profligate 2,120264 0,000804
profuse 1,609438 0,000610
progress 0,174353 0,000066
prohibition 0,430783 0,000163
project -0,009950 -0,000004
prolong 1,560648 0,000592
prometheus 2,302585 0,000873
prominently 0,494296 0,000187
promise 0,116534 0,000044
promised 0,198451 0,000075
promises 0,510826 0,000194
promoting 0,430783 0,000163
promotion 0,342490 0,000130
proof 0,287682 0,000109
proofread 0,562119 0,000213
propensity 1,514128 0,000574
proper 0,061875 0,000023
property 0,127833 0,000048
proposal 0,733969 0,000278
proposed 0,371064 0,000141
proprietary 0,562119 0,000213
protect 0,186330 0,000071
protection 0,314711 0,000119
protector 1,347074 0,000511
prove 0,174353 0,000066
proved 0,116534 0,000044
provide 0,162519 0,000062
providence 0,693147 0,000263
providing 0,261365 0,000099
provision 0,248461 0,000094
provisions 0,223144 0,000085
public 0,083382 0,000032
published 0,579818 0,000220
punishment 0,301105 0,000114
punitive 0,562119 0,000213
pupil 0,941609 0,000357
pure 0,150823 0,000057
purity 0,776529 0,000294
purpose 0,040822 0,000015
purposing 2,525729 0,000958
purser 2,813411 0,001067
pursuer 2,120264 0,000804
pursuit 0,328504 0,000125
pushed 0,400478 0,000152
quell 2,040221 0,000774
quest 0,776529 0,000294
question 0,051293 0,000019
quilts 2,407946 0,000913
quit 0,616186 0,000234
race 0,198451 0,000075
rack 1,237874 0,000469
radiate 3,218876 0,001221
rage 0,261365 0,000099
raging 0,653926 0,000248
rain 0,223144 0,000085
raised 0,061875 0,000023
raising 0,274437 0,000104
ramble 2,120264 0,000804
rambler 2,659260 0,001008
rank 0,287682 0,000109
ransom 1,386294 0,000526
rapid 0,371064 0,000141
rapidity 0,820981 0,000311
rapidly 0,371064 0,000141
rash 0,891598 0,000338
rattling 0,916291 0,000347
rave 2,120264 0,000804
ravings 2,525729 0,000958
ray 0,798508 0,000303
reach 0,051293 0,000019
reached 0,127833 0,000048
reaching 0,083382 0,000032
read 0,020203 0,000008
readable 0,510826 0,000194
reader 0,342490 0,000130
reading 0,061875 0,000023
real 0,040822 0,000015
realities 1,347074 0,000511
realm 1,021651 0,000387
rear 0,527633 0,000200
reason 0,010050 0,000004
reasonable 0,116534 0,000044
reasons 0,223144 0,000085
receipt 0,314711 0,000119
receive 0,083382 0,000032
received 0,040822 0,000015
receiving 0,116534 0,000044
recess 1,171183 0,000444
recited 1,771957 0,000672
recluse 2,207275 0,000837
recognised 0,891598 0,000338
recognized 0,820981 0,000311
recollection 0,616186 0,000234
reconciled 0,891598 0,000338
records 0,798508 0,000303
recount 2,040221 0,000774
recovered 0,385662 0,000146
recovery 0,616186 0,000234
redistribute 0,544727 0,000207
redistributing 0,562119 0,000213
redistribution 0,562119 0,000213
reduced 0,371064 0,000141
references 0,430783 0,000163
referred 0,616186 0,000234
reflection 0,356675 0,000135
refresh 1,272966 0,000483
refuge 0,446287 0,000169
refund 0,562119 0,000213
refused 0,235722 0,000089
refusing 0,776529 0,000294
regard 0,150823 0,000057
registered 0,430783 0,000163
regret 0,385662 0,000146
regulating 0,415515 0,000158
reigned 1,049822 0,000398
rejoice 0,843970 0,000320
relate 0,562119 0,000213
relating 1,021651 0,000387
relation 0,446287 0,000169
relatives 0,941609 0,000357
release 0,210721 0,000080
relieve 0,544727 0,000207
religion 0,446287 0,000169
relinquish 1,237874 0,000469
relinquished 1,514128 0,000574
reluctance 1,049822 0,000398
remain 0,040822 0,000015
remainder 0,616186 0,000234
remained 0,116534 0,000044
remaining 0,094311 0,000036
remains 0,150823 0,000057
remarkable 0,235722 0,000089
remarked 0,415515 0,000158
remarking 1,427116 0,000541
remarks 0,462035 0,000175
remedies 0,415515 0,000158
remedy 0,693147 0,000263
remember 0,083382 0,000032
remembered 0,162519 0,000062
remembrance 0,733969 0,000278
remonstrance 1,347074 0,000511
remove 0,127833 0,000048
removed 0,061875 0,000023
renamed 0,562119 0,000213
rendered 0,527633 0,000200
rent 0,597837 0,000227
repay 0,891598 0,000338
repeated 0,127833 0,000048
repent 0,713350 0,000271
repentance 0,798508 0,000303
replace 0,342490 0,000130
replacement 0,562119 0,000213
repletion 2,302585 0,000873
replied 0,235722 0,000089
report 0,301105 0,000114
reported 0,162519 0,000062
reports 0,261365 0,000099
repose 0,544727 0,000207
represent 0,494296 0,000187
representations 0,356675 0,000135
represented 0,462035 0,000175
reputation 0,385662 0,000146
request 0,127833 0,000048
requested 0,843970 0,000320
require 0,127833 0,000048
required 0,083382 0,000032
requirements 0,415515 0,000158
resemblance 0,755023 0,000286
reside 1,171183 0,000444
resided 1,237874 0,000469
residence 0,713350 0,000271
resident 1,427116 0,000541
resides 1,771957 0,000672
resign 1,203973 0,000457
resist 0,430783 0,000163
resolved 0,342490 0,000130
resort 0,891598 0,000338
resorted 1,272966 0,000483
respect 0,094311 0,000036
respecting 1,139434 0,000432
respects 0,527633 0,000200
rest 0,010050 0,000004
resting 0,314711 0,000119
restrictions 0,385662 0,000146
result 0,174353 0,000066
resume 0,776529 0,000294
retained 0,527633 0,000200
retired 0,342490 0,000130
retiring 0,843970 0,000320
return 0,040822 0,000015
returned 0,061875 0,000023
returning 0,127833 0,000048
returns 0,235722 0,000089
revealed 0,415515 0,000158
revels 1,897120 0,000719
revenue 0,371064 0,000141
reveres 2,659260 0,001008
reverse 0,579818 0,000220
reward 0,328504 0,000125
rhine 1,609438 0,000610
rich 0,139262 0,000053
rid 0,223144 0,000085
ridiculed 1,897120 0,000719
rightful 1,560648 0,000592
rise 0,040822 0,000015
rising 0,116534 0,000044
river 0,174353 0,000066
roam 1,560648 0,000592
roamed 1,771957 0,000672
robber 0,891598 0,000338
robbers 1,078810 0,000409
rock 0,385662 0,000146
rocks 0,446287 0,000169
rodomontade 3,912023 0,001484
rolled 0,356675 0,000135
romance 0,693147 0,000263
romances 1,714798 0,000650
romantic 0,891598 0,000338
rome 0,713350 0,000271
romping 2,302585 0,000873
roof 0,223144 0,000085
root 0,385662 0,000146
rose 0,094311 0,000036
rouse 0,798508 0,000303
roused 0,653926 0,000248
rousseau 1,897120 0,000719
row 0,544727 0,000207
royalties 0,527633 0,000200
royalty 0,385662 0,000146
rubbing 0,713350 0,000271
ruin 0,287682 0,000109
ruined 0,371064 0,000141
ruiner 3,912023 0,001484
ruins 0,755023 0,000286
rules 0,150823 0,000057
rush 0,287682 0,000109
rushed 0,478036 0,000181
russian 1,347074 0,000511
sacrifice 0,328504 0,000125
safety 0,356675 0,000135
sailed 0,820981 0,000311
sailing 0,653926 0,000248
sails 0,798508 0,000303
sake 0,094311 0,000036
saloon 1,514128 0,000574
salt 0,116534 0,000044
sank 0,544727 0,000207
sat 0,083382 0,000032
satisfied 0,105361 0,000040
satisfy 0,342490 0,000130
save 0,030459 0,000012
saving 0,478036 0,000181
scaffold 1,660731 0,000630
scandalous 1,237874 0,000469
scarcely 0,301105 0,000114
scathed 3,506558 0,001330
scattered 0,139262 0,000053
scene 0,198451 0,000075
scenes 0,494296 0,000187
schiller 2,207275 0,000837
school 0,174353 0,000066
scribbled 1,771957 0,000672
scrupled 2,659260 0,001008
sea 0,116534 0,000044
seal 0,562119 0,000213
seaman 1,514128 0,000574
search 0,051293 0,000019
searched 0,713350 0,000271
seat 0,105361 0,000040
seated 0,223144 0,000085
secret 0,061875 0,000023
secure 0,072571 0,000028
sedate 2,120264 0,000804
seduction 2,040221 0,000774
seductive 1,771957 0,000672
seek 0,198451 0,000075
seeking 0,274437 0,000104
seized 0,235722 0,000089
seizing 0,693147 0,000263
seldom 0,301105 0,000114
sell 0,430783 0,000163
send 0,030459 0,000012
sending 0,083382 0,000032
sensation 0,462035 0,000175
sentence 0,127833 0,000048
separation 0,776529 0,000294
serpent 0,755023 0,000286
servant 0,186330 0,000071
servants 0,162519 0,000062
serve 0,174353 0,000066
served 0,186330 0,000071
service 0,072571 0,000028
set 0,010050 0,000004
sets 0,385662 0,000146
severely 0,634878 0,000241
sex 0,562119 0,000213
shade 0,274437 0,000104
shakes 1,272966 0,000483
shakespeare 1,171183 0,000444
shaped 0,527633 0,000200
share 0,040822 0,000015
shared 0,139262 0,000053
sharer 2,302585 0,000873
sharing 0,248461 0,000094
sharper 1,469676 0,000557
sheath 1,347074 0,000511
shelly 3,506558 0,001330
shelter 0,342490 0,000130
sheltering 1,514128 0,000574
shewn 2,659260 0,001008
shines 0,994252 0,000377
ships 0,653926 0,000248
shivering 0,755023 0,000286
shock 0,446287 0,000169
shore 0,342490 0,000130
shores 0,820981 0,000311
shorn 1,560648 0,000592
short 0,020203 0,000008
shot 0,223144 0,000085
shoulder 0,210721 0,000080
shouts 0,843970 0,000320
shrieks 1,309333 0,000497
shrink 1,139434 0,000432
shroud 1,469676 0,000557
shudder 0,693147 0,000263
shuddered 0,867501 0,000329
shun 1,309333 0,000497
shut 0,072571 0,000028
sieges 2,207275 0,000837
sight 0,051293 0,000019
sign 0,139262 0,000053
signs 0,186330 0,000071
silence 0,105361 0,000040
silent 0,051293 0,000019
silk 0,478036 0,000181
simply 0,150823 0,000057
simultaneously 1,203973 0,000457
sinfulness 2,995732 0,001136
single 0,083382 0,000032
singular 0,430783 0,000163
singularities 3,506558 0,001330
singularly 0,843970 0,000320
sink 0,462035 0,000175
sire 1,832581 0,000695
sister 0,356675 0,000135
sisters 0,527633 0,000200
sitting 0,105361 0,000040
situation 0,198451 0,000075
sketching 1,714798 0,000650
skies 0,967584 0,000367
skill 0,301105 0,000114
skin 0,210721 0,000080
skins 1,021651 0,000387
sky 0,210721 0,000080
slandered 2,525729 0,000958
slaughter 0,967584 0,000367
slaves 0,634878 0,000241
sleep 0,072571 0,000028
sleepy 0,713350 0,000271
slight 0,150823 0,000057
slips 1,272966 0,000483
slumber 0,673345 0,000255
smile 0,274437 0,000104
smoking 0,462035 0,000175
smooth 0,274437 0,000104
smyrna 2,407946 0,000913
snatch 1,049822 0,000398
snatched 0,733969 0,000278
sneers 2,525729 0,000958
snuffing 2,525729 0,000958
society 0,210721 0,000080
sockets 1,771957 0,000672
sofa 1,049822 0,000398
soil 0,494296 0,000187
solely 0,733969 0,000278
solemnized 3,506558 0,001330
solicit 0,430783 0,000163
solicitation 0,510826 0,000194
solitary 0,462035 0,000175
solitude 0,510826 0,000194
soot 1,609438 0,000610
sooth 1,966113 0,000746
soothing 0,798508 0,000303
sorrows 0,798508 0,000303
sort 0,105361 0,000040
sought 0,150823 0,000057
soul 0,105361 0,000040
souls 0,342490 0,000130
sound 0,020203 0,000008
sounded 0,371064 0,000141
sounds 0,223144 0,000085
southern 0,579818 0,000220
spacious 0,916291 0,000347
spare 0,210721 0,000080
spark 0,776529 0,000294
sparkled 1,237874 0,000469
sparkling 0,776529 0,000294
speak 0,051293 0,000019
speaking 0,072571 0,000028
special 0,083382 0,000032
specific 0,820981 0,000311
specks 1,832581 0,000695
spectre 1,560648 0,000592
speechless 0,916291 0,000347
speed 0,328504 0,000125
speedily 0,713350 0,000271
spend 0,328504 0,000125
spent 0,105361 0,000040
sphere 0,733969 0,000278
spirit 0,051293 0,000019
spite 0,139262 0,000053
splendour 1,237874 0,000469
spoke 0,116534 0,000044
spot 0,162519 0,000062
spots 0,562119 0,000213
sprang 0,400478 0,000152
spread 0,061875 0,000023
spring 0,083382 0,000032
staff 0,274437 0,000104
stage 0,223144 0,000085
stages 1,021651 0,000387
stain 0,994252 0,000377
stained 0,653926 0,000248
staircase 0,867501 0,000329
stake 0,693147 0,000263
stalking 2,302585 0,000873
stamp 0,693147 0,000263
stand 0,000000 0,000000
standing 0,030459 0,000012
start -0,009950 -0,000004
started 0,150823 0,000057
startled 0,415515 0,000158
statement 0,544727 0,000207
statements 0,430783 0,000163
stationers 2,813411 0,001067
status 0,446287 0,000169
stem 0,916291 0,000347
step 0,083382 0,000032
steps 0,094311 0,000036
stifled 1,272966 0,000483
stifling 1,469676 0,000557
stillness 0,891598 0,000338
stole 0,494296 0,000187
stone 0,116534 0,000044
stood 0,030459 0,000012
stored 0,342490 0,000130
stories 0,328504 0,000125
storm 0,342490 0,000130
storms 0,798508 0,000303
story 0,051293 0,000019
strangers 0,356675 0,000135
straw 0,356675 0,000135
strays 2,813411 0,001067
stream 0,210721 0,000080
streaming 0,798508 0,000303
streamlet 2,525729 0,000958
street 0,198451 0,000075
strength 0,030459 0,000012
stretched 0,274437 0,000104
strict 0,210721 0,000080
strike 0,210721 0,000080
striking 0,274437 0,000104
striving 0,755023 0,000286
strong 0,030459 0,000012
struck 0,083382 0,000032
struggled 0,415515 0,000158
studding 3,218876 0,001221
study 0,162519 0,000062
studying 0,653926 0,000248
stuffed 1,171183 0,000444
style 0,274437 0,000104
subalterns 2,995732 0,001136
subdued 0,494296 0,000187
subject 0,072571 0,000028
subjects 0,356675 0,000135
subscribe 0,494296 0,000187
succeed 0,328504 0,000125
succeeded 0,186330 0,000071
success 0,162519 0,000062
suck 1,139434 0,000432
sucked 1,171183 0,000444
suckers 2,813411 0,001067
sucks 2,525729 0,000958
sudden 0,072571 0,000028
suddenly 0,040822 0,000015
sufferings 0,616186 0,000234
suffice 0,673345 0,000255
sufficient 0,139262 0,000053
suited 0,597837 0,000227
sullen 0,798508 0,000303
sully 2,407946 0,000913
sum 0,356675 0,000135
summit 0,798508 0,000303
summits 1,714798 0,000650
sun 0,072571 0,000028
sundays 1,309333 0,000497
sunk 0,371064 0,000141
superhuman 1,714798 0,000650
superior 0,274437 0,000104
supernatural 1,272966 0,000483
superstition 0,941609 0,000357
superstitious 1,108663 0,000420
supply 0,371064 0,000141
support 0,127833 0,000048
suppose 0,072571 0,000028
supposed 0,174353 0,000066
supposition 0,820981 0,000311
suppressed 0,673345 0,000255
surprise 0,174353 0,000066
surprised 0,210721 0,000080
surprized 3,506558 0,001330
surrendered 1,427116 0,000541
surrounded 0,223144 0,000085
survive 0,274437 0,000104
survived 1,021651 0,000387
suspicion 0,287682 0,000109
suspicions 0,616186 0,000234
suspicious 0,579818 0,000220
swamp 0,342490 0,000130
swear 0,494296 0,000187
swept 0,385662 0,000146
swift 0,415515 0,000158
swifter 1,966113 0,000746
swiftly 0,713350 0,000271
swore 0,634878 0,000241
sylph 2,995732 0,001136
sympathise 1,771957 0,000672
sympathy 0,328504 0,000125
symptoms 0,776529 0,000294
synonymous 0,446287 0,000169
table 0,094311 0,000036
tables 0,415515 0,000158
tablet 1,897120 0,000719
tacit 1,560648 0,000592
tact 1,309333 0,000497
tale 0,287682 0,000109
talents 0,798508 0,000303
tales 0,579818 0,000220
talking 0,150823 0,000057
tallow 1,514128 0,000574
task 0,261365 0,000099
taste 0,174353 0,000066
taught 0,248461 0,000094
tax 0,328504 0,000125
taxes 0,385662 0,000146
tear 0,371064 0,000141
tears 0,150823 0,000057
teeth 0,198451 0,000075
tempest 0,843970 0,000320
temple 0,527633 0,000200
tend 0,733969 0,000278
tended 0,916291 0,000347
tender 0,314711 0,000119
tenderness 0,616186 0,000234
tending 0,994252 0,000377
term 0,371064 0,000141
termed 1,309333 0,000497
terminates 2,120264 0,000804
terms 0,061875 0,000023
terrible 0,186330 0,000071
terrified 0,693147 0,000263
territory 1,272966 0,000483
terror 0,198451 0,000075
testaments 2,659260 0,001008
testimony 0,579818 0,000220
thatch 2,407946 0,000913
thee 0,597837 0,000227
thine 1,139434 0,000432
thirst 0,527633 0,000200
thither 0,579818 0,000220
tho 2,207275 0,000837
thoughtless 1,108663 0,000420
thoughtlessness 1,832581 0,000695
threw 0,116534 0,000044
thro 2,407946 0,000913
throat 0,261365 0,000099
throw 0,083382 0,000032
thrown 0,116534 0,000044
thunder 0,462035 0,000175
thunders 1,714798 0,000650
thwarted 1,714798 0,000650
thy 0,634878 0,000241
tideless 2,995732 0,001136
ties 0,967584 0,000367
time -0,009950 -0,000004
times 0,010050 0,000004
tinge 1,386294 0,000526
tint 1,714798 0,000650
tints 1,560648 0,000592
title 0,116534 0,000044
toilette 2,120264 0,000804
toils 1,237874 0,000469
tomb 0,916291 0,000347
ton 1,560648 0,000592
tongue 0,162519 0,000062
tooth 1,049822 0,000398
torches 1,171183 0,000444
tormented 1,078810 0,000409
tormenting 1,427116 0,000541
torn 0,248461 0,000094
torrent 0,941609 0,000357
touch 0,083382 0,000032
touched 0,139262 0,000053
tour 0,941609 0,000357
town 0,105361 0,000040
towns 0,527633 0,000200
trace 0,371064 0,000141
tracing 1,237874 0,000469
track 0,510826 0,000194
trademark 0,562119 0,000213
trader 1,609438 0,000610
traditional 1,514128 0,000574
traditionary 3,506558 0,001330
traits 1,469676 0,000557
trampled 0,843970 0,000320
transcribe 0,494296 0,000187
transcription 0,527633 0,000200
travel 0,356675 0,000135
travelled 0,941609 0,000357
travelling 0,693147 0,000263
travels 0,755023 0,000286
tread 0,562119 0,000213
treatment 0,127833 0,000048
trees 0,127833 0,000048
tremendous 0,693147 0,000263
tresses 1,560648 0,000592
tribunal 1,560648 0,000592
trickling 1,609438 0,000610
tripped 1,469676 0,000557
trod 0,733969 0,000278
trouble 0,051293 0,000019
true 0,020203 0,000008
trust 0,116534 0,000044
trusting 0,867501 0,000329
truth 0,030459 0,000012
turkey 1,078810 0,000409
turkish 1,427116 0,000541
twilight 0,733969 0,000278
type 0,446287 0,000169
types 0,385662 0,000146
unaccountable 1,108663 0,000420
unaffected 1,386294 0,000526
unanimously 1,660731 0,000630
unappalled 3,506558 0,001330
unattended 1,897120 0,000719
unavailing 1,469676 0,000557
unbroken 0,733969 0,000278
unchanging 2,120264 0,000804
uncivil 1,897120 0,000719
unclosed 2,407946 0,000913
unconscious 0,400478 0,000152
unconsciously 0,634878 0,000241
uncovering 2,813411 0,001067
understand 0,030459 0,000012
understood 0,061875 0,000023
undertaken 1,021651 0,000387
underwood 2,407946 0,000913
uneasy 0,544727 0,000207
uneducated 1,660731 0,000630
unenforceability 0,562119 0,000213
unfeeling 1,609438 0,000610
unhallowed 2,525729 0,000958
unheeded 1,609438 0,000610
uniform 0,210721 0,000080
uninteresting 1,347074 0,000511
united 0,094311 0,000036
universal 0,478036 0,000181
unknown 0,105361 0,000040
unlink 0,562119 0,000213
unmarried 1,347074 0,000511
unnoticed 1,514128 0,000574
unperceived 1,832581 0,000695
unpublished 2,659260 0,001008
unresisting 2,302585 0,000873
unshadowed 3,506558 0,001330
unsolicited 0,510826 0,000194
unsuccessful 0,994252 0,000377
unsullied 2,302585 0,000873
updated 0,510826 0,000194
urged 0,356675 0,000135
urging 0,967584 0,000367
user 0,562119 0,000213
usual 0,139262 0,000053
ut 0,510826 0,000194
utter 0,248461 0,000094
uttered 0,430783 0,000163
vacancy 1,347074 0,000511
vagabond 1,309333 0,000497
vain 0,116534 0,000044
vainly 0,634878 0,000241
vampyre 3,218876 0,001221
vanilla 0,544727 0,000207
vanity 0,415515 0,000158
variation 1,347074 0,000511
variety 0,162519 0,000062
varying 0,755023 0,000286
vegetables 1,049822 0,000398
vein 1,078810 0,000409
veins 0,544727 0,000207
vent 0,916291 0,000347
venus 1,237874 0,000469
veracious 2,407946 0,000913
version 0,385662 0,000146
vessel 0,510826 0,000194
vessels 0,713350 0,000271
vesting 3,506558 0,001330
vibrate 2,207275 0,000837
vice 0,527633 0,000200
vices 0,867501 0,000329
vicious 0,653926 0,000248
victim 0,462035 0,000175
victims 0,916291 0,000347
view 0,105361 0,000040
viewed 0,261365 0,000099
viewing 0,415515 0,000158
vigilance 1,309333 0,000497
villa 1,514128 0,000574
vineyards 1,560648 0,000592
violates 0,527633 0,000200
violence 0,248461 0,000094
violent 0,223144 0,000085
violet 1,427116 0,000541
virtue 0,328504 0,000125
virtues 0,597837 0,000227
virtuous 0,653926 0,000248
virus 0,527633 0,000200
visible 0,235722 0,000089
vision 0,371064 0,000141
visions 0,733969 0,000278
visit 0,061875 0,000023
visitations 2,525729 0,000958
visited 0,328504 0,000125
visitors 0,653926 0,000248
visits 0,544727 0,000207
vista 1,832581 0,000695
vital 0,693147 0,000263
voice 0,020203 0,000008
void 0,274437 0,000104
voltaire 1,897120 0,000719
volumes 0,755023 0,000286
volunteer 0,478036 0,000181
volunteers 0,430783 0,000163
voluptuary 2,813411 0,001067
voyage 0,653926 0,000248
wafted 1,771957 0,000672
wage 1,514128 0,000574
waiting 0,083382 0,000032
waking 0,562119 0,000213
walking 0,083382 0,000032
walks 0,162519 0,000062
wallow 2,302585 0,000873
walls 0,139262 0,000053
wandered 0,494296 0,000187
wandering 0,274437 0,000104
wanderings 1,237874 0,000469
war 0,162519 0,000062
warm 0,139262 0,000053
warmer 0,994252 0,000377
warmth 0,579818 0,000220
warranties 0,562119 0,000213
warranty 0,544727 0,000207
watch 0,094311 0,000036
watched 0,210721 0,000080
watching 0,210721 0,000080
watering 1,347074 0,000511
waters 0,356675 0,000135
wave 0,527633 0,000200
waves 0,478036 0,000181
wax 0,597837 0,000227
weak 0,116534 0,000044
weakened 0,994252 0,000377
weakness 0,261365 0,000099
wealth 0,287682 0,000109
weapon 0,634878 0,000241
weapons 0,693147 0,000263
weary 0,198451 0,000075
weaving 1,469676 0,000557
week 0,235722 0,000089
weighed 0,430783 0,000163
weight 0,116534 0,000044
west 0,083382 0,000032
wet 0,287682 0,000109
whatsoever 0,287682 0,000109
wherewith 1,514128 0,000574
whetted 1,966113 0,000746
whisper 0,446287 0,000169
whispered 0,400478 0,000152
whistling 0,916291 0,000347
wide 0,061875 0,000023
widest 0,446287 0,000169
wife 0,094311 0,000036
wild 0,051293 0,000019
william 0,798508 0,000303
win 0,462035 0,000175
wind 0,105361 0,000040
windings 1,560648 0,000592
windows 0,261365 0,000099
wine 0,248461 0,000094
wines 1,309333 0,000497
winning 0,867501 0,000329
winter 0,198451 0,000075
withered 0,843970 0,000320
witnessed 0,798508 0,000303
woman 0,061875 0,000023
women 0,094311 0,000036
wonderful 0,162519 0,000062
wonted 1,832581 0,000695
wood 0,116534 0,000044
wooden 0,415515 0,000158
woods 0,430783 0,000163
word 0,020203 0,000008
workings 1,609438 0,000610
worn 0,223144 0,000085
worthy 0,186330 0,000071
wounded 0,274437 0,000104
wrap 1,237874 0,000469
wretch 0,733969 0,000278
write 0,150823 0,000057
writing 0,061875 0,000023
written 0,051293 0,000019
wrote 0,150823 0,000057
yellow 0,328504 0,000125
youth 0,150823 0,000057
youthful 0,673345 0,000255
