abide 0,287682 0,000110
abnormal 1,832581 0,000702
abode 0,616186 0,000236
absence 0,274437 0,000105
absolutely 0,287682 0,000110
abusing 1,514128 0,000580
accent 0,843970 0,000323
accept 0,094311 0,000036
accepted 0,139262 0,000053
accepting 0,287682 0,000110
access 0,314711 0,000121
accessed 0,562119 0,000215
accessible 0,446287 0,000171
accompany 0,562119 0,000215
accomplice 1,660731 0,000636
accomplished 0,385662 0,000148
account 0,010050 0,000004
accounts 0,597837 0,000229
accuse 0,916291 0,000351
accused 0,616186 0,000236
achieved 0,867501 0,000332
acquaintance 0,301105 0,000115
acquaintances 1,021651 0,000391
acquainted 0,385662 0,000148
active 0,127833 0,000049
actual 0,174353 0,000067
acutely 1,832581 0,000702
addicted 1,660731 0,000636
addition 0,116534 0,000045
additional 0,198451 0,000076
additions 0,371064 0,000142
address 0,116534 0,000045
addressed 0,274437 0,000105
addresses 0,385662 0,000148
addressing 0,579818 0,000222
adjacent 1,469676 0,000563
adjective 2,207275 0,000845
adjoining 0,843970 0,000323
admirable 0,527633 0,000202
admirably 1,203973 0,000461
admiration 0,342490 0,000131
admire 0,527633 0,000202
admirer 1,347074 0,000516
admit 0,235722 0,000090
admitted 0,301105 0,000115
admitting 1,078810 0,000413
advance 0,223144 0,000085
advanced 0,274437 0,000105
advancing 0,579818 0,000222
advantage 0,139262 0,000053
adventure 0,510826 0,000196
advice 0,186330 0,000071
advise 0,462035 0,000177
affair 0,301105 0,000115
affairs 0,235722 0,000090
affect 0,478036 0,000183
affection 0,235722 0,000090
affirm 1,139434 0,000436
affirmative 1,203973 0,000461
affirmed 1,309333 0,000501
afraid 0,105361 0,000040
afternoon 0,287682 0,000110
afterward 1,139434 0,000436
age 0,051293 0,000020
aged 0,198451 0,000076
agent 0,274437 0,000105
agitated 0,693147 0,000265
agree 0,116534 0,000045
agreeable 0,462035 0,000177
agreeably 1,171183 0,000449
agreed 0,116534 0,000045
agreement 0,210721 0,000081
aid 0,287682 0,000110
air 0,061875 0,000024
ak 1,347074 0,000516
alarmed 0,478036 0,000183
alarmingly 2,302585 0,000882
alluded 1,139434 0,000436
allusion 0,843970 0,000323
almond 2,659260 0,001018
alpenstock 3,218876 0,001233
alps 1,560648 0,000598
alteration 0,314711 0,000121
alternate 0,328504 0,000126
altogether 0,198451 0,000076
amazement 0,446287 0,000171
ambiguity 1,897120 0,000727
america 0,579818 0,000222
american 0,733969 0,000281
americans 1,237874 0,000474
amiable 0,755023 0,000289
amoroso 3,506558 0,001343
amused 0,562119 0,000215
amusement 0,544727 0,000209
amusing 0,693147 0,000265
analogies 2,302585 0,000882
analogy 1,714798 0,000657
analyzing 2,407946 0,000922
ancestors 0,527633 0,000202
ancient 0,198451 0,000076
angle 0,733969 0,000281
angrily 0,867501 0,000332
angry 0,174353 0,000067
animated 0,755023 0,000289
annals 1,660731 0,000636
annie 2,407946 0,000922
announcement 1,139434 0,000436
annoyed 0,733969 0,000281
answer 0,040822 0,000016
answered 0,072571 0,000028
antique 1,171183 0,000449
antiquities 2,040221 0,000781
antiquity 1,078810 0,000413
apartment 0,693147 0,000265
apologized 2,040221 0,000781
apparent 0,314711 0,000121
appealing 1,171183 0,000449
appearance 0,083382 0,000032
applicable 0,400478 0,000153
applied 0,287682 0,000110
apply 0,162519 0,000062
appointed 0,356675 0,000137
appreciation 1,049822 0,000402
apprehension 0,616186 0,000236
approach 0,083382 0,000032
approachable 2,995732 0,001147
approached 0,248461 0,000095
approaching 0,235722 0,000090
approbation 1,203973 0,000461
approve 0,653926 0,000250
april 0,798508 0,000306
arch 0,820981 0,000314
arches 1,427116 0,000547
archive 0,544727 0,000209
archway 2,302585 0,000882
archways 2,813411 0,001078
ardently 1,714798 0,000657
arena 2,407946 0,000922
arm 0,094311 0,000036
arms 0,051293 0,000020
arrange 0,579818 0,000222
arranged 0,328504 0,000126
arrangements 0,634878 0,000243
array 0,314711 0,000121
arrival 0,356675 0,000137
arrive 0,314711 0,000121
arrived 0,150823 0,000058
arriving 0,634878 0,000243
artfully 1,832581 0,000702
artist 0,634878 0,000243
ascertained 1,021651 0,000391
ascii 0,562119 0,000215
askance 1,660731 0,000636
asleep 0,162519 0,000062
aspect 0,462035 0,000177
asperity 2,407946 0,000922
assembled 0,510826 0,000196
assented 1,108663 0,000425
assigned 0,733969 0,000281
assistance 0,105361 0,000040
assumes 1,427116 0,000547
assure 0,385662 0,000148
assured 0,301105 0,000115
astride 1,514128 0,000580
atmosphere 0,579818 0,000222
attache 3,912023 0,001498
attached 0,127833 0,000049
attachment 0,941609 0,000361
attacked 0,462035 0,000177
attempt 0,083382 0,000032
attendance 0,798508 0,000306
attendant 0,733969 0,000281
attended 0,342490 0,000131
attention 0,083382 0,000032
attentions 1,049822 0,000402
attentive 0,713350 0,000273
attitude 0,478036 0,000183
audacious 1,309333 0,000501
audacity 1,237874 0,000474
audibleness 3,912023 0,001498
aunt 0,843970 0,000323
author 0,116534 0,000045
avoided 0,371064 0,000142
awake 0,356675 0,000137
aware 0,223144 0,000085
awkward 0,544727 0,000209
axiom 1,897120 0,000727
bad 0,051293 0,000020
bade 0,597837 0,000229
baker 1,237874 0,000474
balanced 1,021651 0,000391
balconies 2,525729 0,000967
banker 1,309333 0,000501
barber 1,609438 0,000616
bareheaded 1,966113 0,000753
bargain 0,597837 0,000229
bargained 2,995732 0,001147
bars 0,653926 0,000250
base 0,301105 0,000115
based 0,371064 0,000142
beauties 0,820981 0,000314
beautiful 0,083382 0,000032
beautifully 0,867501 0,000332
beauty 0,174353 0,000067
beckoning 1,609438 0,000616
bed 0,051293 0,000020
beg 0,210721 0,000081
behavior 1,714798 0,000657
beheld 0,510826 0,000196
behooves 2,659260 0,001018
belief 0,198451 0,000076
bench 0,616186 0,000236
benches 1,171183 0,000449
bending 0,597837 0,000229
beneath 0,198451 0,000076
benefit 0,415515 0,000159
bent 0,174353 0,000067
bestowed 0,562119 0,000215
bet 1,108663 0,000425
bewildered 0,843970 0,000323
binary 0,562119 0,000215
bit 0,174353 0,000067
blazes 1,832581 0,000702
bless 0,430783 0,000165
block 0,616186 0,000236
bloom 0,798508 0,000306
blossom 1,139434 0,000436
blowing 0,510826 0,000196
blue 0,174353 0,000067
blushed 1,171183 0,000449
blushing 1,049822 0,000402
boat 0,446287 0,000171
boats 0,820981 0,000314
bold 0,287682 0,000110
bologna 2,207275 0,000845
bonnet 1,139434 0,000436
book 0,061875 0,000024
booked 2,525729 0,000967
border 0,967584 0,000371
bordered 1,347074 0,000516
bore 0,150823 0,000058
borghese 3,912023 0,001498
born 0,105361 0,000040
bosom 0,462035 0,000177
boss 1,660731 0,000636
boston 1,832581 0,000702
bother 0,916291 0,000351
bothered 1,514128 0,000580
bottle 0,562119 0,000215
bound 0,030459 0,000012
bouquet 1,897120 0,000727
bow 0,287682 0,000110
bowed 0,371064 0,000142
bowing 0,994252 0,000381
boy 0,139262 0,000053
boys 0,328504 0,000126
bracing 1,714798 0,000657
breach 0,274437 0,000105
breakfast 0,356675 0,000137
breeze 0,713350 0,000273
bright 0,116534 0,000045
brightest 1,171183 0,000449
brightly 0,994252 0,000381
brilliancy 1,609438 0,000616
brilliant 0,430783 0,000165
bring 0,010050 0,000004
brings 0,328504 0,000126
broad 0,139262 0,000053
broke 0,116534 0,000045
brother 0,127833 0,000049
brought 0,010050 0,000004
brutally 2,040221 0,000781
buried 0,248461 0,000095
burst 0,287682 0,000110
business 0,040822 0,000016
buttonhole 2,302585 0,000882
buttoning 1,832581 0,000702
byron 1,660731 0,000636
cab 1,272966 0,000488
cabinet 1,021651 0,000391
cabinets 2,040221 0,000781
caelian 3,912023 0,001498
calculate 0,328504 0,000126
calculated 0,174353 0,000067
calmly 0,510826 0,000196
calvinism 3,218876 0,001233
camphor 2,407946 0,000922
candidly 1,771957 0,000679
candy 2,207275 0,000845
cane 0,916291 0,000351
cap 0,462035 0,000177
capital 0,328504 0,000126
caprices 1,966113 0,000753
card 0,223144 0,000085
cards 0,634878 0,000243
care 0,000000 0,000000
cared 0,494296 0,000189
career 0,478036 0,000183
carefully 0,139262 0,000053
carriage 0,446287 0,000171
carriages 0,820981 0,000314
carried 0,030459 0,000012
carry 0,030459 0,000012
carrying 0,083382 0,000032
cars 1,660731 0,000636
cast 0,116534 0,000045
castle 0,776529 0,000297
castles 1,347074 0,000516
catch 0,210721 0,000081
catching 0,562119 0,000215
categories 2,525729 0,000967
category 1,832581 0,000702
cautious 0,673345 0,000258
cavalier 1,771957 0,000679
cavaliere 3,506558 0,001343
cavaliers 2,302585 0,000882
cavernous 2,995732 0,001147
cease 0,139262 0,000053
ceased 0,235722 0,000090
ceasing 1,078810 0,000413
celestial 1,171183 0,000449
cemetery 1,609438 0,000616
center 1,469676 0,000563
certainty 0,342490 0,000131
certitude 2,813411 0,001078
chaffing 2,659260 0,001018
chain 0,415515 0,000159
chair 0,274437 0,000105
chalk 1,272966 0,000488
chambermaid 2,659260 0,001018
chambers 0,733969 0,000281
chance 0,083382 0,000032
chandler 2,040221 0,000781
change 0,010050 0,000004
chants 2,995732 0,001147
character 0,061875 0,000024
characteristics 0,798508 0,000306
charge 0,051293 0,000020
charges 0,223144 0,000085
charitable 0,287682 0,000110
charitably 2,302585 0,000882
charities 0,494296 0,000189
charmed 0,941609 0,000361
charmer 2,207275 0,000845
charming 0,527633 0,000202
chateau 2,813411 0,001078
chatter 1,427116 0,000547
chattered 1,514128 0,000580
chattering 1,108663 0,000425
check 0,174353 0,000067
checked 0,579818 0,000222
checks 0,478036 0,000183
cheek 0,430783 0,000165
cheerfully 0,820981 0,000314
chief 0,094311 0,000036
chiefly 0,527633 0,000202
child 0,072571 0,000028
childish 0,713350 0,000273
children 0,072571 0,000028
chin 0,478036 0,000183
choice 0,150823 0,000058
choir 1,386294 0,000531
choose 0,083382 0,000032
chopping 1,832581 0,000702
chose 0,301105 0,000115
chosen 0,186330 0,000071
christian 0,430783 0,000165
church 0,261365 0,000100
cicerone 3,218876 0,001233
cigarette 1,514128 0,000580
circle 0,223144 0,000085
circles 0,733969 0,000281
circumstances 0,162519 0,000062
circus 1,427116 0,000547
city 0,051293 0,000020
civility 1,427116 0,000547
claim 0,116534 0,000045
claiming 1,272966 0,000488
claims 0,616186 0,000236
clasped 0,843970 0,000323
class 0,314711 0,000121
classical 1,237874 0,000474
clever 0,400478 0,000153
cleverly 1,514128 0,000580
cleverness 1,609438 0,000616
climate 0,798508 0,000306
close 0,051293 0,000020
closing 0,446287 0,000171
clothes 0,127833 0,000049
cloud 0,301105 0,000115
clusters 1,347074 0,000516
coachman 1,108663 0,000425
coat 0,274437 0,000105
codes 0,510826 0,000196
coffee 0,562119 0,000215
cold 0,040822 0,000016
collected 0,415515 0,000159
collection 0,174353 0,000067
college 0,693147 0,000265
colonists 2,525729 0,000967
color 1,021651 0,000391
colored 1,171183 0,000449
colosseum 3,506558 0,001343
comanche 3,506558 0,001343
combination 0,693147 0,000265
comfort 0,150823 0,000058
comfortable 0,261365 0,000100
comme 2,302585 0,000882
commented 1,609438 0,000616
commercial 0,274437 0,000105
commission 0,693147 0,000265
commit 0,527633 0,000202
committed 0,150823 0,000058
common 0,072571 0,000028
commonness 2,995732 0,001147
communicate 0,820981 0,000314
companion 0,248461 0,000095
companions 0,301105 0,000115
companionship 0,967584 0,000371
company 0,020203 0,000008
compatriot 2,813411 0,001078
compatriots 2,813411 0,001078
compilation 0,494296 0,000189
completely 0,274437 0,000105
complexion 0,798508 0,000306
compliance 0,342490 0,000131
compliment 0,673345 0,000258
compliments 0,916291 0,000351
comply 0,342490 0,000131
complying 0,446287 0,000171
composed 0,328504 0,000126
compressed 0,342490 0,000131
compromise 1,347074 0,000516
concept 0,544727 0,000209
conception 0,653926 0,000250
concluded 0,356675 0,000137
conclusion 0,235722 0,000090
concourse 1,897120 0,000727
conditions 0,342490 0,000131
conducted 0,415515 0,000159
confessed 0,579818 0,000222
confidence 0,139262 0,000053
confiding 1,386294 0,000531
confirmation 0,356675 0,000137
confirmed 0,174353 0,000067
congress 1,609438 0,000616
conscience 0,314711 0,000121
conscientiously 1,609438 0,000616
conscious 0,314711 0,000121
consciousness 0,371064 0,000142
consequential 0,478036 0,000183
considerable 0,105361 0,000040
consideration 0,274437 0,000105
consign 2,040221 0,000781
consistency 1,427116 0,000547
consolatory 2,207275 0,000845
constant 0,051293 0,000020
constantine 1,897120 0,000727
constantly 0,371064 0,000142
constitution 0,843970 0,000323
contact 0,210721 0,000081
contemplating 1,139434 0,000436
contemplative 1,714798 0,000657
contents 0,094311 0,000036
contingencies 2,207275 0,000845
continue 0,261365 0,000100
continued 0,072571 0,000028
continues 0,941609 0,000361
contract 0,261365 0,000100
contradictory 1,272966 0,000488
contrary 0,198451 0,000076
contributions 0,430783 0,000165
conversation 0,186330 0,000071
conversationally 3,506558 0,001343
converse 0,776529 0,000297
convert 0,385662 0,000148
converted 0,820981 0,000314
conveyed 0,634878 0,000243
conviction 0,462035 0,000177
cool 0,314711 0,000121
copying 0,494296 0,000189
copyright 0,415515 0,000159
coquette 2,407946 0,000922
coquettes 3,506558 0,001343
corkscrew 2,525729 0,000967
corner 0,127833 0,000049
corners 0,430783 0,000165
corporation 0,462035 0,000177
corresponds 1,771957 0,000679
corrupt 0,274437 0,000105
corso 2,659260 0,001018
cost 0,105361 0,000040
costs 0,287682 0,000110
costume 1,078810 0,000413
count 0,248461 0,000095
counted 0,527633 0,000202
countenance 0,415515 0,000159
countries 0,235722 0,000090
country 0,010050 0,000004
countryman 1,347074 0,000516
countrywoman 3,218876 0,001233
couple 0,287682 0,000110
courier 2,120264 0,000812
couriers 2,995732 0,001147
cousins 1,108663 0,000425
covered 0,139262 0,000053
coveted 1,171183 0,000449
crack 0,820981 0,000314
cracked 0,843970 0,000323
cravat 1,714798 0,000657
craziness 3,218876 0,001233
crazy 0,916291 0,000351
created 0,116534 0,000045
creating 0,342490 0,000131
creation 0,235722 0,000090
creatures 0,235722 0,000090
credence 2,407946 0,000922
credit 0,094311 0,000036
crest 0,941609 0,000361
crimson 0,941609 0,000361
critical 0,235722 0,000090
criticism 0,867501 0,000332
cross 0,139262 0,000053
crossed 0,301105 0,000115
crowd 0,198451 0,000076
crowded 0,301105 0,000115
crudity 3,218876 0,001233
cruel 0,261365 0,000100
culture 1,171183 0,000449
cup 0,385662 0,000148
cure 0,430783 0,000165
curiosities 1,386294 0,000531
curiosity 0,223144 0,000085
curl 1,272966 0,000488
curled 0,941609 0,000361
curling 1,203973 0,000461
current 0,127833 0,000049
cursory 2,302585 0,000882
curtain 0,616186 0,000236
custodian 3,218876 0,001233
custom 0,210721 0,000081
cut 0,040822 0,000016
cuts 0,820981 0,000314
cynical 1,560648 0,000598
cynicism 2,407946 0,000922
cypresses 2,995732 0,001147
daisies 1,897120 0,000727
daisy 2,659260 0,001018
damage 0,261365 0,000100
damaged 0,356675 0,000137
damages 0,400478 0,000153
dance 0,356675 0,000137
dancing 0,371064 0,000142
danger 0,116534 0,000045
dangerous 0,150823 0,000058
dangerously 1,560648 0,000598
dark 0,051293 0,000020
darkness 0,186330 0,000071
data 0,494296 0,000189
daughter 0,261365 0,000100
david 0,597837 0,000229
davis 2,207275 0,000845
day 0,000000 0,000000
daylight 0,446287 0,000171
days 0,020203 0,000008
deal 0,105361 0,000040
death 0,020203 0,000008
decided 0,186330 0,000071
decidedly 0,867501 0,000332
decision 0,579818 0,000222
deck 0,733969 0,000281
declare 0,342490 0,000131
declared 0,210721 0,000081
decline 0,673345 0,000258
decorated 1,021651 0,000391
decorating 2,525729 0,000967
deductible 0,562119 0,000215
deep 0,051293 0,000020
deeper 0,328504 0,000126
deeply 0,261365 0,000100
defect 0,328504 0,000126
defective 0,356675 0,000137
defects 0,301105 0,000115
deferential 2,207275 0,000845
defiance 0,713350 0,000273
defiant 1,469676 0,000563
defied 1,469676 0,000563
definite 0,755023 0,000289
degree 0,198451 0,000076
delayed 0,616186 0,000236
deletions 0,562119 0,000215
delicacy 0,713350 0,000273
delicate 0,301105 0,000115
delighted 0,287682 0,000110
delightfully 1,560648 0,000598
delivered 0,342490 0,000131
delusive 2,525729 0,000967
demand 0,127833 0,000049
demanded 0,400478 0,000153
demonstrative 1,897120 0,000727
denied 0,287682 0,000110
dent 2,525729 0,000967
deny 0,301105 0,000115
depart 0,400478 0,000153
departed 0,356675 0,000137
depend 0,371064 0,000142
depends 0,198451 0,000076
deportment 1,714798 0,000657
depositing 2,407946 0,000922
deprecated 2,813411 0,001078
derisive 2,407946 0,000922
derivative 0,510826 0,000196
derive 0,342490 0,000131
derived 0,248461 0,000095
descended 0,400478 0,000153
description 0,274437 0,000105
design 0,400478 0,000153
designing 1,771957 0,000679
desire 0,072571 0,000028
desired 0,150823 0,000058
desolation 0,941609 0,000361
dessert 1,514128 0,000580
destroy 0,127833 0,000049
desultory 2,120264 0,000812
detach 0,446287 0,000171
detached 1,139434 0,000436
determine 0,210721 0,000081
determined 0,174353 0,000067
deucedly 3,218876 0,001233
devil 0,356675 0,000137
devoted 0,301105 0,000115
devoutly 1,386294 0,000531
diamonds 0,967584 0,000371
dictate 1,203973 0,000461
die 0,105361 0,000040
died 0,061875 0,000024
difference 0,198451 0,000076
differences 0,820981 0,000314
difficult 0,116534 0,000045
diffuse 1,771957 0,000679
dignity 0,314711 0,000121
diminutive 1,609438 0,000616
dimly 0,867501 0,000332
dimples 2,302585 0,000882
dine 0,673345 0,000258
dined 0,967584 0,000371
dines 2,040221 0,000781
dinner 0,198451 0,000076
dinners 1,108663 0,000425
direct 0,083382 0,000032
director 0,798508 0,000306
disagreeable 0,733969 0,000281
disagreeably 1,897120 0,000727
disappointed 0,415515 0,000159
disapproved 2,207275 0,000845
disclaim 0,510826 0,000196
disclaimer 0,562119 0,000215
disclaimers 0,562119 0,000215
disclosures 2,525729 0,000967
discontinue 0,544727 0,000209
discover 0,083382 0,000032
discovered 0,051293 0,000020
discretion 0,733969 0,000281
disgusted 0,820981 0,000314
dishabituated 3,912023 0,001498
disk 0,446287 0,000171
dislike 0,616186 0,000236
dismissed 0,597837 0,000229
disorder 0,579818 0,000222
dispassionate 2,120264 0,000812
display 0,261365 0,000100
displayed 0,198451 0,000076
displaying 0,342490 0,000131
displease 1,309333 0,000501
displeasure 0,941609 0,000361
disposed 0,385662 0,000148
dissuade 1,714798 0,000657
distance 0,105361 0,000040
distant 0,162519 0,000062
distinction 0,446287 0,000171
distinctly 0,478036 0,000183
distinguish 0,356675 0,000137
distinguished 0,301105 0,000115
distribute 0,400478 0,000153
distributed 0,248461 0,000095
distributing 0,446287 0,000171
distribution 0,430783 0,000165
distributor 0,562119 0,000215
diversely 3,218876 0,001233
divided 0,210721 0,000081
docility 2,407946 0,000922
doctors 0,916291 0,000351
dollars 1,272966 0,000488
domain 0,328504 0,000126
donate 0,562119 0,000215
donation 0,494296 0,000189
donations 0,494296 0,000189
donors 0,527633 0,000202
door 0,040822 0,000016
doria 3,218876 0,001233
doubt 0,040822 0,000016
dover 1,897120 0,000727
downloading 0,562119 0,000215
downstairs 1,049822 0,000402
dozen 0,446287 0,000171
dragging 0,673345 0,000258
draw 0,105361 0,000040
drawing 0,139262 0,000053
drawn 0,094311 0,000036
dreadful 0,342490 0,000131
dreadfully 1,021651 0,000391
dreams 0,274437 0,000105
dress 0,186330 0,000071
dressed 0,261365 0,000100
dresses 0,916291 0,000351
drew 0,162519 0,000062
drinking 0,371064 0,000142
drive 0,186330 0,000071
driver 0,867501 0,000332
driving 0,371064 0,000142
drop 0,150823 0,000058
dropped 0,274437 0,000105
drove 0,248461 0,000095
du 1,347074 0,000516
dusk 0,941609 0,000361
dusky 1,021651 0,000391
duty 0,083382 0,000032
dying 0,261365 0,000100
dyspepsia 2,813411 0,001078
ear 0,139262 0,000053
earnest 0,261365 0,000100
earnestly 0,415515 0,000159
earnestness 0,867501 0,000332
ears 0,105361 0,000040
earth 0,051293 0,000020
easily 0,072571 0,000028
easy 0,040822 0,000016
eat 0,083382 0,000032
eccentricities 1,966113 0,000753
echo 0,713350 0,000273
edge 0,210721 0,000081
edges 0,867501 0,000332
edified 2,995732 0,001147
edition 0,287682 0,000110
editions 0,385662 0,000148
education 0,446287 0,000171
educational 0,446287 0,000171
efficient 1,309333 0,000501
effort 0,094311 0,000036
efforts 0,139262 0,000053
ejaculated 1,609438 0,000616
ejaculation 2,040221 0,000781
elder 0,478036 0,000183
elect 0,328504 0,000126
electronic 0,544727 0,000209
electronically 0,544727 0,000209
elegance 0,994252 0,000381
elegant 0,634878 0,000243
element 0,510826 0,000196
elle 2,302585 0,000882
elope 2,659260 0,001018
eloquence 0,776529 0,000297
email 0,562119 0,000215
embanked 3,912023 0,001498
embarked 1,469676 0,000563
embarrassed 0,916291 0,000351
embarrassing 1,514128 0,000580
embrasure 2,525729 0,000967
embrasures 2,659260 0,001018
embroidered 1,237874 0,000474
embroidery 1,514128 0,000580
emerged 0,967584 0,000371
eminently 1,469676 0,000563
emphasis 0,891598 0,000341
emphatic 1,427116 0,000547
employee 0,527633 0,000202
employees 0,544727 0,000209
enables 1,237874 0,000474
enchanting 1,714798 0,000657
encircles 2,813411 0,001078
enclosure 1,272966 0,000488
encoding 0,653926 0,000250
encounter 0,798508 0,000306
encountered 0,798508 0,000306
endeavored 1,560648 0,000598
endowed 0,820981 0,000314
enemies 0,314711 0,000121
engaged 0,198451 0,000076
engagements 1,203973 0,000461
england 0,385662 0,000148
english 0,094311 0,000036
enjoy 0,150823 0,000058
enjoyed 0,415515 0,000159
enjoying 0,579818 0,000222
enormous 0,430783 0,000165
enshrined 2,813411 0,001078
ensuring 0,544727 0,000209
enter 0,094311 0,000036
entered 0,051293 0,000020
enterprise 0,843970 0,000323
enters 0,843970 0,000323
entertained 0,616186 0,000236
entertainment 0,820981 0,000314
entity 0,544727 0,000209
entrance 0,210721 0,000081
enumerated 1,609438 0,000616
equalize 3,506558 0,001343
equipment 0,430783 0,000165
errors 0,248461 0,000095
escapade 2,302585 0,000882
escort 1,021651 0,000391
essentially 1,347074 0,000516
established 0,301105 0,000115
establishments 1,966113 0,000753
esteem 0,494296 0,000189
europe 0,510826 0,000196
european 0,867501 0,000332
europeans 2,040221 0,000781
evaded 1,560648 0,000598
evening 0,083382 0,000032
events 0,223144 0,000085
evidence 0,261365 0,000100
evident 0,356675 0,000137
evidently 0,371064 0,000142
evoke 2,120264 0,000812
exacting 1,272966 0,000488
examining 0,446287 0,000171
exceeded 1,021651 0,000391
exceedingly 0,462035 0,000177
excellent 0,150823 0,000058
exchange 0,342490 0,000131
exchanging 1,347074 0,000516
excited 0,248461 0,000095
exciting 0,693147 0,000265
exclaim 1,171183 0,000449
exclaimed 0,494296 0,000189
exclamation 0,994252 0,000381
exclusion 0,371064 0,000142
exclusive 1,203973 0,000461
excursion 1,171183 0,000449
executive 1,171183 0,000449
exempt 0,371064 0,000142
exerted 1,203973 0,000461
exhilarated 2,659260 0,001018
exiguous 3,912023 0,001498
exist 0,342490 0,000131
existence 0,162519 0,000062
exists 0,235722 0,000090
expect 0,186330 0,000071
expectation 0,462035 0,000177
expected 0,105361 0,000040
expecting 0,510826 0,000196
expects 1,021651 0,000391
expend 0,462035 0,000177
expense 0,150823 0,000058
expenses 0,210721 0,000081
expensiveness 2,995732 0,001147
expire 1,514128 0,000580
explain 0,186330 0,000071
explained 0,248461 0,000095
explanation 0,139262 0,000053
exporting 0,510826 0,000196
expose 0,755023 0,000289
exposed 0,301105 0,000115
express 0,127833 0,000049
expressed 0,274437 0,000105
expressing 0,713350 0,000273
expression 0,127833 0,000049
expressive 0,733969 0,000281
expressly 0,820981 0,000314
exquisite 0,673345 0,000258
extent 0,083382 0,000032
extraordinary 0,371064 0,000142
extreme 0,235722 0,000090
extremely 0,385662 0,000148
eye 0,030459 0,000012
eyebrows 0,798508 0,000306
eyeglass 2,995732 0,001147
eyes 0,010050 0,000004
ezra 2,813411 0,001078
facility 0,356675 0,000137
fair 0,051293 0,000020
fairbanks 1,386294 0,000531
familiar 0,150823 0,000058
familiarities 2,995732 0,001147
familiarly 1,272966 0,000488
family 0,072571 0,000028
famous 0,261365 0,000100
fan 0,916291 0,000351
fancied 0,579818 0,000222
fancy 0,198451 0,000076
fanning 1,832581 0,000702
farewell 0,673345 0,000258
fashion 0,174353 0,000067
fast 0,061875 0,000024
fastidious 1,514128 0,000580
fatal 0,342490 0,000131
father 0,072571 0,000028
fault 0,162519 0,000062
faut 2,207275 0,000845
favor 1,021651 0,000391
favorable 1,469676 0,000563
fear 0,020203 0,000008
fearful 0,400478 0,000153
fearfully 1,049822 0,000402
fears 0,274437 0,000105
feasible 1,832581 0,000702
features 0,328504 0,000126
federal 0,527633 0,000202
fee 0,342490 0,000131
feel 0,020203 0,000008
feeling 0,105361 0,000040
feels 0,446287 0,000171
fees 0,415515 0,000159
feet 0,061875 0,000024
fellow 0,051293 0,000020
feminine 1,049822 0,000402
feudal 2,040221 0,000781
fever 0,371064 0,000142
figure 0,072571 0,000028
file 0,235722 0,000090
files 0,478036 0,000183
financial 0,415515 0,000159
fine 0,072571 0,000028
finest 0,494296 0,000189
fingering 2,207275 0,000845
finish 0,314711 0,000121
finished 0,162519 0,000062
fireplace 1,108663 0,000425
fitness 0,446287 0,000171
flags 1,203973 0,000461
flashed 0,693147 0,000265
flat 0,248461 0,000095
flatter 0,713350 0,000273
flattered 0,843970 0,000323
flattering 0,798508 0,000306
flirt 2,040221 0,000781
flirted 2,120264 0,000812
flirting 2,207275 0,000845
flirts 3,218876 0,001233
flitted 1,386294 0,000531
flitting 1,560648 0,000598
floor 0,186330 0,000071
florence 1,609438 0,000616
florid 1,560648 0,000598
flounces 2,813411 0,001078
flourish 0,994252 0,000381
flower 0,342490 0,000131
flowering 1,966113 0,000753
flowers 0,274437 0,000105
flush 0,941609 0,000361
flushed 0,713350 0,000273
fluttered 0,967584 0,000371
flying 0,235722 0,000090
folded 0,544727 0,000209
follow 0,020203 0,000008
folly 0,301105 0,000115
fond 0,287682 0,000110
foot 0,083382 0,000032
force 0,061875 0,000024
forefront 2,995732 0,001147
forehead 0,430783 0,000165
foreign 0,301105 0,000115
foreigner 1,272966 0,000488
foreigners 1,237874 0,000474
forget 0,072571 0,000028
forgivingly 3,912023 0,001498
forgot 0,261365 0,000100
forgotten 0,162519 0,000062
form 0,040822 0,000016
formal 0,673345 0,000258
format 0,562119 0,000215
formats 0,562119 0,000215
formed 0,210721 0,000081
forming 0,527633 0,000202
forms 0,248461 0,000095
formula 1,514128 0,000580
fortunate 0,415515 0,000159
fortune 0,186330 0,000071
forum 2,207275 0,000845
foundation 0,174353 0,000067
fragments 0,891598 0,000341
frankly 0,798508 0,000306
frankness 1,272966 0,000488
frederick 1,272966 0,000488
freedom 0,223144 0,000085
freely 0,105361 0,000040
freighted 2,040221 0,000781
frequently 0,287682 0,000110
fresh 0,105361 0,000040
freshly 1,347074 0,000516
freshness 1,021651 0,000391
friday 0,967584 0,000371
friend 0,040822 0,000016
friendliest 2,525729 0,000967
friends 0,020203 0,000008
friendships 1,514128 0,000580
frightened 0,301105 0,000115
frightful 0,776529 0,000297
frigidity 3,218876 0,001233
frigidly 3,218876 0,001233
frills 2,525729 0,000967
frizzled 2,813411 0,001078
fro 0,494296 0,000189
functionary 2,207275 0,000845
functions 0,994252 0,000381
funeral 0,634878 0,000243
furbelows 3,506558 0,001343
fuss 1,309333 0,000501
future 0,105361 0,000040
gaiety 1,272966 0,000488
gallantly 1,309333 0,000501
gallantry 1,347074 0,000516
gallery 0,798508 0,000306
garden 0,198451 0,000076
gardens 0,510826 0,000196
garrulity 2,995732 0,001147
gate 0,287682 0,000110
gathered 0,150823 0,000058
gay 0,494296 0,000189
gazing 0,597837 0,000229
generations 0,198451 0,000076
generic 2,659260 0,001018
generous 0,356675 0,000137
generously 1,139434 0,000436
geneva 1,966113 0,000753
gentleman 0,301105 0,000115
gentlemen 0,430783 0,000165
gently 0,235722 0,000090
german 0,510826 0,000196
germans 1,108663 0,000425
gigantic 0,994252 0,000381
girl 0,235722 0,000090
girls 0,400478 0,000153
glad 0,072571 0,000028
glance 0,248461 0,000095
glanced 0,653926 0,000250
glancing 0,693147 0,000265
glass 0,186330 0,000071
gleaming 0,916291 0,000351
gloom 0,579818 0,000222
gloves 0,693147 0,000265
goals 0,544727 0,000209
gold 0,083382 0,000032
golden 0,342490 0,000131
goodbye 2,407946 0,000922
goodness 0,328504 0,000126
goose 0,941609 0,000361
gossip 1,108663 0,000425
govern 0,342490 0,000131
governors 1,514128 0,000580
grace 0,235722 0,000090
graceful 0,494296 0,000189
gracious 0,544727 0,000209
gradually 0,328504 0,000126
grand 0,342490 0,000131
granddaughters 3,912023 0,001498
granted 0,150823 0,000058
grateful 0,446287 0,000171
gratefully 0,415515 0,000159
gratification 0,994252 0,000381
gratified 1,171183 0,000449
grave 0,127833 0,000049
gravel 1,237874 0,000474
gravely 0,693147 0,000265
greatly 0,210721 0,000081
greeting 0,798508 0,000306
gregory 1,139434 0,000436
grimly 1,108663 0,000425
grin 0,967584 0,000371
grinning 1,049822 0,000402
gross 0,235722 0,000090
ground 0,030459 0,000012
grown 0,116534 0,000045
guarantee 1,386294 0,000531
guard 0,174353 0,000067
guess 0,314711 0,000121
guests 0,446287 0,000171
guide 0,261365 0,000100
guiding 0,867501 0,000332
guilty 0,356675 0,000137
habit 0,223144 0,000085
habits 0,356675 0,000137
habitual 0,916291 0,000351
hair 0,094311 0,000036
hall 0,314711 0,000121
hamburg 2,040221 0,000781
hand 0,010050 0,000004
hands 0,020203 0,000008
handsome 0,328504 0,000126
handsomest 1,560648 0,000598
hanged 1,049822 0,000402
hangs 0,941609 0,000361
hannibal 1,897120 0,000727
happened 0,094311 0,000036
happily 0,478036 0,000183
happy 0,072571 0,000028
hard 0,040822 0,000016
harm 0,210721 0,000081
harmless 0,248461 0,000095
harmony 0,579818 0,000222
harshness 1,560648 0,000598
hart 0,462035 0,000177
hastened 0,616186 0,000236
hasty 0,510826 0,000196
hat 0,478036 0,000183
hate 0,274437 0,000105
head 0,000000 0,000000
headache 1,560648 0,000598
headaches 3,218876 0,001233
heads 0,094311 0,000036
health 0,198451 0,000076
healthy 0,356675 0,000137
hear 0,010050 0,000004
heard 0,020203 0,000008
hearing 0,139262 0,000053
heart 0,010050 0,000004
heaven 0,198451 0,000076
heed 0,693147 0,000265
heiresses 2,659260 0,001018
held 0,040822 0,000016
henry 0,713350 0,000273
hesitated 0,653926 0,000250
hesitation 0,616186 0,000236
hidden 0,248461 0,000095
hierarchical 3,912023 0,001498
highly 0,261365 0,000100
hilarity 1,966113 0,000753
hill 0,248461 0,000095
hint 0,462035 0,000177
hired 0,867501 0,000332
historian 1,108663 0,000425
historic 1,832581 0,000702
history 0,186330 0,000071
hitherto 0,385662 0,000148
hold 0,020203 0,000008
holder 0,446287 0,000171
holding 0,174353 0,000067
honest 0,235722 0,000090
honor 0,891598 0,000341
hope 0,010050 0,000004
hoped 0,210721 0,000081
hopelessly 1,078810 0,000413
hopes 0,210721 0,000081
hornpipe 2,525729 0,000967
horrible 0,356675 0,000137
horrid 0,713350 0,000273
horror 0,248461 0,000095
hospitable 1,078810 0,000413
hostess 1,347074 0,000516
hotel 0,820981 0,000314
hotels 1,897120 0,000727
hour 0,083382 0,000032
hours 0,094311 0,000036
house 0,020203 0,000008
houses 0,139262 0,000053
hovered 1,203973 0,000461
humbly 0,867501 0,000332
humid 1,966113 0,000753
humility 0,867501 0,000332
humming 1,237874 0,000474
humor 1,272966 0,000488
hungry 0,328504 0,000126
hunters 1,171183 0,000449
hurried 0,356675 0,000137
hurrying 0,673345 0,000258
hurt 0,198451 0,000076
husbands 0,755023 0,000289
idea 0,105361 0,000040
ideas 0,314711 0,000121
identification 0,527633 0,000202
identify 0,415515 0,000159
idiom 2,407946 0,000922
idle 0,274437 0,000105
idly 1,309333 0,000501
ignorant 0,301105 0,000115
illumination 1,897120 0,000727
image 0,371064 0,000142
imagination 0,223144 0,000085
imagine 0,139262 0,000053
imagined 0,287682 0,000110
imbecile 1,609438 0,000616
imbibed 1,966113 0,000753
imitation 0,693147 0,000265
immature 2,525729 0,000967
immensely 1,171183 0,000449
immodest 2,407946 0,000922
impartial 1,237874 0,000474
impatience 0,634878 0,000243
impatient 0,371064 0,000142
imperial 1,021651 0,000391
imperious 1,237874 0,000474
impertinent 1,171183 0,000449
imperturbable 1,897120 0,000727
impiety 1,966113 0,000753
implied 0,371064 0,000142
imply 1,078810 0,000413
imposed 0,210721 0,000081
impossible 0,094311 0,000036
impregnated 2,407946 0,000922
impress 0,776529 0,000297
impression 0,210721 0,000081
impressive 1,237874 0,000474
impressively 1,966113 0,000753
improper 1,139434 0,000436
impulse 0,462035 0,000177
imputation 1,714798 0,000657
inaccurate 0,510826 0,000196
inaudibly 2,813411 0,001078
incapable 0,562119 0,000215
incidental 0,446287 0,000171
incidents 0,693147 0,000265
inclination 0,579818 0,000222
inclined 0,186330 0,000071
include 0,274437 0,000105
included 0,162519 0,000062
includes 0,462035 0,000177
including 0,139262 0,000053
incomplete 0,301105 0,000115
incongruous 1,771957 0,000679
inconsequent 3,218876 0,001233
increasing 0,127833 0,000049
indebtedness 3,218876 0,001233
indelicate 2,407946 0,000922
indemnify 0,527633 0,000202
indemnity 0,527633 0,000202
indications 1,171183 0,000449
indifference 0,527633 0,000202
indifferent 0,400478 0,000153
indignation 0,510826 0,000196
indirect 0,446287 0,000171
indirectly 0,371064 0,000142
indiscretion 1,469676 0,000563
indispensable 0,843970 0,000323
indisposed 2,120264 0,000812
indistinct 1,139434 0,000436
individual 0,150823 0,000058
indolent 1,427116 0,000547
indoors 1,469676 0,000563
induce 0,634878 0,000243
induction 2,525729 0,000967
ineffaceable 2,659260 0,001018
inevitable 0,544727 0,000209
inexhaustible 1,237874 0,000474
infancy 0,916291 0,000351
infant 0,673345 0,000258
inform 0,510826 0,000196
informant 2,207275 0,000845
informing 1,021651 0,000391
infringement 0,544727 0,000209
ingenious 0,693147 0,000265
inhaling 2,120264 0,000812
initiating 2,995732 0,001147
injured 0,579818 0,000222
injury 0,446287 0,000171
injustice 0,673345 0,000258
inn 0,713350 0,000273
innocence 0,634878 0,000243
innocent 0,186330 0,000071
inquired 0,544727 0,000209
inquiries 0,653926 0,000250
inscribed 1,347074 0,000516
inscriptions 1,966113 0,000753
inscrutable 1,514128 0,000580
insipid 1,966113 0,000753
inspected 1,469676 0,000563
instance 0,150823 0,000058
instant 0,210721 0,000081
instantly 0,356675 0,000137
instinct 0,430783 0,000165
instinctive 1,203973 0,000461
instinctively 0,733969 0,000281
instruction 0,713350 0,000273
instrument 0,356675 0,000137
intellectual 0,235722 0,000090
intellectually 2,207275 0,000845
intelligent 0,342490 0,000131
intend 0,494296 0,000189
intending 0,733969 0,000281
intends 1,347074 0,000516
intensely 0,820981 0,000314
intentions 0,494296 0,000189
intently 0,891598 0,000341
intercourse 0,798508 0,000306
interfere 0,544727 0,000209
interference 1,108663 0,000425
interfusion 3,912023 0,001498
interior 0,673345 0,000258
interlocutor 2,120264 0,000812
internal 0,261365 0,000100
international 0,494296 0,000189
interposed 1,139434 0,000436
interpreted 0,274437 0,000105
interrogation 2,302585 0,000882
interrupted 0,301105 0,000115
interval 0,579818 0,000222
interview 0,673345 0,000258
interviews 1,660731 0,000636
intimacy 0,843970 0,000323
intimate 0,462035 0,000177
intimated 1,386294 0,000531
intimation 1,347074 0,000516
intime 3,912023 0,001498
intrigue 1,309333 0,000501
introduce 0,562119 0,000215
introduced 0,356675 0,000137
introducing 1,108663 0,000425
introduction 0,400478 0,000153
introductions 2,407946 0,000922
invalidity 0,527633 0,000202
invidious 2,525729 0,000967
invisible 0,562119 0,000215
invite 0,693147 0,000265
ironical 1,386294 0,000531
ironically 1,771957 0,000679
irony 1,386294 0,000531
irrelevant 2,120264 0,000812
irrelevantly 3,506558 0,001343
irresponsible 1,832581 0,000702
irs 0,562119 0,000215
italian 0,653926 0,000250
italians 1,514128 0,000580
italy 0,820981 0,000314
james 0,673345 0,000258
january 0,693147 0,000265
jealous 0,446287 0,000171
jested 2,525729 0,000967
jocosely 2,995732 0,001147
joke 0,494296 0,000189
journey 0,198451 0,000076
judged 0,430783 0,000165
judicious 1,139434 0,000436
judith 2,120264 0,000812
july 0,616186 0,000236
jump 0,733969 0,000281
jumped 0,653926 0,000250
jumping 0,798508 0,000306
june 0,527633 0,000202
justice 0,162519 0,000062
justly 0,653926 0,000250
kicking 1,078810 0,000413
kindly 0,223144 0,000085
kinswoman 2,525729 0,000967
kiss 0,562119 0,000215
kissed 0,462035 0,000177
knee 0,462035 0,000177
knickerbockers 2,995732 0,001147
knocking 0,798508 0,000306
knot 0,673345 0,000258
knots 1,139434 0,000436
ladies 0,314711 0,000121
lady 0,248461 0,000095
lake 0,210721 0,000081
lance 1,469676 0,000563
land 0,072571 0,000028
landed 0,527633 0,000202
landing 0,562119 0,000215
language 0,072571 0,000028
lap 0,634878 0,000243
largeness 1,897120 0,000727
late 0,094311 0,000036
laugh 0,127833 0,000049
laughed 0,248461 0,000095
laughing 0,248461 0,000095
law 0,030459 0,000012
lawless 1,660731 0,000636
laws 0,083382 0,000032
laxity 2,659260 0,001018
leaned 0,634878 0,000243
leaning 0,301105 0,000115
learn 0,020203 0,000008
learned 0,105361 0,000040
learning 0,301105 0,000115
leave 0,000000 0,000000
leaving 0,083382 0,000032
led 0,040822 0,000016
ledge 1,272966 0,000488
left 0,000000 0,000000
legal 0,261365 0,000100
legally 0,342490 0,000131
legation 3,506558 0,001343
lessons 0,579818 0,000222
letter 0,116534 0,000045
lettering 2,813411 0,001078
letters 0,198451 0,000076
leveled 2,407946 0,000922
liability 0,462035 0,000177
liable 0,235722 0,000090
liberal 0,616186 0,000236
liberty 0,223144 0,000085
library 0,223144 0,000085
license 0,301105 0,000115
licensed 0,430783 0,000165
lieu 0,415515 0,000159
life -0,009950 -0,000004
lifted 0,274437 0,000105
light 0,010050 0,000004
lighted 0,261365 0,000100
lightly 0,430783 0,000165
lights 0,301105 0,000115
limitation 0,478036 0,000183
limitations 1,660731 0,000636
limited 0,261365 0,000100
linger 0,843970 0,000323
lingered 1,049822 0,000402
linked 0,385662 0,000148
links 0,415515 0,000159
lions 1,021651 0,000391
lips 0,127833 0,000049
listen 0,127833 0,000049
listened 0,274437 0,000105
lit 0,653926 0,000250
literally 0,713350 0,000273
literary 0,287682 0,000110
live 0,010050 0,000004
lived 0,061875 0,000024
lively 0,400478 0,000153
liver 1,203973 0,000461
lives 0,072571 0,000028
located 0,400478 0,000153
locations 0,544727 0,000209
logic 1,049822 0,000402
logical 1,021651 0,000391
lonesome 2,120264 0,000812
loose 0,105361 0,000040
losing 0,235722 0,000090
lost 0,020203 0,000008
lot 0,061875 0,000024
lots 0,733969 0,000281
loud 0,174353 0,000067
loudly 0,400478 0,000153
loungers 2,525729 0,000967
lounging 1,514128 0,000580
love 0,051293 0,000020
loveliness 1,469676 0,000563
lovely 0,494296 0,000189
lover 0,385662 0,000148
lucidly 3,506558 0,001343
luck 0,446287 0,000171
luminous 1,078810 0,000413
lump 1,203973 0,000461
lumps 1,897120 0,000727
luncheon 1,427116 0,000547
luxury 0,527633 0,000202
machine 0,248461 0,000095
madam 0,967584 0,000371
madame 1,108663 0,000425
mademoiselle 1,966113 0,000753
magnificent 0,328504 0,000126
magnitude 1,108663 0,000425
main 0,127833 0,000049
maintaining 0,235722 0,000090
majestically 1,560648 0,000598
malaria 2,659260 0,001018
mamma 1,237874 0,000474
managed 0,342490 0,000131
manfred 2,813411 0,001078
manifesting 2,207275 0,000845
manner 0,040822 0,000016
manners 0,274437 0,000105
marble 0,597837 0,000229
marchese 3,218876 0,001233
margin 1,078810 0,000413
marked 0,061875 0,000024
married 0,248461 0,000095
marry 0,430783 0,000165
marrying 0,867501 0,000332
martyrs 1,714798 0,000657
massed 2,302585 0,000882
master 0,083382 0,000032
maternity 2,525729 0,000967
matrimony 1,771957 0,000679
matrons 1,714798 0,000657
matter 0,010050 0,000004
mattered 1,714798 0,000657
matters 0,139262 0,000053
maturity 1,427116 0,000547
maximum 0,478036 0,000183
meaning 0,210721 0,000081
measure 0,301105 0,000115
meddle 1,078810 0,000413
medicine 0,597837 0,000229
meditated 1,347074 0,000516
meditations 1,347074 0,000516
meditatively 2,525729 0,000967
medium 0,223144 0,000085
meet 0,010050 0,000004
meeting 0,186330 0,000071
melancholy 0,342490 0,000131
menials 2,995732 0,001147
mental 0,430783 0,000165
mentally 1,237874 0,000474
mentioned 0,223144 0,000085
mere 0,094311 0,000036
merit 0,544727 0,000209
message 0,446287 0,000171
messages 1,171183 0,000449
met 0,040822 0,000016
metaphysicians 2,525729 0,000967
method 0,094311 0,000036
methods 0,210721 0,000081
metropolis 1,469676 0,000563
miasma 3,218876 0,001233
michael 0,400478 0,000153
middle 0,030459 0,000012
midi 2,995732 0,001147
midnight 0,328504 0,000126
mila 3,912023 0,001498
mild 0,510826 0,000196
miller 1,469676 0,000563
mind 0,020203 0,000008
minded 0,400478 0,000153
minds 0,235722 0,000090
mingled 0,462035 0,000177
minute 0,235722 0,000090
minutely 1,309333 0,000501
minutes 0,235722 0,000090
misfortune 0,478036 0,000183
mission 0,210721 0,000081
mississippi 0,415515 0,000159
mistake 0,223144 0,000085
mixture 0,616186 0,000236
mockery 0,941609 0,000361
modest 0,371064 0,000142
modification 0,494296 0,000189
modified 0,385662 0,000148
moment 0,010050 0,000004
moments 0,287682 0,000110
monde 2,207275 0,000845
money 0,051293 0,000020
monotone 3,912023 0,001498
monotonous 1,078810 0,000413
monstrous 0,400478 0,000153
month 0,174353 0,000067
monumental 1,966113 0,000753
monuments 1,171183 0,000449
moon 0,287682 0,000110
moonlight 0,673345 0,000258
moonshine 2,040221 0,000781
moored 1,832581 0,000702
morning 0,040822 0,000016
morrow 0,328504 0,000126
morsels 2,040221 0,000781
mortals 0,994252 0,000381
mortified 1,272966 0,000488
mossy 1,714798 0,000657
mother 0,072571 0,000028
motives 0,579818 0,000222
mounds 1,897120 0,000727
mountain 0,400478 0,000153
mountains 0,400478 0,000153
mourners 1,771957 0,000679
movement 0,328504 0,000126
movements 0,494296 0,000189
moving 1,832581 0,000702
muffled 1,139434 0,000436
murmur 0,494296 0,000189
murmured 0,673345 0,000258
music 0,198451 0,000076
muslin 1,386294 0,000531
mustache 2,040221 0,000781
mysterious 0,314711 0,000121
mystery 0,301105 0,000115
mystifying 2,525729 0,000967
narrated 1,469676 0,000563
national 0,755023 0,000289
native 0,328504 0,000126
natives 1,203973 0,000461
natural 0,094311 0,000036
naturally 0,210721 0,000081
neat 0,673345 0,000258
negligence 0,415515 0,000159
neighboring 1,386294 0,000531
neighbors 1,272966 0,000488
nephew 1,021651 0,000391
nervous 0,494296 0,000189
nest 0,733969 0,000281
network 0,415515 0,000159
newport 2,995732 0,001147
news 0,210721 0,000081
newsletter 0,562119 0,000215
nice 0,400478 0,000153
nicer 2,120264 0,000812
night 0,010050 0,000004
nocturnal 1,272966 0,000488
nodded 0,634878 0,000243
nonproprietary 0,562119 0,000215
nonsense 0,478036 0,000183
nook 1,469676 0,000563
north 0,083382 0,000032
nose 0,274437 0,000105
nosegay 2,659260 0,001018
notice 0,030459 0,000012
noticed 0,328504 0,000126
noticing 0,941609 0,000361
notifies 0,527633 0,000202
numerous 0,235722 0,000090
nurse 0,478036 0,000183
nursing 0,867501 0,000332
obey 0,400478 0,000153
object 0,127833 0,000049
objection 0,616186 0,000236
objective 1,660731 0,000636
objects 0,356675 0,000137
obliged 0,287682 0,000110
obsequious 1,560648 0,000598
observance 1,514128 0,000580
observant 1,309333 0,000501
observation 0,446287 0,000171
observations 0,867501 0,000332
observe 0,235722 0,000090
observed 0,162519 0,000062
observing 0,510826 0,000196
obsolete 0,446287 0,000171
obvious 0,415515 0,000159
occasion 0,105361 0,000040
occasions 0,430783 0,000165
occupations 1,078810 0,000413
occupied 0,235722 0,000090
occur 0,150823 0,000058
occurred 0,261365 0,000100
occurring 1,427116 0,000547
ocean 0,430783 0,000165
odd 0,385662 0,000148
odors 2,120264 0,000812
offended 0,616186 0,000236
offense 1,609438 0,000616
offensively 2,525729 0,000967
offer 0,162519 0,000062
offered 0,139262 0,000053
offering 0,400478 0,000153
offers 0,198451 0,000076
office 0,072571 0,000028
official 0,235722 0,000090
online 0,510826 0,000196
opinion 0,139262 0,000053
opportunities 0,235722 0,000090
opportunity 0,061875 0,000024
opposition 0,494296 0,000189
oppressively 2,995732 0,001147
optical 2,407946 0,000922
opulence 2,120264 0,000812
organ 0,776529 0,000297
organism 1,832581 0,000702
organized 0,356675 0,000137
original 0,105361 0,000040
originator 0,527633 0,000202
ornamental 1,386294 0,000531
ornamented 1,171183 0,000449
ostracism 3,218876 0,001233
oubliettes 3,506558 0,001343
outdated 0,562119 0,000215
overhangs 2,659260 0,001018
overlooked 0,776529 0,000297
overlooks 2,525729 0,000967
overmuch 2,040221 0,000781
overtook 1,108663 0,000425
owed 0,139262 0,000053
owner 0,116534 0,000045
paid 0,061875 0,000024
painful 0,328504 0,000126
pains 0,301105 0,000115
pair 0,235722 0,000090
paired 2,813411 0,001078
palace 0,510826 0,000196
palatine 2,813411 0,001078
pale 0,198451 0,000076
papal 2,120264 0,000812
paper 0,083382 0,000032
paperwork 0,562119 0,000215
paragraph 0,328504 0,000126
paragraphs 0,494296 0,000189
parapet 1,771957 0,000679
parasol 2,207275 0,000845
pardon 0,301105 0,000115
parent 0,713350 0,000273
parental 1,514128 0,000580
paris 0,562119 0,000215
parlor 1,714798 0,000657
parties 0,371064 0,000142
partisan 1,966113 0,000753
partners 0,994252 0,000381
party 0,061875 0,000024
passe 3,218876 0,001233
passed 0,040822 0,000016
passing 0,094311 0,000036
passion 0,186330 0,000071
passionate 0,634878 0,000243
passions 0,478036 0,000183
patches 0,941609 0,000361
paternally 3,218876 0,001233
path 0,198451 0,000076
pathological 3,218876 0,001233
patience 0,139262 0,000053
patient 0,274437 0,000105
pats 3,218876 0,001233
pause 0,371064 0,000142
paused 0,562119 0,000215
paved 1,108663 0,000425
pavement 0,843970 0,000323
pay 0,051293 0,000020
paying 0,116534 0,000045
payments 0,415515 0,000159
pebbles 1,427116 0,000547
peculiar 0,223144 0,000085
pedestrians 2,407946 0,000922
penetrating 0,967584 0,000371
penny 0,755023 0,000289
pension 1,832581 0,000702
pensive 1,171183 0,000449
pensiveness 3,912023 0,001498
people 0,010050 0,000004
perceive 0,356675 0,000137
perceived 0,400478 0,000153
perfect 0,072571 0,000028
perfection 0,478036 0,000183
perfectly 0,162519 0,000062
perform 0,150823 0,000058
performance 0,478036 0,000183
performances 0,314711 0,000121
performed 0,127833 0,000049
performing 0,261365 0,000100
perfume 1,139434 0,000436
perilous 0,798508 0,000306
period 0,274437 0,000105
periodic 0,544727 0,000209
permanent 0,223144 0,000085
permissible 2,302585 0,000882
permission 0,150823 0,000058
permitted 0,105361 0,000040
perpetually 1,078810 0,000413
perplexed 0,755023 0,000289
perplexing 1,560648 0,000598
persiflage 3,506558 0,001343
person 0,010050 0,000004
personage 1,237874 0,000474
personal 0,223144 0,000085
personality 0,967584 0,000371
persons 0,210721 0,000081
persuade 0,446287 0,000171
peter 0,820981 0,000314
philosophic 1,203973 0,000461
phrase 0,174353 0,000067
physical 0,198451 0,000076
piano 1,139434 0,000436
pick 0,415515 0,000159
picked 0,400478 0,000153
picture 0,248461 0,000095
pictures 0,415515 0,000159
picturesque 0,755023 0,000289
piece 0,072571 0,000028
pilasters 3,218876 0,001233
pills 2,207275 0,000845
pincian 3,912023 0,001498
pine 0,673345 0,000258
pink 0,867501 0,000332
pitched 0,820981 0,000314
pitiful 0,798508 0,000306
pity 0,150823 0,000058
placidity 2,525729 0,000967
placidly 1,832581 0,000702
plaguy 3,218876 0,001233
plain 0,040822 0,000016
play 0,072571 0,000028
played 0,198451 0,000076
pleadingly 3,506558 0,001343
pleasant 0,162519 0,000062
pleasanter 1,108663 0,000425
pleasantries 2,659260 0,001018
pleased 0,150823 0,000058
pleasure 0,051293 0,000020
plenty 0,235722 0,000090
pluck 0,967584 0,000371
pocket 0,371064 0,000142
poets 0,916291 0,000351
poised 1,469676 0,000563
poked 1,427116 0,000547
poking 1,469676 0,000563
poky 2,813411 0,001078
pole 0,597837 0,000229
polish 1,309333 0,000501
polite 0,693147 0,000265
politeness 0,798508 0,000306
poor 0,030459 0,000012
portable 2,207275 0,000845
porter 1,078810 0,000413
portrait 0,634878 0,000243
possessed 0,094311 0,000036
possession 0,083382 0,000032
possibilities 1,139434 0,000436
possibility 0,162519 0,000062
posted 0,301105 0,000115
potential 2,302585 0,000882
practically 0,235722 0,000090
practice 0,162519 0,000062
practiced 1,560648 0,000598
prattle 2,120264 0,000812
pray 0,371064 0,000142
preaching 1,347074 0,000516
preceded 0,653926 0,000250
prefer 0,385662 0,000148
preference 0,867501 0,000332
preferred 0,342490 0,000131
pregnantly 3,506558 0,001343
preoccupied 1,386294 0,000531
prepare 0,162519 0,000062
prepared 0,105361 0,000040
presence 0,094311 0,000036
presently 0,385662 0,000148
preserve 0,150823 0,000058
presume 0,634878 0,000243
pretending 0,755023 0,000289
pretends 1,714798 0,000657
pretext 0,941609 0,000361
pretexts 2,207275 0,000845
prettier 1,272966 0,000488
prettiest 1,560648 0,000598
prettily 1,469676 0,000563
prettiness 3,218876 0,001233
pretty 0,150823 0,000058
prevailed 0,673345 0,000258
prevent 0,083382 0,000032
previous 0,094311 0,000036
princess 1,309333 0,000501
princesses 2,040221 0,000781
principal 0,287682 0,000110
print 0,261365 0,000100
printed 0,174353 0,000067
private 0,198451 0,000076
privilege 0,527633 0,000202
privileged 1,347074 0,000516
probable 0,494296 0,000189
proceeded 0,274437 0,000105
processing 0,562119 0,000215
proclaimed 0,941609 0,000361
produce 0,127833 0,000049
produced 0,105361 0,000040
production 0,314711 0,000121
professed 1,021651 0,000391
professor 0,287682 0,000110
profit 0,248461 0,000095
profits 0,314711 0,000121
profundity 2,525729 0,000967
program 2,407946 0,000922
progress 0,174353 0,000067
prohibition 0,430783 0,000165
project -0,009950 -0,000004
projected 1,139434 0,000436
prolonged 0,597837 0,000229
prominently 0,494296 0,000189
promise 0,116534 0,000045
promised 0,198451 0,000076
promising 0,430783 0,000165
promoting 0,430783 0,000165
promotion 0,342490 0,000131
pronounce 0,916291 0,000351
pronounced 0,446287 0,000171
pronouncing 1,272966 0,000488
proof 0,287682 0,000110
proofread 0,562119 0,000215
proper 0,061875 0,000024
property 0,127833 0,000049
proportion 0,371064 0,000142
propose 0,527633 0,000202
proposed 0,371064 0,000142
proprietary 0,562119 0,000215
prospect 0,446287 0,000171
protect 0,186330 0,000071
protestant 1,714798 0,000657
protestations 1,660731 0,000636
protested 0,867501 0,000332
protesting 1,309333 0,000501
protuberance 3,218876 0,001233
prove 0,174353 0,000067
proved 0,116534 0,000045
provide 0,162519 0,000062
providing 0,261365 0,000100
provincial 1,203973 0,000461
provision 0,248461 0,000095
provisions 0,223144 0,000085
prudent 0,616186 0,000236
public 0,083382 0,000032
publicity 2,040221 0,000781
publicly 0,994252 0,000381
puerility 3,912023 0,001498
puffs 1,832581 0,000702
pulling 0,634878 0,000243
punctiliously 3,218876 0,001233
punitive 0,562119 0,000215
purely 0,713350 0,000273
purpose 0,040822 0,000016
purposes 0,478036 0,000183
pursued 0,328504 0,000126
pursuit 0,328504 0,000126
pushed 0,400478 0,000153
puzzled 0,494296 0,000189
quaint 1,021651 0,000391
quarter 0,223144 0,000085
queer 0,776529 0,000297
queerest 1,966113 0,000753
querulous 2,120264 0,000812
question 0,051293 0,000020
questions 0,127833 0,000049
qui 1,469676 0,000563
quick 0,139262 0,000053
quickened 1,203973 0,000461
quiet 0,116534 0,000045
quitted 1,049822 0,000402
quotation 1,897120 0,000727
rackets 3,506558 0,001343
radiance 1,139434 0,000436
radiant 0,867501 0,000332
raise 0,174353 0,000067
raised 0,061875 0,000024
randolph 3,218876 0,001233
rapid 0,371064 0,000142
rapidity 0,820981 0,000314
rapidly 0,371064 0,000142
rarely 0,527633 0,000202
rate 0,274437 0,000105
rattle 0,891598 0,000341
raw 0,713350 0,000273
reached 0,127833 0,000049
reaching 0,083382 0,000032
read 0,020203 0,000008
readable 0,510826 0,000196
reader 0,342490 0,000131
reading 0,061875 0,000024
ready 0,030459 0,000012
reaffirm 3,912023 0,001498
real 0,040822 0,000016
reason 0,010050 0,000004
reasonable 0,116534 0,000045
reassure 1,609438 0,000616
reassured 1,272966 0,000488
rebuke 1,049822 0,000402
receipt 0,314711 0,000121
receive 0,083382 0,000032
received 0,040822 0,000016
receiving 0,116534 0,000045
reciprocated 2,813411 0,001078
reckless 1,049822 0,000402
recklessness 1,660731 0,000636
recommended 0,634878 0,000243
recorded 0,733969 0,000281
recurred 1,714798 0,000657
red 0,072571 0,000028
redistribute 0,544727 0,000209
redistributing 0,562119 0,000215
redistribution 0,562119 0,000215
reduced 0,371064 0,000142
references 0,430783 0,000165
referring 0,967584 0,000371
reflected 0,371064 0,000142
reflecting 0,755023 0,000289
reflections 0,798508 0,000306
refund 0,562119 0,000215
refusal 0,843970 0,000323
refused 0,235722 0,000090
regard 0,150823 0,000058
regarded 0,301105 0,000115
region 0,673345 0,000258
registered 0,430783 0,000165
regret 0,385662 0,000148
regular 0,287682 0,000110
regulating 0,415515 0,000159
rejoin 1,560648 0,000598
rejoined 1,021651 0,000391
relate 0,562119 0,000215
relations 0,287682 0,000110
release 0,210721 0,000081
released 0,616186 0,000236
relief 0,198451 0,000076
relieve 0,544727 0,000209
relish 1,021651 0,000391
remain 0,040822 0,000016
remained 0,116534 0,000045
remaining 0,094311 0,000036
remark 0,314711 0,000121
remarkable 0,235722 0,000090
remarkably 0,733969 0,000281
remarked 0,415515 0,000159
remarks 0,462035 0,000177
remedies 0,415515 0,000159
remember 0,083382 0,000032
remembered 0,162519 0,000062
reminding 1,049822 0,000402
remonstrate 2,040221 0,000781
remotely 2,120264 0,000812
remove 0,127833 0,000049
removed 0,061875 0,000024
renamed 0,562119 0,000215
rendezvous 1,609438 0,000616
repaired 0,941609 0,000361
repeated 0,127833 0,000049
repeating 0,527633 0,000202
replace 0,342490 0,000131
replacement 0,562119 0,000215
replied 0,235722 0,000090
reply 0,174353 0,000067
report 0,301105 0,000115
reported 0,162519 0,000062
reports 0,261365 0,000100
representations 0,356675 0,000137
representative 1,078810 0,000413
reproaches 1,049822 0,000402
reprobate 2,207275 0,000845
reputation 0,385662 0,000148
request 0,127833 0,000049
require 0,127833 0,000049
required 0,083382 0,000032
requirements 0,415515 0,000159
reside 1,171183 0,000449
residence 0,713350 0,000273
residing 1,560648 0,000598
resolved 0,342490 0,000131
respect 0,094311 0,000036
respectability 1,427116 0,000547
respectable 0,430783 0,000165
respectfully 1,139434 0,000436
responded 0,916291 0,000351
responding 1,897120 0,000727
response 0,916291 0,000351
rest 0,010050 0,000004
rested 0,314711 0,000121
resting 0,314711 0,000121
restrictions 0,385662 0,000148
resumed 0,415515 0,000159
resuming 1,560648 0,000598
retired 0,342490 0,000131
retort 1,386294 0,000531
retraced 1,897120 0,000727
retreat 0,494296 0,000189
return 0,040822 0,000016
returned 0,061875 0,000024
returns 0,235722 0,000090
revenge 0,544727 0,000209
revenue 0,371064 0,000142
reverted 1,609438 0,000616
revolving 1,309333 0,000501
revulsion 1,660731 0,000636
reward 0,328504 0,000126
ribbon 1,237874 0,000474
ribbons 1,203973 0,000461
rich 0,139262 0,000053
richmond 2,120264 0,000812
rid 0,223144 0,000085
riddle 1,203973 0,000461
ride 0,462035 0,000177
rise 0,040822 0,000016
risen 0,342490 0,000131
risk 0,371064 0,000142
risked 1,514128 0,000580
roll 0,415515 0,000159
rolled 0,356675 0,000137
roman 0,755023 0,000289
romancers 2,659260 0,001018
romantic 0,891598 0,000341
rome 0,713350 0,000273
roof 0,223144 0,000085
rose 0,094311 0,000036
rough 0,186330 0,000071
rouleaux 3,506558 0,001343
row 0,544727 0,000209
royalties 0,527633 0,000202
royalty 0,385662 0,000148
rubbing 0,713350 0,000273
rude 0,342490 0,000131
ruefully 2,120264 0,000812
rug 1,386294 0,000531
rugged 0,798508 0,000306
ruin 0,287682 0,000110
rules 0,150823 0,000058
rumor 1,897120 0,000727
russian 1,347074 0,000516
rustled 1,832581 0,000702
rustling 1,203973 0,000461
sacrifice 0,328504 0,000126
safe 0,116534 0,000045
safely 0,371064 0,000142
sail 0,634878 0,000243
sake 0,094311 0,000036
salon 2,207275 0,000845
salt 0,116534 0,000045
salute 0,967584 0,000371
sanctity 1,347074 0,000516
sanders 3,506558 0,001343
sang 0,415515 0,000159
sanitary 2,040221 0,000781
saratoga 3,506558 0,001343
sat 0,083382 0,000032
satisfaction 0,186330 0,000071
savage 0,356675 0,000137
save 0,030459 0,000012
scale 0,446287 0,000171
scandal 0,891598 0,000341
scandalous 1,237874 0,000474
scattered 0,139262 0,000053
scattering 1,139434 0,000436
scene 0,198451 0,000076
scented 1,203973 0,000461
school 0,174353 0,000067
scientifically 2,407946 0,000922
scold 1,469676 0,000563
scorn 0,562119 0,000215
search 0,051293 0,000020
season 0,287682 0,000110
seat 0,105361 0,000040
seated 0,223144 0,000085
seating 1,609438 0,000616
seats 0,562119 0,000215
secluded 1,237874 0,000474
secretaries 2,040221 0,000781
secrets 0,400478 0,000153
secure 0,072571 0,000028
select 0,867501 0,000332
selected 0,634878 0,000243
send 0,030459 0,000012
sending 0,083382 0,000032
sensation 0,462035 0,000177
sense 0,051293 0,000020
sensibility 1,427116 0,000547
sentence 0,127833 0,000049
sentiment 0,478036 0,000183
sentimental 1,139434 0,000436
sentiments 0,820981 0,000314
september 0,673345 0,000258
serenely 1,386294 0,000531
serenity 1,203973 0,000461
series 0,494296 0,000189
servant 0,186330 0,000071
servants 0,162519 0,000062
serve 0,174353 0,000067
served 0,186330 0,000071
service 0,072571 0,000028
set 0,010050 0,000004
settle 0,356675 0,000137
settled 0,127833 0,000049
seventeen 0,693147 0,000265
shade 0,274437 0,000105
shadow 0,223144 0,000085
shadows 0,494296 0,000189
shaft 0,916291 0,000351
shanks 2,659260 0,001018
shaped 0,527633 0,000202
share 0,040822 0,000016
shared 0,139262 0,000053
sharing 0,248461 0,000095
sharp 0,162519 0,000062
sharply 0,510826 0,000196
shawl 1,078810 0,000413
sheen 2,207275 0,000845
ship 0,314711 0,000121
shocked 0,776529 0,000297
shocking 1,139434 0,000436
shook 0,235722 0,000090
shore 0,342490 0,000131
short 0,020203 0,000008
shoulder 0,210721 0,000081
shoulders 0,174353 0,000067
shrewd 1,021651 0,000391
shudder 0,693147 0,000265
shut 0,072571 0,000028
shyly 2,040221 0,000781
sick 0,150823 0,000058
sickness 0,478036 0,000183
sights 0,755023 0,000289
sign 0,139262 0,000053
signorina 3,912023 0,001498
signs 0,186330 0,000071
silence 0,105361 0,000040
silent 0,051293 0,000020
simple 0,094311 0,000036
simplify 2,302585 0,000882
simply 0,150823 0,000058
sing 0,415515 0,000159
singing 0,371064 0,000142
single 0,083382 0,000032
sings 1,139434 0,000436
singular 0,430783 0,000165
singularly 0,843970 0,000323
sir 0,150823 0,000058
sister 0,356675 0,000137
sit 0,061875 0,000024
sits 0,820981 0,000314
sitting 0,105361 0,000040
situation 0,198451 0,000076
skepticism 2,813411 0,001078
skiff 1,832581 0,000702
skirts 0,843970 0,000323
sky 0,210721 0,000081
slap 1,660731 0,000636
sleep 0,072571 0,000028
sleeping 0,235722 0,000090
sleeps 0,994252 0,000381
slender 0,693147 0,000265
slight 0,150823 0,000058
slightest 0,415515 0,000159
slippery 1,139434 0,000436
slow 0,139262 0,000053
slowly 0,150823 0,000058
smart 0,634878 0,000243
smartly 1,514128 0,000580
smelling 0,843970 0,000323
smile 0,274437 0,000105
smiled 0,356675 0,000137
smiling 0,301105 0,000115
smokes 1,966113 0,000753
smoothed 1,021651 0,000391
smoothing 1,272966 0,000488
sniffed 1,771957 0,000679
soberly 1,469676 0,000563
sociable 1,309333 0,000501
social 0,371064 0,000142
society 0,210721 0,000081
soft 0,210721 0,000081
softly 0,400478 0,000153
softness 0,891598 0,000341
sojourn 1,386294 0,000531
solemnly 0,579818 0,000222
solicit 0,430783 0,000165
solicitation 0,510826 0,000196
son 0,105361 0,000040
songs 0,544727 0,000209
sons 0,356675 0,000137
sore 0,616186 0,000236
sort 0,105361 0,000040
sound 0,020203 0,000008
sounded 0,371064 0,000142
sounds 0,223144 0,000085
source 0,328504 0,000126
southern 0,579818 0,000222
spare 0,210721 0,000081
speak 0,051293 0,000020
speaking 0,072571 0,000028
speaks 0,371064 0,000142
special 0,083382 0,000032
specific 0,820981 0,000314
specimens 0,941609 0,000361
speeches 0,867501 0,000332
spending 0,597837 0,000229
spent 0,105361 0,000040
sphere 0,733969 0,000281
spindle 1,966113 0,000753
spirit 0,051293 0,000020
spirits 0,198451 0,000076
spite 0,139262 0,000053
splendid 0,400478 0,000153
splendidly 1,171183 0,000449
splendor 1,714798 0,000657
spoiled 0,916291 0,000351
spoke 0,116534 0,000045
spoken 0,150823 0,000058
spot 0,162519 0,000062
spread 0,061875 0,000024
sprig 2,525729 0,000967
spring 0,083382 0,000032
springing 0,733969 0,000281
spun 0,941609 0,000361
spurious 2,120264 0,000812
squeezing 1,609438 0,000616
staff 0,274437 0,000105
stage 0,223144 0,000085
staircase 0,867501 0,000332
staircases 2,302585 0,000882
stand 0,000000 0,000000
standing 0,030459 0,000012
stands 0,261365 0,000100
stare 0,713350 0,000273
stared 0,597837 0,000229
staring 0,634878 0,000243
starlight 1,897120 0,000727
starlit 2,995732 0,001147
start -0,009950 -0,000004
statements 0,430783 0,000165
stationed 1,237874 0,000474
status 0,446287 0,000171
stay 0,083382 0,000032
stayed 0,415515 0,000159
staying 0,653926 0,000250
steamboats 2,525729 0,000967
steamer 1,514128 0,000580
step 0,083382 0,000032
stepped 0,510826 0,000196
steps 0,094311 0,000036
stiff 0,430783 0,000165
stiffer 2,995732 0,001147
stockings 0,891598 0,000341
stood 0,030459 0,000012
stool 0,733969 0,000281
stored 0,342490 0,000131
stories 0,328504 0,000126
straight 0,105361 0,000040
straightening 1,832581 0,000702
straightway 1,347074 0,000516
strange 0,061875 0,000024
straw 0,356675 0,000137
streets 0,274437 0,000105
stretching 0,733969 0,000281
strict 0,210721 0,000081
striking 0,274437 0,000105
strikingly 1,714798 0,000657
strolled 1,237874 0,000474
strolling 1,469676 0,000563
struck 0,083382 0,000032
structure 0,673345 0,000258
study 0,162519 0,000062
studying 0,653926 0,000250
style 0,274437 0,000105
stylish 2,120264 0,000812
subject 0,072571 0,000028
subjective 2,120264 0,000812
subjoined 2,659260 0,001018
subscribe 0,494296 0,000189
substantial 0,755023 0,000289
subtle 0,733969 0,000281
succeeds 1,203973 0,000461
sudden 0,072571 0,000028
suddenly 0,040822 0,000016
suffer 0,127833 0,000049
suffers 1,139434 0,000436
sufficient 0,139262 0,000053
sugar 0,776529 0,000297
suggestions 0,891598 0,000341
summer 0,186330 0,000071
summerhouse 3,912023 0,001498
summons 0,867501 0,000332
sun 0,072571 0,000028
sunday 0,494296 0,000189
sunny 0,867501 0,000332
sunshine 0,616186 0,000236
superb 1,203973 0,000461
superficial 1,108663 0,000425
superior 0,274437 0,000105
supply 0,371064 0,000142
supplying 1,514128 0,000580
support 0,127833 0,000049
suppose 0,072571 0,000028
surface 0,301105 0,000115
surprise 0,174353 0,000067
surprises 1,347074 0,000516
surrounded 0,223144 0,000085
surveillance 2,302585 0,000882
survive 0,274437 0,000105
suspect 0,342490 0,000131
swamp 0,342490 0,000131
sway 1,078810 0,000413
sweet 0,174353 0,000067
sweetest 0,941609 0,000361
sweetly 1,049822 0,000402
sweetness 0,673345 0,000258
swinging 0,798508 0,000306
swiss 1,897120 0,000727
switzerland 1,714798 0,000657
sylph 2,995732 0,001147
sympathetically 1,897120 0,000727
synonymous 0,446287 0,000171
table 0,094311 0,000036
tact 1,309333 0,000501
talent 0,544727 0,000209
talk 0,083382 0,000032
talked 0,261365 0,000100
talking 0,150823 0,000058
tall 0,223144 0,000085
taste 0,174353 0,000067
tastes 0,634878 0,000243
taught 0,248461 0,000095
tax 0,328504 0,000126
taxes 0,385662 0,000148
tea 0,579818 0,000222
teach 0,248461 0,000095
teacher 0,527633 0,000202
teachers 0,776529 0,000297
tears 0,150823 0,000058
teasing 1,897120 0,000727
teeth 0,198451 0,000076
temper 0,274437 0,000105
temples 0,616186 0,000236
tender 0,314711 0,000121
term 0,371064 0,000142
terms 0,061875 0,000024
terrible 0,186330 0,000071
testify 1,347074 0,000516
tete 2,995732 0,001147
textbooks 2,813411 0,001078
thinking 0,274437 0,000105
thither 0,579818 0,000222
threshold 0,562119 0,000215
threw 0,116534 0,000045
throng 1,078810 0,000413
throw 0,083382 0,000032
throwing 0,287682 0,000110
thrust 0,328504 0,000126
thump 1,832581 0,000702
tigers 1,771957 0,000679
time -0,009950 -0,000004
times 0,010050 0,000004
timid 0,544727 0,000209
tiptoe 1,049822 0,000402
tired 0,198451 0,000076
tiresome 1,078810 0,000413
title 0,116534 0,000045
tomorrow 0,755023 0,000289
tone 0,248461 0,000095
tones 0,713350 0,000273
topics 1,427116 0,000547
tormenting 1,427116 0,000547
toss 1,049822 0,000402
touched 0,139262 0,000053
tourist 2,302585 0,000882
tourists 3,218876 0,001233
tournure 3,912023 0,001498
tout 1,832581 0,000702
towers 0,967584 0,000371
town 0,105361 0,000040
trademark 0,562119 0,000215
traditions 1,139434 0,000436
train 0,274437 0,000105
trains 1,049822 0,000402
tranquil 0,994252 0,000381
transcribe 0,494296 0,000189
transcription 0,527633 0,000202
transported 1,108663 0,000425
travel 0,356675 0,000137
travelers 2,207275 0,000845
traveling 1,560648 0,000598
travels 0,755023 0,000289
traversed 1,139434 0,000436
traversing 1,897120 0,000727
treat 0,287682 0,000110
treated 0,261365 0,000100
treatment 0,127833 0,000049
tree 0,235722 0,000090
tremendous 0,693147 0,000265
tremendously 2,040221 0,000781
tremor 1,514128 0,000580
tripped 1,469676 0,000563
tripping 1,560648 0,000598
triumphantly 0,941609 0,000361
trois 2,995732 0,001147
trouble 0,051293 0,000020
troubled 0,287682 0,000110
true 0,020203 0,000008
trustworthy 1,514128 0,000580
truth 0,030459 0,000012
tuck 1,966113 0,000753
twist 1,021651 0,000391
type 0,446287 0,000171
types 0,385662 0,000148
umbrella 1,347074 0,000516
unable 0,248461 0,000095
unacquainted 1,427116 0,000547
unattended 1,897120 0,000727
unbecomingly 3,506558 0,001343
unbroken 0,733969 0,000281
unconscious 0,400478 0,000153
uncultivated 2,207275 0,000845
undefended 2,995732 0,001147
understand 0,030459 0,000012
understanding 0,223144 0,000085
understood 0,061875 0,000024
undertake 0,579818 0,000222
uneasily 1,347074 0,000516
unenforceability 0,562119 0,000215
unexpected 0,430783 0,000165
unhappy 0,400478 0,000153
uniform 0,210721 0,000081
united 0,094311 0,000036
universally 0,967584 0,000371
unkind 1,386294 0,000531
unknown 0,105361 0,000040
unlink 0,562119 0,000215
unmarried 1,347074 0,000516
unpleasant 0,562119 0,000215
unprecedented 1,771957 0,000679
unprotected 0,673345 0,000258
unreasoning 1,966113 0,000753
unremittingly 3,218876 0,001233
unscrupulous 1,771957 0,000679
unshrinking 3,506558 0,001343
unsolicited 0,510826 0,000196
unsophisticated 2,407946 0,000922
unwonted 1,309333 0,000501
updated 0,510826 0,000196
uppermost 1,237874 0,000474
upstart 2,407946 0,000922
urbane 2,659260 0,001018
urbanity 2,302585 0,000882
urchin 1,832581 0,000702
urged 0,356675 0,000137
urgently 1,560648 0,000598
user 0,562119 0,000215
usual 0,139262 0,000053
ut 0,510826 0,000196
uttering 0,994252 0,000381
utterly 0,371064 0,000142
vacation 1,386294 0,000531
vague 0,579818 0,000222
vaguely 0,967584 0,000371
vanilla 0,544727 0,000209
variance 1,560648 0,000598
variety 0,162519 0,000062
vaulted 1,469676 0,000563
vaulting 2,813411 0,001078
vehicle 1,049822 0,000402
vehicles 1,469676 0,000563
veiled 1,272966 0,000488
velvet 0,916291 0,000351
venture 0,342490 0,000131
ventured 0,478036 0,000183
verdure 1,469676 0,000563
version 0,385662 0,000148
vesper 2,525729 0,000967
vexed 0,733969 0,000281
victoria 1,966113 0,000753
view 0,105361 0,000040
viewed 0,261365 0,000100
viewing 0,415515 0,000159
vigil 1,897120 0,000727
vigilance 1,309333 0,000501
vigilant 1,560648 0,000598
villa 1,514128 0,000580
villainous 1,609438 0,000616
violates 0,527633 0,000202
violation 1,609438 0,000616
violent 0,223144 0,000085
virus 0,527633 0,000202
visage 1,272966 0,000488
visible 0,235722 0,000090
visibly 0,916291 0,000351
vision 0,371064 0,000142
visit 0,061875 0,000024
visited 0,328504 0,000126
visitors 0,653926 0,000250
visits 0,544727 0,000209
vivacious 1,832581 0,000702
vivacity 1,237874 0,000474
vocalizing 3,912023 0,001498
voice 0,020203 0,000008
voices 0,287682 0,000110
void 0,274437 0,000105
volunteer 0,478036 0,000183
volunteers 0,430783 0,000165
vulgar 0,634878 0,000243
wait 0,094311 0,000036
waited 0,198451 0,000076
waiter 1,108663 0,000425
waiters 1,660731 0,000636
walk 0,105361 0,000040
walked 0,210721 0,000081
walker 1,897120 0,000727
walkers 2,995732 0,001147
walking 0,083382 0,000032
walks 0,162519 0,000062
wall 0,198451 0,000076
walls 0,139262 0,000053
wander 0,579818 0,000222
wandering 0,274437 0,000105
waning 1,347074 0,000516
warm 0,139262 0,000053
warranties 0,562119 0,000215
warranty 0,544727 0,000209
watch 0,094311 0,000036
watching 0,210721 0,000081
water 0,051293 0,000020
watering 1,347074 0,000516
wavering 1,078810 0,000413
weak 0,116534 0,000045
weakness 0,261365 0,000100
wear 0,274437 0,000105
wearing 0,415515 0,000159
week 0,235722 0,000090
weeks 0,248461 0,000095
west 0,083382 0,000032
western 0,616186 0,000236
whatsoever 0,287682 0,000110
whip 0,597837 0,000229
whiskers 1,171183 0,000449
white 0,051293 0,000020
wide 0,061875 0,000024
widest 0,446287 0,000171
widow 0,579818 0,000222
wild 0,051293 0,000020
window 0,274437 0,000105
winter 0,198451 0,000076
winterbourne 3,912023 0,001498
winters 1,514128 0,000580
wise 0,105361 0,000040
woman 0,061875 0,000024
women 0,094311 0,000036
wonderful 0,162519 0,000062
wonderfully 0,510826 0,000196
wooer 2,813411 0,001078
word 0,020203 0,000008
wore 0,274437 0,000105
worse 0,083382 0,000032
worth 0,061875 0,000024
wounded 0,274437 0,000105
wretched 0,328504 0,000126
write 0,150823 0,000058
writing 0,061875 0,000024
written 0,051293 0,000020
wrong 0,083382 0,000032
wrote 0,150823 0,000058
yards 0,400478 0,000153
yellow 0,328504 0,000126
yesterday 0,301105 0,000115
york 0,916291 0,000351
youthful 0,673345 0,000258
zeal 0,579818 0,000222
zurich 2,995732 0,001147
