absolutely 0,287682 0,000344
absorb 1,514128 0,001811
absurd 0,430783 0,000515
account 0,010050 0,000012
adds 0,798508 0,000955
admirable 0,527633 0,000631
advice 0,186330 0,000223
afraid 0,105361 0,000126
air 0,061875 0,000074
airy 1,237874 0,001481
ale 1,660731 0,001987
alive 0,051293 0,000061
alternation 2,525729 0,003021
amazement 0,446287 0,000534
analyze 2,302585 0,002754
ancestral 2,040221 0,002440
angles 1,021651 0,001222
angry 0,174353 0,000209
appetite 0,371064 0,000444
arabesque 2,813411 0,003365
arbors 2,659260 0,003181
arms 0,051293 0,000061
arranged 0,328504 0,000393
artistic 1,049822 0,001256
asleep 0,162519 0,000194
assure 0,385662 0,000461
assures 1,203973 0,001440
astonish 1,427116 0,001707
atrocious 1,427116 0,001707
awake 0,356675 0,000427
awful 0,328504 0,000393
axe 1,049822 0,001256
baby 0,673345 0,000805
bad 0,051293 0,000061
bare 0,162519 0,000194
bargain 0,597837 0,000715
barred 0,916291 0,001096
bars 0,653926 0,000782
basely 1,966113 0,002352
bay 0,544727 0,000652
beautiful 0,083382 0,000100
bed 0,051293 0,000061
beds 0,430783 0,000515
bedstead 1,347074 0,001611
beg 0,210721 0,000252
belonging 0,527633 0,000631
betrayed 0,494296 0,000591
bit 0,174353 0,000209
blackberry 2,995732 0,003583
blame 0,174353 0,000209
blank 0,579818 0,000694
bless 0,430783 0,000515
blessed 0,356675 0,000427
bloated 1,660731 0,001987
boat 0,446287 0,000534
body 0,030459 0,000036
bordered 1,347074 0,001611
box 0,248461 0,000297
boys 0,328504 0,000393
breadth 0,653926 0,000782
breadths 3,506558 0,004194
break 0,083382 0,000100
bright 0,116534 0,000139
bring 0,010050 0,000012
broken 0,061875 0,000074
brother 0,127833 0,000153
budding 1,966113 0,002352
bulbous 3,218876 0,003850
burden 0,223144 0,000267
bureau 1,832581 0,002192
burning 0,150823 0,000180
bushes 0,733969 0,000878
buttercups 2,995732 0,003583
candlelight 2,813411 0,003365
canvas 0,916291 0,001096
care 0,000000 0,000000
careful 0,174353 0,000209
carriage 0,446287 0,000534
carried 0,030459 0,000036
caught 0,162519 0,000194
cautioned 2,120264 0,002536
cellar 1,021651 0,001222
centre 0,462035 0,000553
chair 0,274437 0,000328
change 0,010050 0,000012
changed 0,051293 0,000061
charlotte 1,897120 0,002269
chase 0,653926 0,000782
cheaply 1,966113 0,002352
check 0,174353 0,000209
child 0,072571 0,000087
children 0,072571 0,000087
chintz 2,407946 0,002880
clean 0,248461 0,000297
clever 0,400478 0,000479
climb 0,693147 0,000829
closer 0,385662 0,000461
clothes 0,127833 0,000153
cloud 0,301105 0,000360
cod 1,897120 0,002269
cold 0,040822 0,000049
colonial 2,120264 0,002536
color 1,021651 0,001222
columns 0,867501 0,001038
comfort 0,150823 0,000180
comfortable 0,261365 0,000313
commands 0,616186 0,000737
commit 0,527633 0,000631
committing 1,078810 0,001290
common 0,072571 0,000087
companionship 0,967584 0,001157
company 0,020203 0,000024
comparative 0,994252 0,001189
conclusion 0,235722 0,000282
condition 0,094311 0,000113
confess 0,198451 0,000237
confuse 1,897120 0,002269
confusion 0,301105 0,000360
congenial 1,309333 0,001566
connect 1,347074 0,001611
conscientiously 1,609438 0,001925
conspicuous 0,916291 0,001096
constant 0,051293 0,000061
constantly 0,371064 0,000444
contradictions 1,272966 0,001523
control 0,314711 0,000376
convinced 0,287682 0,000344
convolutions 3,506558 0,004194
corner 0,127833 0,000153
count 0,248461 0,000297
country 0,010050 0,000012
cousin 0,755023 0,000903
covered 0,139262 0,000167
crawl 1,049822 0,001256
crawling 0,941609 0,001126
crawls 2,407946 0,002880
creep 0,820981 0,000982
creeping 0,634878 0,000759
creeps 1,966113 0,002352
creepy 2,995732 0,003583
cultivates 2,659260 0,003181
curves 1,469676 0,001758
damp 0,415515 0,000497
danger 0,116534 0,000139
dangerous 0,150823 0,000180
dark 0,051293 0,000061
darling 0,916291 0,001096
day 0,000000 0,000000
daylight 0,446287 0,000534
days 0,020203 0,000024
daytime 1,560648 0,001867
dead 0,072571 0,000087
deal 0,105361 0,000126
dearly 0,776529 0,000929
debased 2,040221 0,002440
deceit 1,021651 0,001222
decide 0,274437 0,000328
declare 0,342490 0,000410
declared 0,210721 0,000252
deep 0,051293 0,000061
defiance 0,713350 0,000853
delicious 0,713350 0,000853
delirium 1,237874 0,001481
depends 0,198451 0,000237
depressing 1,427116 0,001707
depression 0,967584 0,001157
derision 1,108663 0,001326
design 0,400478 0,000479
desperate 0,328504 0,000393
destroy 0,127833 0,000153
determine 0,210721 0,000252
determined 0,174353 0,000209
developments 2,040221 0,002440
diagonally 2,525729 0,003021
dim 0,415515 0,000497
dining 0,510826 0,000611
dinner 0,198451 0,000237
direction 0,083382 0,000100
disagree 1,966113 0,002352
discouraging 1,714798 0,002051
discovered 0,051293 0,000061
distance 0,105361 0,000126
distinguish 0,356675 0,000427
distraction 1,139434 0,001363
disturb 0,478036 0,000572
dizzy 1,469676 0,001758
doctor 0,446287 0,000534
door 0,040822 0,000049
downstairs 1,049822 0,001256
draught 0,579818 0,000694
dreadfully 1,021651 0,001222
dream 0,198451 0,000237
dress 0,186330 0,000223
dug 0,673345 0,000805
dull 0,174353 0,000209
duty 0,083382 0,000100
dwells 1,469676 0,001758
earnest 0,261365 0,000313
easier 0,385662 0,000461
east 0,235722 0,000282
eat 0,083382 0,000100
effort 0,094311 0,000113
elms 1,966113 0,002352
endless 0,478036 0,000572
enduring 0,994252 0,001189
english 0,094311 0,000113
enjoy 0,150823 0,000180
enjoys 1,139434 0,001363
enter 0,094311 0,000113
entertain 0,597837 0,000715
entertainment 0,820981 0,000982
enthusiastic 1,021651 0,001222
equal 0,174353 0,000209
escape 0,094311 0,000113
estate 0,510826 0,000611
evening 0,083382 0,000100
everlastingness 3,912023 0,004679
excited 0,248461 0,000297
excitement 0,430783 0,000515
exciting 0,693147 0,000829
excuses 1,078810 0,001290
exercise 0,287682 0,000344
exhaust 1,660731 0,001987
expect 0,186330 0,000223
expects 1,021651 0,001222
expression 0,127833 0,000153
extreme 0,235722 0,000282
eye 0,030459 0,000036
eyes 0,010050 0,000012
fade 1,237874 0,001481
faded 0,653926 0,000782
faint 0,261365 0,000313
fainted 1,078810 0,001290
faith 0,210721 0,000252
fall 0,020203 0,000024
false 0,210721 0,000252
fancies 0,733969 0,000878
fancy 0,198451 0,000237
fascinating 1,139434 0,001363
fashioned 0,446287 0,000534
fast 0,061875 0,000074
fastened 0,616186 0,000737
faster 0,562119 0,000672
fate 0,174353 0,000209
fatuity 2,659260 0,003181
feel 0,020203 0,000024
feeling 0,105361 0,000126
felicity 1,309333 0,001566
fierce 0,478036 0,000572
figure 0,072571 0,000087
figures 0,248461 0,000297
finally 0,150823 0,000180
finish 0,314711 0,000376
finished 0,162519 0,000194
fits 0,634878 0,000759
flamboyant 3,506558 0,004194
flesh 0,210721 0,000252
floor 0,186330 0,000223
florid 1,560648 0,001867
flourishes 1,771957 0,002120
flourishing 1,021651 0,001222
flowers 0,274437 0,000328
fog 0,713350 0,000853
follow 0,020203 0,000024
fond 0,287682 0,000344
food 0,127833 0,000153
foolish 0,235722 0,000282
forbidden 0,544727 0,000652
forgot 0,261365 0,000313
form 0,040822 0,000049
formless 2,040221 0,002440
fortunate 0,415515 0,000497
foul 0,634878 0,000759
fourth 0,186330 0,000223
fretful 2,207275 0,002640
friend 0,040822 0,000049
friends 0,020203 0,000024
frieze 2,525729 0,003021
frighten 0,798508 0,000955
fun 0,798508 0,000955
fungus 2,120264 0,002536
funny 1,021651 0,001222
furniture 0,415515 0,000497
gaining 0,544727 0,000652
galore 3,912023 0,004679
garden 0,198451 0,000237
gardeners 1,771957 0,002120
gate 0,287682 0,000344
gates 0,446287 0,000534
gathered 0,150823 0,000180
gentle 0,274437 0,000328
gentlest 1,714798 0,002051
gently 0,235722 0,000282
ghostliness 3,218876 0,003850
girl 0,235722 0,000282
glad 0,072571 0,000087
gloomily 1,386294 0,001658
gnarly 3,912023 0,004679
gnawed 1,514128 0,001811
god 0,094311 0,000113
goose 0,941609 0,001126
gouged 2,995732 0,003583
grape 1,272966 0,001523
green 0,105361 0,000126
greenhouses 3,506558 0,004194
grotesques 2,995732 0,003583
ground 0,030459 0,000036
growths 2,207275 0,002640
guess 0,314711 0,000376
gymnasium 1,966113 0,002352
gymnastics 2,525729 0,003021
habit 0,223144 0,000267
hair 0,094311 0,000113
hall 0,314711 0,000376
halls 1,309333 0,001566
hand 0,010050 0,000012
hands 0,020203 0,000024
hanging 0,261365 0,000313
hangings 1,714798 0,002051
happy 0,072571 0,000087
hard 0,040822 0,000049
hate 0,274437 0,000328
hated 0,356675 0,000427
hates 1,237874 0,001481
hatred 0,494296 0,000591
haunted 0,579818 0,000694
head 0,000000 0,000000
headlong 0,843970 0,001010
heads 0,094311 0,000113
hear 0,010050 0,000012
heard 0,020203 0,000024
heart 0,010050 0,000012
heavy 0,030459 0,000036
hedges 1,108663 0,001326
height 0,261365 0,000313
heirs 1,203973 0,001440
henry 0,713350 0,000853
hereditary 1,108663 0,001326
hidden 0,248461 0,000297
hideous 0,527633 0,000631
hides 0,967584 0,001157
hiding 0,616186 0,000737
hinder 0,820981 0,000982
hold 0,020203 0,000024
hop 1,469676 0,001758
hopes 0,210721 0,000252
horizontal 1,514128 0,001811
horizontally 1,832581 0,002192
horribly 0,916291 0,001096
horrid 0,713350 0,000853
horror 0,248461 0,000297
hour 0,083382 0,000100
hours 0,094311 0,000113
house 0,020203 0,000024
housekeeper 1,203973 0,001440
houses 0,139262 0,000167
hovering 1,171183 0,001401
hug 1,427116 0,001707
humiliating 1,427116 0,001707
hurrah 1,386294 0,001658
hurt 0,198451 0,000237
husband 0,248461 0,000297
hypothesis 1,272966 0,001523
hysterical 1,469676 0,001758
idea 0,105361 0,000126
ideas 0,314711 0,000376
imaginative 1,609438 0,001925
imagine 0,139262 0,000167
immovable 1,203973 0,001440
impertinence 1,560648 0,001867
impressionable 2,525729 0,003021
improper 1,139434 0,001363
improve 0,733969 0,000878
inanimate 1,272966 0,001523
inexplicable 1,171183 0,001401
influence 0,198451 0,000237
infuriating 3,912023 0,004679
inharmonious 2,813411 0,003365
innocent 0,186330 0,000223
instant 0,210721 0,000252
intact 1,609438 0,001925
intense 0,430783 0,000515
intention 0,186330 0,000223
interminable 1,237874 0,001481
irritant 3,912023 0,004679
irritate 1,832581 0,002192
irritating 1,272966 0,001523
isolated 0,994252 0,001189
jane 1,832581 0,002192
jennie 3,912023 0,004679
john 0,328504 0,000393
joints 1,108663 0,001326
journeys 1,139434 0,001363
judge 0,116534 0,000139
julia 2,120264 0,002536
july 0,616186 0,000737
jump 0,733969 0,000878
key 0,356675 0,000427
kindly 0,223144 0,000267
knobs 2,407946 0,002880
knocks 1,514128 0,001811
lack 0,478036 0,000572
laid 0,072571 0,000087
lame 0,820981 0,000982
lamplight 2,120264 0,002536
lane 0,798508 0,000955
laugh 0,127833 0,000153
laughed 0,248461 0,000297
laughs 0,994252 0,001189
law 0,030459 0,000036
laws 0,083382 0,000100
lay 0,051293 0,000061
lazy 0,616186 0,000737
lead 0,083382 0,000100
leaf 0,462035 0,000553
lease 1,897120 0,002269
leave 0,000000 0,000000
left 0,000000 0,000000
legal 0,261365 0,000313
lie 0,040822 0,000049
life -0,009950 -0,000012
lift 0,415515 0,000497
light 0,010050 0,000012
lights 0,301105 0,000360
live 0,010050 0,000012
liver 1,203973 0,001440
living 0,020203 0,000024
lock 0,385662 0,000461
locked 0,430783 0,000515
lolls 3,506558 0,004194
lose 0,094311 0,000113
lot 0,061875 0,000074
lots 0,733969 0,000878
lovely 0,494296 0,000591
loves 0,562119 0,000672
loving 0,478036 0,000572
lucky 0,527633 0,000631
lurid 1,609438 0,001925
lying 0,061875 0,000074
manner 0,040822 0,000049
mansion 0,867501 0,001038
mark 0,127833 0,000153
marked 0,061875 0,000074
marriage 0,314711 0,000376
mary 0,693147 0,000829
mastered 0,967584 0,001157
match 0,385662 0,000461
matter 0,010050 0,000012
mattress 1,427116 0,001707
meadows 1,139434 0,001363
meal 0,301105 0,000360
meat 0,356675 0,000427
meet 0,010050 0,000012
mention 0,223144 0,000267
mere 0,094311 0,000113
merrily 1,272966 0,001523
met 0,040822 0,000049
miles 0,223144 0,000267
mind 0,020203 0,000024
misconstrued 3,506558 0,004194
mitchell 2,525729 0,003021
moment 0,010050 0,000012
moments 0,287682 0,000344
months 0,094311 0,000113
moon 0,287682 0,000344
moonlight 0,673345 0,000805
mopboard 3,912023 0,004679
morning 0,040822 0,000049
morrow 0,328504 0,000393
mother 0,072571 0,000087
mysterious 0,314711 0,000376
nailed 1,272966 0,001523
nap 1,771957 0,002120
neck 0,186330 0,000223
neglect 0,494296 0,000591
nellie 3,912023 0,004679
nervous 0,494296 0,000591
nervousness 1,714798 0,002051
nice 0,400478 0,000479
night 0,010050 0,000012
nights 0,235722 0,000282
normal 1,237874 0,001481
notice 0,030459 0,000036
noticed 0,328504 0,000393
numerous 0,235722 0,000282
nursery 1,347074 0,001611
occasionally 0,371064 0,000444
occupy 0,634878 0,000759
odor 1,560648 0,001867
oil 0,527633 0,000631
openly 0,494296 0,000591
opposition 0,494296 0,000591
optic 3,506558 0,004194
orange 0,941609 0,001126
ordinary 0,186330 0,000223
outlines 1,108663 0,001326
outrageous 1,386294 0,001658
pains 0,301105 0,000360
paint 0,693147 0,000829
paper 0,083382 0,000100
parlor 1,714798 0,002051
patches 0,941609 0,001126
patent 1,078810 0,001290
path 0,198451 0,000237
paths 0,755023 0,000903
patience 0,139262 0,000167
patient 0,274437 0,000328
pattern 0,693147 0,000829
patterns 1,514128 0,001811
peculiar 0,223144 0,000267
peculiarity 1,171183 0,001401
peeled 1,966113 0,002352
people 0,010050 0,000012
perfect 0,072571 0,000087
perplexing 1,560648 0,001867
perseverance 1,108663 0,001326
person 0,010050 0,000012
personally 0,798508 0,000955
phosphates 3,912023 0,004679
physician 0,693147 0,000829
piazza 2,120264 0,002536
pick 0,415515 0,000497
piece 0,072571 0,000087
pillow 0,776529 0,000929
plain 0,040822 0,000049
plantain 3,506558 0,004194
plaster 1,203973 0,001440
playground 2,813411 0,003365
playroom 3,218876 0,003850
pleasant 0,162519 0,000194
pleased 0,150823 0,000180
plunge 0,733969 0,000878
plunges 1,897120 0,002269
pointless 2,207275 0,002640
poor 0,030459 0,000036
porch 0,941609 0,001126
positively 0,776529 0,000929
pound 0,776529 0,000929
power 0,030459 0,000036
practical 0,494296 0,000591
prescription 1,966113 0,002352
press 0,274437 0,000328
pretended 0,562119 0,000672
pretty 0,150823 0,000180
principle 0,430783 0,000515
private 0,198451 0,000237
privately 1,171183 0,001401
profession 0,527633 0,000631
professional 0,820981 0,000982
project -0,009950 -0,000012
pronounced 0,446287 0,000534
proper 0,061875 0,000074
proudly 0,733969 0,000878
provoke 0,891598 0,001067
provoking 1,078810 0,001290
pulled 0,371064 0,000444
pure 0,150823 0,000180
push 0,562119 0,000672
puzzling 1,560648 0,001867
queer 0,776529 0,000929
querulous 2,120264 0,002536
questions 0,127833 0,000153
quiet 0,116534 0,000139
quietly 0,261365 0,000313
radiation 2,995732 0,003583
rain 0,223144 0,000267
rare 0,274437 0,000328
ravages 1,832581 0,002192
ray 0,798508 0,000955
reach 0,051293 0,000061
read 0,020203 0,000024
ready 0,030459 0,000036
real 0,040822 0,000049
realize 1,021651 0,001222
reason 0,010050 0,000012
reasonable 0,116534 0,000139
recurrent 2,995732 0,003583
relatives 0,941609 0,001126
relief 0,198451 0,000237
relieve 0,544727 0,000652
remember 0,083382 0,000100
reminding 1,049822 0,001256
renovate 3,506558 0,004194
rental 2,525729 0,003021
repairs 1,514128 0,001811
repaper 3,912023 0,004679
repeated 0,127833 0,000153
repellant 3,218876 0,003850
repetition 0,843970 0,001010
report 0,301105 0,000360
reproachful 1,309333 0,001566
rest 0,010050 0,000012
restrained 0,776529 0,000929
revolting 1,560648 0,001867
ride 0,462035 0,000553
riotous 1,897120 0,002269
road 0,150823 0,000180
romanesque 3,912023 0,004679
romantic 0,891598 0,001067
rope 0,616186 0,000737
roses 0,941609 0,001126
rubbed 0,544727 0,000652
rush 0,287682 0,000344
safe 0,116534 0,000139
sake 0,094311 0,000113
sat 0,083382 0,000100
satisfies 2,040221 0,002440
save 0,030459 0,000036
schedule 3,218876 0,003850
school 0,174353 0,000209
scientific 0,776529 0,000929
scoffs 3,506558 0,004194
score 0,713350 0,000853
scratched 1,049822 0,001256
seats 0,562119 0,000672
seaweeds 3,506558 0,004194
secretly 0,597837 0,000715
secure 0,072571 0,000087
securely 0,916291 0,001096
seldom 0,301105 0,000360
send 0,030459 0,000036
sense 0,051293 0,000061
sensitive 0,693147 0,000829
separate 0,248461 0,000297
separately 1,108663 0,001326
sequence 1,560648 0,001867
servants 0,162519 0,000194
sha 1,309333 0,001566
shade 0,274437 0,000328
shaded 0,891598 0,001067
shades 0,916291 0,001096
shadow 0,223144 0,000267
shady 0,994252 0,001189
shake 0,287682 0,000344
shakes 1,272966 0,001523
shame 0,223144 0,000267
shape 0,186330 0,000223
shapes 0,755023 0,000903
shines 0,994252 0,001189
shining 0,385662 0,000461
shook 0,235722 0,000282
shoots 1,347074 0,001611
short 0,020203 0,000024
shoulder 0,210721 0,000252
shriek 1,078810 0,001290
shut 0,072571 0,000087
sick 0,150823 0,000180
sickly 0,891598 0,001067
sideways 1,139434 0,001363
silenced 1,049822 0,001256
silly 0,400478 0,000479
sin 0,430783 0,000515
sister 0,356675 0,000427
sit 0,061875 0,000074
sitting 0,105361 0,000126
skulking 1,966113 0,002352
slanting 1,427116 0,001707
slaps 2,207275 0,002640
sleep 0,072571 0,000087
sleeping 0,235722 0,000282
slept 0,223144 0,000267
slight 0,150823 0,000180
slow 0,139262 0,000167
slowly 0,150823 0,000180
sly 0,713350 0,000853
smell 0,371064 0,000444
smelled 1,660731 0,001987
smooch 3,912023 0,004679
smooches 3,912023 0,004679
smoothly 1,021651 0,001222
smouldering 1,771957 0,002120
society 0,210721 0,000252
softly 0,400478 0,000479
solely 0,733969 0,000878
somersault 2,813411 0,003365
sort 0,105361 0,000126
sorts 0,356675 0,000427
soul 0,105361 0,000126
sound 0,020203 0,000024
special 0,083382 0,000100
spent 0,105361 0,000126
spite 0,139262 0,000167
splintered 2,040221 0,002440
spoils 0,994252 0,001189
spot 0,162519 0,000194
spots 0,562119 0,000672
sprawling 1,347074 0,001611
sprouting 2,813411 0,003365
stained 0,653926 0,000782
stairs 0,430783 0,000515
stand 0,000000 0,000000
standing 0,030459 0,000036
stands 0,261365 0,000313
stare 0,713350 0,000853
start -0,009950 -0,000012
started 0,150823 0,000180
stay 0,083382 0,000100
stealing 0,653926 0,000782
step 0,083382 0,000100
steps 0,094311 0,000113
stern 0,478036 0,000572
sticks 0,733969 0,000878
stimulating 1,714798 0,002051
stimulus 1,560648 0,001867
stir 0,400478 0,000479
stood 0,030459 0,000036
stooping 0,867501 0,001038
store 0,385662 0,000461
story 0,051293 0,000061
straight 0,105361 0,000126
strange 0,061875 0,000074
strangely 0,579818 0,000694
strangest 1,021651 0,001222
strangled 1,171183 0,001401
strangles 3,506558 0,004194
streak 1,203973 0,001440
strength 0,030459 0,000036
strikes 0,544727 0,000652
string 0,634878 0,000759
strip 0,597837 0,000715
stripped 0,776529 0,000929
strong 0,030459 0,000036
study 0,162519 0,000194
studying 0,653926 0,000782
subdued 0,494296 0,000591
subtlest 2,302585 0,002754
suddenly 0,040822 0,000049
suffer 0,127833 0,000153
suicide 1,049822 0,001256
sulk 3,506558 0,004194
sulphur 1,609438 0,001925
summer 0,186330 0,000223
sun 0,072571 0,000087
sunlight 0,843970 0,001010
sunshine 0,616186 0,000737
superstition 0,941609 0,001126
suppose 0,072571 0,000087
surprise 0,174353 0,000209
suspect 0,342490 0,000410
symmetry 1,514128 0,001811
talk 0,083382 0,000100
tear 0,371064 0,000444
teeth 0,198451 0,000237
temperament 0,994252 0,001189
temporary 0,713350 0,000853
tendency 0,634878 0,000759
terror 0,198451 0,000237
thousandth 1,897120 0,002269
thrown 0,116534 0,000139
tie 0,510826 0,000611
time -0,009950 -0,000012
times 0,010050 0,000012
tint 1,714798 0,002051
tired 0,198451 0,000237
tiresome 1,078810 0,001290
toadstool 3,218876 0,003850
toadstools 2,813411 0,003365
tonics 3,506558 0,004194
torn 0,248461 0,000297
torturing 1,469676 0,001758
touched 0,139262 0,000167
touches 0,798508 0,000955
town 0,105361 0,000126
toy 1,049822 0,001256
tramples 2,995732 0,003583
trees 0,127833 0,000153
trip 0,713350 0,000853
trouble 0,051293 0,000061
troubles 0,478036 0,000572
trust 0,116534 0,000139
twilight 0,733969 0,000878
unblinking 2,813411 0,003365
uncertain 0,301105 0,000360
unclean 1,386294 0,001658
uncomfortable 0,798508 0,000955
undertaking 0,713350 0,000853
undoubtedly 0,634878 0,000759
undulating 1,560648 0,001867
ungrateful 0,798508 0,000955
unheard 0,994252 0,001189
unreasonably 2,040221 0,002440
unreliable 2,302585 0,002754
untenanted 2,040221 0,002440
upside 1,347074 0,001611
upstairs 0,891598 0,001067
velvet 0,916291 0,001096
verily 1,139434 0,001363
vicious 0,653926 0,000782
view 0,105361 0,000126
village 0,356675 0,000427
vines 1,237874 0,001481
visit 0,061875 0,000074
voice 0,020203 0,000024
waddling 2,995732 0,003583
wait 0,094311 0,000113
wake 0,462035 0,000553
waken 1,714798 0,002051
walk 0,105361 0,000126
walking 0,083382 0,000100
wall 0,198451 0,000237
wallowing 2,120264 0,002536
wallpaper 3,506558 0,004194
walls 0,139262 0,000167
wars 0,820981 0,000982
watch 0,094311 0,000113
watched 0,210721 0,000252
watching 0,210721 0,000252
waves 0,478036 0,000572
weakness 0,261365 0,000313
weather 0,248461 0,000297
week 0,235722 0,000282
weeks 0,248461 0,000297
weigh 0,579818 0,000694
weir 3,218876 0,003850
wharf 1,469676 0,001758
white 0,051293 0,000061
whitewashed 1,660731 0,001987
wind 0,105361 0,000126
winding 0,634878 0,000759
window 0,274437 0,000328
windows 0,261365 0,000313
wine 0,248461 0,000297
wink 1,078810 0,001290
wise 0,105361 0,000126
woke 0,820981 0,000982
woman 0,061875 0,000074
women 0,094311 0,000113
wonderfully 0,510826 0,000611
word 0,020203 0,000024
worse 0,083382 0,000100
worst 0,186330 0,000223
worth 0,061875 0,000074
write 0,150823 0,000180
writing 0,061875 0,000074
yards 0,400478 0,000479
yellow 0,328504 0,000393
