abbey 1,609438 0,002617
abbeys 2,995732 0,004871
account 0,010050 0,000016
acknowledged 0,597837 0,000972
aged 0,198451 0,000323
aid 0,287682 0,000468
allan 2,813411 0,004575
aloft 0,916291 0,001490
amply 0,967584 0,001573
anon 1,272966 0,002070
apartment 0,693147 0,001127
apartments 0,994252 0,001617
appals 2,813411 0,004575
appearance 0,083382 0,000136
appearances 0,693147 0,001127
appliances 2,207275 0,003589
appointments 1,771957 0,002881
approach 0,083382 0,000136
approached 0,248461 0,000404
approved 0,693147 0,001127
arabesque 2,813411 0,004575
arrest 0,941609 0,001531
arrested 0,733969 0,001193
assembly 0,891598 0,001450
assume 0,478036 0,000777
assumptions 3,218876 0,005234
attained 0,494296 0,000804
attention 0,083382 0,000136
august 0,616186 0,001002
avatar 3,506558 0,005702
aware 0,223144 0,000363
awe 0,597837 0,000972
ball 0,356675 0,000580
ballet 2,302585 0,003744
ban 1,897120 0,003085
barbaric 1,714798 0,002788
battlements 1,714798 0,002788
bearing 0,162519 0,000264
beat 0,186330 0,000303
beautiful 0,083382 0,000136
beauty 0,174353 0,000284
bedewed 2,659260 0,004324
bell 0,400478 0,000651
besprinkled 2,813411 0,004575
bid 0,400478 0,000651
bizarre 2,207275 0,003589
black 0,072571 0,000118
blackness 1,237874 0,002013
blasphemous 2,040221 0,003317
bleeding 0,843970 0,001372
blood 0,116534 0,000189
blue 0,174353 0,000284
body 0,030459 0,000050
bold 0,287682 0,000468
bolts 1,427116 0,002321
bore 0,150823 0,000245
bounds 0,634878 0,001032
brazen 1,203973 0,001958
brazier 2,302585 0,003744
broad 0,139262 0,000226
brought 0,010050 0,000016
brow 0,544727 0,000886
brows 0,755023 0,001228
buffoons 2,407946 0,003915
buzz 1,609438 0,002617
candelabrum 3,912023 0,006361
candle 0,544727 0,000886
care 0,000000 0,000000
carpet 0,653926 0,001063
casements 2,407946 0,003915
castellated 3,218876 0,005234
ceased 0,235722 0,000383
ceiling 0,527633 0,000858
centres 1,771957 0,002881
cerements 2,813411 0,004575
cessation 1,386294 0,002254
chamber 0,400478 0,000651
chambers 0,733969 0,001193
character 0,061875 0,000101
cheat 1,139434 0,001853
chime 1,832581 0,002980
chimes 2,302585 0,003744
chiming 2,525729 0,004107
chords 1,660731 0,002700
circuit 0,891598 0,001450
clang 1,660731 0,002700
clock 0,527633 0,000858
close 0,051293 0,000083
closed 0,116534 0,000189
closely 0,223144 0,000363
closer 0,385662 0,000627
closest 1,514128 0,002462
colour 0,527633 0,000858
coloured 0,693147 0,001127
colours 0,713350 0,001160
commenced 0,798508 0,001298
company 0,020203 0,000033
concealed 0,415515 0,000676
conceptions 1,514128 0,002462
confronted 1,021651 0,001661
confused 0,248461 0,000404
constrained 0,843970 0,001372
contagion 1,714798 0,002788
convulsed 1,427116 0,002321
corpse 0,693147 0,001127
correspond 1,272966 0,002070
corridor 1,203973 0,001958
corridors 1,609438 0,002617
costume 1,078810 0,001754
countenance 0,415515 0,000676
countenances 1,237874 0,002013
country 0,010050 0,000016
courage 0,150823 0,000245
court 0,127833 0,000208
courtiers 2,040221 0,003317
cowardice 0,994252 0,001617
creation 0,235722 0,000383
crept 0,494296 0,000804
crowd 0,198451 0,000323
crowded 0,301105 0,000490
dabbled 2,407946 0,003915
dagger 1,203973 0,001958
dames 1,897120 0,003085
dancers 1,514128 0,002462
dark 0,051293 0,000083
darkness 0,186330 0,000303
dauntless 2,120264 0,003448
deadly 0,478036 0,000777
death 0,020203 0,000033
decay 0,634878 0,001032
decided 0,186330 0,000303
decorations 1,966113 0,003197
decorum 1,832581 0,002980
deep 0,051293 0,000083
deeply 0,261365 0,000425
defiance 0,713350 0,001160
deliberate 0,755023 0,001228
delirious 1,386294 0,002254
demanded 0,400478 0,000651
densely 1,832581 0,002980
depart 0,400478 0,000651
depended 0,653926 0,001063
depopulated 2,525729 0,004107
despair 0,198451 0,000323
despairing 0,798508 0,001298
detecting 1,966113 0,003197
devastated 2,659260 0,004324
die 0,105361 0,000171
died 0,061875 0,000101
difficulty 0,139262 0,000226
directed 0,287682 0,000468
direction 0,083382 0,000136
disapprobation 2,040221 0,003317
disconcert 2,207275 0,003589
disease 0,371064 0,000603
disgust 0,446287 0,000726
disposed 0,385662 0,000627
disregarded 1,427116 0,002321
dissolution 1,469676 0,002390
distaste 1,771957 0,002881
distinguished 0,301105 0,000490
dizziness 2,302585 0,003744
dominion 0,994252 0,001617
dominions 1,660731 0,002700
doors 0,105361 0,000171
drapery 2,040221 0,003317
drawn 0,094311 0,000153
dreams 0,274437 0,000446
dropped 0,274437 0,000446
duke 0,994252 0,001617
dull 0,174353 0,000284
ears 0,105361 0,000171
eastern 0,733969 0,001193
ebony 1,660731 0,002700
eccentric 0,916291 0,001490
echo 0,713350 0,001160
echoes 1,272966 0,002070
edgar 2,207275 0,003589
egress 2,040221 0,003317
emanating 2,813411 0,004575
embellishments 2,120264 0,003448
embrace 0,462035 0,000751
embraced 0,562119 0,000914
emotion 0,494296 0,000804
emphasis 0,891598 0,001450
emphatic 1,427116 0,002321
endured 0,673345 0,001095
entered 0,051293 0,000083
entertained 0,616186 0,001002
equally 0,223144 0,000363
ere 0,634878 0,001032
erect 0,597837 0,000972
evolutions 2,207275 0,003589
exceedingly 0,462035 0,000751
excited 0,248461 0,000404
existed 0,510826 0,000831
expected 0,105361 0,000171
expired 1,347074 0,002190
expressive 0,733969 0,001193
extensive 0,798508 0,001298
extent 0,083382 0,000136
external 0,562119 0,000914
extreme 0,235722 0,000383
extremity 0,867501 0,001411
eye 0,030459 0,000050
eyes 0,010050 0,000016
failed 0,198451 0,000323
fall 0,020203 0,000033
falling 0,083382 0,000136
falls 0,328504 0,000534
fancies 0,733969 0,001193
fantastic 0,798508 0,001298
fashion 0,174353 0,000284
fashions 1,386294 0,002254
fatal 0,342490 0,000557
features 0,328504 0,000534
feel 0,020203 0,000033
feet 0,061875 0,000101
fell 0,051293 0,000083
fellow 0,051293 0,000083
feverishly 1,832581 0,002980
fiery 0,713350 0,001160
figure 0,072571 0,000118
figures 0,248461 0,000404
finally 0,150823 0,000245
fine 0,072571 0,000118
flames 0,616186 0,001002
flies 0,579818 0,000943
floats 1,560648 0,002538
flows 0,941609 0,001531
folding 1,049822 0,001707
folds 0,755023 0,001228
followers 0,755023 0,001228
folly 0,301105 0,000490
foot 0,083382 0,000136
form 0,040822 0,000066
fourth 0,186330 0,000303
frenzy 0,867501 0,001411
friends 0,020203 0,000033
fro 0,494296 0,000804
frozen 0,733969 0,001193
furiously 0,755023 0,001228
furnaces 2,120264 0,003448
furnished 0,328504 0,000534
gaieties 2,813411 0,004575
gasped 1,021651 0,001661
gates 0,446287 0,000726
gaudy 1,386294 0,002254
gaunt 1,139434 0,001853
gay 0,494296 0,000804
ghastly 0,867501 0,001411
giddiest 3,912023 0,006361
gigantic 0,994252 0,001617
girdled 2,407946 0,003915
glare 0,843970 0,001372
glaringly 3,506558 0,005702
glass 0,186330 0,000303
gleaming 0,916291 0,001490
glitter 1,386294 0,002254
glowed 1,108663 0,001803
golden 0,342490 0,000557
gothic 1,609438 0,002617
grave 0,127833 0,000208
green 0,105361 0,000171
grew 0,139262 0,000226
grieve 0,916291 0,001490
grotesque 1,078810 0,001754
guiding 0,867501 0,001411
habiliments 2,995732 0,004871
hale 1,771957 0,002881
hall 0,314711 0,000512
halls 1,309333 0,002129
hammers 1,966113 0,003197
hand 0,010050 0,000016
handled 0,916291 0,001490
hands 0,020203 0,000033
hang 0,400478 0,000651
hangings 1,714798 0,002788
happened 0,094311 0,000153
happy 0,072571 0,000118
harken 3,912023 0,006361
head 0,000000 0,000000
hear 0,010050 0,000016
heart 0,010050 0,000016
hearted 0,415515 0,000676
hearts 0,261365 0,000425
heavy 0,030459 0,000050
held 0,040822 0,000066
hernani 3,506558 0,005702
hideous 0,527633 0,000858
hoarsely 1,560648 0,002538
horror 0,248461 0,000404
hour 0,083382 0,000136
hue 0,798508 0,001298
hung 0,174353 0,000284
hurriedly 0,891598 0,001450
hushed 1,049822 0,001707
illimitable 2,525729 0,004107
illumined 1,609438 0,002617
image 0,371064 0,000603
impeded 1,771957 0,002881
imperial 1,021651 0,001661
impetuosity 1,714798 0,002788
impulse 0,462035 0,000751
impulses 1,237874 0,002013
incidents 0,693147 0,001127
indefinite 1,309333 0,002129
individual 0,150823 0,000245
individuals 0,673345 0,001095
indulged 0,941609 0,001531
ingress 2,302585 0,003744
inspired 0,510826 0,000831
instant 0,210721 0,000343
instantly 0,356675 0,000580
insult 0,673345 0,001095
intruder 1,237874 0,002013
iron 0,198451 0,000323
irregularly 1,832581 0,002980
jest 0,673345 0,001095
jests 1,560648 0,002538
knights 1,309333 0,002129
lamp 0,478036 0,000777
lapse 0,994252 0,001617
laughter 0,274437 0,000446
lay 0,051293 0,000083
leave 0,000000 0,000000
left 0,000000 0,000000
leisure 0,579818 0,000943
licence 1,560648 0,002538
lies 0,162519 0,000264
life -0,009950 -0,000016
light 0,010050 0,000016
lighted 0,261365 0,000425
limbs 0,274437 0,000446
live 0,010050 0,000016
lofty 0,494296 0,000804
lost 0,020203 0,000033
loud 0,174353 0,000284
loudly 0,400478 0,000651
love 0,051293 0,000083
lungs 0,916291 0,001490
lustre 1,171183 0,001904
mad 0,261365 0,000425
maddening 1,897120 0,003085
madman 1,078810 0,001754
magnificence 1,237874 0,002013
magnificent 0,328504 0,000534
mask 0,843970 0,001372
masked 1,469676 0,002390
maskers 3,506558 0,005702
masque 2,995732 0,004871
masquerade 1,897120 0,003085
masqueraders 3,506558 0,005702
massy 1,966113 0,003197
material 0,328504 0,000534
matters 0,139262 0,000226
measured 0,579818 0,000943
meditation 0,994252 0,001617
meditations 1,347074 0,002190
mere 0,094311 0,000153
merrily 1,272966 0,002070
middle 0,030459 0,000050
midnight 0,328504 0,000534
minute 0,235722 0,000383
minutes 0,235722 0,000383
mockery 0,941609 0,001531
moment 0,010050 0,000016
momentarily 1,832581 0,002980
momentary 0,693147 0,001127
monotonous 1,078810 0,001754
month 0,174353 0,000284
motionless 0,544727 0,000886
movable 1,714798 0,002788
movement 0,328504 0,000534
muffled 1,139434 0,001853
multitude 0,446287 0,000726
mummer 3,912023 0,006361
murmur 0,494296 0,000804
music 0,198451 0,000323
musical 0,579818 0,000943
musicians 1,660731 0,002700
nameless 1,078810 0,001754
narrow 0,105361 0,000171
nervousness 1,714798 0,002788
night 0,010050 0,000016
note 0,127833 0,000208
observed 0,162519 0,000264
occasion 0,105361 0,000171
orange 0,941609 0,001531
orchestra 1,609438 0,002617
ordinary 0,186330 0,000303
ornaments 0,843970 0,001372
pains 0,301105 0,000490
painted 0,356675 0,000580
palaces 1,309333 0,002129
pale 0,198451 0,000323
panes 1,386294 0,002254
party 0,061875 0,000101
passed 0,040822 0,000066
pause 0,371064 0,000603
peal 1,309333 0,002129
peculiar 0,223144 0,000363
pendulum 2,120264 0,003448
perforce 1,609438 0,002617
performance 0,478036 0,000777
person 0,010050 0,000016
pervaded 1,660731 0,002700
pest 1,660731 0,002700
pestilence 1,469676 0,002390
phantasm 2,813411 0,004575
phantasms 2,659260 0,004324
piquancy 2,995732 0,004871
plans 0,371064 0,000603
pleasure 0,051293 0,000083
poe 2,525729 0,004107
pores 2,525729 0,004107
posture 1,021651 0,001661
precautions 1,021651 0,001661
precincts 1,514128 0,002462
presence 0,094311 0,000153
prevailing 0,967584 0,001573
prince 0,462035 0,000751
produce 0,127833 0,000208
produced 0,105361 0,000171
profuse 1,609438 0,002617
profusion 1,347074 0,002190
progress 0,174353 0,000284
project -0,009950 -0,000016
projected 1,139434 0,001853
propriety 0,994252 0,001617
prospero 3,912023 0,006361
prostrate 0,843970 0,001372
provisioned 2,525729 0,004107
purple 0,616186 0,001002
pursued 0,328504 0,000534
pursuer 2,120264 0,003448
question 0,051293 0,000083
quieted 1,309333 0,002129
rage 0,261365 0,000425
raged 1,272966 0,002070
rapid 0,371064 0,000603
rays 0,776529 0,001263
reaches 0,820981 0,001335
reckless 1,049822 0,001707
red 0,072571 0,000118
reddened 1,427116 0,002321
redness 2,040221 0,003317
remote 0,544727 0,000886
resemble 0,994252 0,001617
resolved 0,342490 0,000557
retired 0,342490 0,000557
retreating 0,994252 0,001617
revel 1,714798 0,002788
revelled 2,207275 0,003589
revellers 2,207275 0,003589
reverie 1,237874 0,002013
robust 0,994252 0,001617
role 1,609438 0,002617
roof 0,223144 0,000363
ruddier 2,995732 0,004871
rudeness 1,203973 0,001958
rumour 1,272966 0,002070
rushed 0,478036 0,000777
rushing 0,597837 0,000972
sable 1,560648 0,002538
sagacious 1,660731 0,002700
save 0,030459 0,000050
scarcely 0,301105 0,000490
scarlet 0,798508 0,001298
scattered 0,139262 0,000226
scene 0,198451 0,000323
scrutiny 1,272966 0,002070
seal 0,562119 0,000914
seclusion 1,237874 0,002013
security 0,544727 0,000886
sedate 2,120264 0,003448
seize 0,446287 0,000726
seized 0,235722 0,000383
seizing 0,693147 0,001127
seizure 1,714798 0,002788
sensation 0,462035 0,000751
set 0,010050 0,000016
seventh 0,562119 0,000914
shadow 0,223144 0,000363
shame 0,223144 0,000363
sharp 0,162519 0,000264
shrank 1,108663 0,001803
shrouded 1,386294 0,002254
shudder 0,693147 0,001127
shut 0,072571 0,000118
silence 0,105361 0,000171
silent 0,051293 0,000083
single 0,083382 0,000136
sixth 0,446287 0,000726
slide 1,309333 0,002129
slight 0,150823 0,000245
slow 0,139262 0,000226
smiled 0,356675 0,000580
solemn 0,301105 0,000490
solemnly 0,579818 0,000943
sound 0,020203 0,000033
sounded 0,371064 0,000603
sounding 0,634878 0,001032
speaker 0,713350 0,001160
spectral 1,897120 0,003085
spite 0,139262 0,000226
spoke 0,116534 0,000189
spread 0,061875 0,000101
stained 0,653926 0,001063
stains 1,347074 0,002190
stalked 1,560648 0,002538
stand 0,000000 0,000000
stands 0,261365 0,000425
start -0,009950 -0,000016
stately 0,733969 0,001193
step 0,083382 0,000136
steps 0,094311 0,000153
stiff 0,430783 0,000700
stiffened 1,386294 0,002254
stood 0,030459 0,000050
straight 0,105361 0,000171
stranger 0,139262 0,000226
stream 0,210721 0,000343
streamed 1,347074 0,002190
stricken 0,653926 0,001063
strikes 0,544727 0,000886
strokes 0,916291 0,001490
strong 0,030459 0,000050
structure 0,673345 0,001095
subdued 0,494296 0,000804
sudden 0,072571 0,000118
suddenly 0,040822 0,000066
suite 1,560648 0,002538
suites 2,525729 0,004107
summoned 0,733969 0,001193
summoning 1,609438 0,002617
sunk 0,371064 0,000603
sunrise 0,891598 0,001450
supposed 0,174353 0,000284
surprise 0,174353 0,000284
sustain 0,916291 0,001490
swells 1,609438 0,002617
swung 0,733969 0,001193
sympathy 0,328504 0,000534
tall 0,223144 0,000363
tangible 1,560648 0,002538
tapestries 2,120264 0,003448
taste 0,174353 0,000284
tastes 0,634878 0,001032
termination 1,309333 0,002129
terrible 0,186330 0,000303
terror 0,198451 0,000323
thief 0,653926 0,001063
thoughtful 0,693147 0,001127
threw 0,116534 0,000189
throng 1,078810 0,001754
time -0,009950 -0,000016
tinted 1,609438 0,002617
touch 0,083382 0,000136
touched 0,139262 0,000226
tremulousness 3,912023 0,006361
tripod 2,407946 0,003915
tripods 2,813411 0,004575
truth 0,030459 0,000050
type 0,446287 0,000726
uneasy 0,544727 0,000886
unimpeded 3,218876 0,005234
uninterruptedly 2,813411 0,004575
unlimited 1,078810 0,001754
unmask 2,525729 0,004107
unsuited 2,659260 0,004324
untenanted 2,040221 0,003317
unusual 0,415515 0,000676
unutterable 1,203973 0,001958
uttered 0,430783 0,000700
utterly 0,371064 0,000603
varied 0,673345 0,001095
vast 0,223144 0,000363
velvet 0,916291 0,001490
venture 0,342490 0,000557
vesture 2,525729 0,004107
victim 0,462035 0,000751
view 0,105361 0,000171
violent 0,223144 0,000363
violet 1,427116 0,002321
visage 1,272966 0,002070
vision 0,371064 0,000603
vista 1,832581 0,002980
vividly 1,139434 0,001853
voice 0,020203 0,000033
voluptuous 1,469676 0,002390
vows 1,237874 0,002013
wall 0,198451 0,000323
walls 0,139262 0,000226
waltzers 3,912023 0,006361
waning 1,347074 0,002190
wanton 1,049822 0,001707
waving 0,653926 0,001063
welded 2,525729 0,004107
western 0,616186 0,001002
westwardly 3,912023 0,006361
whirlingly 3,912023 0,006361
whispering 0,820981 0,001335
whisperingly 3,506558 0,005702
white 0,051293 0,000083
wild 0,051293 0,000083
windings 1,560648 0,002538
window 0,274437 0,000446
windows 0,261365 0,000425
wine 0,248461 0,000404
wit 0,328504 0,000534
writhe 2,040221 0,003317
writhed 1,386294 0,002254
yard 0,430783 0,000700
yards 0,400478 0,000651
