aback 1,660731 0,000436
abandoned 0,371064 0,000097
abated 1,427116 0,000375
abide 0,287682 0,000076
ability 0,579818 0,000152
abominably 1,897120 0,000498
abruptly 0,843970 0,000222
absence 0,274437 0,000072
absolutely 0,287682 0,000076
absorbing 1,237874 0,000325
absurd 0,430783 0,000113
absurdities 1,771957 0,000465
abysmal 3,218876 0,000846
academic 1,897120 0,000498
academy 1,347074 0,000354
accent 0,843970 0,000222
accents 1,272966 0,000334
accept 0,094311 0,000025
accepted 0,139262 0,000037
accepting 0,287682 0,000076
access 0,314711 0,000083
accessed 0,562119 0,000148
accessibility 2,813411 0,000739
accessible 0,446287 0,000117
accessories 2,207275 0,000580
accompanies 1,714798 0,000450
accompanying 0,820981 0,000216
accomplishment 1,139434 0,000299
accord 0,597837 0,000157
accosts 2,995732 0,000787
account 0,010050 0,000003
accounts 0,597837 0,000157
accurate 0,941609 0,000247
accuse 0,916291 0,000241
accused 0,616186 0,000162
accustomed 0,287682 0,000076
achieve 1,078810 0,000283
achieved 0,867501 0,000228
achieving 2,120264 0,000557
acquaintances 1,021651 0,000268
acquired 0,462035 0,000121
acquiring 1,203973 0,000316
acre 1,427116 0,000375
action 0,139262 0,000037
active 0,127833 0,000034
acts 1,966113 0,000516
actual 0,174353 0,000046
add 0,198451 0,000052
addition 0,116534 0,000031
additional 0,198451 0,000052
additions 0,371064 0,000097
address 0,116534 0,000031
addresses 0,385662 0,000101
adds 0,798508 0,000210
admire 0,527633 0,000139
admired 0,579818 0,000152
admit 0,235722 0,000062
admits 1,021651 0,000268
adopt 0,733969 0,000193
advancing 0,579818 0,000152
advantage 0,139262 0,000037
advantages 0,579818 0,000152
adventure 0,510826 0,000134
advertize 3,912023 0,001028
advertized 3,912023 0,001028
advice 0,186330 0,000049
affair 0,301105 0,000079
affairs 0,235722 0,000062
affection 0,235722 0,000062
affectionate 0,616186 0,000162
affections 0,798508 0,000210
affliction 0,867501 0,000228
afford 0,301105 0,000079
afforded 0,616186 0,000162
afore 1,609438 0,000423
afraid 0,105361 0,000028
african 1,427116 0,000375
afternoon 0,287682 0,000076
afterthought 2,659260 0,000699
age 0,051293 0,000013
aged 0,198451 0,000052
agen 2,813411 0,000739
agent 0,274437 0,000072
aggrieved 1,832581 0,000481
agree 0,116534 0,000031
agreeable 0,462035 0,000121
agreed 0,116534 0,000031
agreement 0,210721 0,000055
aha 1,771957 0,000465
ahem 2,525729 0,000663
aided 0,916291 0,000241
air 0,061875 0,000016
ajax 2,207275 0,000580
alarmed 0,478036 0,000126
alas 0,462035 0,000121
albert 1,832581 0,000481
alexander 1,108663 0,000291
alfred 1,897120 0,000498
alight 1,386294 0,000364
alive 0,051293 0,000013
alliteration 3,506558 0,000921
allusion 0,843970 0,000222
alphabet 1,609438 0,000423
alter 0,544727 0,000143
alteration 0,314711 0,000083
alternate 0,328504 0,000086
altogether 0,198451 0,000052
amazed 0,634878 0,000167
amazement 0,446287 0,000117
amazing 0,941609 0,000247
ambassador 1,386294 0,000364
ambition 0,597837 0,000157
ambitious 0,891598 0,000234
amen 1,237874 0,000325
amenity 3,506558 0,000921
america 0,579818 0,000152
american 0,733969 0,000193
americans 1,237874 0,000325
amiable 0,755023 0,000198
amused 0,562119 0,000148
amusement 0,544727 0,000143
amusements 1,139434 0,000299
amusing 0,693147 0,000182
analysis 1,347074 0,000354
anchor 0,867501 0,000228
angel 0,579818 0,000152
angels 0,776529 0,000204
angle 0,733969 0,000193
angles 1,021651 0,000268
angrily 0,867501 0,000228
angry 0,174353 0,000046
ankles 1,347074 0,000354
announcement 1,139434 0,000299
answer 0,040822 0,000011
answers 0,415515 0,000109
anxiety 0,287682 0,000076
anxious 0,261365 0,000069
ap 2,659260 0,000699
apiece 1,309333 0,000344
apologetically 2,040221 0,000536
apologies 1,237874 0,000325
apologize 1,714798 0,000450
apologizes 3,506558 0,000921
apostles 1,609438 0,000423
apostrophes 3,218876 0,000846
appalled 1,203973 0,000316
apparent 0,314711 0,000083
apparition 0,994252 0,000261
appeal 0,342490 0,000090
appealed 1,021651 0,000268
appearance 0,083382 0,000022
appearances 0,693147 0,000182
appetizing 2,407946 0,000633
apple 0,616186 0,000162
applicable 0,400478 0,000105
applied 0,287682 0,000076
apply 0,162519 0,000043
appointment 0,693147 0,000182
appointments 1,771957 0,000465
appreciatively 3,506558 0,000921
apprehensiveness 3,506558 0,000921
approach 0,083382 0,000022
approaches 0,867501 0,000228
approval 0,798508 0,000210
apron 1,386294 0,000364
arbitrary 1,309333 0,000344
arcade 2,525729 0,000663
archive 0,544727 0,000143
argued 0,798508 0,000210
arms 0,051293 0,000013
arrangement 0,462035 0,000121
arranging 0,820981 0,000216
array 0,314711 0,000083
arrived 0,150823 0,000040
arrogant 1,347074 0,000354
arrogantly 2,813411 0,000739
art 0,139262 0,000037
artful 1,171183 0,000308
article 0,673345 0,000177
articulate 1,469676 0,000386
artificial 0,616186 0,000162
artistic 1,049822 0,000276
ascii 0,562119 0,000148
ashamed 0,248461 0,000065
asleep 0,162519 0,000043
asparagus 2,207275 0,000580
aspirant 2,407946 0,000633
ass 0,941609 0,000247
assailing 2,659260 0,000699
asset 3,218876 0,000846
assistance 0,105361 0,000028
assistant 0,994252 0,000261
associations 1,139434 0,000299
assumed 0,385662 0,000101
assuming 0,916291 0,000241
assumption 1,347074 0,000354
assure 0,385662 0,000101
assured 0,301105 0,000079
astonished 0,301105 0,000079
astonishing 0,653926 0,000172
astonishment 0,301105 0,000079
astounded 1,427116 0,000375
astride 1,514128 0,000398
ate 0,415515 0,000109
attached 0,127833 0,000034
attack 0,301105 0,000079
attempt 0,083382 0,000022
attempts 0,478036 0,000126
attend 0,301105 0,000079
attending 0,713350 0,000187
attention 0,083382 0,000022
attired 1,427116 0,000375
attitude 0,478036 0,000126
attractive 0,820981 0,000216
audacity 1,237874 0,000325
audible 0,916291 0,000241
audibly 1,560648 0,000410
august 0,616186 0,000162
aunt 0,843970 0,000222
author 0,116534 0,000031
average 0,820981 0,000216
averted 1,139434 0,000299
avoid 0,174353 0,000046
awaits 1,237874 0,000325
aware 0,223144 0,000059
awful 0,328504 0,000086
babies 1,514128 0,000398
baby 0,673345 0,000177
bachelor 1,078810 0,000283
bachelordom 3,912023 0,001028
bachelors 1,832581 0,000481
bad 0,051293 0,000013
badly 0,446287 0,000117
baggage 0,941609 0,000247
balcony 1,514128 0,000398
band 0,430783 0,000113
bang 1,469676 0,000386
bank 0,261365 0,000069
bankers 1,832581 0,000481
banner 1,272966 0,000334
bannisters 3,506558 0,000921
bargain 0,597837 0,000157
barge 1,897120 0,000498
barometrical 3,506558 0,000921
barrels 1,203973 0,000316
based 0,371064 0,000097
basket 0,673345 0,000177
bath 0,562119 0,000148
battleship 3,218876 0,000846
bay 0,544727 0,000143
beach 1,049822 0,000276
beaming 1,386294 0,000364
bear 0,061875 0,000016
bearing 0,162519 0,000043
bearings 1,427116 0,000375
beastly 1,897120 0,000498
beat 0,186330 0,000049
beaten 0,400478 0,000105
beating 0,314711 0,000083
beautiful 0,083382 0,000022
beautifully 0,867501 0,000228
beauty 0,174353 0,000046
bed 0,051293 0,000013
bedroom 0,798508 0,000210
bee 1,078810 0,000283
beethoven 2,207275 0,000580
beetles 2,407946 0,000633
beg 0,210721 0,000055
behave 0,713350 0,000187
behaved 0,798508 0,000210
behaves 1,897120 0,000498
behaving 1,832581 0,000481
behavior 1,714798 0,000450
belief 0,198451 0,000052
bell 0,400478 0,000105
bellows 1,771957 0,000465
belong 0,235722 0,000062
belonged 0,314711 0,000083
belongs 0,415515 0,000109
bench 0,616186 0,000162
bending 0,597837 0,000157
bends 1,609438 0,000423
beneath 0,198451 0,000052
benzine 3,912023 0,001028
bequest 2,407946 0,000633
bernard 1,966113 0,000516
bess 2,995732 0,000787
bet 1,108663 0,000291
betsy 2,813411 0,000739
betters 1,660731 0,000436
bewildered 0,843970 0,000222
bible 0,776529 0,000204
bibles 2,207275 0,000580
bid 0,400478 0,000105
bilious 1,966113 0,000516
billet 2,120264 0,000557
binary 0,562119 0,000148
binman 3,912023 0,001028
biologically 3,912023 0,001028
bird 0,235722 0,000062
bishop 1,049822 0,000276
bit 0,174353 0,000046
bites 1,609438 0,000423
biting 0,713350 0,000187
bitter 0,235722 0,000062
black 0,072571 0,000019
blackening 2,659260 0,000699
blackguard 1,660731 0,000436
blackmail 2,813411 0,000739
blame 0,174353 0,000046
blaming 1,660731 0,000436
blandly 1,897120 0,000498
blas 2,995732 0,000787
blasphemy 1,514128 0,000398
blast 0,693147 0,000182
blasted 1,347074 0,000354
blasting 2,407946 0,000633
blessed 0,356675 0,000094
blessing 0,446287 0,000117
blighter 3,912023 0,001028
blinding 1,469676 0,000386
block 0,616186 0,000162
blocks 1,272966 0,000334
bloke 3,218876 0,000846
bloody 0,527633 0,000139
blooming 1,139434 0,000299
blossoms 1,049822 0,000276
blowing 0,510826 0,000134
blows 0,371064 0,000097
blue 0,174353 0,000046
boast 0,430783 0,000113
bodies 0,174353 0,000046
bold 0,287682 0,000076
bolted 0,967584 0,000254
bolts 1,427116 0,000375
bone 0,527633 0,000139
bonnet 1,139434 0,000299
boo 2,659260 0,000699
boohooing 3,912023 0,001028
book 0,061875 0,000016
bookkeeper 2,813411 0,000739
bookkeeping 3,506558 0,000921
books 0,139262 0,000037
booming 1,560648 0,000410
booth 1,832581 0,000481
boots 0,510826 0,000134
booty 1,309333 0,000344
booze 3,218876 0,000846
bore 0,150823 0,000040
bored 0,994252 0,000261
born 0,105361 0,000028
borne 0,261365 0,000069
borrowed 0,616186 0,000162
bossing 3,912023 0,001028
botanical 2,813411 0,000739
bother 0,916291 0,000241
bothered 1,514128 0,000398
bothering 1,771957 0,000465
bounce 2,120264 0,000557
bouncing 2,040221 0,000536
bound 0,030459 0,000008
bounding 1,171183 0,000308
boundless 0,891598 0,000234
bowing 0,994252 0,000261
bowl 0,843970 0,000222
bows 0,776529 0,000204
box 0,248461 0,000065
boxes 0,798508 0,000210
boy 0,139262 0,000037
brahms 3,912023 0,001028
brain 0,356675 0,000094
brand 1,203973 0,000316
brass 0,478036 0,000126
bravado 2,302585 0,000605
breach 0,274437 0,000072
bread 0,248461 0,000065
break 0,083382 0,000022
breakfast 0,356675 0,000094
breaks 0,733969 0,000193
breath 0,174353 0,000046
breathless 0,673345 0,000177
bred 0,478036 0,000126
bridegroom 1,237874 0,000325
brightening 1,469676 0,000386
brilliant 0,430783 0,000113
brilliantly 1,560648 0,000410
brim 1,237874 0,000325
bring 0,010050 0,000003
bringing 0,105361 0,000028
brings 0,328504 0,000086
britannica 2,995732 0,000787
broad 0,139262 0,000037
brocade 2,659260 0,000699
brogue 2,995732 0,000787
broke 0,116534 0,000031
broken 0,061875 0,000016
brooding 1,021651 0,000268
broomstick 3,506558 0,000921
brother 0,127833 0,000034
brougham 2,525729 0,000663
brought 0,010050 0,000003
brow 0,544727 0,000143
brown 0,274437 0,000072
brushed 1,078810 0,000283
brushes 1,660731 0,000436
brusquely 2,995732 0,000787
brutal 0,755023 0,000198
brutally 2,040221 0,000536
brute 0,579818 0,000152
built 0,150823 0,000040
bull 0,510826 0,000134
bullied 2,302585 0,000605
bullies 2,659260 0,000699
bully 1,469676 0,000386
bullying 2,207275 0,000580
bunch 0,994252 0,000261
bundle 0,755023 0,000198
burden 0,223144 0,000059
burn 0,400478 0,000105
burners 3,218876 0,000846
burns 1,203973 0,000316
burnt 0,415515 0,000109
burst 0,287682 0,000076
bursts 1,386294 0,000364
bus 2,407946 0,000633
busily 1,021651 0,000268
business 0,040822 0,000011
busybody 2,525729 0,000663
butler 1,203973 0,000316
butter 0,820981 0,000216
button 1,049822 0,000276
buttonhole 2,302585 0,000605
buttoning 1,832581 0,000481
bye 0,776529 0,000204
bygones 3,218876 0,000846
bystander 2,525729 0,000663
bystanders 2,302585 0,000605
cab 1,272966 0,000334
cabbage 1,609438 0,000423
cabinet 1,021651 0,000268
cabinets 2,040221 0,000536
cabs 2,407946 0,000633
cage 1,237874 0,000325
calamity 0,891598 0,000234
calculate 0,328504 0,000086
calculated 0,174353 0,000046
calligraphy 3,218876 0,000846
callous 1,469676 0,000386
calmly 0,510826 0,000134
cambridge 1,469676 0,000386
canal 1,309333 0,000344
cap 0,462035 0,000121
capable 0,261365 0,000069
capacity 0,527633 0,000139
captain 0,371064 0,000097
capture 0,820981 0,000216
car 0,994252 0,000261
card 0,223144 0,000059
cards 0,634878 0,000167
care 0,000000 0,000000
cared 0,494296 0,000130
career 0,478036 0,000126
careful 0,174353 0,000046
carefully 0,139262 0,000037
careless 0,494296 0,000130
carelessly 0,776529 0,000204
cares 0,634878 0,000167
caricatured 2,813411 0,000739
caring 1,049822 0,000276
carpet 0,653926 0,000172
carriage 0,446287 0,000117
carriages 0,820981 0,000216
carried 0,030459 0,000008
carries 0,755023 0,000198
carry 0,030459 0,000008
carrying 0,083382 0,000022
cart 0,755023 0,000198
carved 0,843970 0,000222
cash 1,021651 0,000268
cat 0,562119 0,000148
catch 0,210721 0,000055
catches 1,660731 0,000436
catching 0,562119 0,000148
cease 0,139262 0,000037
cecil 3,218876 0,000846
ceiling 0,527633 0,000139
celebrated 0,562119 0,000148
central 0,733969 0,000193
centre 0,462035 0,000121
ceremony 0,579818 0,000152
certainty 0,342490 0,000090
chains 0,562119 0,000148
chair 0,274437 0,000072
chairs 0,579818 0,000152
chamberlain 1,771957 0,000465
champagne 1,469676 0,000386
chance 0,083382 0,000022
chances 0,562119 0,000148
change 0,010050 0,000003
changed 0,051293 0,000013
changing 0,248461 0,000065
chap 1,021651 0,000268
chaperoned 3,912023 0,001028
chaps 1,660731 0,000436
char 2,659260 0,000699
character 0,061875 0,000016
characters 0,430783 0,000113
charge 0,051293 0,000013
charges 0,223144 0,000059
charing 1,966113 0,000516
charitable 0,287682 0,000076
charities 0,494296 0,000130
charity 0,494296 0,000130
charlie 2,813411 0,000739
charm 0,544727 0,000143
charms 0,755023 0,000198
cheap 0,673345 0,000177
cheaper 1,714798 0,000450
check 0,174353 0,000046
checks 0,478036 0,000126
cheer 0,562119 0,000148
cheerful 0,385662 0,000101
cheerfully 0,820981 0,000216
cheerfulness 0,867501 0,000228
cheerily 1,660731 0,000436
cheese 0,967584 0,000254
cheltenham 3,506558 0,000921
cheque 1,966113 0,000516
chew 1,771957 0,000465
child 0,072571 0,000019
children 0,072571 0,000019
chilled 1,139434 0,000299
chilly 1,237874 0,000325
chimneys 1,309333 0,000344
china 0,776529 0,000204
chinese 1,139434 0,000299
chintz 2,407946 0,000633
chippendale 3,912023 0,001028
chivied 3,912023 0,001028
chocolate 1,514128 0,000398
chocolates 2,995732 0,000787
choice 0,150823 0,000040
choked 0,755023 0,000198
choking 0,941609 0,000247
choose 0,083382 0,000022
chooses 1,272966 0,000334
christened 1,469676 0,000386
chronic 1,966113 0,000516
chuck 2,302585 0,000605
chucked 2,407946 0,000633
chuckles 2,995732 0,000787
chuckling 2,040221 0,000536
chump 3,218876 0,000846
church 0,261365 0,000069
circles 0,733969 0,000193
circulars 2,995732 0,000787
circumstances 0,162519 0,000043
circus 1,427116 0,000375
city 0,051293 0,000013
civil 0,544727 0,000143
civilized 1,237874 0,000325
clad 0,597837 0,000157
claim 0,116534 0,000031
claims 0,616186 0,000162
clara 2,207275 0,000580
clarendon 2,995732 0,000787
class 0,314711 0,000083
classes 0,653926 0,000172
classical 1,237874 0,000325
classy 3,912023 0,001028
claws 1,078810 0,000283
clean 0,248461 0,000065
cleanliness 1,237874 0,000325
clergyman 1,108663 0,000291
clerks 1,309333 0,000344
clerkship 3,506558 0,000921
clever 0,400478 0,000105
cleverness 1,609438 0,000423
climax 1,272966 0,000334
clinging 0,867501 0,000228
cloak 0,562119 0,000148
clock 0,527633 0,000139
cloistered 2,659260 0,000699
close 0,051293 0,000013
closer 0,385662 0,000101
closes 1,469676 0,000386
closing 0,446287 0,000117
clothed 0,673345 0,000177
clothes 0,127833 0,000034
club 0,713350 0,000187
clue 1,078810 0,000283
clung 0,693147 0,000182
coached 3,912023 0,001028
coal 0,693147 0,000182
coarse 0,478036 0,000126
coat 0,274437 0,000072
coax 1,771957 0,000465
coaxed 2,207275 0,000580
coaxes 3,912023 0,001028
coaxing 1,832581 0,000481
cockney 2,659260 0,000699
codes 0,510826 0,000134
coffee 0,562119 0,000148
cogitation 2,525729 0,000663
coins 1,078810 0,000283
cold 0,040822 0,000011
coldness 1,021651 0,000268
collar 0,713350 0,000187
collecting 0,867501 0,000228
collection 0,174353 0,000046
collision 1,771957 0,000465
colonel 0,967584 0,000254
color 1,021651 0,000268
column 0,755023 0,000198
combination 0,693147 0,000182
combine 1,078810 0,000283
combined 0,713350 0,000187
comfortable 0,261365 0,000069
comfortingly 3,506558 0,000921
comment 0,673345 0,000177
commercial 0,274437 0,000072
commercialism 3,218876 0,000846
commission 0,693147 0,000182
committed 0,150823 0,000040
common 0,072571 0,000019
commoner 2,302585 0,000605
commonly 0,755023 0,000198
commonplace 1,237874 0,000325
communist 3,218876 0,000846
community 0,616186 0,000162
compactness 2,995732 0,000787
company 0,020203 0,000005
comparable 2,040221 0,000536
comparative 0,994252 0,000261
compared 0,274437 0,000072
comparison 0,478036 0,000126
compelled 0,527633 0,000139
competent 1,139434 0,000299
competitors 2,120264 0,000557
compilation 0,494296 0,000130
complain 0,446287 0,000117
complete 0,150823 0,000040
completely 0,274437 0,000072
compliance 0,342490 0,000090
complications 2,207275 0,000580
compliment 0,673345 0,000177
comply 0,342490 0,000090
complying 0,446287 0,000117
composedly 2,040221 0,000536
compressed 0,342490 0,000090
compulsory 2,120264 0,000557
conceited 1,139434 0,000299
conceived 0,462035 0,000121
concentrated 0,867501 0,000228
concept 0,544727 0,000143
conception 0,653926 0,000172
concerned 0,287682 0,000076
concerts 1,897120 0,000498
concierge 3,218876 0,000846
conciliate 2,207275 0,000580
conciliatory 2,120264 0,000557
concluded 0,356675 0,000094
conclusion 0,235722 0,000062
condescending 1,771957 0,000465
condescension 1,309333 0,000344
condition 0,094311 0,000025
conducted 0,415515 0,000109
confess 0,198451 0,000052
confessed 0,579818 0,000152
confident 0,510826 0,000134
confidentially 1,897120 0,000498
confidently 1,049822 0,000276
confined 0,385662 0,000101
confirmation 0,356675 0,000094
confirmed 0,174353 0,000046
confounded 0,693147 0,000182
confronted 1,021651 0,000268
confused 0,248461 0,000065
congenitally 3,506558 0,000921
conscience 0,314711 0,000083
conscientiously 1,609438 0,000423
conscious 0,314711 0,000083
consent 0,328504 0,000086
consequential 0,478036 0,000126
considerable 0,105361 0,000028
consideration 0,274437 0,000072
consisted 0,562119 0,000148
consolation 0,713350 0,000187
consoling 1,714798 0,000450
consonants 2,659260 0,000699
consort 1,514128 0,000398
conspicuously 1,771957 0,000465
constant 0,051293 0,000013
consulted 0,673345 0,000177
contact 0,210721 0,000055
contemplates 2,525729 0,000663
contempt 0,446287 0,000117
contention 1,309333 0,000344
contents 0,094311 0,000025
context 2,207275 0,000580
continental 1,660731 0,000436
continues 0,941609 0,000247
continuing 0,755023 0,000198
contract 0,261365 0,000069
contractions 2,995732 0,000787
contrasts 1,966113 0,000516
contributing 1,714798 0,000450
contributions 0,430783 0,000113
control 0,314711 0,000083
controls 2,207275 0,000580
convenient 0,462035 0,000121
conventional 1,347074 0,000354
conversation 0,186330 0,000049
conversational 2,120264 0,000557
conversationally 3,506558 0,000921
conversations 0,891598 0,000234
converse 0,776529 0,000204
conversion 1,427116 0,000375
convert 0,385662 0,000101
conviction 0,462035 0,000121
convictions 1,514128 0,000398
convincing 1,108663 0,000291
convulsed 1,427116 0,000375
convulsions 1,272966 0,000334
convulsively 1,347074 0,000354
cool 0,314711 0,000083
cope 1,272966 0,000334
copper 0,798508 0,000210
copying 0,494296 0,000130
copyright 0,415515 0,000109
coquetting 3,912023 0,001028
cordial 1,078810 0,000283
cordially 1,237874 0,000325
core 1,386294 0,000364
corner 0,127833 0,000034
coroneted 3,912023 0,001028
corporation 0,462035 0,000121
correct 0,385662 0,000101
correcting 1,560648 0,000410
correctness 1,832581 0,000481
corrupt 0,274437 0,000072
cost 0,105361 0,000028
costs 0,287682 0,000076
costume 1,078810 0,000283
costumes 1,832581 0,000481
cotton 0,891598 0,000234
count 0,248461 0,000065
counter 0,843970 0,000222
countries 0,235722 0,000062
country 0,010050 0,000003
couple 0,287682 0,000076
court 0,127833 0,000034
courteous 0,967584 0,000254
courtly 1,832581 0,000481
covent 2,207275 0,000580
covered 0,139262 0,000037
covering 0,446287 0,000117
covers 0,820981 0,000216
coward 0,994252 0,000261
cowards 1,386294 0,000364
coyly 3,912023 0,001028
cracked 0,843970 0,000222
crawling 0,941609 0,000247
cream 1,171183 0,000308
created 0,116534 0,000031
creating 0,342490 0,000090
creation 0,235722 0,000062
creature 0,174353 0,000046
creatures 0,235722 0,000062
credit 0,094311 0,000025
crew 0,755023 0,000198
crime 0,314711 0,000083
crisps 3,912023 0,001028
critical 0,235722 0,000062
critically 1,714798 0,000450
crooning 2,995732 0,000787
cross 0,139262 0,000037
crosses 1,021651 0,000268
crouches 3,218876 0,000846
crow 1,272966 0,000334
crowd 0,198451 0,000052
crowded 0,301105 0,000079
crowding 1,108663 0,000291
crown 0,314711 0,000083
cruel 0,261365 0,000069
crushed 0,544727 0,000143
crying 1,560648 0,000410
cryptograms 3,912023 0,001028
cuddle 3,218876 0,000846
cue 2,040221 0,000536
cultivated 0,693147 0,000182
culture 1,171183 0,000308
cultured 1,966113 0,000516
cunning 0,462035 0,000121
cunningly 1,560648 0,000410
curiosity 0,223144 0,000059
curious 0,261365 0,000069
current 0,127833 0,000034
curtains 0,579818 0,000152
cushioned 2,120264 0,000557
cushions 1,237874 0,000325
custom 0,210721 0,000055
cut 0,040822 0,000011
cuts 0,820981 0,000216
cylinder 1,897120 0,000498
cylinders 2,407946 0,000633
cynical 1,560648 0,000410
dad 2,040221 0,000536
daily 0,248461 0,000065
dainty 0,798508 0,000210
damage 0,261365 0,000069
damaged 0,356675 0,000094
damages 0,400478 0,000105
damn 1,309333 0,000344
damnably 2,525729 0,000663
damnation 1,771957 0,000465
damned 1,139434 0,000299
damning 2,525729 0,000663
dan 1,897120 0,000498
dance 0,356675 0,000094
daresay 1,714798 0,000450
dark 0,051293 0,000013
darkly 1,237874 0,000325
darts 1,386294 0,000364
dash 0,673345 0,000177
dashed 0,616186 0,000162
dashes 1,660731 0,000436
data 0,494296 0,000130
daughter 0,261365 0,000069
dawns 2,207275 0,000580
day 0,000000 0,000000
days 0,020203 0,000005
daytime 1,560648 0,000410
dazzled 1,427116 0,000375
dazzling 0,941609 0,000247
dead 0,072571 0,000019
deadly 0,478036 0,000126
deal 0,105361 0,000028
dealt 0,597837 0,000157
death 0,020203 0,000005
deceive 0,527633 0,000139
decent 0,693147 0,000182
decide 0,274437 0,000072
decides 1,609438 0,000423
decipher 2,040221 0,000536
decision 0,579818 0,000152
decisively 1,897120 0,000498
declaiming 2,659260 0,000699
declared 0,210721 0,000055
declassee 3,912023 0,001028
declined 0,776529 0,000204
decorated 1,021651 0,000268
decorating 2,525729 0,000663
decorum 1,832581 0,000481
deductible 0,562119 0,000148
deep 0,051293 0,000013
deepens 2,659260 0,000699
deeper 0,328504 0,000086
deepest 0,673345 0,000177
deeply 0,261365 0,000069
defect 0,328504 0,000086
defective 0,356675 0,000094
defects 0,301105 0,000079
defend 0,400478 0,000105
deference 0,967584 0,000254
deferentially 2,407946 0,000633
defiance 0,713350 0,000187
defiantly 1,609438 0,000423
deficits 3,506558 0,000921
defied 1,469676 0,000386
definition 1,272966 0,000334
deftly 1,660731 0,000436
degree 0,198451 0,000052
del 1,832581 0,000481
deletions 0,562119 0,000148
deliberately 0,693147 0,000182
delicacy 0,713350 0,000187
delicious 0,713350 0,000187
deliciously 2,302585 0,000605
delight 0,162519 0,000043
delighted 0,287682 0,000076
delightful 0,478036 0,000126
delivered 0,342490 0,000090
demand 0,127833 0,000034
demanding 1,203973 0,000316
demean 2,813411 0,000739
demonstrating 2,659260 0,000699
demonstrators 3,912023 0,001028
denied 0,287682 0,000076
dentist 2,525729 0,000663
depend 0,371064 0,000097
dependence 1,309333 0,000344
dependent 0,843970 0,000222
depends 0,198451 0,000052
deplorable 1,386294 0,000364
deprecating 2,302585 0,000605
deprecation 2,813411 0,000739
depressing 1,427116 0,000375
depression 0,967584 0,000254
deputy 1,347074 0,000354
derides 2,525729 0,000663
derision 1,108663 0,000291
derisive 2,407946 0,000633
derivative 0,510826 0,000134
derive 0,342490 0,000090
derived 0,248461 0,000065
descending 0,579818 0,000152
desert 0,430783 0,000113
deserved 0,634878 0,000167
deserving 0,891598 0,000234
desire 0,072571 0,000019
desired 0,150823 0,000040
desolating 2,813411 0,000739
despair 0,198451 0,000052
despairing 0,798508 0,000210
desperate 0,328504 0,000086
desperation 0,867501 0,000228
despise 0,693147 0,000182
despots 2,659260 0,000699
dessert 1,514128 0,000398
destiny 0,634878 0,000167
destroy 0,127833 0,000034
destroyed 0,274437 0,000072
destructive 1,049822 0,000276
detach 0,446287 0,000117
detective 1,660731 0,000436
determination 0,634878 0,000167
determine 0,210721 0,000055
determined 0,174353 0,000046
determinedly 3,218876 0,000846
detest 1,347074 0,000354
detestable 1,203973 0,000316
devil 0,356675 0,000094
devilish 1,237874 0,000325
devils 0,820981 0,000216
devoted 0,301105 0,000079
devouring 1,078810 0,000283
diagonally 2,525729 0,000663
dialect 1,347074 0,000354
dialects 2,120264 0,000557
diamonds 0,967584 0,000254
dickens 1,560648 0,000410
dickensian 3,912023 0,001028
didactic 2,302585 0,000605
die 0,105361 0,000028
died 0,061875 0,000016
difference 0,198451 0,000052
difficult 0,116534 0,000031
difficulties 0,385662 0,000101
difficulty 0,139262 0,000037
diffident 1,771957 0,000465
dignified 0,755023 0,000198
dignitaries 2,207275 0,000580
dignity 0,314711 0,000083
dining 0,510826 0,000134
dinner 0,198451 0,000052
dinners 1,108663 0,000291
diphtheria 3,218876 0,000846
dipping 1,514128 0,000398
direct 0,083382 0,000022
direction 0,083382 0,000022
directions 0,314711 0,000083
director 0,798508 0,000210
directory 2,525729 0,000663
dirt 0,544727 0,000143
dirty 0,544727 0,000143
disadvantage 0,994252 0,000261
disagreeable 0,733969 0,000193
disagreeably 1,897120 0,000498
disappears 1,469676 0,000386
disappointed 0,415515 0,000109
disappointment 0,462035 0,000121
disarmed 1,771957 0,000465
disarranged 2,995732 0,000787
disastrous 1,108663 0,000291
discarded 1,309333 0,000344
disclaim 0,510826 0,000134
disclaimer 0,562119 0,000148
disclaimers 0,562119 0,000148
disclose 1,272966 0,000334
discontentedly 3,218876 0,000846
discontinue 0,544727 0,000143
discover 0,083382 0,000022
discovered 0,051293 0,000013
discoveries 0,941609 0,000247
discreetly 1,347074 0,000354
disdain 0,867501 0,000228
disdainfully 1,897120 0,000498
disdains 2,302585 0,000605
disengagement 3,506558 0,000921
disentanglement 3,912023 0,001028
disgrace 0,510826 0,000134
disgracing 2,525729 0,000663
disgust 0,446287 0,000117
disgusting 1,272966 0,000334
dish 0,755023 0,000198
dishonesty 2,120264 0,000557
disinherit 2,659260 0,000699
disk 0,446287 0,000117
disks 2,659260 0,000699
dislike 0,616186 0,000162
disliked 1,049822 0,000276
dislikes 1,771957 0,000465
dismayed 1,272966 0,000334
displacing 2,813411 0,000739
display 0,261365 0,000069
displayed 0,198451 0,000052
displaying 0,342490 0,000090
disports 3,506558 0,000921
disposed 0,385662 0,000101
disposes 2,302585 0,000605
disposition 0,400478 0,000105
disqualifications 3,218876 0,000846
disqualify 3,218876 0,000846
disquisition 2,659260 0,000699
distance 0,105361 0,000028
distasteful 1,714798 0,000450
distinct 0,301105 0,000079
distinction 0,446287 0,000117
distinguished 0,301105 0,000079
distractedly 1,966113 0,000516
distraught 2,207275 0,000580
distressed 0,673345 0,000177
distribute 0,400478 0,000105
distributed 0,248461 0,000065
distributing 0,446287 0,000117
distribution 0,430783 0,000113
distributor 0,562119 0,000148
divan 2,302585 0,000605
divided 0,210721 0,000055
divine 0,430783 0,000113
doctors 0,916291 0,000241
dog 0,261365 0,000069
dogmatically 2,995732 0,000787
doll 1,560648 0,000410
domain 0,328504 0,000086
dominate 2,207275 0,000580
dominates 2,659260 0,000699
domineering 2,659260 0,000699
donate 0,562119 0,000148
donation 0,494296 0,000130
donations 0,494296 0,000130
donors 0,527633 0,000139
door 0,040822 0,000011
doors 0,105361 0,000028
doorstep 1,897120 0,000498
double 0,186330 0,000049
doubt 0,040822 0,000011
doux 3,218876 0,000846
dover 1,897120 0,000498
downloading 0,562119 0,000148
downstairs 1,049822 0,000276
dozens 1,469676 0,000386
drag 0,579818 0,000152
dragging 0,673345 0,000177
draggletailed 3,912023 0,001028
drags 1,771957 0,000465
drama 1,203973 0,000316
dramatic 1,078810 0,000283
drank 0,371064 0,000097
draught 0,579818 0,000152
draw 0,105361 0,000028
drawer 1,078810 0,000283
drawers 1,049822 0,000276
drawing 0,139262 0,000037
draws 0,755023 0,000198
dreadful 0,342490 0,000090
dreading 1,347074 0,000354
dream 0,198451 0,000052
dreams 0,274437 0,000072
dreamy 1,347074 0,000354
drearily 2,040221 0,000536
dress 0,186330 0,000049
dressed 0,261365 0,000069
dresses 0,916291 0,000241
dressing 0,527633 0,000139
dressmaker 2,120264 0,000557
drifting 1,237874 0,000325
drink 0,150823 0,000040
drinking 0,371064 0,000097
dripping 0,891598 0,000234
drive 0,186330 0,000049
driver 0,867501 0,000228
drives 0,867501 0,000228
driving 0,371064 0,000097
drop 0,150823 0,000040
dropped 0,274437 0,000072
dropping 0,673345 0,000177
drops 0,544727 0,000143
drudge 1,897120 0,000498
drugged 2,207275 0,000580
drunk 0,415515 0,000109
drury 2,525729 0,000663
dry 0,127833 0,000034
ducal 2,995732 0,000787
duchess 1,660731 0,000436
duchesses 2,813411 0,000739
dudgeon 2,813411 0,000739
dungeon 1,427116 0,000375
dust 0,174353 0,000046
dustbin 3,506558 0,000921
dustman 3,506558 0,000921
duty 0,083382 0,000022
dwell 0,478036 0,000126
dye 1,714798 0,000450
eagerly 0,385662 0,000101
ear 0,139262 0,000037
earls 2,302585 0,000605
earn 0,891598 0,000234
earned 0,693147 0,000182
earnest 0,261365 0,000069
earnestly 0,415515 0,000109
earning 1,609438 0,000423
earns 2,302585 0,000605
ears 0,105361 0,000028
earth 0,051293 0,000013
ease 0,162519 0,000043
eased 1,469676 0,000386
easier 0,385662 0,000101
easiest 1,171183 0,000308
easily 0,072571 0,000019
east 0,235722 0,000062
easterly 1,966113 0,000516
easy 0,040822 0,000011
eat 0,083382 0,000022
eats 1,078810 0,000283
eccentric 0,916291 0,000241
economic 1,966113 0,000516
economics 2,659260 0,000699
edge 0,210721 0,000055
edgeways 2,813411 0,000739
edition 0,287682 0,000076
editions 0,385662 0,000101
editor 1,108663 0,000291
educated 0,616186 0,000162
education 0,446287 0,000117
educational 0,446287 0,000117
effort 0,094311 0,000025
efforts 0,139262 0,000037
eggs 0,776529 0,000204
eighteen 0,462035 0,000121
elation 2,659260 0,000699
elbow 0,527633 0,000139
elderly 0,843970 0,000222
elect 0,328504 0,000086
electric 1,171183 0,000308
electronic 0,544727 0,000143
electronically 0,544727 0,000143
elegant 0,634878 0,000167
elegantly 1,714798 0,000450
element 0,510826 0,000134
elementary 1,427116 0,000375
eligible 1,560648 0,000410
eliminate 2,525729 0,000663
eliza 2,207275 0,000580
elizabeth 1,514128 0,000398
elizabethan 2,407946 0,000633
elocution 2,407946 0,000633
elocutionary 3,912023 0,001028
em 3,506558 0,000921
email 0,562119 0,000148
embankment 1,966113 0,000516
emergencies 1,832581 0,000481
emergency 1,272966 0,000334
eminence 1,272966 0,000334
emotion 0,494296 0,000130
emphasis 0,891598 0,000234
emphatically 1,203973 0,000316
empire 0,653926 0,000172
employee 0,527633 0,000139
employees 0,544727 0,000143
employing 1,171183 0,000308
employment 0,579818 0,000152
enable 0,579818 0,000152
enabled 0,430783 0,000113
encoding 0,653926 0,000172
encourage 0,544727 0,000143
encouraged 0,527633 0,000139
encouragement 0,798508 0,000210
encouraging 0,798508 0,000210
encyclopaedia 2,995732 0,000787
endurance 0,891598 0,000234
enemies 0,314711 0,000083
energetic 1,078810 0,000283
energetically 1,714798 0,000450
enfeebled 2,207275 0,000580
engaged 0,198451 0,000052
engaging 0,967584 0,000254
england 0,385662 0,000101
english 0,094311 0,000025
englishman 0,916291 0,000241
englishmen 1,347074 0,000354
engravings 1,897120 0,000498
enjoy 0,150823 0,000040
enjoying 0,579818 0,000152
enlightened 0,820981 0,000216
enormous 0,430783 0,000113
enormously 1,427116 0,000375
ensued 0,994252 0,000261
ensues 2,302585 0,000605
ensuring 0,544727 0,000143
entered 0,051293 0,000013
entering 0,356675 0,000094
enterprise 0,843970 0,000222
enters 0,843970 0,000222
enthusiasm 0,653926 0,000172
enthusiast 2,040221 0,000536
entire 0,274437 0,000072
entitled 0,733969 0,000193
entity 0,544727 0,000143
envelope 1,427116 0,000375
envy 0,527633 0,000139
epsom 3,218876 0,000846
equal 0,174353 0,000046
equally 0,223144 0,000059
equipment 0,430783 0,000113
equivalent 1,078810 0,000283
errand 0,820981 0,000216
errors 0,248461 0,000065
escaping 0,776529 0,000204
espionage 3,506558 0,000921
esquire 2,302585 0,000605
essay 1,078810 0,000283
establish 0,713350 0,000187
established 0,301105 0,000079
establishment 0,713350 0,000187
esteemed 0,916291 0,000241
estheticism 3,912023 0,001028
europe 0,510826 0,000134
evading 2,040221 0,000536
evasively 2,040221 0,000536
eve 0,673345 0,000177
evening 0,083382 0,000022
evenings 0,798508 0,000210
event 0,342490 0,000090
events 0,223144 0,000059
evidence 0,261365 0,000069
evident 0,356675 0,000094
evidently 0,371064 0,000097
evil 0,162519 0,000043
exact 0,287682 0,000076
exacting 1,272966 0,000334
exactness 1,514128 0,000398
examines 2,120264 0,000557
exasperated 1,386294 0,000364
exceedingly 0,462035 0,000121
excellent 0,150823 0,000040
exceptional 1,386294 0,000364
excessive 0,597837 0,000157
exchange 0,342490 0,000090
excited 0,248461 0,000065
excitedly 1,609438 0,000423
excitement 0,430783 0,000113
exciting 0,693147 0,000182
exclaiming 1,139434 0,000299
exclaims 2,207275 0,000580
exclamations 1,272966 0,000334
exclusion 0,371064 0,000097
excuse 0,174353 0,000046
excused 1,021651 0,000268
exempt 0,371064 0,000097
exercise 0,287682 0,000076
exhibition 1,139434 0,000299
exhibitions 2,207275 0,000580
exist 0,342490 0,000090
existed 0,510826 0,000134
existence 0,162519 0,000043
exists 0,235722 0,000062
exit 1,347074 0,000354
exorbitant 1,771957 0,000465
expansively 3,506558 0,000921
expect 0,186330 0,000049
expectations 0,916291 0,000241
expected 0,105361 0,000028
expend 0,462035 0,000121
expense 0,150823 0,000040
expenses 0,210721 0,000055
experience 0,083382 0,000022
experienced 0,356675 0,000094
experiment 0,733969 0,000193
expert 1,078810 0,000283
explain 0,186330 0,000049
explained 0,248461 0,000065
explaining 0,733969 0,000193
explanation 0,139262 0,000037
expletive 3,506558 0,000921
exploit 1,237874 0,000325
explosively 3,506558 0,000921
exporting 0,510826 0,000134
exposed 0,301105 0,000079
express 0,127833 0,000034
expresses 1,139434 0,000299
expressing 0,713350 0,000187
expression 0,127833 0,000034
expressive 0,733969 0,000193
exquisite 0,673345 0,000177
exquisitely 1,386294 0,000364
exquisiteness 3,506558 0,000921
extending 0,820981 0,000216
extension 1,427116 0,000375
extent 0,083382 0,000022
extort 1,897120 0,000498
extra 0,843970 0,000222
extraordinarily 1,714798 0,000450
extraordinary 0,371064 0,000097
extreme 0,235722 0,000062
extremely 0,385662 0,000101
extricating 2,302585 0,000605
eye 0,030459 0,000008
eyeopener 3,912023 0,001028
eyes 0,010050 0,000003
ezra 2,813411 0,000739
facility 0,356675 0,000094
fail 0,235722 0,000062
failure 0,446287 0,000117
faintest 1,237874 0,000325
fair 0,051293 0,000013
faith 0,210721 0,000055
fall 0,020203 0,000005
familiarity 0,891598 0,000234
family 0,072571 0,000019
fan 0,916291 0,000241
fancied 0,579818 0,000152
fancies 0,733969 0,000193
fancy 0,198451 0,000052
fantastically 2,302585 0,000605
fares 2,120264 0,000557
farthing 1,347074 0,000354
fascinating 1,139434 0,000299
fascination 1,108663 0,000291
fashion 0,174353 0,000046
fashionable 0,916291 0,000241
fashioned 0,446287 0,000117
fast 0,061875 0,000016
fat 0,314711 0,000083
fatal 0,342490 0,000090
father 0,072571 0,000019
fatherly 1,966113 0,000516
fathers 0,478036 0,000126
fault 0,162519 0,000043
favor 1,021651 0,000268
favorite 1,347074 0,000354
fear 0,020203 0,000005
fearful 0,400478 0,000105
fearfully 1,049822 0,000276
feathers 0,673345 0,000177
featherweight 3,506558 0,000921
feats 1,272966 0,000334
features 0,328504 0,000086
february 0,820981 0,000216
fed 0,371064 0,000097
federal 0,527633 0,000139
fee 0,342490 0,000090
feeble 0,371064 0,000097
feeding 0,616186 0,000162
feel 0,020203 0,000005
feeling 0,105361 0,000028
feelings 0,314711 0,000083
feels 0,446287 0,000117
fees 0,415515 0,000109
feet 0,061875 0,000016
fellow 0,051293 0,000013
fellowship 1,237874 0,000325
female 0,385662 0,000101
feminine 1,049822 0,000276
fender 1,714798 0,000450
fervently 1,427116 0,000375
fetch 0,616186 0,000162
fetching 1,660731 0,000436
fidgeting 2,525729 0,000663
fiercely 0,776529 0,000204
fight 0,162519 0,000043
figure 0,072571 0,000019
file 0,235722 0,000062
files 0,478036 0,000126
filthy 1,078810 0,000283
final 0,342490 0,000090
finally 0,150823 0,000040
financial 0,415515 0,000109
fine 0,072571 0,000019
finer 1,021651 0,000268
finest 0,494296 0,000130
finger 0,261365 0,000069
fingers 0,235722 0,000062
finished 0,162519 0,000043
finishes 2,207275 0,000580
finishing 0,843970 0,000222
fireplace 1,108663 0,000291
firmly 0,342490 0,000090
fishbone 3,912023 0,001028
fit 0,061875 0,000016
fitness 0,446287 0,000117
fiver 2,813411 0,000739
flames 0,616186 0,000162
flash 0,510826 0,000134
flat 0,248461 0,000065
flattery 0,891598 0,000234
flavor 2,040221 0,000536
flesh 0,210721 0,000055
flinches 3,912023 0,001028
flinging 1,203973 0,000316
flings 1,966113 0,000516
floor 0,186330 0,000049
florins 2,407946 0,000633
florist 3,912023 0,001028
flourished 1,049822 0,000276
flower 0,342490 0,000090
flowers 0,274437 0,000072
flustered 2,302585 0,000605
folding 1,049822 0,000276
follies 1,514128 0,000398
follow 0,020203 0,000005
folly 0,301105 0,000079
fondest 2,040221 0,000536
food 0,127833 0,000034
fool 0,314711 0,000083
foolish 0,235722 0,000062
fools 0,616186 0,000162
foot 0,083382 0,000022
forbid 0,579818 0,000152
force 0,061875 0,000016
forcing 0,693147 0,000182
forecastle 2,207275 0,000580
foreign 0,301105 0,000079
foreigners 1,237874 0,000325
forget 0,072571 0,000019
forgets 1,203973 0,000316
forgetting 0,597837 0,000157
forgive 0,356675 0,000094
forgot 0,261365 0,000069
forgotten 0,162519 0,000043
fork 1,021651 0,000268
forks 1,309333 0,000344
form 0,040822 0,000011
formally 1,386294 0,000364
format 0,562119 0,000148
formats 0,562119 0,000148
formidable 0,673345 0,000177
forming 0,527633 0,000139
formula 1,514128 0,000398
fortunately 0,579818 0,000152
fortune 0,186330 0,000049
foundation 0,174353 0,000046
fourpence 2,813411 0,000739
frank 0,616186 0,000162
frankly 0,798508 0,000210
frantically 1,386294 0,000364
freddy 3,912023 0,001028
frederick 1,272966 0,000334
freely 0,105361 0,000028
french 0,342490 0,000090
frenchman 1,272966 0,000334
frequently 0,287682 0,000076
friend 0,040822 0,000011
friendly 0,261365 0,000069
friends 0,020203 0,000005
friendship 0,287682 0,000076
frighten 0,798508 0,000210
frightened 0,301105 0,000079
frightening 1,514128 0,000398
frightfully 1,560648 0,000410
frock 1,049822 0,000276
frozen 0,733969 0,000193
fruit 0,274437 0,000072
fulfils 2,407946 0,000633
fun 0,798508 0,000210
funny 1,021651 0,000268
furious 0,430783 0,000113
furiously 0,755023 0,000198
furniture 0,415515 0,000109
fury 0,328504 0,000086
fuss 1,309333 0,000344
fussing 2,525729 0,000663
future 0,105361 0,000028
futures 2,813411 0,000739
gaily 1,078810 0,000283
gain 0,174353 0,000046
galatea 3,218876 0,000846
gallery 0,798508 0,000210
game 0,248461 0,000065
garden 0,198451 0,000052
gardens 0,510826 0,000134
garn 3,912023 0,001028
gas 1,171183 0,000308
gasp 1,171183 0,000308
gasps 2,040221 0,000536
gathers 1,427116 0,000375
gaul 2,407946 0,000633
gay 0,494296 0,000130
gel 3,912023 0,001028
generations 0,198451 0,000052
generous 0,356675 0,000094
genial 0,994252 0,000261
genially 2,207275 0,000580
genius 0,400478 0,000105
genteel 1,427116 0,000375
gentility 2,207275 0,000580
gentleman 0,301105 0,000079
gentlemen 0,430783 0,000113
gently 0,235722 0,000062
genuine 0,597837 0,000157
george 0,616186 0,000162
german 0,510826 0,000134
gesture 0,634878 0,000167
ghost 0,544727 0,000143
gift 0,261365 0,000069
gin 1,514128 0,000398
ginger 2,120264 0,000557
girl 0,235722 0,000062
girls 0,400478 0,000105
glad 0,072571 0,000019
gladly 0,544727 0,000143
glance 0,248461 0,000065
glancing 0,693147 0,000182
glass 0,186330 0,000049
glimpse 0,544727 0,000143
gloom 0,579818 0,000152
gloomily 1,386294 0,000364
gloves 0,693147 0,000182
glumly 3,218876 0,000846
goals 0,544727 0,000143
god 0,094311 0,000025
godlike 1,771957 0,000465
gold 0,083382 0,000022
golden 0,342490 0,000090
golf 2,659260 0,000699
golfing 3,912023 0,001028
goodbye 2,407946 0,000633
goodness 0,328504 0,000086
gorging 2,813411 0,000739
govern 0,342490 0,000090
governor 0,820981 0,000216
governors 1,514128 0,000398
gown 0,693147 0,000182
grace 0,235722 0,000062
gracefully 1,203973 0,000316
graduated 2,040221 0,000536
grammar 1,203973 0,000316
gramophone 2,995732 0,000787
grand 0,342490 0,000090
grandeur 0,994252 0,000261
granted 0,150823 0,000040
grasped 0,755023 0,000198
grate 1,171183 0,000308
grateful 0,446287 0,000117
gratefully 0,415515 0,000109
grave 0,127833 0,000034
gravely 0,693147 0,000182
gravity 0,713350 0,000187
greek 0,544727 0,000143
green 0,105361 0,000028
greengrocer 2,995732 0,000787
grey 0,562119 0,000148
grievance 1,347074 0,000354
grimly 1,108663 0,000291
grind 1,272966 0,000334
grinning 1,049822 0,000276
grins 2,120264 0,000557
grip 0,916291 0,000241
grips 2,525729 0,000663
groans 1,021651 0,000268
grocer 1,897120 0,000498
gross 0,235722 0,000062
ground 0,030459 0,000008
grounding 2,995732 0,000787
grounds 0,446287 0,000117
grove 0,994252 0,000261
growed 2,659260 0,000699
growing 0,174353 0,000046
grown 0,116534 0,000031
grows 0,527633 0,000139
grudge 1,171183 0,000308
guards 0,673345 0,000177
guessed 0,616186 0,000162
guests 0,446287 0,000117
guided 0,462035 0,000121
guineas 1,427116 0,000375
gulf 0,755023 0,000198
gumption 3,506558 0,000921
gushing 1,771957 0,000465
gutter 1,560648 0,000410
guttersnipe 3,912023 0,001028
gypsy 2,302585 0,000605
ha 0,891598 0,000234
habit 0,223144 0,000059
habits 0,356675 0,000094
habitual 0,916291 0,000241
habitually 1,469676 0,000386
hair 0,094311 0,000025
halfpence 2,407946 0,000633
hall 0,314711 0,000083
hallo 1,966113 0,000516
halls 1,309333 0,000344
halting 1,309333 0,000344
ham 1,237874 0,000325
hammersmith 2,995732 0,000787
hand 0,010050 0,000003
handful 0,867501 0,000228
handing 1,309333 0,000344
handkerchief 0,653926 0,000172
handle 0,415515 0,000109
hands 0,020203 0,000005
handsome 0,328504 0,000086
handwriting 1,237874 0,000325
hanging 0,261365 0,000069
hanover 2,659260 0,000699
happen 0,150823 0,000040
happened 0,094311 0,000025
happier 0,544727 0,000143
happiness 0,150823 0,000040
happy 0,072571 0,000019
hard 0,040822 0,000011
hardest 0,967584 0,000254
harm 0,210721 0,000055
harmless 0,248461 0,000065
harrow 2,207275 0,000580
harshness 1,560648 0,000410
hart 0,462035 0,000121
hastily 0,462035 0,000121
hat 0,478036 0,000126
hate 0,274437 0,000072
hates 1,237874 0,000325
hats 0,941609 0,000247
hatted 3,506558 0,000921
haughtily 1,771957 0,000465
haw 2,407946 0,000633
head 0,000000 0,000000
heads 0,094311 0,000025
health 0,198451 0,000052
healthy 0,356675 0,000094
heap 0,494296 0,000130
heaped 0,994252 0,000261
hear 0,010050 0,000003
heard 0,020203 0,000005
hearing 0,139262 0,000037
hears 0,673345 0,000177
heart 0,010050 0,000003
hearted 0,415515 0,000109
hearth 0,867501 0,000228
hearthrug 2,525729 0,000663
heartily 0,597837 0,000157
heartless 1,347074 0,000354
hearty 0,653926 0,000172
heat 0,274437 0,000072
heaven 0,198451 0,000052
heavens 0,430783 0,000113
heavy 0,030459 0,000008
heel 0,713350 0,000187
heels 0,446287 0,000117
held 0,040822 0,000011
helpfully 3,506558 0,000921
helpless 0,328504 0,000086
helplessly 1,514128 0,000398
henry 0,713350 0,000187
hero 0,544727 0,000143
heroes 0,713350 0,000187
heroine 1,660731 0,000436
hesitates 2,207275 0,000580
hesitating 1,021651 0,000268
hidden 0,248461 0,000065
hides 0,967584 0,000254
hiding 0,616186 0,000162
highly 0,261365 0,000069
hill 0,248461 0,000065
hint 0,462035 0,000121
hire 1,203973 0,000316
hired 0,867501 0,000228
history 0,186330 0,000049
hit 0,356675 0,000094
ho 1,203973 0,000316
hobby 2,207275 0,000580
hog 1,714798 0,000450
hold 0,020203 0,000005
holder 0,446287 0,000117
holds 0,342490 0,000090
hole 0,356675 0,000094
honest 0,235722 0,000062
honeymoon 1,966113 0,000516
honor 0,891598 0,000234
honorable 1,386294 0,000364
honored 1,427116 0,000375
honors 1,514128 0,000398
hoo 2,995732 0,000787
hop 1,469676 0,000386
hope 0,010050 0,000003
hopeless 0,510826 0,000134
horrible 0,356675 0,000094
horribly 0,916291 0,000241
horrified 1,272966 0,000334
horse 0,162519 0,000043
hospital 0,916291 0,000241
hostess 1,347074 0,000354
hostility 1,237874 0,000325
hot 0,116534 0,000031
hotel 0,820981 0,000216
hottentot 2,813411 0,000739
hour 0,083382 0,000022
house 0,020203 0,000005
houseful 2,813411 0,000739
household 0,430783 0,000113
housekeeper 1,203973 0,000316
housekeeping 1,427116 0,000375
housemaid 1,660731 0,000436
houses 0,139262 0,000037
housing 2,040221 0,000536
hubbub 1,966113 0,000516
huge 0,400478 0,000105
human 0,083382 0,000022
humanity 0,494296 0,000130
humble 0,301105 0,000079
humbled 1,171183 0,000308
humbly 0,867501 0,000228
humbug 1,660731 0,000436
humiliation 0,941609 0,000247
humility 0,867501 0,000228
humor 1,272966 0,000334
humored 1,897120 0,000498
humorist 2,995732 0,000787
hung 0,174353 0,000046
hurling 1,771957 0,000465
hurricane 1,560648 0,000410
hurries 2,659260 0,000699
hurry 0,328504 0,000086
hurrying 0,673345 0,000177
hurt 0,198451 0,000052
hurting 1,309333 0,000344
husband 0,248461 0,000065
husbands 0,755023 0,000198
hyde 1,897120 0,000498
hysterical 1,469676 0,000386
hysterically 2,302585 0,000605
idea 0,105361 0,000028
ideal 0,843970 0,000222
idealism 2,302585 0,000605
idealize 3,218876 0,000846
idealized 2,659260 0,000699
ideas 0,314711 0,000083
identification 0,527633 0,000139
identify 0,415515 0,000109
idiot 0,941609 0,000247
idiotic 1,347074 0,000354
idiots 1,660731 0,000436
idle 0,274437 0,000072
ignoramus 2,813411 0,000739
ignorance 0,287682 0,000076
ignorant 0,301105 0,000079
iii 0,287682 0,000076
illiberally 3,912023 0,001028
image 0,371064 0,000097
imagination 0,223144 0,000059
imaginations 1,309333 0,000344
imaginative 1,609438 0,000423
imagine 0,139262 0,000037
imitate 0,891598 0,000234
imitation 0,693147 0,000182
immense 0,314711 0,000083
immensely 1,171183 0,000308
immorality 1,966113 0,000516
impatience 0,634878 0,000167
impatient 0,371064 0,000097
impatiently 0,634878 0,000167
imperial 1,021651 0,000268
impertinent 1,171183 0,000308
impetuous 1,021651 0,000268
implied 0,371064 0,000097
imposed 0,210721 0,000055
impossible 0,094311 0,000025
impostor 1,771957 0,000465
imprecations 1,966113 0,000516
impressed 0,510826 0,000134
impression 0,210721 0,000055
impressive 1,237874 0,000325
impressively 1,966113 0,000516
improbable 1,021651 0,000268
improper 1,139434 0,000299
improved 0,562119 0,000148
impudence 1,272966 0,000334
impudent 1,469676 0,000386
impulses 1,237874 0,000325
impulsively 2,407946 0,000633
inaccurate 0,510826 0,000134
incapable 0,562119 0,000148
incensed 1,427116 0,000375
incident 0,527633 0,000139
incidental 0,446287 0,000117
incipient 2,525729 0,000663
include 0,274437 0,000072
included 0,162519 0,000043
includes 0,462035 0,000121
including 0,139262 0,000037
income 0,798508 0,000210
incompetent 2,040221 0,000536
incomplete 0,301105 0,000079
inconsiderate 2,302585 0,000605
incorrigible 1,832581 0,000481
increase 0,287682 0,000076
increases 1,237874 0,000325
increasing 0,127833 0,000034
incursions 2,525729 0,000663
indemnify 0,527633 0,000139
indemnity 0,527633 0,000139
independence 0,843970 0,000222
independent 0,510826 0,000134
india 0,843970 0,000222
indian 0,597837 0,000157
indications 1,171183 0,000308
indictment 2,207275 0,000580
indifference 0,527633 0,000139
indifferent 0,400478 0,000105
indignant 0,820981 0,000216
indignantly 1,203973 0,000316
indirect 0,446287 0,000117
indirectly 0,371064 0,000097
indispensable 0,843970 0,000222
individual 0,150823 0,000040
induced 0,527633 0,000139
indulgently 2,407946 0,000633
inefficient 2,525729 0,000663
ineligible 2,813411 0,000739
inept 2,659260 0,000699
inevitable 0,544727 0,000143
inexplicable 1,171183 0,000308
infamous 1,049822 0,000276
infatuated 2,120264 0,000557
infatuation 1,714798 0,000450
inferiority 1,609438 0,000423
infinite 0,430783 0,000113
infinitely 0,673345 0,000177
influenza 3,218876 0,000846
informed 0,371064 0,000097
informer 1,966113 0,000516
infringement 0,544727 0,000143
inigo 3,506558 0,000921
injured 0,579818 0,000152
injury 0,446287 0,000117
innocent 0,186330 0,000049
inscrutable 1,514128 0,000398
insect 1,560648 0,000410
insensibility 1,609438 0,000423
insisted 0,400478 0,000105
inspector 1,514128 0,000398
inspired 0,510826 0,000134
instance 0,150823 0,000040
instantly 0,356675 0,000094
instinct 0,430783 0,000113
instinctively 0,733969 0,000193
instincts 1,049822 0,000276
institute 2,040221 0,000536
institution 0,820981 0,000216
instruction 0,713350 0,000187
instrument 0,356675 0,000094
insult 0,673345 0,000177
insulted 1,078810 0,000283
intellectual 0,235722 0,000062
intelligence 0,301105 0,000079
intend 0,494296 0,000130
intended 0,174353 0,000046
intensely 0,820981 0,000216
intensity 0,994252 0,000261
intention 0,186330 0,000049
intentions 0,494296 0,000130
intercepting 2,407946 0,000633
interfere 0,544727 0,000143
internal 0,261365 0,000069
international 0,494296 0,000130
interposing 2,207275 0,000580
interpreted 0,274437 0,000072
interrupted 0,301105 0,000079
interrupting 1,203973 0,000316
intimacy 0,843970 0,000222
intimate 0,462035 0,000121
intimidated 1,714798 0,000450
intolerable 0,673345 0,000177
intolerantly 3,912023 0,001028
introduces 1,897120 0,000498
introducing 1,108663 0,000291
invalidity 0,527633 0,000139
invent 0,798508 0,000210
inventing 1,832581 0,000481
inveterate 1,560648 0,000410
invitation 0,579818 0,000152
invited 0,415515 0,000109
involving 1,386294 0,000364
ireland 1,514128 0,000398
irishman 2,120264 0,000557
ironically 1,771957 0,000465
irons 1,347074 0,000354
irresistible 0,653926 0,000172
irritated 1,078810 0,000283
irritation 1,171183 0,000308
irs 0,562119 0,000148
island 0,400478 0,000105
islands 0,755023 0,000198
italian 0,653926 0,000172
iv 0,328504 0,000086
jacket 0,798508 0,000210
jam 1,609438 0,000423
japanese 1,660731 0,000436
jasmine 2,525729 0,000663
jaunt 2,525729 0,000663
jaw 0,820981 0,000216
jealous 0,446287 0,000117
jeweler 2,813411 0,000739
jewellery 2,302585 0,000605
jewelry 2,040221 0,000536
jewels 0,820981 0,000216
jingling 1,427116 0,000375
job 0,673345 0,000177
jointure 3,506558 0,000921
joke 0,494296 0,000130
joking 0,994252 0,000261
jolly 0,994252 0,000261
jones 1,309333 0,000344
joseph 0,994252 0,000261
jot 2,207275 0,000580
jotted 2,813411 0,000739
journey 0,198451 0,000052
jove 1,108663 0,000291
joy 0,139262 0,000037
judicial 1,309333 0,000344
judicially 3,218876 0,000846
jumping 0,798508 0,000210
junior 1,272966 0,000334
justice 0,162519 0,000043
justifiable 2,040221 0,000536
keenly 0,967584 0,000254
kensington 2,302585 0,000605
kentish 2,813411 0,000739
kerb 3,912023 0,001028
kerbstone 3,912023 0,001028
keyboard 2,813411 0,000739
kick 0,653926 0,000172
kill 0,127833 0,000034
killed 0,223144 0,000059
killing 0,597837 0,000157
kimono 3,912023 0,001028
kindly 0,223144 0,000059
kindness 0,287682 0,000076
king 0,223144 0,000059
kings 0,527633 0,000139
kiss 0,562119 0,000148
kisses 1,021651 0,000268
kissing 1,021651 0,000268
kitchen 0,597837 0,000157
knee 0,462035 0,000121
knees 0,223144 0,000059
knocking 0,798508 0,000210
knowledge 0,061875 0,000016
laboratory 1,897120 0,000498
lacked 1,309333 0,000344
lad 0,713350 0,000187
ladder 0,693147 0,000182
ladies 0,314711 0,000083
ladling 3,912023 0,001028
lady 0,248461 0,000065
ladylike 3,218876 0,000846
lake 0,210721 0,000055
lamentably 2,995732 0,000787
lamp 0,478036 0,000126
landing 0,562119 0,000148
landlady 1,514128 0,000398
landscape 0,867501 0,000228
lane 0,798508 0,000210
language 0,072571 0,000019
languished 2,120264 0,000557
lark 1,609438 0,000423
laryngoscope 3,912023 0,001028
latin 0,653926 0,000172
laugh 0,127833 0,000034
laughed 0,248461 0,000065
laughing 0,248461 0,000065
laughter 0,274437 0,000072
laureate 2,995732 0,000787
lavished 1,660731 0,000436
law 0,030459 0,000008
lawful 1,078810 0,000283
laws 0,083382 0,000022
lawson 2,995732 0,000787
lay 0,051293 0,000013
lays 0,798508 0,000210
lazy 0,616186 0,000162
leading 0,139262 0,000037
leads 0,462035 0,000121
leaf 0,462035 0,000121
league 0,916291 0,000241
leaning 0,301105 0,000079
learn 0,020203 0,000005
learned 0,105361 0,000028
learning 0,301105 0,000079
learnt 0,713350 0,000187
leather 0,544727 0,000143
leave 0,000000 0,000000
leaves 0,094311 0,000025
leaving 0,083382 0,000022
lecture 1,049822 0,000276
lecturing 2,207275 0,000580
led 0,040822 0,000011
left 0,000000 0,000000
legal 0,261365 0,000069
legally 0,342490 0,000090
legible 1,966113 0,000516
legs 0,274437 0,000072
lender 2,813411 0,000739
lesson 0,400478 0,000105
lessons 0,579818 0,000152
letter 0,116534 0,000031
letters 0,198451 0,000052
level 0,274437 0,000072
liability 0,462035 0,000121
liable 0,235722 0,000062
liar 1,203973 0,000316
libelous 3,218876 0,000846
liberties 1,309333 0,000344
library 0,223144 0,000059
license 0,301105 0,000079
licensed 0,430783 0,000113
lick 1,203973 0,000316
lid 0,820981 0,000216
lie 0,040822 0,000011
lieu 0,415515 0,000109
lieutenant 1,203973 0,000316
life -0,009950 -0,000003
lifetime 0,867501 0,000228
lift 0,415515 0,000109
lifted 0,274437 0,000072
lifting 0,653926 0,000172
light 0,010050 0,000003
lighted 0,261365 0,000069
lightning 0,478036 0,000126
lights 0,301105 0,000079
likeable 3,506558 0,000921
likes 1,771957 0,000465
limelight 3,506558 0,000921
limitation 0,478036 0,000126
limited 0,261365 0,000069
linen 0,527633 0,000139
lingo 2,813411 0,000739
linked 0,385662 0,000101
links 0,415515 0,000109
lion 0,713350 0,000187
lionel 3,218876 0,000846
lip 0,673345 0,000177
lips 0,127833 0,000034
liquor 0,820981 0,000216
listen 0,127833 0,000034
listening 0,261365 0,000069
literary 0,287682 0,000076
literature 0,673345 0,000177
lithographed 3,912023 0,001028
litter 0,994252 0,000261
live 0,010050 0,000003
lived 0,061875 0,000016
livelihood 1,514128 0,000398
lives 0,072571 0,000019
living 0,020203 0,000005
liza 2,995732 0,000787
loathed 1,771957 0,000465
located 0,400478 0,000105
locations 0,544727 0,000143
lock 0,385662 0,000101
lodging 0,776529 0,000204
loftiest 1,771957 0,000465
loftily 2,302585 0,000605
lofty 0,494296 0,000130
london 0,415515 0,000109
lonely 0,415515 0,000109
loose 0,105361 0,000028
lord 0,223144 0,000059
lose 0,094311 0,000025
losing 0,235722 0,000062
loss 0,094311 0,000025
lost 0,020203 0,000005
lot 0,061875 0,000016
lots 0,733969 0,000193
loud 0,174353 0,000046
louder 0,527633 0,000139
loudly 0,400478 0,000105
love 0,051293 0,000013
loveable 3,506558 0,000921
loved 0,198451 0,000052
loves 0,562119 0,000148
loving 0,478036 0,000126
luck 0,446287 0,000117
ludgate 3,218876 0,000846
luggage 1,203973 0,000316
lying 0,061875 0,000016
maam 3,912023 0,001028
machine 0,248461 0,000065
machines 1,386294 0,000364
mad 0,261365 0,000069
magisterially 2,995732 0,000787
magnanimous 1,469676 0,000386
maid 0,446287 0,000117
maids 0,967584 0,000254
main 0,127833 0,000034
maintain 0,562119 0,000148
maintaining 0,235722 0,000062
maker 0,867501 0,000228
makings 2,813411 0,000739
male 0,597837 0,000157
malice 0,776529 0,000204
mam 3,506558 0,000921
mamma 1,237874 0,000325
managed 0,342490 0,000090
manager 0,653926 0,000172
manages 2,302585 0,000605
manner 0,040822 0,000011
manners 0,274437 0,000072
mantelpiece 1,714798 0,000450
manual 1,660731 0,000436
march 0,274437 0,000072
marching 1,171183 0,000308
margins 2,120264 0,000557
marked 0,061875 0,000016
market 0,527633 0,000139
marquis 1,609438 0,000423
marriage 0,314711 0,000083
married 0,248461 0,000065
marries 2,207275 0,000580
marry 0,430783 0,000113
marrying 0,867501 0,000228
masculine 1,347074 0,000354
master 0,083382 0,000022
mastered 0,967584 0,000254
masterpiece 1,609438 0,000423
match 0,385662 0,000101
matches 1,049822 0,000276
mather 3,218876 0,000846
matrimonial 2,040221 0,000536
matrimonially 3,506558 0,000921
matter 0,010050 0,000003
maximum 0,478036 0,000126
meanings 1,966113 0,000516
meddle 1,078810 0,000283
medium 0,223144 0,000059
meet 0,010050 0,000003
meeting 0,186330 0,000049
meetings 0,916291 0,000241
meets 0,713350 0,000187
melancholy 0,342490 0,000090
melted 0,713350 0,000187
menacingly 2,407946 0,000633
mendacity 3,218876 0,000846
mention 0,223144 0,000059
mentions 1,514128 0,000398
merchantability 0,994252 0,000261
mercy 0,223144 0,000059
mere 0,094311 0,000025
merit 0,544727 0,000143
met 0,040822 0,000011
metaphorically 2,659260 0,000699
metaphysics 1,514128 0,000398
method 0,094311 0,000025
methods 0,210721 0,000055
mezzotint 3,912023 0,001028
michael 0,400478 0,000105
middle 0,030459 0,000008
midnight 0,328504 0,000086
mildly 1,171183 0,000308
miles 0,223144 0,000059
military 0,616186 0,000162
milk 0,446287 0,000117
millennium 2,525729 0,000663
millionaire 2,302585 0,000605
millionaires 3,218876 0,000846
millstone 2,407946 0,000633
milton 1,609438 0,000423
miltonic 3,218876 0,000846
mimic 1,897120 0,000498
mimicked 2,207275 0,000580
mind 0,020203 0,000005
mingled 0,462035 0,000121
ministers 0,776529 0,000204
minute 0,235722 0,000062
minutes 0,235722 0,000062
mischief 0,494296 0,000130
mischievous 1,078810 0,000283
misfit 3,912023 0,001028
mislaid 2,207275 0,000580
missing 1,386294 0,000364
mission 0,210721 0,000055
mississippi 0,415515 0,000109
missus 2,995732 0,000787
mistake 0,223144 0,000059
mistrust 1,309333 0,000344
misunderstanding 1,609438 0,000423
mob 1,171183 0,000308
mobbed 3,218876 0,000846
mock 0,755023 0,000198
model 0,634878 0,000167
moderates 3,506558 0,000921
modern 0,314711 0,000083
modes 1,347074 0,000354
modification 0,494296 0,000130
modified 0,385662 0,000101
modulation 2,813411 0,000739
moist 0,843970 0,000222
molestation 2,525729 0,000663
moment 0,010050 0,000003
moments 0,287682 0,000076
monday 0,891598 0,000234
money 0,051293 0,000013
monkey 1,049822 0,000276
monthly 1,427116 0,000375
months 0,094311 0,000025
moodily 1,966113 0,000516
moral 0,301105 0,000079
moralist 1,966113 0,000516
morality 0,867501 0,000228
morals 1,237874 0,000325
morning 0,040822 0,000011
morris 1,966113 0,000516
mortals 0,994252 0,000261
mother 0,072571 0,000019
mothers 0,733969 0,000193
motionless 0,544727 0,000143
motor 2,302585 0,000605
moustache 1,609438 0,000423
mousy 3,912023 0,001028
mouth 0,105361 0,000028
mouths 0,462035 0,000121
movement 0,328504 0,000086
mud 0,478036 0,000126
mulish 3,912023 0,001028
munches 3,912023 0,001028
murderous 1,078810 0,000283
murmurs 1,347074 0,000354
museum 1,203973 0,000316
music 0,198451 0,000052
musical 0,579818 0,000152
muttered 0,798508 0,000210
mysterious 0,314711 0,000083
nagging 2,525729 0,000663
nags 2,995732 0,000787
nailed 1,272966 0,000334
nails 0,616186 0,000162
napkin 1,609438 0,000423
nark 3,912023 0,001028
native 0,328504 0,000086
natural 0,094311 0,000025
naturally 0,210721 0,000055
nature 0,094311 0,000025
natured 0,733969 0,000193
naughty 1,714798 0,000450
navvy 2,995732 0,000787
nearer 0,400478 0,000105
neatness 1,514128 0,000398
necessity 0,261365 0,000069
neck 0,186330 0,000049
nectar 1,966113 0,000516
needlework 1,966113 0,000516
neglected 0,400478 0,000105
negligence 0,415515 0,000109
neighborhood 1,171183 0,000308
nell 2,659260 0,000699
nerve 0,867501 0,000228
nervous 0,494296 0,000130
nest 0,733969 0,000193
network 0,415515 0,000109
news 0,210721 0,000055
newsletter 0,562119 0,000148
newspaper 1,021651 0,000268
newspapers 0,820981 0,000216
nice 0,400478 0,000105
nicely 1,021651 0,000268
niceness 3,506558 0,000921
nicknacks 3,912023 0,001028
nietzsche 3,218876 0,000846
nietzschean 3,506558 0,000921
nigh 0,843970 0,000222
night 0,010050 0,000003
nobility 0,755023 0,000198
noble 0,248461 0,000065
nodding 0,941609 0,000247
noise 0,139262 0,000037
noisily 1,609438 0,000423
nomenclature 2,525729 0,000663
nonproprietary 0,562119 0,000148
nonsense 0,478036 0,000126
normal 1,237874 0,000325
north 0,083382 0,000022
nose 0,274437 0,000072
notable 1,272966 0,000334
note 0,127833 0,000034
notebook 2,040221 0,000536
notes 0,261365 0,000069
notice 0,030459 0,000008
noticed 0,328504 0,000086
notifies 0,527633 0,000139
notion 0,371064 0,000097
notions 0,776529 0,000204
notorious 1,049822 0,000276
novelists 2,407946 0,000633
nuisance 1,514128 0,000398
nurse 0,478036 0,000126
nursing 0,867501 0,000228
nurslings 3,912023 0,001028
oath 0,510826 0,000134
obeying 0,941609 0,000247
obeys 1,832581 0,000481
object 0,127833 0,000034
objected 0,755023 0,000198
objections 0,820981 0,000216
objective 1,660731 0,000436
obligation 0,843970 0,000222
oblige 0,967584 0,000254
obscurity 1,049822 0,000276
observe 0,235722 0,000062
obsolete 0,446287 0,000117
obstinate 0,713350 0,000187
obtuse 2,207275 0,000580
occasion 0,105361 0,000028
occasional 0,510826 0,000134
occasionally 0,371064 0,000097
occasions 0,430783 0,000113
occupation 0,494296 0,000130
occupied 0,235722 0,000062
occur 0,150823 0,000040
occurred 0,261365 0,000069
occurring 1,427116 0,000375
odds 1,108663 0,000291
odious 0,941609 0,000247
offend 1,171183 0,000308
offended 0,616186 0,000162
offer 0,162519 0,000043
offered 0,139262 0,000037
offering 0,400478 0,000105
offers 0,198451 0,000052
office 0,072571 0,000019
officer 0,478036 0,000126
official 0,235722 0,000062
oil 0,527633 0,000139
online 0,510826 0,000134
ooh 3,506558 0,000921
oooo 3,506558 0,000921
opera 1,203973 0,000316
opportunities 0,235722 0,000062
opportunity 0,061875 0,000016
opposition 0,494296 0,000130
opulence 2,120264 0,000557
orange 0,941609 0,000247
oranges 1,660731 0,000436
orchestrates 3,912023 0,001028
ordinary 0,186330 0,000049
orf 3,506558 0,000921
organ 0,776529 0,000204
organization 1,514128 0,000398
organize 2,407946 0,000633
organized 0,356675 0,000094
organs 1,171183 0,000308
original 0,105361 0,000028
originality 1,514128 0,000398
originator 0,527633 0,000139
ornament 0,755023 0,000198
ostrich 2,040221 0,000536
ottoman 2,207275 0,000580
outburst 1,386294 0,000364
outdated 0,562119 0,000148
outrageous 1,386294 0,000364
oven 1,469676 0,000386
overbearing 1,966113 0,000516
overcoat 1,660731 0,000436
overcoats 2,302585 0,000605
overcome 0,261365 0,000069
overwhelmed 0,891598 0,000234
overwhelms 3,218876 0,000846
ow 2,040221 0,000536
owe 0,494296 0,000130
owed 0,139262 0,000037
owner 0,116534 0,000031
oxford 1,272966 0,000334
oxonian 3,912023 0,001028
paid 0,061875 0,000016
painful 0,328504 0,000086
pains 0,301105 0,000079
painters 1,347074 0,000354
painting 0,798508 0,000210
paintings 1,514128 0,000398
pair 0,235722 0,000062
palace 0,510826 0,000134
palled 2,995732 0,000787
pallor 1,347074 0,000354
pantomime 2,040221 0,000536
pantry 2,040221 0,000536
papa 1,272966 0,000334
paper 0,083382 0,000022
papers 0,385662 0,000101
paperwork 0,562119 0,000148
paragraph 0,328504 0,000086
paragraphs 0,494296 0,000130
pardon 0,301105 0,000079
parent 0,713350 0,000187
parental 1,514128 0,000398
parents 0,314711 0,000083
park 0,776529 0,000204
parlor 1,714798 0,000450
parrot 1,771957 0,000465
parties 0,371064 0,000097
partly 0,301105 0,000079
partner 0,673345 0,000177
party 0,061875 0,000016
pass 0,040822 0,000011
passed 0,040822 0,000011
passes 0,415515 0,000109
passion 0,186330 0,000049
pat 1,386294 0,000364
patent 1,078810 0,000283
pathos 1,309333 0,000344
patience 0,139262 0,000037
patient 0,274437 0,000072
patiently 0,733969 0,000193
patriarch 1,897120 0,000498
pats 3,218876 0,000846
paul 0,798508 0,000210
pauper 2,302585 0,000605
pauperize 3,912023 0,001028
pause 0,371064 0,000097
pay 0,051293 0,000013
paying 0,116534 0,000031
payments 0,415515 0,000109
peal 1,309333 0,000344
pearce 3,912023 0,001028
pebble 1,966113 0,000516
pedantic 1,660731 0,000436
pedestal 1,560648 0,000410
pedestrians 2,407946 0,000633
peering 0,891598 0,000234
pen 0,371064 0,000097
pence 1,560648 0,000410
penknife 2,302585 0,000605
pennies 2,207275 0,000580
penniless 1,714798 0,000450
pennilessness 3,912023 0,001028
penny 0,755023 0,000198
people 0,010050 0,000003
percentage 2,659260 0,000699
peremptorily 1,660731 0,000436
perfect 0,072571 0,000019
perfectly 0,162519 0,000043
perforce 1,609438 0,000423
perform 0,150823 0,000040
performance 0,478036 0,000126
performances 0,314711 0,000083
performed 0,127833 0,000034
performing 0,261365 0,000069
perfunctorily 3,506558 0,000921
period 0,274437 0,000072
periodic 0,544727 0,000143
permanent 0,223144 0,000059
permission 0,150823 0,000040
permitted 0,105361 0,000028
perplexed 0,755023 0,000198
persisted 0,713350 0,000187
person 0,010050 0,000003
personal 0,223144 0,000059
persons 0,210721 0,000055
persuade 0,446287 0,000117
persuaded 0,527633 0,000139
pertly 2,995732 0,000787
pet 1,021651 0,000268
petulance 2,040221 0,000536
pharisaic 3,506558 0,000921
phew 2,659260 0,000699
philosophic 1,203973 0,000316
philosophy 0,597837 0,000157
phonetic 3,218876 0,000846
phonetically 3,912023 0,001028
phonetician 3,912023 0,001028
phoneticians 3,912023 0,001028
phonetics 3,912023 0,001028
phonograph 2,995732 0,000787
photographs 1,660731 0,000436
phrase 0,174353 0,000046
physical 0,198451 0,000052
physique 2,525729 0,000663
piano 1,139434 0,000299
pick 0,415515 0,000109
picked 0,400478 0,000105
pickering 3,912023 0,001028
picking 0,634878 0,000167
pickpocket 2,525729 0,000663
picks 1,966113 0,000516
pictures 0,415515 0,000109
piece 0,072571 0,000019
piercing 0,843970 0,000222
pig 0,634878 0,000167
pigeon 1,386294 0,000364
piling 1,832581 0,000481
pillar 0,916291 0,000241
pillars 0,867501 0,000228
pin 0,713350 0,000187
pinched 1,139434 0,000299
pipes 0,776529 0,000204
pitch 0,342490 0,000090
piteous 1,272966 0,000334
pitfall 3,218876 0,000846
pitiably 3,506558 0,000921
pitman 3,912023 0,001028
pity 0,150823 0,000040
pitying 1,272966 0,000334
placidly 1,832581 0,000481
plain 0,040822 0,000011
plainly 0,261365 0,000069
plaints 2,659260 0,000699
plant 0,579818 0,000152
plants 0,527633 0,000139
plate 0,527633 0,000139
play 0,072571 0,000019
played 0,198451 0,000052
player 1,139434 0,000299
playing 0,186330 0,000049
plays 0,634878 0,000167
pleas 2,525729 0,000663
pleasant 0,162519 0,000043
pleased 0,150823 0,000040
pleasure 0,051293 0,000013
pledge 0,916291 0,000241
plenty 0,235722 0,000062
plight 1,347074 0,000354
plinth 3,506558 0,000921
plot 0,867501 0,000228
plug 2,040221 0,000536
pneumonia 2,995732 0,000787
pocket 0,371064 0,000097
pockets 0,733969 0,000193
poet 0,597837 0,000157
poetry 0,693147 0,000182
police 0,755023 0,000198
policeman 1,386294 0,000364
politely 1,078810 0,000283
politics 0,713350 0,000187
polytechnic 3,506558 0,000921
polytechnics 3,912023 0,001028
poor 0,030459 0,000008
poorer 1,049822 0,000276
pops 3,218876 0,000846
popular 0,430783 0,000113
popularize 3,506558 0,000921
pore 1,832581 0,000481
porridge 2,040221 0,000536
portico 1,897120 0,000498
portrait 0,634878 0,000167
portraits 1,108663 0,000291
portraiture 2,995732 0,000787
pose 1,427116 0,000375
poser 2,995732 0,000787
position 0,162519 0,000043
positive 0,597837 0,000157
positively 0,776529 0,000204
possessed 0,094311 0,000025
possession 0,083382 0,000022
possibility 0,162519 0,000043
post 0,248461 0,000065
postcards 3,912023 0,001028
posted 0,301105 0,000079
posts 0,713350 0,000187
pots 0,994252 0,000261
pound 0,776529 0,000204
pounds 0,494296 0,000130
pour 0,544727 0,000143
poured 0,385662 0,000101
pouring 0,693147 0,000182
poverty 0,446287 0,000117
power 0,030459 0,000008
powers 0,248461 0,000065
practically 0,235722 0,000062
practice 0,162519 0,000043
practise 0,967584 0,000254
pram 3,912023 0,001028
pray 0,371064 0,000097
prayers 0,478036 0,000126
preach 1,049822 0,000276
preacher 1,203973 0,000316
preachers 1,660731 0,000436
precaution 0,941609 0,000247
precisely 0,510826 0,000134
predestinate 3,506558 0,000921
preface 0,733969 0,000193
prefer 0,385662 0,000101
preference 0,867501 0,000228
prejudice 0,733969 0,000193
preoccupied 1,386294 0,000364
prepare 0,162519 0,000043
prepared 0,105361 0,000028
presence 0,094311 0,000025
presentable 2,207275 0,000580
presently 0,385662 0,000101
preserve 0,150823 0,000040
press 0,274437 0,000072
presses 1,609438 0,000423
pressure 0,527633 0,000139
presume 0,634878 0,000167
presumptuous 1,469676 0,000386
pretend 0,446287 0,000117
pretending 0,755023 0,000198
pretends 1,714798 0,000450
pretension 1,897120 0,000498
pretentious 2,525729 0,000663
pretty 0,150823 0,000040
prevail 0,713350 0,000187
prevent 0,083382 0,000022
prevented 0,328504 0,000086
previous 0,094311 0,000025
price 0,314711 0,000083
prices 1,309333 0,000344
pride 0,150823 0,000040
prime 0,713350 0,000187
primroses 2,995732 0,000787
principles 0,510826 0,000134
print 0,261365 0,000069
printed 0,174353 0,000046
prior 1,237874 0,000325
private 0,198451 0,000052
procedure 1,832581 0,000481
processing 0,562119 0,000148
proclaiming 1,560648 0,000410
procure 0,693147 0,000182
produce 0,127833 0,000034
produced 0,105361 0,000028
produces 0,916291 0,000241
product 1,237874 0,000325
production 0,314711 0,000083
profess 1,203973 0,000316
profession 0,527633 0,000139
professional 0,820981 0,000216
professionally 2,525729 0,000663
professor 0,287682 0,000076
proffered 1,966113 0,000516
proficiency 1,660731 0,000436
profits 0,314711 0,000083
prohibition 0,430783 0,000113
project -0,009950 -0,000003
prominently 0,494296 0,000130
promise 0,116534 0,000031
promised 0,198451 0,000052
promoting 0,430783 0,000113
promotion 0,342490 0,000090
pronounce 0,916291 0,000241
pronounces 2,120264 0,000557
pronunciation 1,609438 0,000423
proofread 0,562119 0,000148
proper 0,061875 0,000016
properly 0,385662 0,000101
property 0,127833 0,000034
prophecy 1,078810 0,000283
propose 0,527633 0,000139
proprietary 0,562119 0,000148
prospects 1,203973 0,000316
prospering 2,813411 0,000739
prostrated 1,966113 0,000516
protect 0,186330 0,000049
protected 0,415515 0,000109
protecting 1,309333 0,000344
protection 0,314711 0,000083
protesting 1,309333 0,000344
protruding 1,560648 0,000410
prove 0,174353 0,000046
proved 0,116534 0,000031
provide 0,162519 0,000043
providence 0,693147 0,000182
providing 0,261365 0,000069
provision 0,248461 0,000065
provisions 0,223144 0,000059
provocation 1,171183 0,000308
provoke 0,891598 0,000234
proximity 1,609438 0,000423
prudent 0,616186 0,000162
prudery 2,995732 0,000787
public 0,083382 0,000022
published 0,579818 0,000152
publishers 1,771957 0,000465
puissant 2,813411 0,000739
pulling 0,634878 0,000167
pulls 1,832581 0,000481
pulpit 1,203973 0,000316
punitive 0,562119 0,000148
pupil 0,941609 0,000247
pupils 0,891598 0,000234
puppy 1,660731 0,000436
pure 0,150823 0,000040
purely 0,713350 0,000187
purgatory 1,966113 0,000516
purpose 0,040822 0,000011
push 0,562119 0,000148
pushed 0,400478 0,000105
pusher 3,912023 0,001028
pushing 0,755023 0,000198
puzzle 1,021651 0,000268
puzzled 0,494296 0,000130
pygmalion 2,995732 0,000787
pyin 3,912023 0,001028
quaint 1,021651 0,000268
quaintest 3,506558 0,000921
qualifications 1,560648 0,000410
qualified 0,967584 0,000254
qualify 1,897120 0,000498
qualities 0,446287 0,000117
quality 0,274437 0,000072
quarrel 0,328504 0,000086
quarrelling 1,386294 0,000364
quarter 0,223144 0,000059
queen 0,415515 0,000109
queens 1,660731 0,000436
question 0,051293 0,000013
quick 0,139262 0,000037
quickness 1,237874 0,000325
quiet 0,116534 0,000031
quieting 2,407946 0,000633
quietly 0,261365 0,000069
radiance 1,139434 0,000299
radiant 0,867501 0,000228
rage 0,261365 0,000069
raging 0,653926 0,000172
railed 2,407946 0,000633
raillery 1,966113 0,000516
railway 1,203973 0,000316
rain 0,223144 0,000059
raise 0,174353 0,000046
raises 1,171183 0,000308
ram 1,203973 0,000316
rascal 0,967584 0,000254
rash 0,891598 0,000234
rashly 1,560648 0,000410
rate 0,274437 0,000072
rational 0,867501 0,000228
rattles 2,407946 0,000633
rattling 0,916291 0,000241
raving 1,309333 0,000344
reach 0,051293 0,000013
reaches 0,820981 0,000216
reaching 0,083382 0,000022
reaction 1,272966 0,000334
read 0,020203 0,000005
readable 0,510826 0,000134
readership 3,912023 0,001028
reading 0,061875 0,000016
reads 0,867501 0,000228
ready 0,030459 0,000008
real 0,040822 0,000011
realize 1,021651 0,000268
realized 0,843970 0,000222
reason 0,010050 0,000003
reasonable 0,116534 0,000031
reassured 1,272966 0,000334
rebellious 1,049822 0,000276
rebuking 2,302585 0,000605
receipt 0,314711 0,000083
receive 0,083382 0,000022
received 0,040822 0,000011
receiving 0,116534 0,000031
recognition 0,713350 0,000187
recognize 1,021651 0,000268
recognizing 1,427116 0,000375
recoils 2,995732 0,000787
recollecting 1,514128 0,000398
recollects 2,659260 0,000699
recommend 0,755023 0,000198
recommended 0,634878 0,000167
records 0,798508 0,000210
recovered 0,385662 0,000101
recovering 0,755023 0,000198
recovers 1,897120 0,000498
red 0,072571 0,000019
redistribute 0,544727 0,000143
redistributing 0,562119 0,000148
redistribution 0,562119 0,000148
reduced 0,371064 0,000097
reeking 1,897120 0,000498
references 0,430783 0,000113
referred 0,616186 0,000162
reflectively 1,897120 0,000498
reform 1,203973 0,000316
reformer 1,966113 0,000516
refuge 0,446287 0,000117
refund 0,562119 0,000148
refusal 0,843970 0,000222
refuse 0,371064 0,000097
refused 0,235722 0,000062
regard 0,150823 0,000040
regarded 0,301105 0,000079
registered 0,430783 0,000113
regular 0,287682 0,000076
regularly 0,616186 0,000162
regulating 0,415515 0,000109
reindeer 3,506558 0,000921
rejected 0,653926 0,000172
relapse 1,386294 0,000364
relapsing 2,302585 0,000605
relation 0,446287 0,000117
relations 0,287682 0,000076
relative 0,693147 0,000182
relatives 0,941609 0,000247
release 0,210721 0,000055
relent 1,966113 0,000516
relic 1,272966 0,000334
relieved 0,478036 0,000126
religion 0,446287 0,000117
religious 0,446287 0,000117
reluctant 1,021651 0,000268
reluctantly 0,941609 0,000247
remain 0,040822 0,000011
remaining 0,094311 0,000025
remains 0,150823 0,000040
remark 0,314711 0,000083
remarkable 0,235722 0,000062
remarkably 0,733969 0,000193
remarks 0,462035 0,000121
remedies 0,415515 0,000109
remember 0,083382 0,000022
remembers 1,237874 0,000325
remind 0,755023 0,000198
reminder 1,897120 0,000498
remonstrance 1,347074 0,000354
remonstrating 2,995732 0,000787
remoter 1,966113 0,000516
remove 0,127833 0,000034
removed 0,061875 0,000016
renamed 0,562119 0,000148
renounce 1,237874 0,000325
repeat 0,328504 0,000086
replace 0,342490 0,000090
replacement 0,562119 0,000148
replacing 1,514128 0,000398
replied 0,235722 0,000062
reply 0,174353 0,000046
reported 0,162519 0,000043
reports 0,261365 0,000069
represent 0,494296 0,000130
representations 0,356675 0,000094
reproach 0,371064 0,000097
reproducing 2,525729 0,000663
repudiate 2,407946 0,000633
repudiates 3,912023 0,001028
repudiation 2,995732 0,000787
repulsive 1,049822 0,000276
request 0,127833 0,000034
require 0,127833 0,000034
required 0,083382 0,000022
requirements 0,415515 0,000109
requires 0,673345 0,000177
requiring 1,108663 0,000291
rescue 0,562119 0,000148
resenting 2,040221 0,000536
resentment 0,820981 0,000216
reserve 0,478036 0,000126
resignation 0,994252 0,000261
resigned 0,967584 0,000254
resignedly 2,525729 0,000663
resigning 2,207275 0,000580
resist 0,430783 0,000113
resistance 0,430783 0,000113
resolutely 1,108663 0,000291
resolution 0,462035 0,000121
resorting 2,120264 0,000557
respect 0,094311 0,000025
respectability 1,427116 0,000375
respectable 0,430783 0,000113
responsible 0,693147 0,000182
rest 0,010050 0,000003
restlessly 1,514128 0,000398
restores 2,302585 0,000605
restrictions 0,385662 0,000101
rests 0,673345 0,000177
result 0,174353 0,000046
resumes 2,302585 0,000605
retail 2,407946 0,000633
retirement 1,108663 0,000291
retires 2,040221 0,000536
retort 1,386294 0,000364
retreats 1,771957 0,000465
retrieving 2,995732 0,000787
return 0,040822 0,000011
returned 0,061875 0,000016
returning 0,127833 0,000034
returns 0,235722 0,000062
revealed 0,415515 0,000109
revenue 0,371064 0,000097
review 0,891598 0,000234
revolted 1,560648 0,000410
reward 0,328504 0,000086
rhetoric 1,560648 0,000410
rhythm 1,966113 0,000516
rich 0,139262 0,000037
rid 0,223144 0,000059
ride 0,462035 0,000121
rides 1,560648 0,000410
ridicule 1,171183 0,000308
ridiculed 1,897120 0,000498
ridiculous 0,478036 0,000126
ridiculously 1,897120 0,000498
righteous 1,203973 0,000316
ripping 2,302585 0,000605
rise 0,040822 0,000011
risen 0,342490 0,000090
rises 0,634878 0,000167
rising 0,116534 0,000031
risk 0,371064 0,000097
rival 0,597837 0,000157
river 0,174353 0,000046
road 0,150823 0,000040
roar 0,597837 0,000157
robust 0,994252 0,000261
rogue 1,272966 0,000334
romance 0,693147 0,000182
romantic 0,891598 0,000234
romic 3,912023 0,001028
rose 0,094311 0,000025
rotters 3,912023 0,001028
rough 0,186330 0,000049
roughly 0,544727 0,000143
routed 1,560648 0,000410
routine 1,272966 0,000334
row 0,544727 0,000143
royal 0,400478 0,000105
royalties 0,527633 0,000139
royalty 0,385662 0,000101
rubbish 1,108663 0,000291
rubens 2,302585 0,000605
rude 0,342490 0,000090
rudely 1,309333 0,000344
ruined 0,371064 0,000097
rules 0,150823 0,000040
rush 0,287682 0,000076
rushes 1,049822 0,000276
ruthlessly 1,771957 0,000465
sacred 0,415515 0,000109
sad 0,223144 0,000059
sadly 0,510826 0,000134
safe 0,116534 0,000031
sailor 0,755023 0,000198
sails 0,798508 0,000210
sake 0,094311 0,000025
salt 0,116534 0,000031
salutation 1,469676 0,000386
samuel 1,237874 0,000325
san 1,427116 0,000375
sanguinary 2,040221 0,000536
sarcastic 1,427116 0,000375
sat 0,083382 0,000022
satanic 2,813411 0,000739
satires 2,659260 0,000699
satisfaction 0,186330 0,000049
satisfactory 0,562119 0,000148
satisfied 0,105361 0,000028
satisfy 0,342490 0,000090
saturated 1,714798 0,000450
saucepan 2,120264 0,000557
saucy 1,897120 0,000498
savagely 1,427116 0,000375
savages 0,994252 0,000261
save 0,030459 0,000008
saved 0,274437 0,000072
scale 0,446287 0,000117
scattered 0,139262 0,000037
scene 0,198451 0,000052
school 0,174353 0,000046
schools 0,755023 0,000198
science 0,446287 0,000117
scientific 0,776529 0,000204
scientifically 2,407946 0,000633
scolded 1,427116 0,000375
scolding 1,347074 0,000354
scores 1,171183 0,000308
scorn 0,562119 0,000148
scrape 1,203973 0,000316
scream 0,693147 0,000182
screaming 0,916291 0,000241
scribbling 2,120264 0,000557
script 2,525729 0,000663
scrub 1,771957 0,000465
scrupulousness 3,506558 0,000921
scullery 2,120264 0,000557
sculpture 2,040221 0,000536
scutcheon 3,218876 0,000846
scuttle 1,832581 0,000481
search 0,051293 0,000013
seasoned 1,609438 0,000423
seat 0,105361 0,000028
seated 0,223144 0,000059
secondary 1,347074 0,000354
secret 0,061875 0,000016
secretary 0,916291 0,000241
secretaryship 3,506558 0,000921
secure 0,072571 0,000019
security 0,544727 0,000143
seek 0,198451 0,000052
seeks 1,021651 0,000268
seldom 0,301105 0,000079
selecting 1,237874 0,000325
selfish 0,798508 0,000210
sell 0,430783 0,000113
selling 0,820981 0,000216
send 0,030459 0,000008
sending 0,083382 0,000022
sensation 0,462035 0,000121
sensational 2,207275 0,000580
sense 0,051293 0,000013
sensibility 1,427116 0,000375
sentence 0,127833 0,000034
sentiment 0,478036 0,000126
sentimental 1,139434 0,000299
separates 1,469676 0,000386
sequel 1,078810 0,000283
serene 0,916291 0,000241
series 0,494296 0,000130
servant 0,186330 0,000049
servants 0,162519 0,000043
serve 0,174353 0,000046
service 0,072571 0,000019
services 0,494296 0,000130
set 0,010050 0,000003
sets 0,385662 0,000101
settee 2,407946 0,000633
settle 0,356675 0,000094
settling 0,755023 0,000198
severely 0,634878 0,000167
sex 0,562119 0,000148
sexual 2,525729 0,000663
sha 1,309333 0,000344
shake 0,287682 0,000076
shakes 1,272966 0,000334
shaking 0,371064 0,000097
shallow 0,776529 0,000204
sham 1,660731 0,000436
shaped 0,527633 0,000139
shapes 0,755023 0,000198
share 0,040822 0,000011
shared 0,139262 0,000037
sharing 0,248461 0,000065
shaw 2,813411 0,000739
sheer 0,843970 0,000222
sheet 0,446287 0,000117
sheets 0,544727 0,000143
shelter 0,342490 0,000090
sheltered 0,820981 0,000216
shied 2,302585 0,000605
shift 0,843970 0,000222
shilling 1,203973 0,000316
shillings 1,171183 0,000308
ship 0,314711 0,000083
shock 0,446287 0,000117
shocked 0,776529 0,000204
shocks 1,427116 0,000375
shoddy 3,218876 0,000846
shoe 0,776529 0,000204
shoes 0,430783 0,000113
shook 0,235722 0,000062
shooting 0,634878 0,000167
shop 0,494296 0,000130
shops 0,843970 0,000222
short 0,020203 0,000005
shorthand 3,218876 0,000846
shortly 0,462035 0,000121
shot 0,223144 0,000059
shoulder 0,210721 0,000055
shoulders 0,174353 0,000046
shouting 0,446287 0,000117
shove 1,714798 0,000450
shoves 2,995732 0,000787
shrieking 1,347074 0,000354
shrug 1,609438 0,000423
shrugging 1,897120 0,000498
shunned 1,714798 0,000450
shut 0,072571 0,000019
shuts 1,714798 0,000450
shy 0,733969 0,000193
shyly 2,040221 0,000536
sick 0,150823 0,000040
sight 0,051293 0,000013
sign 0,139262 0,000037
signals 1,427116 0,000375
signs 0,186330 0,000049
silent 0,051293 0,000013
silently 0,544727 0,000143
silk 0,478036 0,000126
silliness 2,302585 0,000605
silly 0,400478 0,000105
silvery 1,203973 0,000316
simple 0,094311 0,000025
simply 0,150823 0,000040
simul 3,506558 0,000921
sin 0,430783 0,000113
sincerity 0,653926 0,000172
sinecure 2,525729 0,000663
sinful 1,309333 0,000344
singing 0,371064 0,000097
single 0,083382 0,000022
sinks 1,108663 0,000291
sir 0,150823 0,000040
sit 0,061875 0,000016
sits 0,820981 0,000216
sitting 0,105361 0,000028
situation 0,198451 0,000052
situations 1,469676 0,000386
sixpence 1,469676 0,000386
sixth 0,446287 0,000117
size 0,248461 0,000065
sizes 1,309333 0,000344
skilly 3,912023 0,001028
skin 0,210721 0,000055
skirt 1,078810 0,000283
skirts 0,843970 0,000222
skull 0,891598 0,000234
sky 0,210721 0,000055
slam 1,966113 0,000516
slamming 2,302585 0,000605
slang 1,832581 0,000481
slave 0,494296 0,000130
slaving 2,525729 0,000663
slavish 1,771957 0,000465
slavishly 3,218876 0,000846
sleep 0,072571 0,000019
sleepy 0,713350 0,000187
sleeve 0,891598 0,000234
slept 0,223144 0,000059
slightest 0,415515 0,000109
slinging 2,813411 0,000739
slings 2,659260 0,000699
slip 0,462035 0,000121
slippers 1,021651 0,000268
sloughed 3,912023 0,001028
slovenly 2,040221 0,000536
slowly 0,150823 0,000040
slum 2,659260 0,000699
slut 2,207275 0,000580
smart 0,634878 0,000167
smartest 2,525729 0,000663
smash 1,609438 0,000423
smell 0,371064 0,000097
smelling 0,843970 0,000222
smells 1,309333 0,000344
smile 0,274437 0,000072
smiles 0,693147 0,000182
smith 0,891598 0,000234
smoked 0,867501 0,000228
smoking 0,462035 0,000121
snapping 1,514128 0,000398
snaps 2,659260 0,000699
snatches 1,514128 0,000398
snatching 1,469676 0,000386
sneer 1,203973 0,000316
sneered 1,609438 0,000423
sneering 1,609438 0,000423
sniggering 3,506558 0,000921
snivelling 2,813411 0,000739
snob 3,912023 0,001028
snobbery 3,506558 0,000921
soaked 1,272966 0,000334
soap 1,347074 0,000354
sobbing 0,967584 0,000254
sober 0,597837 0,000157
social 0,371064 0,000097
socially 2,407946 0,000633
societies 1,049822 0,000276
society 0,210721 0,000055
soft 0,210721 0,000055
softening 1,514128 0,000398
soirees 3,506558 0,000921
sold 0,385662 0,000101
sole 0,342490 0,000090
solemnly 0,579818 0,000152
solicit 0,430783 0,000113
solicitation 0,510826 0,000134
solicitor 1,966113 0,000516
solution 0,820981 0,000216
solve 0,653926 0,000172
solved 0,867501 0,000228
solves 3,506558 0,000921
son 0,105361 0,000028
song 0,371064 0,000097
soot 1,609438 0,000423
sorely 1,049822 0,000276
sort 0,105361 0,000028
sorting 1,966113 0,000516
sorts 0,356675 0,000094
soul 0,105361 0,000028
souls 0,342490 0,000090
sound 0,020203 0,000005
sounded 0,371064 0,000097
sounds 0,223144 0,000059
south 0,235722 0,000062
sovereign 0,776529 0,000204
space 0,116534 0,000031
spain 0,994252 0,000261
spanish 0,733969 0,000193
spare 0,210721 0,000055
spared 0,544727 0,000143
spark 0,776529 0,000204
spawl 3,912023 0,001028
speak 0,051293 0,000013
speaking 0,072571 0,000019
speaks 0,371064 0,000097
special 0,083382 0,000022
specialists 2,525729 0,000663
spectacle 0,544727 0,000143
spectacles 0,843970 0,000222
spectators 0,820981 0,000216
speech 0,198451 0,000052
speeches 0,867501 0,000228
speechless 0,916291 0,000241
spell 0,820981 0,000216
spend 0,328504 0,000086
spending 0,597837 0,000157
spent 0,105361 0,000028
spinster 2,407946 0,000633
spirit 0,051293 0,000013
spirited 0,713350 0,000187
spiritedly 3,506558 0,000921
spirits 0,198451 0,000052
spite 0,139262 0,000037
splendid 0,400478 0,000105
splendor 1,714798 0,000450
spoiled 0,916291 0,000241
spoils 0,994252 0,000261
spoke 0,116534 0,000031
spoken 0,150823 0,000040
spoon 1,171183 0,000308
sporting 1,427116 0,000375
sportsmen 2,407946 0,000633
spot 0,162519 0,000043
spraddling 3,912023 0,001028
spreading 0,446287 0,000117
spree 2,525729 0,000663
spring 0,083382 0,000022
springing 0,733969 0,000193
squabble 2,407946 0,000633
square 0,235722 0,000062
squaring 2,407946 0,000633
squashed 2,813411 0,000739
squeezed 1,171183 0,000308
squeezing 1,609438 0,000423
staff 0,274437 0,000072
stage 0,223144 0,000059
staggeringly 3,506558 0,000921
staid 1,237874 0,000325
stairs 0,430783 0,000113
stale 1,309333 0,000344
stamped 0,693147 0,000182
stamping 1,049822 0,000276
stand 0,000000 0,000000
standard 0,562119 0,000148
standing 0,030459 0,000008
stands 0,261365 0,000069
stare 0,713350 0,000187
stares 1,897120 0,000498
staring 0,634878 0,000167
start -0,009950 -0,000003
started 0,150823 0,000040
startled 0,415515 0,000109
startling 0,967584 0,000254
starts 0,941609 0,000247
statements 0,430783 0,000113
station 0,356675 0,000094
stationery 2,659260 0,000699
status 0,446287 0,000117
stay 0,083382 0,000022
stead 1,139434 0,000299
steadfastly 1,660731 0,000436
steadily 0,415515 0,000109
steady 0,356675 0,000094
stealing 0,653926 0,000172
steals 1,386294 0,000364
step 0,083382 0,000022
stepmother 2,207275 0,000580
stern 0,478036 0,000126
sternly 0,820981 0,000216
stiff 0,430783 0,000113
stifled 1,272966 0,000334
stilton 3,506558 0,000921
stir 0,400478 0,000105
stitch 1,897120 0,000498
stitching 2,813411 0,000739
stock 0,328504 0,000086
stolidly 2,120264 0,000557
stonily 2,659260 0,000699
stoops 2,525729 0,000663
stored 0,342490 0,000090
stories 0,328504 0,000086
storming 2,525729 0,000663
storms 0,798508 0,000210
stormy 0,776529 0,000204
story 0,051293 0,000013
straight 0,105361 0,000028
straightened 1,347074 0,000354
strain 0,385662 0,000101
strained 0,776529 0,000204
straitened 2,525729 0,000663
strand 1,237874 0,000325
stranger 0,139262 0,000037
strap 1,771957 0,000465
straw 0,356675 0,000094
stray 0,891598 0,000234
stream 0,210721 0,000055
street 0,198451 0,000052
streets 0,274437 0,000072
strength 0,030459 0,000008
stretches 1,309333 0,000344
stretching 0,733969 0,000193
strewn 1,139434 0,000299
stricken 0,653926 0,000172
strict 0,210721 0,000055
strictly 0,579818 0,000152
strike 0,210721 0,000055
strikes 0,544727 0,000143
string 0,634878 0,000167
stroke 0,356675 0,000094
strolling 1,469676 0,000386
strolls 2,659260 0,000699
strong 0,030459 0,000008
stronger 0,287682 0,000076
strongest 0,653926 0,000172
structure 0,673345 0,000177
struggle 0,287682 0,000076
struggled 0,415515 0,000109
struggles 0,891598 0,000234
student 0,673345 0,000177
studied 0,446287 0,000117
stuffed 1,171183 0,000308
stumbles 2,995732 0,000787
stumbling 1,108663 0,000291
stung 1,139434 0,000299
stupent 3,912023 0,001028
stupid 0,478036 0,000126
stupidity 0,916291 0,000241
style 0,274437 0,000072
subject 0,072571 0,000019
subjective 2,120264 0,000557
subjects 0,356675 0,000094
submission 0,776529 0,000204
subscribe 0,494296 0,000130
subsides 2,813411 0,000739
subsiding 1,897120 0,000498
succeeded 0,186330 0,000049
succeeding 0,755023 0,000198
success 0,162519 0,000043
successful 0,478036 0,000126
sudden 0,072571 0,000019
suddenly 0,040822 0,000011
suffer 0,127833 0,000034
sufferer 1,078810 0,000283
suffering 0,248461 0,000065
suffers 1,139434 0,000299
sufficient 0,139262 0,000037
suffocated 1,714798 0,000450
suit 0,261365 0,000069
sulkily 2,302585 0,000605
sulky 1,514128 0,000398
sum 0,356675 0,000094
summer 0,186330 0,000049
sunday 0,494296 0,000130
sunnily 3,912023 0,001028
sunny 0,867501 0,000228
superior 0,274437 0,000072
superiority 0,693147 0,000182
superlatively 2,659260 0,000699
superstitiously 2,995732 0,000787
supper 0,446287 0,000117
supplant 2,813411 0,000739
supplied 0,478036 0,000126
supply 0,371064 0,000097
support 0,127833 0,000034
suppose 0,072571 0,000019
supposed 0,174353 0,000046
suppressed 0,673345 0,000177
surely 0,186330 0,000049
surprise 0,174353 0,000046
surprised 0,210721 0,000055
surprising 0,544727 0,000143
survive 0,274437 0,000072
susceptible 1,386294 0,000364
suspected 0,328504 0,000086
suspecting 1,171183 0,000308
suspicious 0,579818 0,000152
suspiciously 1,832581 0,000481
swallowed 0,462035 0,000121
swamp 0,342490 0,000090
swank 3,912023 0,001028
swanked 3,912023 0,001028
swear 0,494296 0,000130
swearing 0,994252 0,000261
sweat 0,634878 0,000167
sweeps 1,514128 0,000398
sweet 0,174353 0,000046
sweetly 1,049822 0,000276
sweetness 0,673345 0,000177
sweets 1,386294 0,000364
swine 1,347074 0,000354
switch 2,040221 0,000536
switches 2,407946 0,000633
swoops 3,218876 0,000846
swore 0,634878 0,000167
sybil 2,659260 0,000699
sympathetic 1,021651 0,000268
sympathetically 1,897120 0,000498
sympathies 1,469676 0,000386
sympathize 1,771957 0,000465
syndicate 3,506558 0,000921
synonymous 0,446287 0,000117
table 0,094311 0,000025
tablecloth 2,207275 0,000580
tables 0,415515 0,000109
tack 1,560648 0,000410
tackled 2,040221 0,000536
taker 2,659260 0,000699
talent 0,544727 0,000143
talk 0,083382 0,000022
talked 0,261365 0,000069
talking 0,150823 0,000040
talks 0,733969 0,000193
tall 0,223144 0,000059
tanner 2,407946 0,000633
tap 1,108663 0,000291
task 0,261365 0,000069
taste 0,174353 0,000046
tasteless 2,995732 0,000787
taught 0,248461 0,000065
tax 0,328504 0,000086
taxes 0,385662 0,000101
taxi 3,506558 0,000921
taxicab 3,506558 0,000921
taxis 3,912023 0,001028
te 1,609438 0,000423
tea 0,579818 0,000152
teach 0,248461 0,000065
teachable 2,813411 0,000739
teacher 0,527633 0,000139
teachers 0,776529 0,000204
teaches 1,203973 0,000316
teaching 0,462035 0,000121
tears 0,150823 0,000040
tease 1,771957 0,000465
tec 3,912023 0,001028
tedious 0,755023 0,000198
teeming 1,660731 0,000436
teeth 0,198451 0,000052
telephone 2,407946 0,000633
telephoning 3,506558 0,000921
temper 0,274437 0,000072
temperament 0,994252 0,000261
tempers 1,609438 0,000423
tempted 0,527633 0,000139
tempting 0,967584 0,000254
tender 0,314711 0,000083
tenderest 1,714798 0,000450
terms 0,061875 0,000016
terrified 0,693147 0,000182
terror 0,198451 0,000052
textbooks 2,813411 0,000739
thames 1,660731 0,000436
theatre 0,820981 0,000216
thereabouts 1,609438 0,000423
thersites 2,995732 0,000787
thief 0,653926 0,000172
thinking 0,274437 0,000072
thoughtfully 0,994252 0,000261
thoughtless 1,108663 0,000291
threateningly 2,302585 0,000605
threats 0,994252 0,000261
threw 0,116534 0,000031
thrilling 1,139434 0,000299
thrillingly 3,912023 0,001028
throat 0,261365 0,000069
throw 0,083382 0,000022
throwing 0,287682 0,000076
thrown 0,116534 0,000031
throws 0,916291 0,000241
thrust 0,328504 0,000086
thrusting 1,171183 0,000308
thrusts 1,966113 0,000516
thumb 0,967584 0,000254
thunder 0,462035 0,000121
thundering 1,237874 0,000325
tickled 1,469676 0,000386
tidied 2,302585 0,000605
tie 0,510826 0,000134
tied 0,261365 0,000069
ties 0,967584 0,000254
time -0,009950 -0,000003
times 0,010050 0,000003
tiny 0,820981 0,000216
tipmost 3,912023 0,001028
tiptoe 1,049822 0,000276
tired 0,198451 0,000052
tiresome 1,078810 0,000283
title 0,116534 0,000031
toadying 3,506558 0,000921
tobacco 0,713350 0,000187
toe 1,049822 0,000276
toff 3,506558 0,000921
togs 2,659260 0,000699
tolerable 0,994252 0,000261
tolerably 0,994252 0,000261
tolerantly 3,506558 0,000921
tomorrow 0,755023 0,000198
tone 0,248461 0,000065
tones 0,713350 0,000187
tongue 0,162519 0,000043
tonight 1,272966 0,000334
topmost 1,714798 0,000450
tore 0,527633 0,000139
torrents 1,347074 0,000354
tosh 3,912023 0,001028
touch 0,083382 0,000022
touched 0,139262 0,000037
touches 0,798508 0,000210
towel 1,771957 0,000465
towels 2,040221 0,000536
tower 0,527633 0,000139
towers 0,967584 0,000254
town 0,105361 0,000028
track 0,510826 0,000134
trade 0,328504 0,000086
trademark 0,562119 0,000148
tradition 0,891598 0,000234
traditions 1,139434 0,000299
tragedy 0,798508 0,000210
tragic 0,820981 0,000216
trained 0,544727 0,000143
training 0,776529 0,000204
trampled 0,843970 0,000222
transcendence 3,912023 0,001028
transcribe 0,494296 0,000130
transcriber 1,832581 0,000481
transcript 2,407946 0,000633
transcription 0,527633 0,000139
transcripts 3,506558 0,000921
transfiguration 2,659260 0,000699
transfigurations 3,506558 0,000921
treasure 0,385662 0,000101
treasures 0,755023 0,000198
treat 0,287682 0,000076
treated 0,261365 0,000069
treatment 0,127833 0,000034
treats 1,108663 0,000291
tremendous 0,693147 0,000182
trial 0,314711 0,000083
trick 0,510826 0,000134
tricks 0,579818 0,000152
trifle 0,579818 0,000152
triumph 0,274437 0,000072
triumphant 0,798508 0,000210
triumphed 1,609438 0,000423
trivial 0,776529 0,000204
trivially 3,912023 0,001028
trod 0,733969 0,000193
trouble 0,051293 0,000013
troubled 0,287682 0,000076
troublesome 0,843970 0,000222
trouser 2,040221 0,000536
trousers 0,843970 0,000222
truck 1,609438 0,000423
true 0,020203 0,000005
trust 0,116534 0,000031
trusted 0,544727 0,000143
truth 0,030459 0,000008
truths 1,049822 0,000276
tube 1,386294 0,000364
tumult 0,820981 0,000216
tuning 2,995732 0,000787
tuppence 3,912023 0,001028
twinkle 1,469676 0,000386
twist 1,021651 0,000268
twopence 2,120264 0,000557
type 0,446287 0,000117
types 0,385662 0,000101
typewriting 2,525729 0,000663
tyrannical 1,514128 0,000398
tyrant 0,891598 0,000234
ugly 0,415515 0,000109
umbrella 1,347074 0,000354
unabashed 2,659260 0,000699
unable 0,248461 0,000065
unaffected 1,386294 0,000364
unaffectedly 2,813411 0,000739
unamiable 2,525729 0,000663
unassailable 2,407946 0,000633
unbearable 1,560648 0,000410
unbounded 1,309333 0,000344
uncertain 0,301105 0,000079
uncommercial 3,506558 0,000921
uncommon 0,798508 0,000210
unconcealed 2,995732 0,000787
unconscious 0,400478 0,000105
unconsciously 0,634878 0,000167
uncultivated 2,207275 0,000580
underrate 3,218876 0,000846
underrated 3,218876 0,000846
understand 0,030459 0,000008
understanding 0,223144 0,000059
understood 0,061875 0,000016
undeserving 2,302585 0,000605
uneasy 0,544727 0,000143
unenforceability 0,562119 0,000148
unexpected 0,430783 0,000113
unfeeling 1,609438 0,000423
unfortunate 0,314711 0,000083
ungraciously 2,995732 0,000787
ungrateful 0,798508 0,000210
unhappiness 1,560648 0,000410
unhappy 0,400478 0,000105
uniform 0,210721 0,000055
unintelligible 1,237874 0,000325
unintended 3,506558 0,000921
union 0,510826 0,000134
united 0,094311 0,000025
universal 0,478036 0,000126
university 0,994252 0,000261
unlace 3,912023 0,001028
unlacing 3,218876 0,000846
unladylike 3,506558 0,000921
unlink 0,562119 0,000148
unlocked 1,108663 0,000291
unmanly 2,207275 0,000580
unmoved 0,916291 0,000241
unnatural 0,713350 0,000187
unnecessary 0,653926 0,000172
unpleasant 0,562119 0,000148
unprotected 0,673345 0,000177
unreason 3,506558 0,000921
unreasonable 0,967584 0,000254
unsolicited 0,510826 0,000134
untaught 2,407946 0,000633
untidy 1,660731 0,000436
unwelcome 1,469676 0,000386
updated 0,510826 0,000134
uproarious 2,659260 0,000699
uproariously 2,813411 0,000739
upset 0,776529 0,000204
upstairs 0,891598 0,000234
upstarts 3,218876 0,000846
useless 0,235722 0,000062
user 0,562119 0,000148
ushering 2,659260 0,000699
usual 0,139262 0,000037
ut 0,510826 0,000134
utter 0,248461 0,000065
uttered 0,430783 0,000113
utterly 0,371064 0,000097
utters 1,897120 0,000498
vacant 0,693147 0,000182
vaguely 0,967584 0,000254
vainly 0,634878 0,000167
vanilla 0,544727 0,000143
vanity 0,415515 0,000109
varies 1,832581 0,000481
variety 0,162519 0,000043
vegetables 1,049822 0,000276
vehement 1,427116 0,000375
velvet 0,916291 0,000241
vent 0,916291 0,000241
verse 0,653926 0,000172
version 0,385662 0,000101
veteran 1,714798 0,000450
vexation 0,867501 0,000228
vexed 0,733969 0,000193
victim 0,462035 0,000121
victoria 1,966113 0,000516
victorian 2,995732 0,000787
victory 0,371064 0,000097
view 0,105361 0,000028
viewed 0,261365 0,000069
viewing 0,415515 0,000109
vigorous 0,544727 0,000143
violates 0,527633 0,000139
violent 0,223144 0,000059
violently 0,462035 0,000121
violets 1,832581 0,000481
virus 0,527633 0,000139
visible 0,235722 0,000062
visit 0,061875 0,000016
visitor 0,713350 0,000187
vital 0,693147 0,000182
vocal 1,469676 0,000386
vogue 1,609438 0,000423
voice 0,020203 0,000005
void 0,274437 0,000072
volunteer 0,478036 0,000126
volunteers 0,430783 0,000113
vouchsafed 1,660731 0,000436
vowel 2,525729 0,000663
vowels 2,302585 0,000605
vulgar 0,634878 0,000167
vulgarly 2,302585 0,000605
wages 0,916291 0,000241
waist 0,713350 0,000187
waistcoat 1,021651 0,000268
wait 0,094311 0,000025
waiting 0,083382 0,000022
wakened 1,714798 0,000450
waking 0,562119 0,000148
wales 1,660731 0,000436
walk 0,105361 0,000028
walked 0,210721 0,000055
walking 0,083382 0,000022
walks 0,162519 0,000043
wall 0,198451 0,000052
wallop 3,506558 0,000921
walloped 3,506558 0,000921
walls 0,139262 0,000037
wandering 0,274437 0,000072
warm 0,139262 0,000037
warmest 1,660731 0,000436
warned 0,527633 0,000139
warning 0,248461 0,000065
warningly 2,407946 0,000633
warrant 0,713350 0,000187
warranties 0,562119 0,000148
warranty 0,544727 0,000143
washed 0,494296 0,000130
washing 0,579818 0,000152
waste 0,186330 0,000049
watch 0,094311 0,000025
watching 0,210721 0,000055
water 0,051293 0,000013
wax 0,597837 0,000157
weak 0,116534 0,000031
weaker 0,634878 0,000167
wear 0,274437 0,000072
wearily 1,272966 0,000334
wearing 0,415515 0,000109
wears 0,891598 0,000234
weather 0,248461 0,000065
wedding 0,776529 0,000204
week 0,235722 0,000062
weekly 1,203973 0,000316
weeks 0,248461 0,000065
weep 0,755023 0,000198
weeping 0,544727 0,000143
weight 0,116534 0,000031
wellsian 3,912023 0,001028
welsh 2,407946 0,000633
west 0,083382 0,000022
wet 0,287682 0,000076
wh 2,813411 0,000739
whatsoever 0,287682 0,000076
whew 2,407946 0,000633
whimpering 1,966113 0,000516
whip 0,597837 0,000157
whipping 1,660731 0,000436
whips 1,714798 0,000450
whistle 0,843970 0,000222
whistler 2,813411 0,000739
whistles 1,560648 0,000410
white 0,051293 0,000013
wholly 0,400478 0,000105
wicked 0,356675 0,000094
widespread 0,916291 0,000241
widest 0,446287 0,000117
widow 0,579818 0,000152
wife 0,094311 0,000025
wild 0,051293 0,000013
wilderness 0,693147 0,000182
win 0,462035 0,000121
wind 0,105361 0,000028
window 0,274437 0,000072
windows 0,261365 0,000069
winks 2,659260 0,000699
winning 0,867501 0,000228
winter 0,198451 0,000052
wipe 0,776529 0,000204
wiseacres 3,506558 0,000921
wit 0,328504 0,000086
withdraws 1,771957 0,000465
withered 0,843970 0,000222
witty 1,171183 0,000308
woman 0,061875 0,000016
women 0,094311 0,000025
wonderful 0,162519 0,000043
wood 0,116534 0,000031
wooden 0,415515 0,000109
woodnotes 3,912023 0,001028
woods 0,430783 0,000113
woolly 2,120264 0,000557
word 0,020203 0,000005
wore 0,274437 0,000072
workhouse 2,302585 0,000605
worn 0,223144 0,000059
worrited 3,912023 0,001028
worry 0,820981 0,000216
worrying 1,560648 0,000410
worse 0,083382 0,000022
worship 0,544727 0,000143
worshipped 1,203973 0,000316
worst 0,186330 0,000049
worth 0,061875 0,000016
worthy 0,186330 0,000049
wounded 0,274437 0,000072
wrap 1,237874 0,000325
wrath 0,634878 0,000167
wring 1,427116 0,000375
wrists 1,272966 0,000334
write 0,150823 0,000040
writes 0,597837 0,000157
writhes 3,218876 0,000846
writing 0,061875 0,000016
written 0,051293 0,000013
wrong 0,083382 0,000022
wrote 0,150823 0,000040
ya 2,659260 0,000699
yawning 1,237874 0,000325
yawns 2,120264 0,000557
yelling 1,514128 0,000398
yer 2,040221 0,000536
yorkshireman 3,912023 0,001028
youth 0,150823 0,000040
youths 1,108663 0,000291
zephyr 2,525729 0,000663
