abandon 0,544727 0,000168
abandoned 0,371064 0,000115
abide 0,287682 0,000089
abilities 1,139434 0,000352
ability 0,579818 0,000179
ablution 3,218876 0,000995
ablutions 2,040221 0,000631
abode 0,616186 0,000191
absorbed 0,634878 0,000196
absorbing 1,237874 0,000383
abstain 1,309333 0,000405
abused 0,843970 0,000261
accept 0,094311 0,000029
accepted 0,139262 0,000043
accepting 0,287682 0,000089
access 0,314711 0,000097
accessed 0,562119 0,000174
accessible 0,446287 0,000138
accompanied 0,223144 0,000069
account 0,010050 0,000003
accusation 1,049822 0,000325
accustomed 0,287682 0,000089
ache 1,309333 0,000405
achieved 0,867501 0,000268
achieving 2,120264 0,000656
actions 0,356675 0,000110
active 0,127833 0,000040
activities 1,771957 0,000548
actual 0,174353 0,000054
add 0,198451 0,000061
addition 0,116534 0,000036
additional 0,198451 0,000061
additions 0,371064 0,000115
address 0,116534 0,000036
addresses 0,385662 0,000119
addressing 0,579818 0,000179
admiration 0,342490 0,000106
admired 0,579818 0,000179
admiring 0,776529 0,000240
admitted 0,301105 0,000093
admitting 1,078810 0,000334
admonished 1,714798 0,000530
admonition 1,660731 0,000514
advice 0,186330 0,000058
advise 0,462035 0,000143
advised 0,616186 0,000191
afar 0,994252 0,000307
affairs 0,235722 0,000073
affection 0,235722 0,000073
affectionately 1,237874 0,000383
afraid 0,105361 0,000033
afternoon 0,287682 0,000089
age 0,051293 0,000016
aged 0,198451 0,000061
agent 0,274437 0,000085
agonising 2,040221 0,000631
agony 0,544727 0,000168
agree 0,116534 0,000036
agreed 0,116534 0,000036
agreement 0,210721 0,000065
ailing 1,832581 0,000567
aim 0,462035 0,000143
air 0,061875 0,000019
akin 1,203973 0,000372
alas 0,462035 0,000143
alien 1,347074 0,000417
alike 0,287682 0,000089
alive 0,051293 0,000016
alleged 1,386294 0,000429
alleys 1,660731 0,000514
alms 1,309333 0,000405
aloud 0,301105 0,000093
alteration 0,314711 0,000097
alternate 0,328504 0,000102
amusedly 3,912023 0,001210
amusement 0,544727 0,000168
amy 2,995732 0,000926
anew 0,867501 0,000268
anger 0,328504 0,000102
angry 0,174353 0,000054
anguish 0,579818 0,000179
animal 0,261365 0,000081
animallike 3,912023 0,001210
animals 0,494296 0,000153
annihilate 2,120264 0,000656
annihilating 2,659260 0,000822
annoyance 1,049822 0,000325
annoyed 0,733969 0,000227
anoint 2,040221 0,000631
answer 0,040822 0,000013
answered 0,072571 0,000022
answering 0,510826 0,000158
answers 0,415515 0,000128
anticipated 0,755023 0,000233
ants 1,660731 0,000514
anxiety 0,287682 0,000089
apes 2,120264 0,000656
appeal 0,342490 0,000106
appearance 0,083382 0,000026
appearances 0,693147 0,000214
appetite 0,371064 0,000115
applicable 0,400478 0,000124
apply 0,162519 0,000050
appointed 0,356675 0,000110
approach 0,083382 0,000026
approached 0,248461 0,000077
approval 0,798508 0,000247
approve 0,653926 0,000202
arch 0,820981 0,000254
archive 0,544727 0,000168
arcs 2,995732 0,000926
ardent 0,941609 0,000291
argue 0,597837 0,000185
arguing 1,139434 0,000352
arm 0,094311 0,000029
arms 0,051293 0,000016
aroused 0,755023 0,000233
arrangement 0,462035 0,000143
array 0,314711 0,000097
arrivals 1,966113 0,000608
arriving 0,634878 0,000196
arrogance 1,714798 0,000530
arrogant 1,347074 0,000417
arrow 0,653926 0,000202
art 0,139262 0,000043
artist 0,634878 0,000196
ascended 0,713350 0,000221
ascetic 1,771957 0,000548
asceticism 2,659260 0,000822
ascetics 2,995732 0,000926
ascii 0,562119 0,000174
ashamed 0,248461 0,000077
asleep 0,162519 0,000050
aspect 0,462035 0,000143
aspects 1,514128 0,000468
assistance 0,105361 0,000033
assistant 0,994252 0,000307
assumed 0,385662 0,000119
astonished 0,301105 0,000093
astonishment 0,301105 0,000093
ate 0,415515 0,000128
atman 3,912023 0,001210
atoned 1,966113 0,000608
attach 0,967584 0,000299
attached 0,127833 0,000040
attempts 0,478036 0,000148
attended 0,342490 0,000106
attention 0,083382 0,000026
attentively 0,755023 0,000233
attracted 0,356675 0,000110
attracts 1,514128 0,000468
attributes 1,237874 0,000383
audacious 1,309333 0,000405
austere 1,171183 0,000362
author 0,116534 0,000036
autumn 0,653926 0,000202
avoid 0,174353 0,000054
avoiding 1,021651 0,000316
await 0,776529 0,000240
awaited 0,733969 0,000227
awaiting 0,693147 0,000214
awake 0,356675 0,000110
awakened 0,673345 0,000208
awakening 1,108663 0,000343
awaking 1,897120 0,000587
aware 0,223144 0,000069
awe 0,597837 0,000185
awoke 0,446287 0,000138
awoken 3,506558 0,001084
axe 1,049822 0,000325
baby 0,673345 0,000208
bad 0,051293 0,000016
badly 0,446287 0,000138
ball 0,356675 0,000110
balls 0,798508 0,000247
bamboo 1,771957 0,000548
banana 2,659260 0,000822
bananas 2,659260 0,000822
bank 0,261365 0,000081
banks 0,494296 0,000153
banter 2,040221 0,000631
banyan 2,995732 0,000926
barber 1,609438 0,000498
bare 0,162519 0,000050
bark 0,597837 0,000185
base 0,301105 0,000093
based 0,371064 0,000115
bashful 1,609438 0,000498
basics 3,912023 0,001210
basket 0,673345 0,000208
baskets 1,203973 0,000372
bast 2,995732 0,000926
bath 0,562119 0,000174
bathe 1,272966 0,000394
bathing 1,272966 0,000394
beach 1,049822 0,000325
beams 0,994252 0,000307
bear 0,061875 0,000019
beard 0,579818 0,000179
bearded 1,108663 0,000343
bearing 0,162519 0,000050
beat 0,186330 0,000058
beating 0,314711 0,000097
beats 0,941609 0,000291
beautiful 0,083382 0,000026
beautifully 0,867501 0,000268
beckoned 1,272966 0,000394
bed 0,051293 0,000016
bedroom 0,798508 0,000247
beds 0,430783 0,000133
bee 1,078810 0,000334
bees 1,021651 0,000316
beetle 1,966113 0,000608
beg 0,210721 0,000065
beggar 0,733969 0,000227
beggars 1,171183 0,000362
begging 0,713350 0,000221
beheld 0,510826 0,000158
behold 0,342490 0,000106
believers 1,660731 0,000514
belong 0,235722 0,000073
belonged 0,314711 0,000097
belonging 0,527633 0,000163
belongs 0,415515 0,000128
beloved 0,415515 0,000128
bend 0,510826 0,000158
benefactor 1,171183 0,000362
benefactors 1,560648 0,000483
benefit 0,415515 0,000128
benevolence 1,049822 0,000325
benevolent 1,021651 0,000316
benevolently 2,659260 0,000822
bent 0,174353 0,000054
besiege 2,040221 0,000631
bid 0,400478 0,000124
bidding 0,820981 0,000254
binary 0,562119 0,000174
bird 0,235722 0,000073
birds 0,301105 0,000093
birth 0,301105 0,000093
birthplace 2,120264 0,000656
births 2,120264 0,000656
bit 0,174353 0,000054
bite 0,798508 0,000247
biting 0,713350 0,000221
bits 0,843970 0,000261
bitten 1,272966 0,000394
bitter 0,235722 0,000073
bitterly 0,579818 0,000179
bizarre 2,207275 0,000683
black 0,072571 0,000022
blessing 0,446287 0,000138
blew 0,494296 0,000153
blind 0,223144 0,000069
blindly 0,941609 0,000291
bliss 0,891598 0,000276
blissful 1,609438 0,000498
blissfulness 3,506558 0,001084
bloated 1,660731 0,000514
blood 0,116534 0,000036
bloody 0,527633 0,000163
blossom 1,139434 0,000352
blossomed 2,120264 0,000656
blossoming 2,120264 0,000656
blow 0,139262 0,000043
blown 0,579818 0,000179
blue 0,174353 0,000054
bluish 1,897120 0,000587
board 0,314711 0,000097
boars 2,207275 0,000683
boasted 1,171183 0,000362
boat 0,446287 0,000138
boats 0,820981 0,000254
bodies 0,174353 0,000054
body 0,030459 0,000009
boiled 0,798508 0,000247
bold 0,287682 0,000089
bolt 0,733969 0,000227
bondage 1,203973 0,000372
bone 0,527633 0,000163
book 0,061875 0,000019
books 0,139262 0,000043
bore 0,150823 0,000047
bored 0,994252 0,000307
born 0,105361 0,000033
bother 0,916291 0,000283
bottomless 2,040221 0,000631
bound 0,030459 0,000009
bow 0,287682 0,000089
bowed 0,371064 0,000115
bowing 0,994252 0,000307
bowl 0,843970 0,000261
bowls 1,660731 0,000514
bows 0,776529 0,000240
boy 0,139262 0,000043
boys 0,328504 0,000102
bracelets 1,427116 0,000441
brahma 2,813411 0,000870
brahman 3,218876 0,000995
brahmanism 3,912023 0,001210
brahmans 3,218876 0,000995
branches 0,371064 0,000115
brawny 1,832581 0,000567
breach 0,274437 0,000085
bread 0,248461 0,000077
breaking 0,210721 0,000065
breast 0,210721 0,000065
breasts 0,891598 0,000276
breath 0,174353 0,000054
breathe 0,478036 0,000148
breathed 0,494296 0,000153
breathes 1,469676 0,000454
breathing 0,462035 0,000143
bright 0,116534 0,000036
brightly 0,994252 0,000307
bring 0,010050 0,000003
broke 0,116534 0,000036
broken 0,061875 0,000019
brothers 0,356675 0,000110
brought 0,010050 0,000003
brow 0,544727 0,000168
brown 0,274437 0,000085
brushed 1,078810 0,000334
brushwood 2,040221 0,000631
bubbles 1,832581 0,000567
buddha 2,525729 0,000781
build 0,446287 0,000138
building 0,223144 0,000069
built 0,150823 0,000047
bull 0,510826 0,000158
bulls 1,660731 0,000514
burden 0,223144 0,000069
burdening 2,525729 0,000781
burn 0,400478 0,000124
burned 0,400478 0,000124
burning 0,150823 0,000047
burnt 0,415515 0,000128
burst 0,287682 0,000089
bursting 0,713350 0,000221
bury 0,776529 0,000240
bushes 0,733969 0,000227
business 0,040822 0,000013
businesses 3,218876 0,000995
businessmen 3,218876 0,000995
bustle 0,994252 0,000307
bustling 1,386294 0,000429
busy 0,223144 0,000069
butterfly 1,427116 0,000441
buzzed 2,302585 0,000712
buzzing 1,347074 0,000417
cage 1,237874 0,000383
cake 0,941609 0,000291
calculate 0,328504 0,000102
calculated 0,174353 0,000054
calculations 1,139434 0,000352
calling 0,820981 0,000254
calm 0,301105 0,000093
calmly 0,510826 0,000158
calmness 1,203973 0,000372
camp 0,597837 0,000185
canes 2,407946 0,000745
canopy 1,609438 0,000498
capable 0,261365 0,000081
capacity 0,527633 0,000163
captive 0,820981 0,000254
capture 0,820981 0,000254
captured 0,916291 0,000283
card 0,223144 0,000069
care 0,000000 0,000000
cared 0,494296 0,000153
careful 0,174353 0,000054
carefully 0,139262 0,000043
caress 1,469676 0,000454
carp 2,659260 0,000822
carpets 1,427116 0,000441
carried 0,030459 0,000009
carrier 1,560648 0,000483
carries 0,755023 0,000233
carrion 1,832581 0,000567
carry 0,030459 0,000009
carrying 0,083382 0,000026
cart 0,755023 0,000233
carters 2,995732 0,000926
cast 0,116534 0,000036
castaway 2,525729 0,000781
caste 1,609438 0,000498
castigation 2,659260 0,000822
casually 1,386294 0,000429
catch 0,210721 0,000065
caught 0,162519 0,000050
cautious 0,673345 0,000208
cavities 2,040221 0,000631
cease 0,139262 0,000043
celebrating 1,660731 0,000514
celebration 1,771957 0,000548
chain 0,415515 0,000128
chair 0,274437 0,000085
chamber 0,400478 0,000124
chance 0,083382 0,000026
change 0,010050 0,000003
changed 0,051293 0,000016
character 0,061875 0,000019
characteristics 0,798508 0,000247
charge 0,051293 0,000016
charged 0,328504 0,000102
charges 0,223144 0,000069
charitable 0,287682 0,000089
charities 0,494296 0,000153
charming 0,527633 0,000163
charms 0,755023 0,000233
chatted 1,560648 0,000483
cheat 1,139434 0,000352
check 0,174353 0,000054
checks 0,478036 0,000148
cheek 0,430783 0,000133
cheeks 0,415515 0,000128
cheerful 0,385662 0,000119
cheerfully 0,820981 0,000254
cheerfulness 0,867501 0,000268
chess 1,660731 0,000514
chest 0,371064 0,000115
chewing 1,514128 0,000468
chiefly 0,527633 0,000163
child 0,072571 0,000022
childhood 0,527633 0,000163
childish 0,713350 0,000221
childlike 1,771957 0,000548
childlikeness 3,912023 0,001210
children 0,072571 0,000022
chimpanzee 3,912023 0,001210
chin 0,478036 0,000148
choose 0,083382 0,000026
choosing 0,867501 0,000268
chopped 1,714798 0,000530
chore 3,506558 0,001084
chose 0,301105 0,000093
chosen 0,186330 0,000058
circle 0,223144 0,000069
circles 0,733969 0,000227
circling 1,203973 0,000372
cistern 1,771957 0,000548
city 0,051293 0,000016
claim 0,116534 0,000036
clanged 2,659260 0,000822
clapped 1,049822 0,000325
clean 0,248461 0,000077
cleansing 1,832581 0,000567
clemency 1,832581 0,000567
clenched 1,049822 0,000325
cleric 3,912023 0,001210
climbing 0,733969 0,000227
cling 0,994252 0,000307
cloak 0,562119 0,000174
close 0,051293 0,000016
closed 0,116534 0,000036
closely 0,223144 0,000069
closer 0,385662 0,000119
clothes 0,127833 0,000040
cloud 0,301105 0,000093
clouds 0,342490 0,000106
coconut 3,218876 0,000995
codes 0,510826 0,000158
coincidence 1,171183 0,000362
coincidental 3,506558 0,001084
coins 1,078810 0,000334
cold 0,040822 0,000013
collapsed 1,514128 0,000468
collect 0,673345 0,000208
collected 0,415515 0,000128
collection 0,174353 0,000054
colour 0,527633 0,000163
coloured 0,693147 0,000214
colourful 3,912023 0,001210
colours 0,713350 0,000221
comb 1,139434 0,000352
combed 1,771957 0,000548
comedy 0,941609 0,000291
comfort 0,150823 0,000047
comforting 1,139434 0,000352
command 0,162519 0,000050
commanded 0,462035 0,000143
commands 0,616186 0,000191
commemorate 2,525729 0,000781
commercial 0,274437 0,000085
commit 0,527633 0,000163
committed 0,150823 0,000047
committing 1,078810 0,000334
common 0,072571 0,000022
community 0,616186 0,000191
companion 0,248461 0,000077
companionship 0,967584 0,000299
company 0,020203 0,000006
compare 0,510826 0,000158
compared 0,274437 0,000085
comparing 0,867501 0,000268
compilation 0,494296 0,000153
complain 0,446287 0,000138
complaining 0,891598 0,000276
complete 0,150823 0,000047
completely 0,274437 0,000085
completeness 1,966113 0,000608
completion 1,386294 0,000429
compliance 0,342490 0,000106
comply 0,342490 0,000106
complying 0,446287 0,000138
comprehend 0,616186 0,000191
comprehensible 1,832581 0,000567
compressed 0,342490 0,000106
conceal 0,301105 0,000093
concealed 0,415515 0,000128
conceited 1,139434 0,000352
concentrated 0,867501 0,000268
concentration 1,771957 0,000548
concept 0,544727 0,000168
conceptions 1,514128 0,000468
concern 0,430783 0,000133
concerned 0,287682 0,000089
conclusion 0,235722 0,000073
conclusions 0,916291 0,000283
conducted 0,415515 0,000128
conducting 1,108663 0,000343
conducts 1,897120 0,000587
confess 0,198451 0,000061
confessed 0,579818 0,000179
confessing 1,609438 0,000498
confession 0,579818 0,000179
confirmation 0,356675 0,000110
confirmed 0,174353 0,000054
conflict 0,693147 0,000214
confused 0,248461 0,000077
connected 0,415515 0,000128
conscious 0,314711 0,000097
consciousness 0,371064 0,000115
consent 0,328504 0,000102
consented 0,562119 0,000174
consequential 0,478036 0,000148
considerable 0,105361 0,000033
consisted 0,562119 0,000174
constant 0,051293 0,000016
constantly 0,371064 0,000115
contact 0,210721 0,000065
contemplation 0,527633 0,000163
contempt 0,446287 0,000138
content 0,186330 0,000058
contently 3,912023 0,001210
contents 0,094311 0,000029
continue 0,261365 0,000081
continued 0,072571 0,000022
continuing 0,755023 0,000233
contract 0,261365 0,000081
contracted 0,755023 0,000233
contracts 1,660731 0,000514
contradiction 0,967584 0,000299
contributions 0,430783 0,000133
control 0,314711 0,000097
controlled 1,171183 0,000362
conversation 0,186330 0,000058
convert 0,385662 0,000119
convey 0,544727 0,000168
conveyed 0,634878 0,000196
convince 0,634878 0,000196
cooked 0,916291 0,000283
cooled 1,560648 0,000483
copper 0,798508 0,000247
copying 0,494296 0,000153
copyright 0,415515 0,000128
core 1,386294 0,000429
corners 0,430783 0,000133
cornucopia 3,912023 0,001210
coronation 2,302585 0,000712
corporation 0,462035 0,000143
corpses 1,427116 0,000441
correctly 0,843970 0,000261
corrupt 0,274437 0,000085
cost 0,105361 0,000033
costs 0,287682 0,000089
cottages 1,560648 0,000483
couch 0,733969 0,000227
coulter 3,218876 0,000995
counted 0,527633 0,000163
counterpart 1,714798 0,000530
countries 0,235722 0,000073
country 0,010050 0,000003
courage 0,150823 0,000047
court 0,127833 0,000040
courtesan 2,659260 0,000822
courtesans 2,813411 0,000870
courtesy 0,713350 0,000221
cousin 0,755023 0,000233
covered 0,139262 0,000043
covetousness 1,771957 0,000548
cowered 2,302585 0,000712
cracked 0,843970 0,000261
craft 0,755023 0,000233
crafts 2,659260 0,000822
cramps 2,407946 0,000745
created 0,116534 0,000036
creating 0,342490 0,000106
creation 0,235722 0,000073
creations 1,660731 0,000514
creature 0,174353 0,000054
creatures 0,235722 0,000073
credit 0,094311 0,000029
crescent 1,771957 0,000548
criminal 0,693147 0,000214
critical 0,235722 0,000073
croak 2,302585 0,000712
crocodiles 2,659260 0,000822
crossed 0,301105 0,000093
crouched 1,203973 0,000372
crowd 0,198451 0,000061
crude 1,386294 0,000429
cruise 1,966113 0,000608
crystal 1,049822 0,000325
cult 2,995732 0,000926
curiosity 0,223144 0,000069
curious 0,261365 0,000081
curiously 0,776529 0,000240
current 0,127833 0,000040
custom 0,210721 0,000065
customers 1,386294 0,000429
cut 0,040822 0,000013
cycle 1,966113 0,000608
daemons 3,218876 0,000995
daily 0,248461 0,000077
damage 0,261365 0,000081
damaged 0,356675 0,000110
damages 0,400478 0,000124
damp 0,415515 0,000128
dance 0,356675 0,000110
dancing 0,371064 0,000115
danger 0,116534 0,000036
dangerous 0,150823 0,000047
dangling 1,139434 0,000352
dark 0,051293 0,000016
darkness 0,186330 0,000058
data 0,494296 0,000153
daughter 0,261365 0,000081
daughters 0,510826 0,000158
day 0,000000 0,000000
daybreak 1,203973 0,000372
days 0,020203 0,000006
daytime 1,560648 0,000483
daze 2,995732 0,000926
dead 0,072571 0,000022
deadly 0,478036 0,000148
deaf 0,634878 0,000196
deal 0,105361 0,000033
dealer 1,347074 0,000417
deals 1,272966 0,000394
death 0,020203 0,000006
deaths 1,139434 0,000352
debate 1,347074 0,000417
debtor 1,897120 0,000587
debtors 2,120264 0,000656
decayed 1,203973 0,000372
deceitful 1,347074 0,000417
deceive 0,527633 0,000163
december 0,562119 0,000174
decency 1,171183 0,000362
decent 0,693147 0,000214
deception 0,994252 0,000307
deceptions 2,302585 0,000712
deceptive 2,040221 0,000631
deceptively 3,218876 0,000995
decide 0,274437 0,000085
decided 0,186330 0,000058
decision 0,579818 0,000179
dedicated 1,108663 0,000343
deductible 0,562119 0,000174
deed 0,478036 0,000148
deep 0,051293 0,000016
deepest 0,673345 0,000208
deeply 0,261365 0,000081
defamation 3,912023 0,001210
defeated 1,021651 0,000316
defect 0,328504 0,000102
defective 0,356675 0,000110
defects 0,301105 0,000093
degree 0,198451 0,000061
deletions 0,562119 0,000174
delicacy 0,713350 0,000221
delicate 0,301105 0,000093
delicious 0,713350 0,000221
delight 0,162519 0,000050
delighted 0,287682 0,000089
delightedly 2,407946 0,000745
delights 0,820981 0,000254
delude 2,040221 0,000631
delusion 1,078810 0,000334
demand 0,127833 0,000040
demanded 0,400478 0,000124
demonstrate 1,469676 0,000454
demonstrated 1,237874 0,000383
demonstrating 2,659260 0,000822
denial 0,798508 0,000247
denser 2,120264 0,000656
deny 0,301105 0,000093
depart 0,400478 0,000124
dependencies 2,995732 0,000926
depending 1,309333 0,000405
depends 0,198451 0,000061
depicted 1,427116 0,000441
depraved 1,560648 0,000483
deprivations 3,218876 0,000995
deprived 0,579818 0,000179
depth 0,494296 0,000153
depths 0,446287 0,000138
derivative 0,510826 0,000158
derive 0,342490 0,000106
derived 0,248461 0,000077
desire 0,072571 0,000022
desired 0,150823 0,000047
desires 0,478036 0,000148
desiring 0,916291 0,000283
desolate 0,820981 0,000254
despair 0,198451 0,000061
desperate 0,328504 0,000102
desperation 0,867501 0,000268
despicable 1,469676 0,000454
despise 0,693147 0,000214
despised 0,562119 0,000174
destination 1,078810 0,000334
destined 0,494296 0,000153
destiny 0,634878 0,000196
destitute 0,916291 0,000283
destroy 0,127833 0,000040
destroyed 0,274437 0,000085
destroying 0,776529 0,000240
destructive 1,049822 0,000325
detach 0,446287 0,000138
determine 0,210721 0,000065
determining 1,237874 0,000383
detour 2,207275 0,000683
detours 3,506558 0,001084
develop 1,237874 0,000383
developed 0,544727 0,000168
developing 1,386294 0,000429
devil 0,356675 0,000110
devious 2,302585 0,000712
devote 0,755023 0,000233
devoted 0,301105 0,000093
devotion 0,510826 0,000158
devour 0,994252 0,000307
devoured 0,891598 0,000276
devout 1,203973 0,000372
dew 0,867501 0,000268
dice 1,514128 0,000468
die 0,105361 0,000033
died 0,061875 0,000019
differentiate 2,995732 0,000926
differentiation 2,995732 0,000926
difficult 0,116534 0,000036
difficulties 0,385662 0,000119
dim 0,415515 0,000128
dinner 0,198451 0,000061
direct 0,083382 0,000026
directed 0,287682 0,000089
direction 0,083382 0,000026
directions 0,314711 0,000097
disappearance 1,272966 0,000394
disappeared 0,356675 0,000110
disappointed 0,415515 0,000128
disappointment 0,462035 0,000143
disappointments 1,609438 0,000498
disbelievers 3,506558 0,001084
discard 2,407946 0,000745
disciples 1,427116 0,000441
disclaim 0,510826 0,000158
disclaimer 0,562119 0,000174
disclaimers 0,562119 0,000174
discontent 1,021651 0,000316
discontinue 0,544727 0,000168
discover 0,083382 0,000026
discovered 0,051293 0,000016
discuss 0,673345 0,000208
discussing 0,916291 0,000283
discussions 1,309333 0,000405
disdain 0,867501 0,000268
disdainfully 1,897120 0,000587
disease 0,371064 0,000115
disembarking 2,995732 0,000926
disgust 0,446287 0,000138
disgusted 0,820981 0,000254
dish 0,755023 0,000233
disk 0,446287 0,000138
dismembered 2,302585 0,000712
disobedience 1,560648 0,000483
disobedient 1,966113 0,000608
dispersed 0,867501 0,000268
display 0,261365 0,000081
displayed 0,198451 0,000061
displaying 0,342490 0,000106
displease 1,309333 0,000405
displeasure 0,941609 0,000291
disposition 0,400478 0,000124
dispute 0,562119 0,000174
disputes 1,078810 0,000334
disregard 1,021651 0,000316
dissect 2,040221 0,000631
dissolved 1,049822 0,000325
distant 0,162519 0,000050
distinction 0,446287 0,000138
distinguished 0,301105 0,000093
distorted 1,049822 0,000325
distress 0,274437 0,000085
distribute 0,400478 0,000124
distributed 0,248461 0,000077
distributing 0,446287 0,000138
distribution 0,430783 0,000133
distributor 0,562119 0,000174
distrust 0,891598 0,000276
distrustful 2,120264 0,000656
diversity 1,609438 0,000498
divide 0,616186 0,000191
divine 0,430783 0,000133
diving 1,660731 0,000514
divinity 0,941609 0,000291
doctrines 1,203973 0,000372
dog 0,261365 0,000081
domain 0,328504 0,000102
donate 0,562119 0,000174
donation 0,494296 0,000153
donations 0,494296 0,000153
donors 0,527633 0,000163
doomed 0,941609 0,000291
door 0,040822 0,000013
doors 0,105361 0,000033
dormant 2,040221 0,000631
doubt 0,040822 0,000013
doubted 0,478036 0,000148
downhill 2,120264 0,000656
downloading 0,562119 0,000174
dragged 0,462035 0,000143
drank 0,371064 0,000115
draw 0,105361 0,000033
drawing 0,139262 0,000043
drawn 0,094311 0,000029
dream 0,198451 0,000061
dreamed 0,562119 0,000174
dreaming 0,562119 0,000174
dreams 0,274437 0,000085
dreamt 1,427116 0,000441
dreariness 2,813411 0,000870
dreary 0,713350 0,000221
dress 0,186330 0,000058
dressed 0,261365 0,000081
drifted 1,108663 0,000343
drink 0,150823 0,000047
drinker 2,407946 0,000745
drinking 0,371064 0,000115
dripped 2,302585 0,000712
dripping 0,891598 0,000276
driven 0,127833 0,000040
driver 0,867501 0,000268
drop 0,150823 0,000047
droves 2,120264 0,000656
drown 0,820981 0,000254
drowned 0,616186 0,000191
drunk 0,415515 0,000128
drunkard 1,237874 0,000383
dry 0,127833 0,000040
dryness 1,966113 0,000608
dull 0,174353 0,000054
dust 0,174353 0,000054
dusty 0,967584 0,000299
duties 0,356675 0,000110
duty 0,083382 0,000026
dwell 0,478036 0,000148
dwelling 0,494296 0,000153
dwells 1,469676 0,000454
dwelt 0,713350 0,000221
dying 0,261365 0,000081
eager 0,210721 0,000065
eagerly 0,385662 0,000119
eagerness 0,544727 0,000168
ear 0,139262 0,000043
earn 0,891598 0,000276
earned 0,693147 0,000214
ears 0,105361 0,000033
earth 0,051293 0,000016
earthly 0,673345 0,000208
easily 0,072571 0,000022
easy 0,040822 0,000013
eat 0,083382 0,000026
eaten 0,446287 0,000138
eaters 2,040221 0,000631
eccentric 0,916291 0,000283
ecstasy 0,867501 0,000268
ecstatic 1,347074 0,000417
eddies 1,714798 0,000530
edges 0,867501 0,000268
edition 0,287682 0,000089
editions 0,385662 0,000119
educated 0,616186 0,000191
educational 0,446287 0,000138
effort 0,094311 0,000029
efforts 0,139262 0,000043
eightfold 3,912023 0,001210
elect 0,328504 0,000102
electronic 0,544727 0,000168
electronically 0,544727 0,000168
elegant 0,634878 0,000196
elements 0,673345 0,000208
elephants 1,514128 0,000468
elevated 0,891598 0,000276
elevation 0,843970 0,000261
email 0,562119 0,000174
embarrassed 0,916291 0,000283
embarrassing 1,514128 0,000468
embarrassment 1,049822 0,000325
embraced 0,562119 0,000174
emerged 0,967584 0,000299
emergency 1,272966 0,000394
emit 2,407946 0,000745
employee 0,527633 0,000163
employees 0,544727 0,000168
emptiness 1,609438 0,000498
enchanted 1,078810 0,000334
enchantment 1,272966 0,000394
encircled 1,427116 0,000441
encoding 0,653926 0,000202
encompassed 1,714798 0,000530
encountered 0,798508 0,000247
endure 0,342490 0,000106
endured 0,673345 0,000208
enemies 0,314711 0,000097
enemy 0,174353 0,000054
english 0,094311 0,000029
enjoy 0,150823 0,000047
enjoyable 1,966113 0,000608
enjoyed 0,415515 0,000128
enjoying 0,579818 0,000179
enlarged 1,049822 0,000325
enlightened 0,820981 0,000254
enlightenment 1,714798 0,000530
enriched 1,469676 0,000454
ensuring 0,544727 0,000168
entangled 1,237874 0,000383
enter 0,094311 0,000029
entered 0,051293 0,000016
entering 0,356675 0,000110
entice 2,120264 0,000656
enticed 1,714798 0,000530
entire 0,274437 0,000085
entities 3,218876 0,000995
entity 0,544727 0,000168
entrance 0,210721 0,000065
entrust 2,040221 0,000631
envied 1,021651 0,000316
envy 0,527633 0,000163
envying 1,897120 0,000587
equal 0,174353 0,000054
equanimity 1,660731 0,000514
equipment 0,430783 0,000133
era 1,560648 0,000483
ere 0,634878 0,000196
err 1,108663 0,000343
error 0,371064 0,000115
errors 0,248461 0,000077
escape 0,094311 0,000029
escaped 0,235722 0,000073
escapes 1,609438 0,000498
escaping 0,776529 0,000240
essence 0,693147 0,000214
essential 0,597837 0,000185
etched 3,218876 0,000995
eternal 0,415515 0,000128
eternally 1,347074 0,000417
eternity 0,693147 0,000214
evening 0,083382 0,000026
event 0,342490 0,000106
events 0,223144 0,000069
eventually 1,171183 0,000362
evil 0,162519 0,000050
exalted 0,673345 0,000208
excellent 0,150823 0,000047
excess 0,653926 0,000202
exchanged 0,579818 0,000179
excited 0,248461 0,000077
exclaimed 0,494296 0,000153
exclusion 0,371064 0,000115
executioner 1,560648 0,000483
exempt 0,371064 0,000115
exercise 0,287682 0,000089
exercises 0,891598 0,000276
exhaled 2,040221 0,000631
exhaling 2,813411 0,000870
exhausted 0,400478 0,000124
exhausting 1,609438 0,000498
existed 0,510826 0,000158
existence 0,162519 0,000050
existing 0,891598 0,000276
exists 0,235722 0,000073
expect 0,186330 0,000058
expectation 0,462035 0,000143
expected 0,105361 0,000033
expecting 0,510826 0,000158
expend 0,462035 0,000143
expense 0,150823 0,000047
expenses 0,210721 0,000065
experience 0,083382 0,000026
experienced 0,356675 0,000110
expertise 3,506558 0,001084
explain 0,186330 0,000058
explanation 0,139262 0,000043
exporting 0,510826 0,000158
exposed 0,301105 0,000093
express 0,127833 0,000040
expressed 0,274437 0,000085
expresses 1,139434 0,000352
expressing 0,713350 0,000221
extent 0,083382 0,000026
external 0,562119 0,000174
extreme 0,235722 0,000073
extremely 0,385662 0,000119
exuberant 1,966113 0,000608
eye 0,030459 0,000009
eyebrows 0,798508 0,000247
eyelids 0,916291 0,000283
eyes 0,010050 0,000003
facility 0,356675 0,000110
factor 1,469676 0,000454
fades 2,040221 0,000631
fading 0,967584 0,000299
failed 0,198451 0,000061
failing 0,562119 0,000174
failure 0,446287 0,000138
fair 0,051293 0,000016
faith 0,210721 0,000065
faithful 0,261365 0,000081
faithfulness 2,040221 0,000631
falcon 1,966113 0,000608
fall 0,020203 0,000006
fallen 0,083382 0,000026
falling 0,083382 0,000026
falls 0,328504 0,000102
false 0,210721 0,000065
familiarity 0,891598 0,000276
family 0,072571 0,000022
famous 0,261365 0,000081
fan 0,916291 0,000283
fare 0,733969 0,000227
farewell 0,673345 0,000208
farmer 0,867501 0,000268
farmers 0,994252 0,000307
fast 0,061875 0,000019
fasted 2,040221 0,000631
fastest 2,040221 0,000631
fasting 1,078810 0,000334
fasts 2,040221 0,000631
fate 0,174353 0,000054
fateful 1,832581 0,000567
father 0,072571 0,000022
fathers 0,478036 0,000148
fattened 2,120264 0,000656
fault 0,162519 0,000050
favourite 0,653926 0,000202
fear 0,020203 0,000006
feared 0,235722 0,000073
fearful 0,400478 0,000124
fearfulness 2,525729 0,000781
fears 0,274437 0,000085
feathers 0,673345 0,000208
feats 1,272966 0,000394
features 0,328504 0,000102
february 0,820981 0,000254
fed 0,371064 0,000115
federal 0,527633 0,000163
fee 0,342490 0,000106
feed 0,462035 0,000143
feel 0,020203 0,000006
feeling 0,105361 0,000033
feels 0,446287 0,000138
fees 0,415515 0,000128
feet 0,061875 0,000019
fell 0,051293 0,000016
fellow 0,051293 0,000016
female 0,385662 0,000119
fenced 1,609438 0,000498
fermented 2,407946 0,000745
ferried 2,995732 0,000926
ferry 1,514128 0,000468
ferryman 2,995732 0,000926
ferrymen 3,506558 0,001084
fervour 1,609438 0,000498
festering 2,302585 0,000712
feverish 0,843970 0,000261
field 0,150823 0,000047
fields 0,287682 0,000089
fiery 0,713350 0,000221
fig 1,347074 0,000417
fight 0,162519 0,000050
fighting 0,342490 0,000106
figures 0,248461 0,000077
file 0,235722 0,000073
files 0,478036 0,000148
filth 1,139434 0,000352
final 0,342490 0,000106
finally 0,150823 0,000047
financial 0,415515 0,000128
finding 1,309333 0,000405
fine 0,072571 0,000022
finer 1,021651 0,000316
finger 0,261365 0,000081
fingers 0,235722 0,000073
finished 0,162519 0,000050
firm 0,274437 0,000085
firmly 0,342490 0,000106
fish 0,314711 0,000097
fisher 1,897120 0,000587
fishes 0,967584 0,000299
fists 1,108663 0,000343
fitness 0,446287 0,000138
flabby 2,040221 0,000631
flame 0,400478 0,000124
flared 1,832581 0,000567
flash 0,510826 0,000158
fled 0,371064 0,000115
flee 1,171183 0,000362
fleeing 1,660731 0,000514
fleeting 1,171183 0,000362
flesh 0,210721 0,000065
flew 0,314711 0,000097
flexible 1,714798 0,000530
flickered 1,609438 0,000498
floated 0,798508 0,000247
floating 0,597837 0,000185
flock 0,653926 0,000202
flocked 1,469676 0,000454
flocking 1,966113 0,000608
flourished 1,049822 0,000325
flourishing 1,021651 0,000316
flow 0,462035 0,000143
flowed 0,776529 0,000240
flower 0,342490 0,000106
flowers 0,274437 0,000085
flowing 0,527633 0,000163
flown 1,237874 0,000383
fly 0,210721 0,000065
flying 0,235722 0,000073
foamed 2,407946 0,000745
foaming 1,386294 0,000429
focused 2,659260 0,000822
folded 0,544727 0,000168
follow 0,020203 0,000006
follower 1,660731 0,000514
followers 0,755023 0,000233
food 0,127833 0,000040
fool 0,314711 0,000097
foolish 0,235722 0,000073
foolishly 1,139434 0,000352
foolishness 1,514128 0,000468
fools 0,616186 0,000191
foot 0,083382 0,000026
forbade 1,078810 0,000334
force 0,061875 0,000019
forced 0,139262 0,000043
forcefully 2,995732 0,000926
forces 0,462035 0,000143
forehead 0,430783 0,000133
foreign 0,301105 0,000093
forest 0,430783 0,000133
forests 0,891598 0,000276
forget 0,072571 0,000022
forgetfulness 0,916291 0,000283
forgive 0,356675 0,000110
forgiveness 0,916291 0,000283
forgotten 0,162519 0,000050
forlorn 1,078810 0,000334
form 0,040822 0,000013
format 0,562119 0,000174
formats 0,562119 0,000174
forms 0,248461 0,000077
fornicator 3,912023 0,001210
forsaken 1,171183 0,000362
fortunate 0,415515 0,000128
fortune 0,186330 0,000058
fortunes 0,616186 0,000191
fought 0,371064 0,000115
foundation 0,174353 0,000054
fragrance 1,171183 0,000362
fragrant 1,108663 0,000343
freely 0,105361 0,000033
freezing 1,347074 0,000417
frenzied 1,660731 0,000514
fresh 0,105361 0,000033
freshly 1,347074 0,000417
friend 0,040822 0,000013
friendliness 1,560648 0,000483
friendly 0,261365 0,000081
friends 0,020203 0,000006
friendship 0,287682 0,000089
frightened 0,301105 0,000093
frightening 1,514128 0,000468
fro 0,494296 0,000153
frost 0,755023 0,000233
fruit 0,274437 0,000085
fruits 0,446287 0,000138
fuming 2,407946 0,000745
funeral 0,634878 0,000196
futile 1,469676 0,000454
future 0,105361 0,000033
gaga 3,912023 0,001210
gambled 2,302585 0,000712
gambler 1,966113 0,000608
gamblers 2,407946 0,000745
gambling 1,609438 0,000498
game 0,248461 0,000077
games 0,693147 0,000214
gap 0,994252 0,000307
gaps 1,560648 0,000483
garden 0,198451 0,000061
gardens 0,510826 0,000158
garment 0,755023 0,000233
garments 0,597837 0,000185
gate 0,287682 0,000089
gather 0,328504 0,000102
gathered 0,150823 0,000047
gathering 0,430783 0,000133
gaze 0,544727 0,000168
gazed 0,597837 0,000185
generated 1,660731 0,000514
generations 0,198451 0,000061
gentleman 0,301105 0,000093
gesture 0,634878 0,000196
gestures 0,891598 0,000276
gift 0,261365 0,000081
gifted 1,049822 0,000325
gifts 0,527633 0,000163
girl 0,235722 0,000073
girls 0,400478 0,000124
glad 0,072571 0,000022
glance 0,248461 0,000077
glances 0,798508 0,000247
glass 0,186330 0,000058
glistened 1,386294 0,000429
glistening 1,237874 0,000383
gloomy 0,478036 0,000148
glorious 0,462035 0,000143
glory 0,342490 0,000106
glow 0,527633 0,000163
glowing 0,510826 0,000158
gnaw 2,120264 0,000656
goal 0,867501 0,000268
goals 0,544727 0,000168
goat 1,021651 0,000316
god 0,094311 0,000029
godly 2,207275 0,000683
gods 0,653926 0,000202
gold 0,083382 0,000026
golden 0,342490 0,000106
govern 0,342490 0,000106
grab 1,832581 0,000567
grabbed 2,120264 0,000656
grace 0,235722 0,000073
grant 0,371064 0,000115
granted 0,150823 0,000047
grasp 0,385662 0,000119
grasped 0,755023 0,000233
grass 0,314711 0,000097
grateful 0,446287 0,000138
gratefully 0,415515 0,000128
gray 0,733969 0,000227
greatness 0,693147 0,000214
greed 1,609438 0,000498
greedily 1,078810 0,000334
greedy 1,021651 0,000316
green 0,105361 0,000033
greeted 1,049822 0,000325
greeting 0,798508 0,000247
grew 0,139262 0,000043
grief 0,356675 0,000110
grooves 2,407946 0,000745
gross 0,235722 0,000073
ground 0,030459 0,000009
grove 0,994252 0,000307
grow 0,139262 0,000043
growing 0,174353 0,000054
grown 0,116534 0,000036
guard 0,174353 0,000054
guest 0,527633 0,000163
guests 0,446287 0,000138
guided 0,462035 0,000143
guilt 0,544727 0,000168
gullibly 3,912023 0,001210
gunther 3,912023 0,001210
habit 0,223144 0,000069
habits 0,356675 0,000110
hair 0,094311 0,000029
hairs 0,916291 0,000283
halted 0,843970 0,000261
hand 0,010050 0,000003
handed 0,274437 0,000085
handle 0,415515 0,000128
hands 0,020203 0,000006
handsome 0,328504 0,000102
hang 0,400478 0,000124
hanging 0,261365 0,000081
happen 0,150823 0,000047
happened 0,094311 0,000029
happening 0,634878 0,000196
happier 0,544727 0,000168
happily 0,478036 0,000148
happiness 0,150823 0,000047
happy 0,072571 0,000022
hard 0,040822 0,000013
harder 0,597837 0,000185
hardness 1,203973 0,000372
harm 0,210721 0,000065
harmed 1,897120 0,000587
harming 2,207275 0,000683
harmless 0,248461 0,000077
harmony 0,579818 0,000179
harsh 0,510826 0,000158
hart 0,462035 0,000143
harvest 0,755023 0,000233
hastiness 2,813411 0,000870
hasty 0,510826 0,000158
hate 0,274437 0,000085
hated 0,356675 0,000110
hating 1,469676 0,000454
hatred 0,494296 0,000153
head 0,000000 0,000000
headed 0,510826 0,000158
heading 1,203973 0,000372
heads 0,094311 0,000029
heal 1,309333 0,000405
healed 1,108663 0,000343
healing 1,347074 0,000417
health 0,198451 0,000061
healthy 0,356675 0,000110
hear 0,010050 0,000003
heard 0,020203 0,000006
hearing 0,139262 0,000043
heart 0,010050 0,000003
hearts 0,261365 0,000081
heat 0,274437 0,000085
heating 2,207275 0,000683
heavenly 0,843970 0,000261
heavier 0,776529 0,000240
heavy 0,030459 0,000009
hedge 0,994252 0,000307
heed 0,693147 0,000214
height 0,261365 0,000081
held 0,040822 0,000013
helper 1,832581 0,000567
herbs 1,108663 0,000343
herd 0,713350 0,000221
herman 2,995732 0,000926
hermit 1,514128 0,000468
heron 2,040221 0,000631
hesitantly 3,218876 0,000995
hesitate 0,616186 0,000191
hesitated 0,653926 0,000202
hesitation 0,616186 0,000191
hidden 0,248461 0,000077
hide 0,287682 0,000089
highly 0,261365 0,000081
highway 1,108663 0,000343
hill 0,248461 0,000077
hint 0,462035 0,000143
hips 1,714798 0,000530
hit 0,356675 0,000110
hold 0,020203 0,000006
holder 0,446287 0,000138
holding 0,174353 0,000054
holiness 1,347074 0,000417
holy 0,385662 0,000119
honest 0,235722 0,000073
honestly 0,843970 0,000261
honey 0,755023 0,000233
honourable 0,941609 0,000291
honoured 0,916291 0,000283
honours 1,108663 0,000343
hope 0,010050 0,000003
hoped 0,210721 0,000065
hopeless 0,510826 0,000158
hopelessness 1,832581 0,000567
hopes 0,210721 0,000065
hornbill 3,912023 0,001210
horror 0,248461 0,000077
hospitality 0,713350 0,000221
host 0,478036 0,000148
hostile 0,776529 0,000240
hot 0,116534 0,000036
hour 0,083382 0,000026
hours 0,094311 0,000029
house 0,020203 0,000006
houses 0,139262 0,000043
hovered 1,203973 0,000372
hug 1,427116 0,000441
huge 0,400478 0,000124
hull 1,514128 0,000468
human 0,083382 0,000026
humans 2,207275 0,000683
humblest 2,120264 0,000656
humidity 3,912023 0,001210
humiliate 2,207275 0,000683
humorous 1,427116 0,000441
humour 0,733969 0,000227
hung 0,174353 0,000054
hunger 0,478036 0,000148
hungrily 2,302585 0,000712
hunter 0,820981 0,000254
hunting 0,462035 0,000143
hurriedly 0,891598 0,000276
hurry 0,328504 0,000102
hurrying 0,673345 0,000208
hurt 0,198451 0,000061
hut 0,916291 0,000283
hyaenas 3,912023 0,001210
ice 0,527633 0,000163
idea 0,105361 0,000033
identification 0,527633 0,000163
identify 0,415515 0,000128
ignorant 0,301105 0,000093
illusion 1,049822 0,000325
illusions 1,660731 0,000514
image 0,371064 0,000115
images 0,867501 0,000268
imagine 0,139262 0,000043
imagined 0,287682 0,000089
imagining 0,941609 0,000291
imitate 0,891598 0,000276
imitation 0,693147 0,000214
immaterial 1,966113 0,000608
immense 0,314711 0,000097
immensely 1,171183 0,000362
impatience 0,634878 0,000196
impatient 0,371064 0,000115
impatiently 0,634878 0,000196
impending 1,171183 0,000362
impenetrable 1,049822 0,000325
imperceptibly 1,469676 0,000454
imperfect 0,673345 0,000208
impetuously 2,040221 0,000631
implied 0,371064 0,000115
imposed 0,210721 0,000065
impossible 0,094311 0,000029
inaccurate 0,510826 0,000158
incarnation 1,771957 0,000548
incessant 0,941609 0,000291
incessantly 0,916291 0,000283
incidental 0,446287 0,000138
include 0,274437 0,000085
included 0,162519 0,000050
includes 0,462035 0,000143
including 0,139262 0,000043
incomplete 0,301105 0,000093
increase 0,287682 0,000089
increased 0,248461 0,000077
increasing 0,127833 0,000040
indemnify 0,527633 0,000163
indemnity 0,527633 0,000163
indestructibility 3,506558 0,001084
indestructible 2,207275 0,000683
india 0,843970 0,000261
indian 0,597837 0,000185
indignant 0,820981 0,000254
indignantly 1,203973 0,000372
indignation 0,510826 0,000158
indirect 0,446287 0,000138
indirectly 0,371064 0,000115
indispensable 0,843970 0,000261
individual 0,150823 0,000047
individuality 1,609438 0,000498
indulgence 0,798508 0,000247
inescapable 3,912023 0,001210
inevitable 0,544727 0,000168
infants 1,171183 0,000362
infected 1,347074 0,000417
inferior 0,597837 0,000185
infinitely 0,673345 0,000208
inform 0,510826 0,000158
informed 0,371064 0,000115
infringement 0,544727 0,000168
infused 1,714798 0,000530
inhale 1,897120 0,000587
inhaled 2,302585 0,000712
inhaling 2,120264 0,000656
initiate 2,407946 0,000745
injury 0,446287 0,000138
injustice 0,673345 0,000208
inn 0,713350 0,000221
innermost 1,771957 0,000548
innumerable 0,634878 0,000196
insatiably 2,813411 0,000870
inscription 1,272966 0,000394
inscrutable 1,514128 0,000468
insensitivity 3,912023 0,001210
insight 1,171183 0,000362
insights 2,995732 0,000926
insist 0,462035 0,000143
instance 0,150823 0,000047
instantly 0,356675 0,000110
instruct 1,078810 0,000334
instructed 0,713350 0,000221
instructions 0,579818 0,000179
insult 0,673345 0,000208
insulted 1,078810 0,000334
insulting 1,203973 0,000372
intellectual 0,235722 0,000073
intelligent 0,342490 0,000106
intend 0,494296 0,000153
intended 0,174353 0,000054
intent 0,527633 0,000163
intention 0,186330 0,000058
interior 0,673345 0,000208
internal 0,261365 0,000081
international 0,494296 0,000153
interpreted 0,274437 0,000085
interrupted 0,301105 0,000093
interrupting 1,203973 0,000372
intertwined 2,659260 0,000822
intimate 0,462035 0,000143
intoxicated 1,427116 0,000441
intoxication 1,309333 0,000405
invaded 1,237874 0,000383
invalidity 0,527633 0,000163
invisibly 2,525729 0,000781
invitation 0,579818 0,000179
invited 0,415515 0,000128
invocation 2,813411 0,000870
involved 0,579818 0,000179
inwardly 0,798508 0,000247
irrefutably 3,506558 0,001084
irreproachable 1,966113 0,000608
irs 0,562119 0,000174
isaac 1,609438 0,000498
isolated 0,994252 0,000307
jackal 2,525729 0,000781
jackals 2,525729 0,000781
jaguar 3,912023 0,001210
japan 1,609438 0,000498
jewelry 2,040221 0,000631
job 0,673345 0,000208
joint 0,673345 0,000208
joke 0,494296 0,000153
jokes 1,078810 0,000334
joking 0,994252 0,000307
jones 1,309333 0,000405
journey 0,198451 0,000061
joy 0,139262 0,000043
joyful 0,798508 0,000247
joys 0,916291 0,000283
judge 0,116534 0,000036
judgement 2,120264 0,000656
juicy 2,040221 0,000631
jumped 0,653926 0,000202
kamala 3,912023 0,001210
keen 0,415515 0,000128
kid 1,469676 0,000454
kidding 3,912023 0,001210
kidnap 2,525729 0,000781
kill 0,127833 0,000040
killed 0,223144 0,000069
killing 0,597837 0,000185
kindled 0,867501 0,000268
kindly 0,223144 0,000069
kindness 0,287682 0,000089
king 0,223144 0,000069
kiss 0,562119 0,000174
kissed 0,462035 0,000143
kisses 1,021651 0,000316
kissing 1,021651 0,000316
kneeling 0,798508 0,000247
knees 0,223144 0,000069
knife 0,356675 0,000110
knock 0,616186 0,000191
knowledge 0,061875 0,000019
knowledgeable 3,218876 0,000995
krishna 3,912023 0,001210
laborious 1,171183 0,000362
lack 0,478036 0,000148
lacked 1,309333 0,000405
lacks 2,302585 0,000712
laden 0,673345 0,000208
lady 0,248461 0,000077
lain 0,843970 0,000261
lake 0,210721 0,000065
lakshmi 3,912023 0,001210
lamentation 1,560648 0,000483
lamented 1,139434 0,000352
lamentingly 3,912023 0,001210
land 0,072571 0,000022
landlord 0,941609 0,000291
lands 0,544727 0,000168
lanes 1,203973 0,000372
language 0,072571 0,000022
lank 1,609438 0,000498
late 0,094311 0,000029
laugh 0,127833 0,000040
laughed 0,248461 0,000077
laughing 0,248461 0,000077
laughs 0,994252 0,000307
laughter 0,274437 0,000085
law 0,030459 0,000009
laws 0,083382 0,000026
lay 0,051293 0,000016
layers 1,966113 0,000608
lazy 0,616186 0,000191
lead 0,083382 0,000026
leading 0,139262 0,000043
leaf 0,462035 0,000143
leaned 0,634878 0,000196
leapt 1,560648 0,000483
learn 0,020203 0,000006
learned 0,105361 0,000033
learning 0,301105 0,000093
leave 0,000000 0,000000
leaves 0,094311 0,000029
leaving 0,083382 0,000026
led 0,040822 0,000013
left 0,000000 0,000000
legal 0,261365 0,000081
legally 0,342490 0,000106
legend 1,049822 0,000325
legs 0,274437 0,000085
lesson 0,400478 0,000124
lessons 0,579818 0,000179
letter 0,116534 0,000036
letters 0,198451 0,000061
level 0,274437 0,000085
liability 0,462035 0,000143
liable 0,235722 0,000073
liberated 1,609438 0,000498
library 0,223144 0,000069
license 0,301105 0,000093
licensed 0,430783 0,000133
lie 0,040822 0,000013
lied 1,171183 0,000362
lies 0,162519 0,000050
lieu 0,415515 0,000128
life -0,009950 -0,000003
lifetime 0,867501 0,000268
lifted 0,274437 0,000085
light 0,010050 0,000003
lighting 0,755023 0,000233
lightning 0,478036 0,000148
likes 1,771957 0,000548
limbs 0,274437 0,000085
limitation 0,478036 0,000148
limited 0,261365 0,000081
linen 0,527633 0,000163
linked 0,385662 0,000119
links 0,415515 0,000128
lips 0,127833 0,000040
listen 0,127833 0,000040
listened 0,274437 0,000085
listener 1,139434 0,000352
listeners 1,609438 0,000498
listening 0,261365 0,000081
listlessness 2,207275 0,000683
lit 0,653926 0,000202
literary 0,287682 0,000089
live 0,010050 0,000003
lived 0,061875 0,000019
lives 0,072571 0,000022
living 0,020203 0,000006
loan 1,560648 0,000483
loaned 3,506558 0,001084
loaning 3,912023 0,001210
located 0,400478 0,000124
locations 0,544727 0,000168
locked 0,430783 0,000133
log 0,941609 0,000291
loincloth 3,506558 0,001084
loneliness 1,347074 0,000417
lonely 0,415515 0,000128
longing 0,653926 0,000202
longingly 2,525729 0,000781
loops 2,302585 0,000712
loose 0,105361 0,000033
lose 0,094311 0,000029
loses 0,916291 0,000283
losing 0,235722 0,000073
loss 0,094311 0,000029
losses 1,386294 0,000429
lost 0,020203 0,000006
lot 0,061875 0,000019
lots 0,733969 0,000227
lotus 1,897120 0,000587
loud 0,174353 0,000054
loudly 0,400478 0,000124
lovable 2,207275 0,000683
love 0,051293 0,000016
loved 0,198451 0,000061
lovely 0,494296 0,000153
lover 0,385662 0,000119
lovers 0,673345 0,000208
loving 0,478036 0,000148
loyalty 1,237874 0,000383
lucky 0,527633 0,000163
lukewarm 2,302585 0,000712
luminous 1,078810 0,000334
lunatic 1,386294 0,000429
lunch 1,108663 0,000343
lured 1,832581 0,000567
lust 0,891598 0,000276
lustful 1,832581 0,000567
lustre 1,171183 0,000362
luxury 0,527633 0,000163
lying 0,061875 0,000019
machine 0,248461 0,000077
magic 0,673345 0,000208
magical 1,660731 0,000514
maid 0,446287 0,000138
maids 0,967584 0,000299
main 0,127833 0,000040
maintaining 0,235722 0,000073
majority 0,597837 0,000185
male 0,597837 0,000185
managed 0,342490 0,000106
manager 0,653926 0,000202
mango 3,506558 0,001084
manifestations 1,714798 0,000530
mankind 0,478036 0,000148
manner 0,040822 0,000013
manners 0,274437 0,000085
mara 3,218876 0,000995
mark 0,127833 0,000040
marked 0,061875 0,000019
marvellous 0,891598 0,000276
mask 0,843970 0,000261
master 0,083382 0,000026
mastered 0,967584 0,000299
masterful 1,966113 0,000608
masters 0,446287 0,000138
mat 1,309333 0,000405
match 0,385662 0,000119
mating 2,995732 0,000926
matter 0,010050 0,000003
matters 0,139262 0,000043
maximum 0,478036 0,000148
maya 3,506558 0,001084
meal 0,301105 0,000093
meals 0,776529 0,000240
meaning 0,210721 0,000065
meaningful 3,218876 0,000995
meaningless 1,966113 0,000608
meaninglessness 3,912023 0,001210
meat 0,356675 0,000110
meditate 1,347074 0,000417
meditation 0,994252 0,000307
meditations 1,347074 0,000417
meditative 1,660731 0,000514
medium 0,223144 0,000069
meet 0,010050 0,000003
melted 0,713350 0,000221
melting 0,941609 0,000291
memory 0,174353 0,000054
mend 0,967584 0,000299
mentioned 0,223144 0,000069
merchandise 1,469676 0,000454
merchant 0,713350 0,000221
merchantability 0,994252 0,000307
merchants 0,798508 0,000247
merciless 1,427116 0,000441
mercilessly 2,302585 0,000712
mere 0,094311 0,000029
merged 1,609438 0,000498
message 0,446287 0,000138
messenger 0,634878 0,000196
met 0,040822 0,000013
method 0,094311 0,000029
methods 0,210721 0,000065
michael 0,400478 0,000124
middle 0,030459 0,000009
midnight 0,328504 0,000102
midst 0,287682 0,000089
mild 0,510826 0,000158
mildness 1,427116 0,000441
milk 0,446287 0,000138
mind 0,020203 0,000006
miracles 1,347074 0,000417
miraculous 1,171183 0,000362
mirror 0,693147 0,000214
miserable 0,210721 0,000065
miserably 1,108663 0,000343
misery 0,301105 0,000093
mission 0,210721 0,000065
mississippi 0,415515 0,000128
mist 0,544727 0,000168
mistaken 0,261365 0,000081
mistakes 0,755023 0,000233
mistress 0,510826 0,000158
moaning 1,272966 0,000394
mock 0,755023 0,000233
mockery 0,941609 0,000291
mocking 0,994252 0,000307
mockingly 1,966113 0,000608
moderate 0,653926 0,000202
modest 0,371064 0,000115
modestly 1,139434 0,000352
modesty 0,733969 0,000227
modification 0,494296 0,000153
modified 0,385662 0,000119
mold 2,407946 0,000745
moment 0,010050 0,000003
moments 0,287682 0,000089
money 0,051293 0,000016
monk 1,514128 0,000468
monks 1,469676 0,000454
month 0,174353 0,000054
months 0,094311 0,000029
moods 1,237874 0,000383
moon 0,287682 0,000089
moonlight 0,673345 0,000208
morning 0,040822 0,000013
mortal 0,400478 0,000124
mother 0,072571 0,000022
mothers 0,733969 0,000227
motion 0,328504 0,000102
motioned 1,139434 0,000352
motionless 0,544727 0,000168
motionlessly 3,506558 0,001084
mountains 0,400478 0,000124
mourners 1,771957 0,000548
mourning 0,693147 0,000214
mouth 0,105361 0,000033
movement 0,328504 0,000102
movements 0,494296 0,000153
moving 1,832581 0,000567
mud 0,478036 0,000148
multitude 0,446287 0,000138
mumbled 1,514128 0,000468
mumbling 1,714798 0,000530
murderer 0,733969 0,000227
murkier 3,506558 0,001084
murky 1,771957 0,000548
murmur 0,494296 0,000153
murmured 0,673345 0,000208
murmuring 0,967584 0,000299
music 0,198451 0,000061
musicians 1,660731 0,000514
mute 0,776529 0,000240
mysterious 0,314711 0,000097
mystery 0,301105 0,000093
myth 1,966113 0,000608
nails 0,616186 0,000191
naive 2,659260 0,000822
naked 0,274437 0,000085
nameless 1,078810 0,000334
nations 0,673345 0,000208
natural 0,094311 0,000029
naughtiness 2,407946 0,000745
neck 0,186330 0,000058
negligence 0,415515 0,000128
nest 0,733969 0,000227
network 0,415515 0,000128
newly 0,494296 0,000153
news 0,210721 0,000065
newsletter 0,562119 0,000174
nice 0,400478 0,000124
nicely 1,021651 0,000316
night 0,010050 0,000003
nights 0,235722 0,000073
nipple 2,813411 0,000870
nirvana 3,912023 0,001210
noble 0,248461 0,000077
nobleman 1,171183 0,000362
noblemen 1,832581 0,000567
nodded 0,634878 0,000196
noise 0,139262 0,000043
nonproprietary 0,562119 0,000174
noon 0,430783 0,000133
north 0,083382 0,000026
nothingness 1,832581 0,000567
notice 0,030459 0,000009
noticeable 1,309333 0,000405
noticed 0,328504 0,000102
notifies 0,527633 0,000163
notions 0,776529 0,000240
novices 2,525729 0,000781
nuisance 1,514128 0,000468
numb 1,771957 0,000548
numbing 2,813411 0,000870
numbness 2,525729 0,000781
numbs 3,912023 0,001210
nurse 0,478036 0,000148
nursing 0,867501 0,000268
nurtured 1,897120 0,000587
oar 1,237874 0,000383
oarsman 3,218876 0,000995
obedience 0,494296 0,000153
obedient 0,544727 0,000168
obey 0,400478 0,000124
obeyed 0,579818 0,000179
object 0,127833 0,000040
objection 0,616186 0,000191
observed 0,162519 0,000050
obsessed 2,659260 0,000822
obsolete 0,446287 0,000138
obstacle 0,891598 0,000276
obstructing 2,302585 0,000712
occasionally 0,371064 0,000115
occupation 0,494296 0,000153
occupations 1,078810 0,000334
occupied 0,235722 0,000073
occupy 0,634878 0,000196
occur 0,150823 0,000047
occurred 0,261365 0,000081
odds 1,108663 0,000343
offer 0,162519 0,000050
offered 0,139262 0,000043
offering 0,400478 0,000124
offerings 1,609438 0,000498
offers 0,198451 0,000061
office 0,072571 0,000022
official 0,235722 0,000073
oil 0,527633 0,000163
oily 1,771957 0,000548
ointments 2,659260 0,000822
omen 1,386294 0,000429
oneness 3,218876 0,000995
oneself 1,386294 0,000429
online 0,510826 0,000158
openly 0,494296 0,000153
openness 2,040221 0,000631
operate 1,309333 0,000405
opinion 0,139262 0,000043
opinions 0,527633 0,000163
opportunities 0,235722 0,000073
opportunity 0,061875 0,000019
oppose 0,733969 0,000227
opposed 0,653926 0,000202
ordinary 0,186330 0,000058
organized 0,356675 0,000110
orgies 1,966113 0,000608
origin 0,544727 0,000168
original 0,105361 0,000033
originally 0,673345 0,000208
originator 0,527633 0,000163
ornamental 1,386294 0,000429
outburst 1,386294 0,000429
outdated 0,562119 0,000174
overcame 0,941609 0,000291
overcome 0,261365 0,000081
overcoming 1,469676 0,000454
overestimated 3,218876 0,000995
overwhelmed 0,891598 0,000276
owed 0,139262 0,000043
owl 1,309333 0,000405
owner 0,116534 0,000036
ox 0,941609 0,000291
pace 0,328504 0,000102
paced 1,171183 0,000362
paces 0,673345 0,000208
paid 0,061875 0,000019
pain 0,174353 0,000054
painful 0,328504 0,000102
painfully 0,916291 0,000283
pains 0,301105 0,000093
painted 0,356675 0,000110
pale 0,198451 0,000061
palm 0,494296 0,000153
pampered 1,897120 0,000587
pangs 1,078810 0,000334
paper 0,083382 0,000026
paperwork 0,562119 0,000174
parable 1,714798 0,000530
parade 1,309333 0,000405
paragraph 0,328504 0,000102
paragraphs 0,494296 0,000153
paralysed 2,120264 0,000656
parched 1,203973 0,000372
pardon 0,301105 0,000093
parents 0,314711 0,000097
partaking 1,832581 0,000567
partially 0,967584 0,000299
participate 1,714798 0,000530
partner 0,673345 0,000208
party 0,061875 0,000019
pass 0,040822 0,000013
passed 0,040822 0,000013
passenger 1,078810 0,000334
passes 0,415515 0,000128
passing 0,094311 0,000029
passion 0,186330 0,000058
passionately 0,941609 0,000291
passions 0,478036 0,000148
path 0,198451 0,000061
paths 0,755023 0,000233
patience 0,139262 0,000043
patient 0,274437 0,000085
patiently 0,733969 0,000227
pause 0,371064 0,000115
pavilion 1,771957 0,000548
pay 0,051293 0,000016
paying 0,116534 0,000036
payment 0,941609 0,000291
payments 0,415515 0,000128
peace 0,094311 0,000029
peaceful 0,478036 0,000148
peacefully 1,108663 0,000343
peacocks 2,207275 0,000683
pearls 1,078810 0,000334
peel 1,966113 0,000608
peels 3,218876 0,000995
pen 0,371064 0,000115
penance 1,514128 0,000468
penetrated 0,843970 0,000261
penetrating 0,967584 0,000299
penitent 1,237874 0,000383
penitents 2,659260 0,000822
people 0,010050 0,000003
perceived 0,400478 0,000124
perfect 0,072571 0,000022
perfected 1,272966 0,000394
perfection 0,478036 0,000148
perfectly 0,162519 0,000050
perform 0,150823 0,000047
performance 0,478036 0,000148
performances 0,314711 0,000097
performed 0,127833 0,000040
performing 0,261365 0,000081
perfume 1,139434 0,000352
perfumed 1,427116 0,000441
periodic 0,544727 0,000168
perish 0,733969 0,000227
perished 0,733969 0,000227
perishing 1,469676 0,000454
permanent 0,223144 0,000069
permission 0,150823 0,000047
permit 0,446287 0,000138
permitted 0,105361 0,000033
person 0,010050 0,000003
persuading 1,049822 0,000325
pestilence 1,469676 0,000454
petitioned 2,302585 0,000712
petrified 1,469676 0,000454
petrifying 2,813411 0,000870
petted 2,207275 0,000683
petty 0,776529 0,000240
phrase 0,174353 0,000054
physical 0,198451 0,000061
physicians 1,272966 0,000394
picked 0,400478 0,000124
picture 0,248461 0,000077
piece 0,072571 0,000022
pieces 0,139262 0,000043
pike 1,514128 0,000468
pile 0,579818 0,000179
piled 0,713350 0,000221
pilgrim 1,309333 0,000405
pilgrimage 1,609438 0,000498
pilgrimages 2,525729 0,000781
pilgrims 1,714798 0,000530
pillows 1,139434 0,000352
pious 0,733969 0,000227
pit 0,733969 0,000227
pitied 0,891598 0,000276
pity 0,150823 0,000047
plague 0,755023 0,000233
plain 0,040822 0,000013
plan 0,261365 0,000081
planning 1,021651 0,000316
plans 0,371064 0,000115
plant 0,579818 0,000179
play 0,072571 0,000022
played 0,198451 0,000061
player 1,139434 0,000352
playing 0,186330 0,000058
plays 0,634878 0,000196
pleasantly 0,820981 0,000254
pleasure 0,051293 0,000016
pleasures 0,653926 0,000202
plentiful 1,049822 0,000325
plucked 0,776529 0,000240
plunge 0,733969 0,000227
plunging 1,049822 0,000325
poem 0,967584 0,000299
poetry 0,693147 0,000214
pointless 2,207275 0,000683
pointlessness 3,506558 0,001084
poison 0,446287 0,000138
poisoned 1,237874 0,000383
polite 0,693147 0,000214
politely 1,078810 0,000334
pondered 1,347074 0,000417
pondering 1,237874 0,000383
ponderingly 3,506558 0,001084
poor 0,030459 0,000009
poorer 1,049822 0,000325
popped 1,714798 0,000530
posed 1,832581 0,000567
position 0,162519 0,000050
positioned 3,218876 0,000995
positioning 3,506558 0,001084
positions 0,941609 0,000291
possess 0,356675 0,000110
possessed 0,094311 0,000029
possession 0,083382 0,000026
possessions 0,776529 0,000240
possibility 0,162519 0,000050
posted 0,301105 0,000093
potion 2,207275 0,000683
potter 1,469676 0,000454
pouch 1,660731 0,000514
pouches 2,407946 0,000745
poultry 1,660731 0,000514
poured 0,385662 0,000119
poverty 0,446287 0,000138
power 0,030459 0,000009
powerful 0,223144 0,000069
practically 0,235722 0,000073
practise 0,967584 0,000299
practised 0,733969 0,000227
practising 1,386294 0,000429
praise 0,371064 0,000115
praised 0,653926 0,000202
prajapati 3,912023 0,001210
prayer 0,478036 0,000148
prayers 0,478036 0,000148
praying 0,798508 0,000247
prays 1,897120 0,000587
precious 0,162519 0,000050
precise 0,776529 0,000240
precisely 0,510826 0,000158
precocious 1,966113 0,000608
predecessor 1,427116 0,000441
prefer 0,385662 0,000119
preferred 0,342490 0,000106
pregnant 1,272966 0,000394
prepare 0,162519 0,000050
prepared 0,105361 0,000033
preserve 0,150823 0,000047
preserved 0,415515 0,000128
presumable 3,218876 0,000995
pretended 0,562119 0,000174
pretty 0,150823 0,000047
prevailing 0,967584 0,000299
prevent 0,083382 0,000026
previous 0,094311 0,000029
price 0,314711 0,000097
pride 0,150823 0,000047
priest 0,634878 0,000196
priests 1,021651 0,000316
prince 0,462035 0,000143
princes 0,843970 0,000261
print 0,261365 0,000081
printed 0,174353 0,000054
prisoner 0,385662 0,000119
pristine 2,659260 0,000822
privileged 1,347074 0,000417
proceed 0,301105 0,000093
process 0,400478 0,000124
processing 0,562119 0,000174
produce 0,127833 0,000040
produced 0,105361 0,000033
production 0,314711 0,000097
professor 0,287682 0,000089
profit 0,248461 0,000077
profitable 0,891598 0,000276
profits 0,314711 0,000097
progress 0,174353 0,000054
progressed 1,966113 0,000608
prohibited 1,514128 0,000468
prohibition 0,430783 0,000133
project -0,009950 -0,000003
prominently 0,494296 0,000153
promises 0,510826 0,000158
promoting 0,430783 0,000133
promotion 0,342490 0,000106
proofread 0,562119 0,000174
propelling 2,659260 0,000822
proper 0,061875 0,000019
properly 0,385662 0,000119
properties 1,203973 0,000372
property 0,127833 0,000040
proprietary 0,562119 0,000174
prosper 1,469676 0,000454
protect 0,186330 0,000058
protected 0,415515 0,000128
protruding 1,560648 0,000483
proudly 0,733969 0,000227
proven 1,966113 0,000608
provide 0,162519 0,000050
providing 0,261365 0,000081
provision 0,248461 0,000077
provisions 0,223144 0,000069
public 0,083382 0,000026
pulled 0,371064 0,000115
pullen 3,912023 0,001210
pulling 0,634878 0,000196
pumpkin 2,525729 0,000781
punish 0,597837 0,000185
punished 0,544727 0,000168
punitive 0,562119 0,000174
pupils 0,891598 0,000276
purchase 0,527633 0,000163
pure 0,150823 0,000047
purer 1,660731 0,000514
purified 1,309333 0,000405
purity 0,776529 0,000240
purpose 0,040822 0,000013
pursued 0,328504 0,000102
pursuer 2,120264 0,000656
pursuing 0,494296 0,000153
pus 3,912023 0,001210
pushed 0,400478 0,000124
putrefaction 2,407946 0,000745
puzzled 0,494296 0,000153
quality 0,274437 0,000085
quenched 1,514128 0,000468
question 0,051293 0,000016
questions 0,127833 0,000040
quick 0,139262 0,000043
quiet 0,116534 0,000036
quietly 0,261365 0,000081
quietness 1,832581 0,000567
quoth 1,966113 0,000608
rabbit 1,171183 0,000362
radiantly 2,813411 0,000870
raft 2,207275 0,000683
rage 0,261365 0,000081
rain 0,223144 0,000069
rainbows 2,120264 0,000656
rainy 0,967584 0,000299
random 0,967584 0,000299
rank 0,287682 0,000089
ranting 3,218876 0,000995
rapids 2,525729 0,000781
rare 0,274437 0,000085
rarely 0,527633 0,000163
rational 0,867501 0,000268
rays 0,776529 0,000240
reach 0,051293 0,000016
reached 0,127833 0,000040
reaches 0,820981 0,000254
reaching 0,083382 0,000026
read 0,020203 0,000006
readable 0,510826 0,000158
readiness 0,634878 0,000196
reading 0,061875 0,000019
reads 0,867501 0,000268
ready 0,030459 0,000009
real 0,040822 0,000013
realisation 1,966113 0,000608
realised 1,309333 0,000405
reality 0,328504 0,000102
realization 1,609438 0,000498
realizations 3,506558 0,001084
realized 0,843970 0,000261
realm 1,021651 0,000316
reason 0,010050 0,000003
reasonable 0,116534 0,000036
rebirths 3,912023 0,001210
reborn 3,218876 0,000995
rebuke 1,049822 0,000325
receipt 0,314711 0,000097
receive 0,083382 0,000026
received 0,040822 0,000013
receiving 0,116534 0,000036
reciprocate 2,813411 0,000870
recitation 2,207275 0,000683
recognise 1,049822 0,000325
recognised 0,891598 0,000276
recognising 1,660731 0,000514
red 0,072571 0,000022
reddishly 3,912023 0,001210
redeemed 1,272966 0,000394
redistribute 0,544727 0,000168
redistributing 0,562119 0,000174
redistribution 0,562119 0,000174
reduce 0,916291 0,000283
reeds 1,386294 0,000429
refer 0,653926 0,000202
references 0,430783 0,000133
reflected 0,371064 0,000115
reflecting 0,755023 0,000233
reflection 0,356675 0,000110
refreshed 0,820981 0,000254
refuge 0,446287 0,000138
refund 0,562119 0,000174
refuse 0,371064 0,000115
regained 0,891598 0,000276
regard 0,150823 0,000047
regarded 0,301105 0,000093
registered 0,430783 0,000133
regulating 0,415515 0,000128
rejected 0,653926 0,000202
rejecting 1,309333 0,000405
rejoiced 0,776529 0,000240
rejuvenated 2,995732 0,000926
relationships 2,302585 0,000712
relative 0,693147 0,000214
release 0,210721 0,000065
reliable 1,609438 0,000498
relief 0,198451 0,000061
relieve 0,544727 0,000168
religious 0,446287 0,000138
reluctance 1,049822 0,000325
remain 0,040822 0,000013
remained 0,116534 0,000036
remaining 0,094311 0,000029
remains 0,150823 0,000047
remedies 0,415515 0,000128
remember 0,083382 0,000026
remembered 0,162519 0,000050
reminded 0,527633 0,000163
reminder 1,897120 0,000587
reminiscent 2,995732 0,000926
remote 0,544727 0,000168
remove 0,127833 0,000040
removed 0,061875 0,000019
renamed 0,562119 0,000174
rendered 0,527633 0,000163
renew 0,776529 0,000240
renewed 0,510826 0,000158
renounced 1,427116 0,000441
repeat 0,328504 0,000102
repeated 0,127833 0,000040
repeating 0,527633 0,000163
repentance 0,798508 0,000247
repetition 0,843970 0,000261
repetitions 1,966113 0,000608
replace 0,342490 0,000106
replaced 0,820981 0,000254
replacement 0,562119 0,000174
replied 0,235722 0,000073
reported 0,162519 0,000050
reports 0,261365 0,000081
representations 0,356675 0,000110
represented 0,462035 0,000143
reproach 0,371064 0,000115
repulsive 1,049822 0,000325
request 0,127833 0,000040
require 0,127833 0,000040
required 0,083382 0,000026
requirements 0,415515 0,000128
requires 0,673345 0,000208
resembled 0,867501 0,000268
resembling 0,941609 0,000291
reside 1,171183 0,000362
resistance 0,430783 0,000133
resolution 0,462035 0,000143
resounded 1,021651 0,000316
respect 0,094311 0,000029
respects 0,527633 0,000163
rest 0,010050 0,000003
rested 0,314711 0,000097
resting 0,314711 0,000097
restless 0,478036 0,000148
restlessness 1,347074 0,000417
restrictions 0,385662 0,000119
rests 0,673345 0,000208
retired 0,342490 0,000106
retiring 0,843970 0,000261
retold 2,813411 0,000870
retreated 0,916291 0,000283
return 0,040822 0,000013
returned 0,061875 0,000019
returning 0,127833 0,000040
returns 0,235722 0,000073
revealed 0,415515 0,000128
revel 1,714798 0,000530
revenue 0,371064 0,000115
reward 0,328504 0,000102
rice 1,469676 0,000454
rich 0,139262 0,000043
richer 0,891598 0,000276
riches 0,798508 0,000247
richest 0,916291 0,000283
richness 1,469676 0,000454
ridiculous 0,478036 0,000148
rig 2,040221 0,000631
righteously 2,813411 0,000870
rigid 0,820981 0,000254
rigidly 1,832581 0,000567
ripened 1,966113 0,000608
ripped 1,386294 0,000429
risen 0,342490 0,000106
rising 0,116534 0,000036
river 0,174353 0,000054
riverbank 3,218876 0,000995
rivers 0,713350 0,000221
road 0,150823 0,000047
roared 0,673345 0,000208
robber 0,891598 0,000276
robbers 1,078810 0,000334
robe 0,941609 0,000291
robes 0,916291 0,000283
rock 0,385662 0,000119
rocks 0,446287 0,000138
roll 0,415515 0,000128
rolled 0,356675 0,000110
rolling 0,415515 0,000128
romain 3,506558 0,001084
roof 0,223144 0,000069
root 0,385662 0,000119
ropes 1,021651 0,000316
rose 0,094311 0,000029
rosy 1,078810 0,000334
rot 1,203973 0,000372
rotten 0,941609 0,000291
roughly 0,544727 0,000168
roundness 2,302585 0,000712
royalties 0,527633 0,000163
royalty 0,385662 0,000119
ruins 0,755023 0,000233
rule 0,198451 0,000061
rules 0,150823 0,000047
rumbling 1,609438 0,000498
rumour 1,272966 0,000394
rumours 2,120264 0,000656
rushing 0,597837 0,000185
sacred 0,415515 0,000128
sacrifices 0,867501 0,000268
sacrificial 2,525729 0,000781
sacrificing 1,139434 0,000352
sad 0,223144 0,000069
sadly 0,510826 0,000158
sadness 0,820981 0,000254
safe 0,116534 0,000036
sail 0,634878 0,000196
saint 0,673345 0,000208
sake 0,094311 0,000029
sakyamuni 3,912023 0,001210
sal 2,659260 0,000822
sale 0,798508 0,000247
sales 1,966113 0,000608
salt 0,116534 0,000036
salutation 1,469676 0,000454
salutations 1,832581 0,000567
salvation 0,798508 0,000247
sanctity 1,347074 0,000417
sand 0,597837 0,000185
sandy 1,049822 0,000325
sang 0,415515 0,000128
sansara 3,912023 0,001210
sat 0,083382 0,000026
satisfied 0,105361 0,000033
satisfy 0,342490 0,000106
saturated 1,714798 0,000530
savage 0,356675 0,000110
save 0,030459 0,000009
scared 0,941609 0,000291
scattered 0,139262 0,000043
scene 0,198451 0,000061
scent 0,733969 0,000227
scholar 0,798508 0,000247
school 0,174353 0,000054
scold 1,469676 0,000454
scolding 1,347074 0,000417
scorched 1,386294 0,000429
scorn 0,562119 0,000174
scorned 1,514128 0,000468
scorns 2,407946 0,000745
scream 0,693147 0,000214
screamed 0,733969 0,000227
screams 1,386294 0,000429
scriptures 1,609438 0,000498
scroll 1,714798 0,000530
sea 0,116534 0,000036
seams 1,832581 0,000567
search 0,051293 0,000016
searched 0,713350 0,000221
searcher 2,407946 0,000745
searches 2,407946 0,000745
searching 0,415515 0,000128
season 0,287682 0,000089
seasons 0,673345 0,000208
seat 0,105361 0,000033
secret 0,061875 0,000019
secretly 0,597837 0,000185
secrets 0,400478 0,000124
secure 0,072571 0,000022
sedan 2,995732 0,000926
seducer 2,525729 0,000781
seeding 3,912023 0,001210
seeds 1,049822 0,000325
seek 0,198451 0,000061
seeker 1,966113 0,000608
seeking 0,274437 0,000085
seeks 1,021651 0,000316
seemingly 0,967584 0,000299
send 0,030459 0,000009
sending 0,083382 0,000026
sensation 0,462035 0,000143
sensations 0,843970 0,000261
sense 0,051293 0,000016
sensed 2,659260 0,000822
sensing 3,912023 0,001210
sensual 1,203973 0,000372
sentence 0,127833 0,000040
separated 0,274437 0,000085
separating 1,203973 0,000372
separation 0,776529 0,000240
sequence 1,560648 0,000483
sermon 1,021651 0,000316
servant 0,186330 0,000058
servants 0,162519 0,000050
serve 0,174353 0,000054
served 0,186330 0,000058
service 0,072571 0,000022
set 0,010050 0,000003
setting 0,186330 0,000058
settled 0,127833 0,000040
sex 0,562119 0,000174
sexual 2,525729 0,000781
sexuality 3,912023 0,001210
shackle 3,506558 0,001084
shade 0,274437 0,000085
shadow 0,223144 0,000069
shady 0,994252 0,000307
shaggy 1,049822 0,000325
shake 0,287682 0,000089
shaking 0,371064 0,000115
shameful 0,916291 0,000283
shape 0,186330 0,000058
shaped 0,527633 0,000163
share 0,040822 0,000013
shared 0,139262 0,000043
sharing 0,248461 0,000077
shave 1,171183 0,000362
shaved 1,427116 0,000441
shaven 1,514128 0,000468
sheep 0,371064 0,000115
shelter 0,342490 0,000106
shimmered 3,912023 0,001210
shimmering 1,966113 0,000608
shine 0,616186 0,000191
shines 0,994252 0,000307
shining 0,385662 0,000119
shins 2,407946 0,000745
ship 0,314711 0,000097
shipment 2,995732 0,000926
shipping 1,309333 0,000405
shiver 0,994252 0,000307
shivered 0,941609 0,000291
shivering 0,755023 0,000233
shivers 1,832581 0,000567
shocked 0,776529 0,000240
shoes 0,430783 0,000133
shone 0,494296 0,000153
shook 0,235722 0,000073
shop 0,494296 0,000153
shore 0,342490 0,000106
short 0,020203 0,000006
shot 0,223144 0,000069
shoulder 0,210721 0,000065
shoulders 0,174353 0,000054
shouted 0,478036 0,000148
shouts 0,843970 0,000261
shuddering 1,171183 0,000362
shut 0,072571 0,000022
shy 0,733969 0,000227
sick 0,150823 0,000047
sickliness 2,995732 0,000926
sickness 0,478036 0,000148
siddhartha 3,912023 0,001210
sigh 0,342490 0,000106
sighed 0,673345 0,000208
sighing 1,021651 0,000316
sight 0,051293 0,000016
silence 0,105361 0,000033
silent 0,051293 0,000016
silently 0,544727 0,000168
silly 0,400478 0,000124
silver 0,210721 0,000065
simple 0,094311 0,000029
simpler 1,347074 0,000417
simply 0,150823 0,000047
simultaneous 1,660731 0,000514
simultaneously 1,203973 0,000372
simultaneousness 3,218876 0,000995
sin 0,430783 0,000133
sinful 1,309333 0,000405
sing 0,415515 0,000128
singing 0,371064 0,000115
single 0,083382 0,000026
singsong 3,218876 0,000995
singular 0,430783 0,000133
sink 0,462035 0,000143
sinner 0,994252 0,000307
sins 0,798508 0,000247
sir 0,150823 0,000047
sit 0,061875 0,000019
sitting 0,105361 0,000033
situation 0,198451 0,000061
skeleton 1,021651 0,000316
skill 0,301105 0,000093
skills 3,218876 0,000995
skin 0,210721 0,000065
skinned 1,609438 0,000498
skinny 2,302585 0,000712
sky 0,210721 0,000065
sleep 0,072571 0,000022
sleeping 0,235722 0,000073
sleepless 1,049822 0,000325
slender 0,693147 0,000214
slept 0,223144 0,000069
slight 0,150823 0,000047
slightest 0,415515 0,000128
slim 1,139434 0,000352
slip 0,462035 0,000143
slipped 0,494296 0,000153
sloth 1,386294 0,000429
slow 0,139262 0,000043
slower 1,347074 0,000417
slowly 0,150823 0,000047
slumber 0,673345 0,000208
slurred 3,218876 0,000995
smart 0,634878 0,000196
smarter 2,813411 0,000870
smartest 2,525729 0,000781
smash 1,609438 0,000498
smashing 2,120264 0,000656
smell 0,371064 0,000115
smelled 1,660731 0,000514
smile 0,274437 0,000085
smiled 0,356675 0,000110
smiling 0,301105 0,000093
smoothly 1,021651 0,000316
snake 0,891598 0,000276
snakes 1,347074 0,000417
sneak 1,897120 0,000587
soap 1,347074 0,000417
sob 1,049822 0,000325
sobering 2,995732 0,000926
soft 0,210721 0,000065
softly 0,400478 0,000124
softness 0,891598 0,000276
soil 0,494296 0,000153
soiled 1,609438 0,000498
soiling 2,659260 0,000822
sold 0,385662 0,000119
solely 0,733969 0,000227
solemnity 0,891598 0,000276
solicit 0,430783 0,000133
solicitation 0,510826 0,000158
solid 0,274437 0,000085
solved 0,867501 0,000268
son 0,105361 0,000033
song 0,371064 0,000115
songs 0,544727 0,000168
sons 0,356675 0,000110
sorcerers 2,302585 0,000712
sorrow 0,287682 0,000089
sought 0,150823 0,000047
soul 0,105361 0,000033
sound 0,020203 0,000006
sounded 0,371064 0,000115
sounds 0,223144 0,000069
source 0,328504 0,000102
sources 0,843970 0,000261
space 0,116534 0,000036
spare 0,210721 0,000065
spared 0,544727 0,000168
sparingly 2,120264 0,000656
sparkling 0,776529 0,000240
speak 0,051293 0,000016
speaker 0,713350 0,000221
speaking 0,072571 0,000022
speaks 0,371064 0,000115
spear 1,139434 0,000352
special 0,083382 0,000026
specific 0,820981 0,000254
spectacle 0,544727 0,000168
spectator 0,820981 0,000254
sped 1,272966 0,000394
speech 0,198451 0,000061
speeches 0,867501 0,000268
speed 0,328504 0,000102
spell 0,820981 0,000254
spells 1,427116 0,000441
spend 0,328504 0,000102
spent 0,105361 0,000033
spices 1,514128 0,000468
spiral 2,407946 0,000745
spirit 0,051293 0,000016
spiritual 0,653926 0,000202
spirituality 2,525729 0,000781
spit 1,203973 0,000372
spite 0,139262 0,000043
splendid 0,400478 0,000124
splendour 1,237874 0,000383
split 0,798508 0,000247
spoke 0,116534 0,000036
spoken 0,150823 0,000047
sponge 1,309333 0,000405
spot 0,162519 0,000050
spots 0,562119 0,000174
sprang 0,400478 0,000124
spread 0,061875 0,000019
spreading 0,446287 0,000138
spreads 1,514128 0,000468
spring 0,083382 0,000026
sprout 2,207275 0,000683
squandering 2,813411 0,000870
squares 1,171183 0,000362
squeeze 1,171183 0,000362
stable 0,579818 0,000179
staff 0,274437 0,000085
stains 1,347074 0,000417
stairs 0,430783 0,000133
stakes 1,203973 0,000372
stale 1,309333 0,000405
stammered 1,108663 0,000343
stammeringly 3,912023 0,001210
stand 0,000000 0,000000
standing 0,030459 0,000009
standstill 1,714798 0,000530
stank 2,659260 0,000822
star 0,544727 0,000168
stared 0,597837 0,000185
starry 1,272966 0,000394
stars 0,342490 0,000106
start -0,009950 -0,000003
started 0,150823 0,000047
starting 0,371064 0,000115
startled 0,415515 0,000128
starts 0,941609 0,000291
statements 0,430783 0,000133
status 0,446287 0,000138
stay 0,083382 0,000026
stayed 0,415515 0,000128
staying 0,653926 0,000202
steal 0,510826 0,000158
stefan 3,506558 0,001084
stem 0,916291 0,000283
stems 1,832581 0,000567
step 0,083382 0,000026
stepped 0,510826 0,000158
steps 0,094311 0,000029
stiff 0,430783 0,000133
stir 0,400478 0,000124
stirred 0,446287 0,000138
stirring 0,510826 0,000158
stole 0,494296 0,000153
stolen 0,430783 0,000133
stomach 0,693147 0,000214
stone 0,116534 0,000036
stones 0,301105 0,000093
stood 0,030459 0,000009
storage 2,525729 0,000781
stored 0,342490 0,000106
stories 0,328504 0,000102
story 0,051293 0,000016
stove 1,203973 0,000372
straight 0,105361 0,000033
straightened 1,347074 0,000417
straightening 1,832581 0,000567
strange 0,061875 0,000019
strangely 0,579818 0,000179
stranger 0,139262 0,000043
strangers 0,356675 0,000110
strangest 1,021651 0,000316
straw 0,356675 0,000110
stream 0,210721 0,000065
street 0,198451 0,000061
streets 0,274437 0,000085
strength 0,030459 0,000009
strengthened 0,820981 0,000254
stretched 0,274437 0,000085
strict 0,210721 0,000065
strictly 0,579818 0,000179
strides 1,203973 0,000372
strike 0,210721 0,000065
strive 0,820981 0,000254
striving 0,755023 0,000233
strong 0,030459 0,000009
stronger 0,287682 0,000089
strongest 0,653926 0,000202
struck 0,083382 0,000026
struggle 0,287682 0,000089
struggling 0,462035 0,000143
stubborn 0,843970 0,000261
stubbornly 1,832581 0,000567
stuck 0,462035 0,000143
student 0,673345 0,000208
students 0,994252 0,000307
study 0,162519 0,000050
stuff 0,385662 0,000119
stung 1,139434 0,000352
stupid 0,478036 0,000148
stupidity 0,916291 0,000283
style 0,274437 0,000085
subdued 0,494296 0,000153
subject 0,072571 0,000022
submerged 1,560648 0,000483
submergence 3,506558 0,001084
submission 0,776529 0,000240
submissive 1,427116 0,000441
subscribe 0,494296 0,000153
subservient 1,897120 0,000587
substance 0,415515 0,000128
succeed 0,328504 0,000102
succeeded 0,186330 0,000058
success 0,162519 0,000050
succumbed 1,714798 0,000530
suck 1,139434 0,000352
sucked 1,171183 0,000362
sucks 2,525729 0,000781
suddenly 0,040822 0,000013
suffer 0,127833 0,000040
suffered 0,210721 0,000065
suffering 0,248461 0,000077
sufferingly 3,912023 0,001210
suicide 1,049822 0,000325
suitable 0,462035 0,000143
summoned 0,733969 0,000227
sun 0,072571 0,000022
sunrise 0,891598 0,000276
sunset 0,843970 0,000261
sunshine 0,616186 0,000191
superior 0,274437 0,000085
superiority 0,693147 0,000214
supple 1,171183 0,000362
support 0,127833 0,000040
supposed 0,174353 0,000054
surely 0,186330 0,000058
surface 0,301105 0,000093
surpassed 1,203973 0,000372
surrounded 0,223144 0,000069
survive 0,274437 0,000085
suspect 0,342490 0,000106
suspected 0,328504 0,000102
swamp 0,342490 0,000106
sweet 0,174353 0,000054
sweetest 0,941609 0,000291
sweetly 1,049822 0,000325
sweetness 0,673345 0,000208
sweets 1,386294 0,000429
swiftly 0,713350 0,000221
swollen 0,867501 0,000268
sword 0,462035 0,000143
syllable 0,994252 0,000307
symbols 1,469676 0,000454
sympathy 0,328504 0,000102
synonymous 0,446287 0,000138
table 0,094311 0,000029
tackle 1,469676 0,000454
tale 0,287682 0,000089
tales 0,579818 0,000179
talk 0,083382 0,000026
talked 0,261365 0,000081
talking 0,150823 0,000047
tall 0,223144 0,000069
tanned 1,897120 0,000587
target 1,514128 0,000468
task 0,261365 0,000081
taste 0,174353 0,000054
tasted 0,544727 0,000168
taught 0,248461 0,000077
tavern 1,171183 0,000362
tax 0,328504 0,000102
taxes 0,385662 0,000119
teach 0,248461 0,000077
teachable 2,813411 0,000870
teacher 0,527633 0,000163
teachers 0,776529 0,000240
teaches 1,203973 0,000372
teaching 0,462035 0,000143
teachings 1,560648 0,000483
tears 0,150823 0,000047
teeth 0,198451 0,000061
temple 0,527633 0,000163
tenacity 1,609438 0,000498
tended 0,916291 0,000283
tendency 0,634878 0,000196
tender 0,314711 0,000097
tenderly 0,916291 0,000283
tenderness 0,616186 0,000191
tending 0,994252 0,000307
tense 1,609438 0,000498
terms 0,061875 0,000019
terrible 0,186330 0,000058
terribly 0,733969 0,000227
textbooks 2,813411 0,000870
thankful 0,843970 0,000261
thicket 1,203973 0,000372
thieves 0,994252 0,000307
thighs 1,514128 0,000468
thinker 1,609438 0,000498
thinkers 1,966113 0,000608
thinking 0,274437 0,000085
thirst 0,527633 0,000163
thirsted 1,897120 0,000587
thirsty 0,843970 0,000261
thorny 2,407946 0,000745
thoughtful 0,693147 0,000214
thoughtfully 0,994252 0,000307
threadbare 1,560648 0,000483
threatened 0,415515 0,000128
threw 0,116534 0,000036
throw 0,083382 0,000026
throwing 0,287682 0,000089
thrown 0,116534 0,000036
thumped 2,040221 0,000631
tie 0,510826 0,000158
tied 0,261365 0,000081
tiger 1,171183 0,000362
tilted 1,609438 0,000498
time -0,009950 -0,000003
times 0,010050 0,000003
timid 0,544727 0,000168
timidly 1,171183 0,000362
timidness 3,912023 0,001210
tiny 0,820981 0,000254
tired 0,198451 0,000061
tiredly 3,912023 0,001210
tiredness 3,218876 0,000995
title 0,116534 0,000036
toes 0,755023 0,000233
toiling 1,514128 0,000468
toilsome 2,207275 0,000683
tolerance 2,302585 0,000712
tomorrow 0,755023 0,000233
tone 0,248461 0,000077
tongue 0,162519 0,000050
tormented 1,078810 0,000334
tormenting 1,427116 0,000441
torn 0,248461 0,000077
torture 0,579818 0,000179
tortured 0,843970 0,000261
touch 0,083382 0,000026
touched 0,139262 0,000043
touching 0,301105 0,000093
tough 0,994252 0,000307
tower 0,527633 0,000163
town 0,105361 0,000033
towns 0,527633 0,000163
traced 0,820981 0,000254
trade 0,328504 0,000102
trademark 0,562119 0,000174
trading 1,237874 0,000383
train 0,274437 0,000085
trainee 3,912023 0,001210
tranquility 2,120264 0,000656
transcendent 1,897120 0,000587
transcribe 0,494296 0,000153
transcription 0,527633 0,000163
transformation 1,347074 0,000417
transformations 2,407946 0,000745
transformed 0,967584 0,000299
transitoriness 3,912023 0,001210
translator 1,347074 0,000417
transmitted 1,272966 0,000394
transparent 1,021651 0,000316
transported 1,108663 0,000343
travelled 0,941609 0,000291
traveller 1,021651 0,000316
travellers 0,994252 0,000307
travelling 0,693147 0,000214
travels 0,755023 0,000233
treasure 0,385662 0,000119
treasures 0,755023 0,000233
treat 0,287682 0,000089
treated 0,261365 0,000081
treatment 0,127833 0,000040
tree 0,235722 0,000073
trees 0,127833 0,000040
trembling 0,287682 0,000089
tremendous 0,693147 0,000214
tremor 1,514128 0,000468
trick 0,510826 0,000158
trifles 0,994252 0,000307
trip 0,713350 0,000221
troubled 0,287682 0,000089
true 0,020203 0,000006
trunk 0,755023 0,000233
trust 0,116534 0,000036
truth 0,030459 0,000009
truthful 1,427116 0,000441
tumbles 2,407946 0,000745
twitched 1,714798 0,000530
types 0,385662 0,000119
ugliness 1,660731 0,000514
ugly 0,415515 0,000128
ultimate 0,941609 0,000291
ultimately 1,108663 0,000343
unable 0,248461 0,000077
unbearable 1,560648 0,000483
unbelievable 2,659260 0,000822
uncertain 0,301105 0,000093
unchanged 0,994252 0,000307
unconscious 0,400478 0,000124
unconsciousness 1,771957 0,000548
undefeatable 3,912023 0,001210
understand 0,030459 0,000009
understandable 2,995732 0,000926
understanding 0,223144 0,000069
understood 0,061875 0,000019
undertook 1,203973 0,000372
unenforceability 0,562119 0,000174
unexpressable 3,912023 0,001210
uniform 0,210721 0,000065
uniformity 1,771957 0,000548
united 0,094311 0,000029
unity 1,108663 0,000343
universe 0,733969 0,000227
unknown 0,105361 0,000033
unlearn 2,659260 0,000822
unleash 3,912023 0,001210
unlink 0,562119 0,000174
unmoved 0,916291 0,000283
unpleasant 0,562119 0,000174
unprotected 0,673345 0,000208
unrelenting 2,525729 0,000781
unrest 2,040221 0,000631
unsaid 2,207275 0,000683
unsatisfiable 3,912023 0,001210
unselfish 1,609438 0,000498
unsolicited 0,510826 0,000158
unsown 3,218876 0,000995
unsteadiness 2,813411 0,000870
unstoppable 3,912023 0,001210
unsuccessfully 2,525729 0,000781
untouchable 3,506558 0,001084
unworthy 0,673345 0,000208
upanishad 3,912023 0,001210
upbringing 2,813411 0,000870
upcoming 3,912023 0,001210
updated 0,510826 0,000158
upholstered 2,659260 0,000822
upper 0,314711 0,000097
upright 0,328504 0,000102
upriver 3,912023 0,001210
upset 0,776529 0,000240
upward 0,579818 0,000179
urge 0,967584 0,000299
urged 0,356675 0,000110
urgently 1,560648 0,000483
urges 1,609438 0,000498
useless 0,235722 0,000073
user 0,562119 0,000174
usual 0,139262 0,000043
ut 0,510826 0,000158
utter 0,248461 0,000077
uttered 0,430783 0,000133
uttering 0,994252 0,000307
vacuous 2,995732 0,000926
vain 0,116534 0,000036
valuable 0,371064 0,000115
vanilla 0,544727 0,000168
vanities 1,609438 0,000498
vanity 0,415515 0,000128
vapour 1,514128 0,000468
variety 0,162519 0,000050
vasudeva 3,912023 0,001210
veda 3,506558 0,001084
veil 0,544727 0,000168
veins 0,544727 0,000168
vendor 2,813411 0,000870
venerability 3,912023 0,001210
venerable 0,843970 0,000261
venerate 2,525729 0,000781
venerated 2,120264 0,000656
veneration 1,469676 0,000454
verily 1,139434 0,000352
verse 0,653926 0,000202
verses 0,941609 0,000291
version 0,385662 0,000119
vessel 0,510826 0,000158
vexed 0,733969 0,000227
vice 0,527633 0,000163
vices 0,867501 0,000268
viciousness 2,407946 0,000745
victim 0,462035 0,000143
victorious 1,108663 0,000343
victory 0,371064 0,000115
viewed 0,261365 0,000081
viewing 0,415515 0,000128
vigour 0,843970 0,000261
village 0,356675 0,000110
villages 0,820981 0,000254
violates 0,527633 0,000163
violently 0,462035 0,000143
virtue 0,328504 0,000102
virtues 0,597837 0,000185
virus 0,527633 0,000163
vishnu 2,813411 0,000870
visible 0,235722 0,000073
vision 0,371064 0,000115
visit 0,061875 0,000019
visited 0,328504 0,000102
visitor 0,713350 0,000221
visitors 0,653926 0,000202
voice 0,020203 0,000006
voices 0,287682 0,000089
void 0,274437 0,000085
voluntarily 0,891598 0,000276
volunteer 0,478036 0,000148
volunteers 0,430783 0,000133
vomiting 3,218876 0,000995
vomits 3,912023 0,001210
vultures 1,771957 0,000548
wailing 1,203973 0,000372
wait 0,094311 0,000029
waited 0,198451 0,000061
waiting 0,083382 0,000026
waits 1,139434 0,000352
wake 0,462035 0,000143
waking 0,562119 0,000174
walk 0,105361 0,000033
walked 0,210721 0,000065
walking 0,083382 0,000026
walks 0,162519 0,000050
wall 0,198451 0,000061
wander 0,579818 0,000179
wandered 0,494296 0,000153
waned 2,120264 0,000656
war 0,162519 0,000050
warmer 0,994252 0,000307
warmly 0,798508 0,000247
warned 0,527633 0,000163
warning 0,248461 0,000077
warnings 1,514128 0,000468
warranties 0,562119 0,000174
warranty 0,544727 0,000168
warrior 1,427116 0,000441
warriors 1,427116 0,000441
wars 0,820981 0,000254
wash 0,478036 0,000148
washed 0,494296 0,000153
washing 0,579818 0,000179
waste 0,186330 0,000058
wasted 0,400478 0,000124
wasting 0,673345 0,000208
watch 0,094311 0,000029
watched 0,210721 0,000065
watchful 1,171183 0,000362
watching 0,210721 0,000065
water 0,051293 0,000016
waterfall 2,659260 0,000822
waters 0,356675 0,000110
wavered 1,660731 0,000514
wavers 3,218876 0,000995
waves 0,478036 0,000148
weak 0,116534 0,000036
weakened 0,994252 0,000307
wealth 0,287682 0,000089
wear 0,274437 0,000085
wearing 0,415515 0,000128
weary 0,198451 0,000061
weave 1,660731 0,000514
weaving 1,469676 0,000454
wedding 0,776529 0,000240
weddings 2,407946 0,000745
weep 0,755023 0,000233
weeping 0,544727 0,000168
weighed 0,430783 0,000133
weird 1,309333 0,000405
wept 0,597837 0,000185
west 0,083382 0,000026
wet 0,287682 0,000089
wetness 3,506558 0,001084
whatsoever 0,287682 0,000089
wheel 0,446287 0,000138
whining 1,660731 0,000514
whisper 0,446287 0,000138
whispered 0,400478 0,000124
white 0,051293 0,000016
whorehouses 3,912023 0,001210
whores 3,218876 0,000995
wide 0,061875 0,000019
widespread 0,916291 0,000283
widest 0,446287 0,000138
wife 0,094311 0,000029
wiggling 3,506558 0,001084
wild 0,051293 0,000016
wilhelm 3,506558 0,001084
willingly 0,527633 0,000163
willingness 1,514128 0,000468
win 0,462035 0,000143
wind 0,105361 0,000033
window 0,274437 0,000085
wine 0,248461 0,000077
wisdom 0,287682 0,000089
wise 0,105361 0,000033
wisely 0,653926 0,000202
wiser 0,597837 0,000185
wisest 0,733969 0,000227
withered 0,843970 0,000261
withering 1,714798 0,000530
woe 0,755023 0,000233
woke 0,820981 0,000254
woken 2,995732 0,000926
woman 0,061875 0,000019
womb 1,272966 0,000394
women 0,094311 0,000029
wonderful 0,162519 0,000050
wonderfully 0,510826 0,000158
wondrous 1,203973 0,000372
wondrously 2,207275 0,000683
wood 0,116534 0,000036
wool 1,049822 0,000325
word 0,020203 0,000006
wore 0,274437 0,000085
worker 1,427116 0,000441
workers 1,237874 0,000383
workings 1,609438 0,000498
worldly 0,820981 0,000254
worn 0,223144 0,000069
worried 0,867501 0,000268
worries 1,966113 0,000608
worry 0,820981 0,000254
worrying 1,560648 0,000483
worser 3,912023 0,001210
worship 0,544727 0,000168
worshipped 1,203973 0,000372
worshipper 2,207275 0,000683
worth 0,061875 0,000019
worthless 0,843970 0,000261
worthwhile 2,813411 0,000870
worthy 0,186330 0,000058
wound 0,274437 0,000085
wounded 0,274437 0,000085
wounds 0,562119 0,000174
wove 2,120264 0,000656
woven 1,108663 0,000343
wrapped 0,579818 0,000179
wrestled 1,897120 0,000587
wretched 0,328504 0,000102
wretchedness 1,139434 0,000352
wrinkles 1,427116 0,000441
wrists 1,272966 0,000394
write 0,150823 0,000047
writing 0,061875 0,000019
written 0,051293 0,000016
wrong 0,083382 0,000026
wrote 0,150823 0,000047
yearned 1,966113 0,000608
yearning 1,609438 0,000498
yellow 0,328504 0,000102
yesterday 0,301105 0,000093
yoga 3,912023 0,001210
youth 0,150823 0,000047
zeal 0,579818 0,000179
zealous 1,049822 0,000325
zealously 2,120264 0,000656
