abortions 2,659260 0,003536
absence 0,274437 0,000365
absentees 3,218876 0,004280
accident 0,371064 0,000493
accidentally 0,820981 0,001092
account 0,010050 0,000013
acquaintance 0,301105 0,000400
adding 0,510826 0,000679
addition 0,116534 0,000155
additional 0,198451 0,000264
admirable 0,527633 0,000702
admit 0,235722 0,000313
advanced 0,274437 0,000365
advancing 0,579818 0,000771
advantage 0,139262 0,000185
advantages 0,579818 0,000771
advising 1,237874 0,001646
affairs 0,235722 0,000313
age 0,051293 0,000068
aged 0,198451 0,000264
agreed 0,116534 0,000155
agriculture 1,771957 0,002356
alas 0,462035 0,000614
alive 0,051293 0,000068
alms 1,309333 0,001741
altogether 0,198451 0,000264
american 0,733969 0,000976
animosities 2,995732 0,003984
annual 1,171183 0,001557
annually 1,771957 0,002356
annum 2,040221 0,002713
answer 0,040822 0,000054
appointed 0,356675 0,000474
apprehend 1,108663 0,001474
apt 0,579818 0,000771
arms 0,051293 0,000068
arrive 0,314711 0,000418
art 0,139262 0,000185
artificially 1,771957 0,002356
assemblies 1,514128 0,002013
assured 0,301105 0,000400
attempt 0,083382 0,000111
author 0,116534 0,000155
authors 0,941609 0,001252
avoid 0,174353 0,000232
avoided 0,371064 0,000493
babes 1,609438 0,002140
bacon 0,994252 0,001322
baked 1,237874 0,001646
barbadoes 2,659260 0,003536
barrel 0,843970 0,001122
bastard 1,660731 0,002208
bear 0,061875 0,000082
bearing 0,162519 0,000216
beat 0,186330 0,000248
beef 0,916291 0,001218
beg 0,210721 0,000280
beggar 0,733969 0,000976
beggars 1,171183 0,001557
begging 0,713350 0,000949
beneficial 1,272966 0,001693
bent 0,174353 0,000232
black 0,072571 0,000097
bodies 0,174353 0,000232
body 0,030459 0,000041
boiled 0,798508 0,001062
bold 0,287682 0,000383
boots 0,510826 0,000679
bordering 1,427116 0,001898
born 0,105361 0,000140
boy 0,139262 0,000185
breast 0,210721 0,000280
breed 0,820981 0,001092
breeders 2,995732 0,003984
brevity 1,560648 0,002075
bring 0,010050 0,000013
brought 0,010050 0,000013
build 0,446287 0,000593
bulk 0,843970 0,001122
burden 0,223144 0,000297
butchers 2,302585 0,003062
calculate 0,328504 0,000437
calf 1,078810 0,001435
carcass 1,469676 0,001954
carcasses 1,832581 0,002437
care 0,000000 0,000000
cattle 0,544727 0,000724
cautious 0,673345 0,000895
censure 1,108663 0,001474
chair 0,274437 0,000365
charge 0,051293 0,000068
charity 0,494296 0,000657
cheap 0,673345 0,000895
cheaper 1,714798 0,002280
cheat 1,139434 0,001515
child 0,072571 0,000097
children 0,072571 0,000097
chosen 0,186330 0,000248
circulate 2,302585 0,003062
circumstance 0,446287 0,000593
city 0,051293 0,000068
clothes 0,127833 0,000170
clothing 0,776529 0,001033
cold 0,040822 0,000054
collateral 2,525729 0,003359
commodity 2,302585 0,003062
common 0,072571 0,000097
commonwealth 1,832581 0,002437
comparable 2,040221 0,002713
computation 1,660731 0,002208
compute 2,407946 0,003202
computed 2,302585 0,003062
conceived 0,462035 0,000614
concern 0,430783 0,000573
condition 0,094311 0,000125
confess 0,198451 0,000264
confessed 0,579818 0,000771
confined 0,385662 0,000513
conscience 0,314711 0,000418
consciences 1,714798 0,002280
considerable 0,105361 0,000140
consideration 0,274437 0,000365
consistence 2,525729 0,003359
constant 0,051293 0,000068
continual 0,693147 0,000922
continuance 1,237874 0,001646
contradiction 0,967584 0,001287
contrary 0,198451 0,000264
contribute 1,049822 0,001396
contrive 1,237874 0,001646
convenient 0,462035 0,000614
conversation 0,186330 0,000248
cook 0,430783 0,000573
corn 0,579818 0,000771
cottagers 2,525729 0,003359
countries 0,235722 0,000313
country 0,010050 0,000013
county 0,941609 0,001252
couple 0,287682 0,000383
court 0,127833 0,000170
cover 0,261365 0,000348
cows 0,867501 0,001154
creatures 0,235722 0,000313
crowded 0,301105 0,000400
crown 0,314711 0,000418
crowns 1,386294 0,001843
crucified 1,714798 0,002280
cruelty 0,478036 0,000636
cultivate 1,171183 0,001557
curate 1,771957 0,002356
curing 1,966113 0,002615
custom 0,210721 0,000280
customers 1,386294 0,001843
dainty 0,798508 0,001062
dam 1,272966 0,001693
danger 0,116534 0,000155
dangerous 0,150823 0,000201
day 0,000000 0,000000
dealing 0,616186 0,000819
death 0,020203 0,000027
debt 0,693147 0,000922
deer 0,867501 0,001154
deference 0,967584 0,001287
degree 0,198451 0,000264
delicious 0,713350 0,000949
deliver 0,494296 0,000657
delivered 0,342490 0,000455
demand 0,127833 0,000170
deny 0,301105 0,000400
deplorable 1,386294 0,001843
deserve 0,430783 0,000573
deserving 0,891598 0,001186
design 0,400478 0,000533
desire 0,072571 0,000097
desired 0,150823 0,000201
despairing 0,798508 0,001062
desponding 1,832581 0,002437
destroyed 0,274437 0,000365
destruction 0,342490 0,000455
devoured 0,891598 0,001186
die 0,105361 0,000140
digressed 2,995732 0,003984
dine 0,673345 0,000895
dines 2,040221 0,002713
disagreeable 0,733969 0,000976
discoursing 1,897120 0,002523
disease 0,371064 0,000493
diseased 1,237874 0,001646
dish 0,755023 0,001004
dishes 0,755023 0,001004
dislike 0,616186 0,000819
disobliging 2,813411 0,003741
disposed 0,385662 0,000513
distress 0,274437 0,000365
distresses 1,660731 0,002208
doors 0,105361 0,000140
doubt 0,040822 0,000054
dressed 0,261365 0,000348
dressing 0,527633 0,000702
dropt 2,120264 0,002819
dublin 2,207275 0,002935
dying 0,261365 0,000348
earnestly 0,415515 0,000553
earth 0,051293 0,000068
ease 0,162519 0,000216
easy 0,040822 0,000054
eat 0,083382 0,000111
eating 0,235722 0,000313
effectual 1,203973 0,001601
eminent 0,967584 0,001287
emperor 0,994252 0,001322
employ 0,510826 0,000679
emulation 1,897120 0,002523
encouraged 0,527633 0,000702
encrease 3,506558 0,004663
endeavouring 1,078810 0,001435
enemies 0,314711 0,000418
enforced 1,514128 0,002013
england 0,385662 0,000513
entertainment 0,820981 0,001092
enumerated 1,609438 0,002140
episcopal 2,207275 0,002935
equally 0,223144 0,000297
esteem 0,494296 0,000657
evils 0,798508 0,001062
exact 0,287682 0,000383
exceeding 0,916291 0,001218
excellent 0,150823 0,000201
exchange 0,342490 0,000455
executioner 1,560648 0,002075
exercise 0,287682 0,000383
expected 0,105361 0,000140
expedient 0,967584 0,001287
expedients 1,897120 0,002523
expensive 0,843970 0,001122
expensiveness 2,995732 0,003984
experience 0,083382 0,000111
exportation 2,407946 0,003202
extent 0,083382 0,000111
factions 1,832581 0,002437
fair 0,051293 0,000068
families 0,430783 0,000573
family 0,072571 0,000097
famine 1,078810 0,001435
famous 0,261365 0,000348
farmers 0,994252 0,001322
farrow 3,218876 0,004280
fast 0,061875 0,000082
fat 0,314711 0,000418
fathers 0,478036 0,000636
fatten 1,966113 0,002615
fattest 2,407946 0,003202
fear 0,020203 0,000027
feast 0,544727 0,000724
feeding 0,616186 0,000819
fell 0,051293 0,000068
female 0,385662 0,000513
females 1,309333 0,001741
fifthly 2,995732 0,003984
fight 0,162519 0,000216
figure 0,072571 0,000097
filth 1,139434 0,001515
fine 0,072571 0,000097
fineries 3,912023 0,005202
fish 0,314711 0,000418
fit 0,061875 0,000082
flay 1,966113 0,002615
flesh 0,210721 0,000280
foal 2,407946 0,003202
fond 0,287682 0,000383
food 0,127833 0,000170
forced 0,139262 0,000185
fore 0,755023 0,001004
foreign 0,301105 0,000400
fortunately 0,579818 0,000771
fortune 0,186330 0,000248
fortunes 0,616186 0,000819
fourteen 0,616186 0,000819
fourth 0,186330 0,000248
fourthly 1,832581 0,002437
freely 0,105361 0,000140
french 0,342490 0,000455
frequent 0,342490 0,000455
frequented 1,078810 0,001435
frequently 0,287682 0,000383
friend 0,040822 0,000054
friends 0,020203 0,000027
fruits 0,446287 0,000593
furniture 0,415515 0,000553
gain 0,174353 0,000232
gaming 2,207275 0,002935
gentleman 0,301105 0,000400
gentlemen 0,430783 0,000573
gibbet 2,120264 0,002819
girl 0,235722 0,000313
girls 0,400478 0,000533
glad 0,072571 0,000097
gloves 0,693147 0,000922
glutted 2,407946 0,003202
goodness 0,328504 0,000437
grant 0,371064 0,000493
granted 0,150823 0,000201
grave 0,127833 0,000170
greatly 0,210721 0,000280
grievance 1,347074 0,001791
grievous 0,967584 0,001287
groat 2,995732 0,003984
grossly 1,386294 0,001843
grow 0,139262 0,000185
grown 0,116534 0,000155
growth 0,462035 0,000614
guests 0,446287 0,000593
handicraft 2,407946 0,003202
happened 0,094311 0,000125
happily 0,478036 0,000636
happiness 0,150823 0,000201
head 0,000000 0,000000
healthy 0,356675 0,000474
heart 0,010050 0,000013
hearty 0,653926 0,000870
heels 0,446287 0,000593
helpless 0,328504 0,000437
highly 0,261365 0,000348
hind 1,171183 0,001557
hired 0,867501 0,001154
hitherto 0,385662 0,000513
honest 0,235722 0,000313
honesty 0,733969 0,000976
hope 0,010050 0,000013
hopeful 0,916291 0,001218
hoping 0,430783 0,000573
horrid 0,713350 0,000949
hot 0,116534 0,000155
house 0,020203 0,000027
houses 0,139262 0,000185
humane 1,203973 0,001601
humble 0,301105 0,000400
humbly 0,867501 0,001154
idle 0,274437 0,000365
idleness 0,755023 0,001004
imperial 1,021651 0,001359
importuning 2,659260 0,003536
impossibility 1,021651 0,001359
impossible 0,094311 0,000125
improbable 1,021651 0,001359
improvement 0,673345 0,000895
inclemencies 2,995732 0,003984
included 0,162519 0,000216
incumbrance 2,407946 0,003202
incur 1,386294 0,001843
individual 0,150823 0,000201
inducement 1,469676 0,001954
industry 0,867501 0,001154
inevitable 0,544727 0,000724
infant 0,673345 0,000895
infants 1,171183 0,001557
informed 0,371064 0,000493
inhabitants 0,446287 0,000593
inhuman 1,108663 0,001474
innocent 0,186330 0,000248
instance 0,150823 0,000201
instances 0,653926 0,000870
instruments 0,527633 0,000702
intended 0,174353 0,000232
intention 0,186330 0,000248
introduced 0,356675 0,000474
introducing 1,108663 0,001474
invited 0,415515 0,000553
ireland 1,514128 0,002013
island 0,400478 0,000533
jews 1,078810 0,001435
joints 1,108663 0,001474
jonathan 2,120264 0,002819
justify 0,693147 0,000922
justly 0,653926 0,000870
kick 0,653926 0,000870
kingdom 0,494296 0,000657
knife 0,356675 0,000474
knowing 2,525729 0,003359
knowledge 0,061875 0,000082
labour 0,634878 0,000844
labourers 1,771957 0,002356
ladies 0,314711 0,000418
lads 1,139434 0,001515
land 0,072571 0,000097
landlord 0,941609 0,001252
landlords 2,813411 0,003741
laplanders 3,912023 0,005202
lastly 0,867501 0,001154
late 0,094311 0,000125
law 0,030459 0,000041
lawful 1,078810 0,001435
laws 0,083382 0,000111
lean 0,579818 0,000771
learn 0,020203 0,000027
learning 0,301105 0,000400
leave 0,000000 0,000000
lent 0,798508 0,001062
lessen 1,171183 0,001557
lessened 1,272966 0,001693
lessening 1,660731 0,002208
liable 0,235722 0,000313
life -0,009950 -0,000013
list 0,400478 0,000533
livelihood 1,514128 0,002013
lives 0,072571 0,000097
london 0,415515 0,000553
lord 0,223144 0,000297
loss 0,094311 0,000125
love 0,051293 0,000068
lover 0,385662 0,000513
luxury 0,527633 0,000702
magnificence 1,237874 0,001646
maidens 1,347074 0,001791
maimed 1,609438 0,002140
maintain 0,562119 0,000747
maintaining 0,235722 0,000313
majesty 0,544727 0,000724
male 0,597837 0,000795
males 1,560648 0,002075
mandarins 2,525729 0,003359
manner 0,040822 0,000054
manufacture 1,309333 0,001741
march 0,274437 0,000365
mares 2,525729 0,003359
market 0,527633 0,000702
markets 1,714798 0,002280
marriage 0,314711 0,000418
married 0,248461 0,000330
materials 0,733969 0,000976
matter 0,010050 0,000013
maturely 2,659260 0,003536
mayor 1,560648 0,002075
measure 0,301105 0,000400
meat 0,356675 0,000474
medium 0,223144 0,000297
meetings 0,916291 0,001218
melancholy 0,342490 0,000455
merchants 0,798508 0,001062
mercy 0,223144 0,000297
merry 0,634878 0,000844
method 0,094311 0,000125
methods 0,210721 0,000280
milk 0,446287 0,000593
minister 0,616186 0,000819
miscarriage 2,525729 0,003359
miscarry 2,525729 0,003359
miseries 0,967584 0,001287
misfortunes 0,867501 0,001154
mistaken 0,261365 0,000348
modest 0,371064 0,000493
moment 0,010050 0,000013
money 0,051293 0,000068
month 0,174353 0,000232
months 0,094311 0,000125
mortals 0,994252 0,001322
mother 0,072571 0,000097
mothers 0,733969 0,000976
motive 0,597837 0,000795
mouths 0,462035 0,000614
murdering 1,309333 0,001741
nation 0,579818 0,000771
nations 0,673345 0,000895
native 0,328504 0,000437
neat 0,673345 0,000895
nourishing 2,120264 0,002819
nourishment 0,994252 0,001322
nursed 1,203973 0,001601
nursing 0,867501 0,001154
nutriments 3,506558 0,004663
nutritive 3,506558 0,004663
object 0,127833 0,000170
objection 0,616186 0,000819
oblige 0,967584 0,001287
observe 0,235722 0,000313
observed 0,162519 0,000216
obvious 0,415515 0,000553
occupation 0,494296 0,000657
offer 0,162519 0,000216
offered 0,139262 0,000185
offering 0,400478 0,000533
omit 1,021651 0,001359
opinion 0,139262 0,000185
oppression 0,916291 0,001218
overrun 1,660731 0,002208
overture 1,714798 0,002280
pain 0,174353 0,000232
papists 3,506558 0,004663
parents 0,314711 0,000418
parish 0,916291 0,001218
parsimony 2,120264 0,002819
parties 0,371064 0,000493
partly 0,301105 0,000400
passenger 1,078810 0,001435
patriot 1,832581 0,002437
pay 0,051293 0,000068
paying 0,116534 0,000155
penalties 1,514128 0,002013
penny 0,755023 0,001004
people 0,010050 0,000013
pepper 1,309333 0,001741
perfection 0,478036 0,000636
perform 0,150823 0,000201
perpetual 0,478036 0,000636
person 0,010050 0,000013
personal 0,223144 0,000297
persons 0,210721 0,000280
physician 0,693147 0,000922
pick 0,415515 0,000553
piece 0,072571 0,000097
pigs 1,108663 0,001474
pine 0,673345 0,000895
pity 0,150823 0,000201
playhouse 3,912023 0,005202
pleased 0,150823 0,000201
pleasure 0,051293 0,000068
plentiful 1,049822 0,001396
plentifully 1,660731 0,002208
plump 1,078810 0,001435
poison 0,446287 0,000593
politicians 1,660731 0,002208
poor 0,030459 0,000041
poorer 1,049822 0,001396
popish 3,506558 0,004663
popular 0,430783 0,000573
pound 0,776529 0,001033
pounds 0,494296 0,000657
power 0,030459 0,000041
practice 0,162519 0,000216
pregnancy 2,120264 0,002819
prescribe 1,966113 0,002615
preserver 1,897120 0,002523
pretender 2,659260 0,003536
prevent 0,083382 0,000111
preventing 1,237874 0,001646
price 0,314711 0,000418
pride 0,150823 0,000201
prime 0,713350 0,000949
principal 0,287682 0,000383
probationers 3,506558 0,004663
procure 0,693147 0,000922
prodigious 1,021651 0,001359
produces 0,916291 0,001218
profess 1,203973 0,001601
professed 1,021651 0,001359
profession 0,527633 0,000702
proficiency 1,660731 0,002208
profit 0,248461 0,000330
project -0,009950 -0,000013
projectors 2,659260 0,003536
promote 1,386294 0,001843
propagation 2,040221 0,002713
proper 0,061875 0,000082
properly 0,385662 0,000513
proposal 0,733969 0,000976
propose 0,527633 0,000702
proposed 0,371064 0,000493
prospect 0,446287 0,000593
protestants 1,966113 0,002615
protested 0,867501 0,001154
provide 0,162519 0,000216
providing 0,261365 0,000348
prudence 0,713350 0,000949
prudent 0,616186 0,000819
purpose 0,040822 0,000054
quality 0,274437 0,000365
quarter 0,223144 0,000297
question 0,051293 0,000068
quickest 1,897120 0,002523
quitting 1,386294 0,001843
rags 0,916291 0,001218
raiment 1,714798 0,002280
raised 0,061875 0,000082
reader 0,342490 0,000455
ready 0,030459 0,000041
real 0,040822 0,000054
reared 0,891598 0,001186
reason 0,010050 0,000013
reasonable 0,116534 0,000155
receipts 1,771957 0,002356
reckon 0,693147 0,000922
reckoned 0,653926 0,000870
reckoning 0,843970 0,001122
recommend 0,755023 0,001004
refinement 1,078810 0,001435
regarded 0,301105 0,000400
reject 1,171183 0,001557
rejecting 1,309333 0,001741
relations 0,287682 0,000383
relieving 1,386294 0,001843
remain 0,040822 0,000054
remaining 0,094311 0,000125
remedy 0,693147 0,000922
render 0,371064 0,000493
renowned 1,171183 0,001557
rent 0,597837 0,000795
repeat 0,328504 0,000437
repine 1,966113 0,002615
require 0,127833 0,000170
resolution 0,462035 0,000614
rest 0,010050 0,000013
return 0,040822 0,000054
rewards 1,237874 0,001646
rich 0,139262 0,000185
rid 0,223144 0,000297
roads 0,597837 0,000795
roasted 1,272966 0,001693
roasting 1,771957 0,002356
roman 0,755023 0,001004
rotting 1,514128 0,002013
rudiments 1,660731 0,002208
sacrificing 1,139434 0,001515
sale 0,798508 0,001062
saleable 3,912023 0,005202
salt 0,116534 0,000155
savage 0,356675 0,000474
savages 0,994252 0,001322
scene 0,198451 0,000264
scheme 0,634878 0,000844
schemes 0,994252 0,001322
schoolboys 2,120264 0,002819
scraps 1,272966 0,001693
scrupulous 1,139434 0,001515
season 0,287682 0,000383
seasoned 1,609438 0,002140
seized 0,235722 0,000313
seldom 0,301105 0,000400
sell 0,430783 0,000573
sentiments 0,820981 0,001092
serve 0,174353 0,000232
service 0,072571 0,000097
set 0,010050 0,000013
settlement 1,203973 0,001601
sex 0,562119 0,000747
sexes 1,049822 0,001396
shambles 2,813411 0,003741
shame 0,223144 0,000297
sheep 0,371064 0,000493
shillings 1,171183 0,001557
shopkeepers 2,040221 0,002713
sincerity 0,653926 0,000870
single 0,083382 0,000111
situation 0,198451 0,000264
sixthly 3,218876 0,004280
skilful 0,967584 0,001287
skill 0,301105 0,000400
skin 0,210721 0,000280
solar 1,660731 0,002208
sold 0,385662 0,000513
solid 0,274437 0,000365
sort 0,105361 0,000140
souls 0,342490 0,000455
sound 0,020203 0,000027
sows 3,218876 0,004280
spain 0,994252 0,001322
spirit 0,051293 0,000068
squire 1,427116 0,001898
stand 0,000000 0,000000
start -0,009950 -0,000013
starve 0,994252 0,001322
statue 0,843970 0,001122
stay 0,083382 0,000111
stealing 0,653926 0,000870
sterling 1,560648 0,002075
stewed 2,302585 0,003062
stir 0,400478 0,000533
stock 0,328504 0,000437
streets 0,274437 0,000365
strength 0,030459 0,000041
strongest 0,653926 0,000870
studious 1,386294 0,001843
subject 0,072571 0,000097
submission 0,776529 0,001033
subsistence 1,609438 0,002140
subtract 2,659260 0,003536
success 0,162519 0,000216
suck 1,139434 0,001515
sufficient 0,139262 0,000185
summer 0,186330 0,000248
supplied 0,478036 0,000636
support 0,127833 0,000170
supported 0,415515 0,000553
supposing 0,478036 0,000636
sustenance 1,469676 0,001954
swift 0,415515 0,000553
swine 1,347074 0,001791
table 0,094311 0,000125
tables 0,415515 0,000553
talk 0,083382 0,000111
taste 0,174353 0,000232
taverns 1,832581 0,002437
taxing 2,407946 0,003202
teaching 0,462035 0,000614
tears 0,150823 0,000201
temperance 1,560648 0,002075
tenants 1,469676 0,001954
tender 0,314711 0,000418
tenderness 0,616186 0,000819
thieves 0,994252 0,001322
thirdly 1,347074 0,001791
thrifty 2,040221 0,002713
time -0,009950 -0,000013
times 0,010050 0,000013
tithes 2,207275 0,002935
title 0,116534 0,000155
tolerably 0,994252 0,001322
tough 0,994252 0,001322
towardly 3,218876 0,004280
town 0,105361 0,000140
trade 0,328504 0,000437
travel 0,356675 0,000474
trouble 0,051293 0,000068
true 0,020203 0,000027
understands 1,108663 0,001474
unite 1,078810 0,001435
unjustly 1,108663 0,001474
unknown 0,105361 0,000140
urged 0,356675 0,000474
useless 0,235722 0,000313
usual 0,139262 0,000185
utterly 0,371064 0,000493
vain 0,116534 0,000155
valuable 0,371064 0,000493
vanity 0,415515 0,000553
vast 0,223144 0,000297
vein 1,078810 0,001435
venison 1,771957 0,002356
vermin 1,660731 0,002208
vintners 3,912023 0,005202
violently 0,462035 0,000614
virtues 0,597837 0,000795
visionary 1,427116 0,001898
voluntary 0,843970 0,001122
walk 0,105361 0,000140
wearied 0,820981 0,001092
weather 0,248461 0,000330
weddings 2,407946 0,003202
weigh 0,579818 0,000771
weighed 0,430783 0,000573
whereof 1,237874 0,001646
wholesome 0,867501 0,001154
wholly 0,400478 0,000533
wife 0,094311 0,000125
winter 0,198451 0,000264
wise 0,105361 0,000140
wives 0,400478 0,000533
women 0,094311 0,000125
worse 0,083382 0,000111
worthy 0,186330 0,000248
yearling 2,995732 0,003984
yearly 1,203973 0,001601
yield 0,342490 0,000455
