ab 2,302585 0,000633
abandon 0,544727 0,000150
abandoned 0,371064 0,000102
abandons 2,120264 0,000583
abate 1,560648 0,000429
abel 2,120264 0,000583
abet 2,813411 0,000774
abettors 2,995732 0,000824
abhor 1,469676 0,000404
abide 0,287682 0,000079
ability 0,579818 0,000159
abler 3,506558 0,000964
abolish 2,120264 0,000583
abraham 1,386294 0,000381
abridge 2,302585 0,000633
absence 0,274437 0,000075
absolute 0,400478 0,000110
absolutely 0,287682 0,000079
absolve 2,120264 0,000583
absolved 1,897120 0,000522
absurdities 1,771957 0,000487
absurdity 1,203973 0,000331
abundance 0,843970 0,000232
abuses 2,040221 0,000561
ac 2,995732 0,000824
accept 0,094311 0,000026
accepted 0,139262 0,000038
accepting 0,287682 0,000079
access 0,314711 0,000087
accessed 0,562119 0,000155
accessible 0,446287 0,000123
accidental 0,755023 0,000208
accidents 0,820981 0,000226
accompany 0,562119 0,000155
account 0,010050 0,000003
accountable 2,302585 0,000633
accounted 0,891598 0,000245
accustomed 0,287682 0,000079
acknowledge 0,527633 0,000145
acknowledged 0,597837 0,000164
acorns 1,966113 0,000541
acquaintance 0,301105 0,000083
acquainted 0,385662 0,000106
acquiesce 1,609438 0,000443
acquiesced 1,469676 0,000404
acquiescing 3,506558 0,000964
acquire 0,776529 0,000214
acquired 0,462035 0,000127
acre 1,427116 0,000392
acres 1,021651 0,000281
acting 1,609438 0,000443
action 0,139262 0,000038
actions 0,356675 0,000098
active 0,127833 0,000035
actual 0,174353 0,000048
adam 0,941609 0,000259
add 0,198451 0,000055
addition 0,116534 0,000032
additional 0,198451 0,000055
additions 0,371064 0,000102
address 0,116534 0,000032
addresses 0,385662 0,000106
adds 0,798508 0,000220
adjourned 1,771957 0,000487
adjournment 3,218876 0,000885
administer 1,771957 0,000487
administration 1,427116 0,000392
admirable 0,527633 0,000145
admire 0,527633 0,000145
admits 1,021651 0,000281
admitted 0,301105 0,000083
ado 1,514128 0,000416
advance 0,223144 0,000061
advances 0,820981 0,000226
advantage 0,139262 0,000038
advantages 0,579818 0,000159
adventitious 2,813411 0,000774
adventured 2,995732 0,000824
adversaries 1,469676 0,000404
adversary 0,994252 0,000273
adversus 3,506558 0,000964
advertise 1,714798 0,000472
advice 0,186330 0,000051
advise 0,462035 0,000127
advocate 1,139434 0,000313
affairs 0,235722 0,000065
affection 0,235722 0,000065
affirm 1,139434 0,000313
affirmed 1,309333 0,000360
afford 0,301105 0,000083
afforded 0,616186 0,000169
affords 1,139434 0,000313
affront 1,386294 0,000381
age 0,051293 0,000014
aged 0,198451 0,000055
agent 0,274437 0,000075
ages 0,261365 0,000072
aggravate 1,660731 0,000457
aggravation 1,966113 0,000541
aggressor 2,525729 0,000695
aggrieved 1,832581 0,000504
agit 3,218876 0,000885
agree 0,116534 0,000032
agreeable 0,462035 0,000127
agreed 0,116534 0,000032
agreeing 1,347074 0,000370
agreement 0,210721 0,000058
agreements 2,813411 0,000774
agrees 1,427116 0,000392
aided 0,916291 0,000252
alexandria 1,714798 0,000472
algiers 2,207275 0,000607
alias 2,207275 0,000607
alien 1,347074 0,000370
alienable 3,912023 0,001076
alienation 2,659260 0,000731
aliens 2,407946 0,000662
alight 1,386294 0,000381
alike 0,287682 0,000079
aliquot 3,912023 0,001076
alive 0,051293 0,000014
allegiance 1,897120 0,000522
alliance 1,171183 0,000322
alliances 2,040221 0,000561
allowance 0,776529 0,000214
almighty 1,108663 0,000305
alter 0,544727 0,000150
alteration 0,314711 0,000087
alterations 1,108663 0,000305
altered 0,510826 0,000140
alterius 3,506558 0,000964
alternate 0,328504 0,000090
alters 2,995732 0,000824
alterum 3,506558 0,000964
altogether 0,198451 0,000055
amazed 0,634878 0,000175
ambiguity 1,897120 0,000522
ambition 0,597837 0,000164
ambitious 0,891598 0,000245
amend 1,560648 0,000429
amended 2,040221 0,000561
amendment 1,714798 0,000472
america 0,579818 0,000159
american 0,733969 0,000202
americans 1,237874 0,000340
amiss 0,820981 0,000226
ammonites 3,218876 0,000885
amor 2,659260 0,000731
amuse 0,798508 0,000220
anarchy 1,832581 0,000504
ancestors 0,527633 0,000145
ancient 0,198451 0,000055
anew 0,867501 0,000239
animals 0,494296 0,000136
animated 0,755023 0,000208
animo 3,506558 0,000964
ann 2,302585 0,000633
annals 1,660731 0,000457
annex 2,207275 0,000607
annexed 1,469676 0,000404
anniversary 1,771957 0,000487
anoint 2,040221 0,000561
anointed 1,660731 0,000457
answer 0,040822 0,000011
answerable 1,660731 0,000457
answered 0,072571 0,000020
answering 0,510826 0,000140
answers 0,415515 0,000114
ante 2,525729 0,000695
antecedent 2,302585 0,000633
apparent 0,314711 0,000087
appeal 0,342490 0,000094
appealing 1,171183 0,000322
appeals 0,916291 0,000252
appearance 0,083382 0,000023
appetite 0,371064 0,000102
appetites 1,049822 0,000289
apples 0,916291 0,000252
applicable 0,400478 0,000110
application 0,733969 0,000202
applied 0,287682 0,000079
apply 0,162519 0,000045
appoint 1,347074 0,000370
appointed 0,356675 0,000098
appointing 2,207275 0,000607
appointment 0,693147 0,000191
appoints 2,813411 0,000774
apprehend 1,108663 0,000305
apprehensions 1,078810 0,000297
apprentice 1,660731 0,000457
approach 0,083382 0,000023
approbation 1,203973 0,000331
appropriation 2,040221 0,000561
approve 0,653926 0,000180
approved 0,693147 0,000191
april 0,798508 0,000220
apt 0,579818 0,000159
arbitrarily 2,302585 0,000633
arbitrary 1,309333 0,000360
arbitration 2,407946 0,000662
arbitrator 2,813411 0,000774
archive 0,544727 0,000150
archphilosopher 3,912023 0,001076
argue 0,597837 0,000164
argument 0,371064 0,000102
arguments 0,562119 0,000155
aright 1,078810 0,000297
armed 0,385662 0,000106
armies 1,139434 0,000313
arms 0,051293 0,000014
army 0,371064 0,000102
arrant 2,407946 0,000662
array 0,314711 0,000087
arrest 0,941609 0,000259
arrived 0,150823 0,000041
art 0,139262 0,000038
article 0,673345 0,000185
artifice 1,514128 0,000416
artifices 2,040221 0,000561
arts 0,597837 0,000164
ascii 0,562119 0,000155
ashes 0,462035 0,000127
asia 1,108663 0,000305
assailant 1,469676 0,000404
assault 0,916291 0,000252
assemble 1,514128 0,000416
assembled 0,510826 0,000140
assemblies 1,514128 0,000416
assembling 1,714798 0,000472
assembly 0,891598 0,000245
assertor 3,218876 0,000885
assignation 2,813411 0,000774
assigning 2,120264 0,000583
assigns 2,120264 0,000583
assist 0,510826 0,000140
assistance 0,105361 0,000029
assisted 0,634878 0,000175
associations 1,139434 0,000313
assume 0,478036 0,000131
assurance 0,430783 0,000118
assyria 2,407946 0,000662
assyrians 2,302585 0,000633
athens 1,386294 0,000381
attached 0,127833 0,000035
attack 0,301105 0,000083
attain 0,616186 0,000169
attained 0,494296 0,000136
attaining 1,203973 0,000331
attempt 0,083382 0,000023
attempted 0,356675 0,000098
attempting 0,579818 0,000159
attempts 0,478036 0,000131
attend 0,301105 0,000083
attendance 0,798508 0,000220
attending 0,713350 0,000196
attends 1,560648 0,000429
attentively 0,755023 0,000208
aught 0,891598 0,000245
author 0,116534 0,000032
authority 0,261365 0,000072
authorize 2,407946 0,000662
authorized 1,560648 0,000429
authorizes 2,659260 0,000731
averse 1,049822 0,000289
aversion 0,941609 0,000259
avocations 2,120264 0,000583
avoid 0,174353 0,000048
avoidable 2,995732 0,000824
avoided 0,371064 0,000102
baker 1,237874 0,000340
balance 0,544727 0,000150
balancing 1,272966 0,000350
baldwin 2,525729 0,000695
bar 0,527633 0,000145
bare 0,162519 0,000045
barefaced 2,659260 0,000731
barely 0,798508 0,000220
bargain 0,597837 0,000164
bargains 1,897120 0,000522
bark 0,597837 0,000164
barley 1,609438 0,000443
barter 2,302585 0,000633
bartered 2,525729 0,000695
based 0,371064 0,000102
baseness 1,469676 0,000404
basis 0,843970 0,000232
bastard 1,660731 0,000457
bating 3,912023 0,001076
battle 0,287682 0,000079
battles 0,916291 0,000252
bear 0,061875 0,000017
bearing 0,162519 0,000045
bears 0,510826 0,000140
beast 0,342490 0,000094
beasts 0,430783 0,000118
begets 2,525729 0,000695
begetting 2,659260 0,000731
beginners 2,659260 0,000731
begot 2,207275 0,000607
begotten 1,609438 0,000443
behaviour 0,941609 0,000259
beholden 2,995732 0,000824
belong 0,235722 0,000065
belonged 0,314711 0,000087
belonging 0,527633 0,000145
belongs 0,415515 0,000114
beneath 0,198451 0,000055
benefactor 1,171183 0,000322
beneficial 1,272966 0,000350
benefit 0,415515 0,000114
benefits 1,171183 0,000322
bestow 0,755023 0,000208
bestowed 0,562119 0,000155
betray 0,527633 0,000145
betrayed 0,494296 0,000136
betwixt 1,514128 0,000416
beware 0,820981 0,000226
bid 0,400478 0,000110
bids 1,237874 0,000340
binary 0,562119 0,000155
bind 0,755023 0,000208
binding 0,891598 0,000245
binds 1,660731 0,000457
birds 0,301105 0,000083
birth 0,301105 0,000083
births 2,120264 0,000583
bishop 1,049822 0,000289
bit 0,174353 0,000048
blamed 0,941609 0,000259
blind 0,223144 0,000061
blinded 0,994252 0,000273
blindly 0,941609 0,000259
blood 0,116534 0,000032
bloodshed 1,386294 0,000381
blow 0,139262 0,000038
blows 0,371064 0,000102
boasts 1,660731 0,000457
bodies 0,174353 0,000048
body 0,030459 0,000008
bogs 2,407946 0,000662
boiled 0,798508 0,000220
boldly 0,462035 0,000127
bona 2,659260 0,000731
bond 0,673345 0,000185
bonds 0,798508 0,000220
book 0,061875 0,000017
books 0,139262 0,000038
bore 0,150823 0,000041
born 0,105361 0,000029
borne 0,261365 0,000072
bound 0,030459 0,000008
bounded 0,634878 0,000175
boundless 0,891598 0,000245
bounds 0,634878 0,000175
bounty 1,386294 0,000381
boy 0,139262 0,000038
bran 2,120264 0,000583
branches 0,371064 0,000102
bravest 1,386294 0,000381
brazil 2,525729 0,000695
breach 0,274437 0,000075
breaches 2,302585 0,000633
bread 0,248461 0,000068
break 0,083382 0,000023
breaking 0,210721 0,000058
breaks 0,733969 0,000202
breast 0,210721 0,000058
breasts 0,891598 0,000245
bred 0,478036 0,000131
breed 0,820981 0,000226
brethren 0,916291 0,000252
bricks 1,203973 0,000331
bring 0,010050 0,000003
bringing 0,105361 0,000029
brings 0,328504 0,000090
brink 1,139434 0,000313
britons 2,302585 0,000633
broaching 2,995732 0,000824
broils 2,995732 0,000824
broke 0,116534 0,000032
broken 0,061875 0,000017
brood 1,108663 0,000305
brother 0,127833 0,000035
brothers 0,356675 0,000098
brought 0,010050 0,000003
brutal 0,755023 0,000208
brute 0,579818 0,000159
brutes 1,427116 0,000392
brutish 2,040221 0,000561
brutishness 2,813411 0,000774
buchanan 2,659260 0,000731
bucket 1,309333 0,000360
build 0,446287 0,000123
building 0,223144 0,000061
builds 1,714798 0,000472
built 0,150823 0,000041
burden 0,223144 0,000061
burdensome 1,832581 0,000504
burning 0,150823 0,000041
bushels 2,407946 0,000662
business 0,040822 0,000011
busy 0,223144 0,000061
cain 1,660731 0,000457
calamity 0,891598 0,000245
calculate 0,328504 0,000090
calculated 0,174353 0,000048
calm 0,301105 0,000083
cambridge 1,469676 0,000404
cancel 2,407946 0,000662
cancelled 2,995732 0,000824
cancels 3,506558 0,000964
candidates 1,966113 0,000541
cannon 0,941609 0,000259
canons 2,120264 0,000583
capable 0,261365 0,000072
capacity 0,527633 0,000145
capital 0,328504 0,000090
captain 0,371064 0,000102
captains 1,171183 0,000322
captive 0,820981 0,000226
captives 1,514128 0,000416
caput 2,995732 0,000824
carcass 1,469676 0,000404
card 0,223144 0,000061
care 0,000000 0,000000
careful 0,174353 0,000048
carefully 0,139262 0,000038
carriage 0,446287 0,000123
carried 0,030459 0,000008
carries 0,755023 0,000208
carry 0,030459 0,000008
carrying 0,083382 0,000023
carve 2,120264 0,000583
carved 0,843970 0,000232
cast 0,116534 0,000032
casting 0,544727 0,000150
casus 2,995732 0,000824
catalogue 1,347074 0,000370
catches 1,660731 0,000457
cats 1,108663 0,000305
cattle 0,544727 0,000150
caught 0,162519 0,000045
caution 0,527633 0,000145
cavilling 3,912023 0,001076
cease 0,139262 0,000038
ceased 0,235722 0,000065
ceases 1,309333 0,000360
censure 1,108663 0,000305
censured 1,966113 0,000541
ceylon 2,302585 0,000633
chains 0,562119 0,000155
champion 1,171183 0,000322
chance 0,083382 0,000023
chanced 0,843970 0,000232
change 0,010050 0,000003
changed 0,051293 0,000014
changing 0,248461 0,000068
chap 1,021651 0,000281
chapter 0,342490 0,000094
character 0,061875 0,000017
charge 0,051293 0,000014
charged 0,328504 0,000090
charges 0,223144 0,000061
charitable 0,287682 0,000079
charities 0,494296 0,000136
charity 0,494296 0,000136
chase 0,653926 0,000180
chastened 1,966113 0,000541
chastens 3,506558 0,000964
chastising 2,525729 0,000695
check 0,174353 0,000048
checks 0,478036 0,000131
chief 0,094311 0,000026
chiefly 0,527633 0,000145
child 0,072571 0,000020
childhood 0,527633 0,000145
children 0,072571 0,000020
choice 0,150823 0,000041
choose 0,083382 0,000023
chosen 0,186330 0,000051
christ 0,867501 0,000239
christendom 1,660731 0,000457
christian 0,430783 0,000118
christians 1,108663 0,000305
chuck 2,302585 0,000633
church 0,261365 0,000072
chuse 2,813411 0,000774
circumstances 0,162519 0,000045
cities 0,616186 0,000169
city 0,051293 0,000014
civil 0,544727 0,000150
civilized 1,237874 0,000340
clad 0,597837 0,000164
claim 0,116534 0,000032
claimed 0,843970 0,000232
clarke 2,407946 0,000662
clearness 1,049822 0,000289
cleave 1,897120 0,000522
closely 0,223144 0,000061
closer 0,385662 0,000106
cloth 0,356675 0,000098
clothes 0,127833 0,000035
coals 1,108663 0,000305
coat 0,274437 0,000075
cock 0,843970 0,000232
codes 0,510826 0,000140
coherent 1,897120 0,000522
coherently 2,659260 0,000731
cold 0,040822 0,000011
collated 2,659260 0,000731
collection 0,174353 0,000048
collections 1,897120 0,000522
collective 1,966113 0,000541
college 0,693147 0,000191
collins 2,040221 0,000561
collusion 3,506558 0,000964
colour 0,527633 0,000145
coloured 0,693147 0,000191
combat 0,891598 0,000245
combination 0,693147 0,000191
combine 1,078810 0,000297
combined 0,713350 0,000196
comfort 0,150823 0,000041
comfortable 0,261365 0,000072
comforts 0,967584 0,000266
command 0,162519 0,000045
commanded 0,462035 0,000127
commander 0,967584 0,000266
commanding 0,755023 0,000208
commandment 1,832581 0,000504
commands 0,616186 0,000169
commentaries 2,040221 0,000561
commerce 1,078810 0,000297
commercial 0,274437 0,000075
commission 0,693147 0,000191
commissioned 1,427116 0,000392
commits 2,040221 0,000561
committed 0,150823 0,000041
commodities 2,207275 0,000607
commodity 2,302585 0,000633
common 0,072571 0,000020
commoner 2,302585 0,000633
commoners 2,995732 0,000824
commonly 0,755023 0,000208
commonness 2,995732 0,000824
commons 1,714798 0,000472
commonwealth 1,832581 0,000504
commonwealths 2,659260 0,000731
communicated 0,673345 0,000185
communion 1,427116 0,000392
communities 1,714798 0,000472
community 0,616186 0,000169
compact 0,891598 0,000245
compacts 3,506558 0,000964
companions 0,301105 0,000083
company 0,020203 0,000006
compare 0,510826 0,000140
comparison 0,478036 0,000131
compass 0,673345 0,000185
compel 0,916291 0,000252
compels 1,309333 0,000360
compensate 1,897120 0,000522
competent 1,139434 0,000313
competition 1,660731 0,000457
compilation 0,494296 0,000136
complain 0,446287 0,000123
complaint 0,616186 0,000169
complete 0,150823 0,000041
compliance 0,342490 0,000094
complication 2,302585 0,000633
comply 0,342490 0,000094
complying 0,446287 0,000123
comported 3,506558 0,000964
composition 0,820981 0,000226
compounded 1,714798 0,000472
comprehended 0,967584 0,000266
comprehending 1,560648 0,000429
compressed 0,342490 0,000094
computation 1,660731 0,000457
computed 2,302585 0,000633
conceit 1,021651 0,000281
conceive 0,544727 0,000150
conceived 0,462035 0,000127
conceiving 1,272966 0,000350
concept 0,544727 0,000150
concern 0,430783 0,000118
concerned 0,287682 0,000079
concernment 2,813411 0,000774
concerns 0,820981 0,000226
conclude 0,843970 0,000232
concluded 0,356675 0,000098
concupiscence 2,659260 0,000731
concurred 2,207275 0,000607
concurrence 1,714798 0,000472
concurrent 2,813411 0,000774
condemn 0,867501 0,000239
condemnation 1,347074 0,000370
condition 0,094311 0,000026
conditions 0,342490 0,000094
conduce 1,966113 0,000541
conduct 0,198451 0,000055
confer 1,272966 0,000350
confess 0,198451 0,000055
confidence 0,139262 0,000038
confine 0,755023 0,000208
confined 0,385662 0,000106
confinement 1,139434 0,000313
confining 1,897120 0,000522
confirm 0,755023 0,000208
confirmation 0,356675 0,000098
confirmed 0,174353 0,000048
conformable 2,525729 0,000695
confounded 0,693147 0,000191
confounding 1,897120 0,000522
confused 0,248461 0,000068
confusion 0,301105 0,000083
confutation 3,506558 0,000964
confuted 2,407946 0,000662
conjectures 1,078810 0,000297
conjugal 1,897120 0,000522
conjunction 1,272966 0,000350
connexion 2,207275 0,000607
conquer 1,021651 0,000281
conquered 0,798508 0,000220
conquering 1,203973 0,000331
conqueror 1,108663 0,000305
conquerors 1,714798 0,000472
conquers 2,207275 0,000607
conquest 0,967584 0,000266
conscience 0,314711 0,000087
consciences 1,714798 0,000472
conscientiously 1,609438 0,000443
consent 0,328504 0,000090
consented 0,562119 0,000155
consenting 1,660731 0,000457
consents 1,966113 0,000541
consequence 0,328504 0,000090
consequences 0,371064 0,000102
consequential 0,478036 0,000131
considerable 0,105361 0,000029
consideration 0,274437 0,000075
consist 0,867501 0,000239
consisted 0,562119 0,000155
consistency 1,427116 0,000392
consistent 0,798508 0,000220
consisting 0,916291 0,000252
consists 0,776529 0,000214
constable 1,427116 0,000392
constant 0,051293 0,000014
constantly 0,371064 0,000102
constitute 1,171183 0,000322
constituted 1,049822 0,000289
constitutes 1,469676 0,000404
constituting 2,040221 0,000561
constitution 0,843970 0,000232
constitutions 1,832581 0,000504
constrain 1,832581 0,000504
constrained 0,843970 0,000232
constraint 1,272966 0,000350
consult 0,579818 0,000159
consultation 0,994252 0,000273
consume 1,108663 0,000305
consumed 0,634878 0,000175
consumption 1,171183 0,000322
contact 0,210721 0,000058
contend 0,891598 0,000245
contenders 3,912023 0,001076
content 0,186330 0,000051
contented 0,400478 0,000110
contentions 2,525729 0,000695
contentious 2,302585 0,000633
contents 0,094311 0,000026
contest 1,021651 0,000281
contested 1,771957 0,000487
continual 0,693147 0,000191
continuance 1,237874 0,000340
continuation 1,347074 0,000370
continuations 3,506558 0,000964
continue 0,261365 0,000072
continued 0,072571 0,000020
continues 0,941609 0,000259
continuing 0,755023 0,000208
contra 2,207275 0,000607
contract 0,261365 0,000072
contracts 1,660731 0,000457
contradiction 0,967584 0,000266
contradictions 1,272966 0,000350
contrariety 2,659260 0,000731
contrary 0,198451 0,000055
contribute 1,049822 0,000289
contributions 0,430783 0,000118
contrivance 1,514128 0,000416
contrivances 1,897120 0,000522
controversies 2,207275 0,000607
controversy 1,514128 0,000416
convenience 0,755023 0,000208
conveniencies 3,506558 0,000964
conveniency 2,995732 0,000824
convenient 0,462035 0,000127
conveniently 1,203973 0,000331
convening 3,218876 0,000885
conventions 2,302585 0,000633
convert 0,385662 0,000106
convey 0,544727 0,000150
conveyance 1,427116 0,000392
conveyed 0,634878 0,000175
conveying 1,272966 0,000350
conviction 0,462035 0,000127
convinced 0,287682 0,000079
convoke 3,912023 0,001076
convoking 3,912023 0,001076
copulation 3,218876 0,000885
copying 0,494296 0,000136
copyright 0,415515 0,000114
corn 0,579818 0,000159
corners 0,430783 0,000118
coronation 2,302585 0,000633
corporation 0,462035 0,000127
corporations 2,302585 0,000633
corpus 2,207275 0,000607
corrected 0,733969 0,000202
correction 1,203973 0,000331
corrections 1,897120 0,000522
corrects 2,302585 0,000633
corrupt 0,274437 0,000075
corrupted 1,171183 0,000322
corruption 0,820981 0,000226
cost 0,105361 0,000029
costs 0,287682 0,000079
cottage 0,798508 0,000220
council 0,713350 0,000196
councils 1,514128 0,000416
counsellors 1,609438 0,000443
counted 0,527633 0,000145
countenances 1,237874 0,000340
countries 0,235722 0,000065
country 0,010050 0,000003
county 0,941609 0,000259
courage 0,150823 0,000041
court 0,127833 0,000035
courtier 1,966113 0,000541
covenants 2,995732 0,000824
covetousness 1,771957 0,000487
cows 0,867501 0,000239
crave 1,771957 0,000487
created 0,116534 0,000032
creating 0,342490 0,000094
creation 0,235722 0,000065
creator 1,139434 0,000313
creature 0,174353 0,000048
creatures 0,235722 0,000065
credit 0,094311 0,000026
crime 0,314711 0,000087
crimes 0,653926 0,000180
criminal 0,693147 0,000191
crippled 1,469676 0,000404
critical 0,235722 0,000065
criticism 0,867501 0,000239
cross 0,139262 0,000038
crowder 3,506558 0,000964
crown 0,314711 0,000087
crowned 0,867501 0,000239
cruelly 0,820981 0,000226
cruelty 0,478036 0,000131
cudgeling 3,912023 0,001076
cultivated 0,693147 0,000191
cultivates 2,659260 0,000731
cultivating 1,714798 0,000472
cum 1,966113 0,000541
cunninger 3,912023 0,001076
cure 0,430783 0,000118
cured 0,733969 0,000202
current 0,127833 0,000035
custom 0,210721 0,000058
customs 0,713350 0,000196
cut 0,040822 0,000011
cuts 0,820981 0,000226
cutting 0,415515 0,000114
czar 2,659260 0,000731
dagger 1,203973 0,000331
daily 0,248461 0,000068
dam 1,272966 0,000350
damage 0,261365 0,000072
damaged 0,356675 0,000098
damages 0,400478 0,000110
damnified 3,912023 0,001076
danes 2,525729 0,000695
danger 0,116534 0,000032
dangerous 0,150823 0,000041
dangerously 1,560648 0,000429
dangers 0,597837 0,000164
data 0,494296 0,000136
dave 3,218876 0,000885
david 0,597837 0,000164
davis 2,207275 0,000607
day 0,000000 0,000000
days 0,020203 0,000006
dead 0,072571 0,000020
deal 0,105361 0,000029
dealing 0,616186 0,000169
death 0,020203 0,000006
debarred 2,207275 0,000607
debate 1,347074 0,000370
debating 1,966113 0,000541
decay 0,634878 0,000175
decaying 1,469676 0,000404
deceased 1,078810 0,000297
deceived 0,430783 0,000118
december 0,562119 0,000155
decemviri 3,912023 0,001076
decide 0,274437 0,000075
decided 0,186330 0,000051
decides 1,609438 0,000443
decision 0,579818 0,000159
decisions 1,660731 0,000457
decisive 0,867501 0,000239
declaration 0,994252 0,000273
declared 0,210721 0,000058
declares 1,049822 0,000289
declaring 0,891598 0,000245
declinations 3,912023 0,001076
decline 0,673345 0,000185
decrees 1,272966 0,000350
deductible 0,562119 0,000155
deeds 0,527633 0,000145
deeper 0,328504 0,000090
deer 0,867501 0,000239
defect 0,328504 0,000090
defective 0,356675 0,000098
defects 0,301105 0,000083
defence 0,597837 0,000164
defend 0,400478 0,000110
defenders 1,966113 0,000541
defending 1,049822 0,000289
defends 1,966113 0,000541
deference 0,967584 0,000266
defined 0,867501 0,000239
degenerate 1,469676 0,000404
degenerates 2,302585 0,000633
degraded 1,049822 0,000289
degrades 2,813411 0,000774
degree 0,198451 0,000055
degrees 0,446287 0,000123
dei 1,966113 0,000541
delay 0,287682 0,000079
delays 1,469676 0,000404
delegated 2,207275 0,000607
delegation 3,218876 0,000885
deletions 0,562119 0,000155
deliberate 0,755023 0,000208
deliberation 1,171183 0,000322
delight 0,162519 0,000045
delights 0,820981 0,000226
delinquents 2,659260 0,000731
deliver 0,494296 0,000136
delivered 0,342490 0,000094
delivery 0,994252 0,000273
deluge 1,609438 0,000443
demand 0,127833 0,000035
demanded 0,400478 0,000110
demands 0,673345 0,000185
democracy 1,832581 0,000504
demolishing 2,813411 0,000774
demonstration 1,386294 0,000381
demonstratively 3,506558 0,000964
den 0,843970 0,000232
denied 0,287682 0,000079
denies 1,660731 0,000457
deny 0,301105 0,000083
depend 0,371064 0,000102
dependence 1,309333 0,000360
dependency 2,813411 0,000774
dependent 0,843970 0,000232
dependents 2,207275 0,000607
depending 1,309333 0,000360
depends 0,198451 0,000055
deposed 1,897120 0,000522
depraved 1,560648 0,000429
deprive 1,021651 0,000281
deprived 0,579818 0,000159
deputed 2,525729 0,000695
deputes 3,506558 0,000964
deputies 2,120264 0,000583
deputy 1,347074 0,000370
derivative 0,510826 0,000140
derive 0,342490 0,000094
derived 0,248461 0,000068
derives 1,660731 0,000457
deriving 1,897120 0,000522
descendants 1,108663 0,000305
descended 0,400478 0,000110
descending 0,579818 0,000159
desert 0,430783 0,000118
deserter 2,207275 0,000607
deserting 1,560648 0,000429
deserve 0,430783 0,000118
deserves 0,776529 0,000214
design 0,400478 0,000110
designation 1,714798 0,000472
designed 0,916291 0,000252
designedly 2,207275 0,000607
designing 1,771957 0,000487
designs 0,733969 0,000202
desire 0,072571 0,000020
desired 0,150823 0,000041
desires 0,478036 0,000131
desolate 0,820981 0,000226
desolation 0,941609 0,000259
desperate 0,328504 0,000090
despotical 3,506558 0,000964
destroy 0,127833 0,000035
destroyed 0,274437 0,000075
destroying 0,776529 0,000214
destroys 1,427116 0,000392
destruction 0,342490 0,000094
destructive 1,049822 0,000289
detach 0,446287 0,000123
detected 0,776529 0,000214
deter 1,897120 0,000522
determinable 3,506558 0,000964
determination 0,634878 0,000175
determine 0,210721 0,000058
determined 0,174353 0,000048
determines 1,714798 0,000472
dethroned 2,813411 0,000774
devised 1,171183 0,000322
devolve 2,995732 0,000824
devolved 1,771957 0,000487
devolves 2,995732 0,000824
devolving 2,813411 0,000774
devonshire 2,407946 0,000662
devoured 0,891598 0,000245
diamond 0,941609 0,000259
diamonds 0,967584 0,000266
dictate 1,203973 0,000331
dictates 1,469676 0,000404
die 0,105361 0,000029
died 0,061875 0,000017
dies 0,579818 0,000159
difference 0,198451 0,000055
differences 0,820981 0,000226
difficult 0,116534 0,000032
difficulties 0,385662 0,000106
difficulty 0,139262 0,000038
digested 1,897120 0,000522
digged 2,813411 0,000774
digitized 3,912023 0,001076
dignity 0,314711 0,000087
dilly 2,995732 0,000824
direct 0,083382 0,000023
directed 0,287682 0,000079
direction 0,083382 0,000023
directions 0,314711 0,000087
disadvantage 0,994252 0,000273
disarmed 1,771957 0,000487
discard 2,407946 0,000662
discern 0,820981 0,000226
discharge 0,733969 0,000202
discharged 0,820981 0,000226
discipline 0,653926 0,000180
disclaim 0,510826 0,000140
disclaimer 0,562119 0,000155
disclaimers 0,562119 0,000155
discontented 1,078810 0,000297
discontinue 0,544727 0,000150
discourse 0,597837 0,000164
discourses 1,560648 0,000429
discover 0,083382 0,000023
discovered 0,051293 0,000014
discretion 0,733969 0,000202
dishonest 1,560648 0,000429
disk 0,446287 0,000123
dislike 0,616186 0,000169
dismembered 2,302585 0,000633
dismissing 1,832581 0,000504
disobedience 1,560648 0,000429
disobey 1,514128 0,000416
disorder 0,579818 0,000159
disorders 1,832581 0,000504
disowning 3,218876 0,000885
disowns 3,912023 0,001076
dispatch 1,347074 0,000370
dispense 1,347074 0,000370
dispensed 1,427116 0,000392
displaced 1,560648 0,000429
display 0,261365 0,000072
displayed 0,198451 0,000055
displaying 0,342490 0,000094
disposal 0,916291 0,000252
dispose 0,994252 0,000273
disposed 0,385662 0,000106
disposers 3,912023 0,001076
disposing 1,469676 0,000404
dispossess 2,120264 0,000583
disposure 3,912023 0,001076
disproportion 2,525729 0,000695
disproportionate 1,832581 0,000504
dispute 0,562119 0,000155
disseized 3,912023 0,001076
dissipated 1,078810 0,000297
dissolution 1,469676 0,000404
dissolve 1,560648 0,000429
dissolved 1,049822 0,000289
dissolves 2,207275 0,000607
dissolving 1,897120 0,000522
distant 0,162519 0,000045
distinct 0,301105 0,000083
distinction 0,446287 0,000123
distinctly 0,478036 0,000131
distinguish 0,356675 0,000098
distinguishable 1,771957 0,000487
distinguished 0,301105 0,000083
distinguishing 1,078810 0,000297
distressed 0,673345 0,000185
distribute 0,400478 0,000110
distributed 0,248461 0,000068
distributing 0,446287 0,000123
distribution 0,430783 0,000118
distributor 0,562119 0,000155
disturb 0,478036 0,000131
disturbed 0,356675 0,000098
divers 1,203973 0,000331
divests 3,506558 0,000964
divided 0,210721 0,000058
divine 0,430783 0,000118
divinity 0,941609 0,000259
doctrine 0,733969 0,000202
domain 0,328504 0,000090
domestic 0,527633 0,000145
domination 2,040221 0,000561
domineer 2,995732 0,000824
domineering 2,659260 0,000731
dominion 0,994252 0,000273
dominions 1,660731 0,000457
dominium 3,912023 0,001076
dominus 2,813411 0,000774
donate 0,562119 0,000155
donation 0,494296 0,000136
donations 0,494296 0,000136
donors 0,527633 0,000145
door 0,040822 0,000011
doors 0,105361 0,000029
doth 1,049822 0,000289
double 0,186330 0,000051
doubt 0,040822 0,000011
doubted 0,478036 0,000131
doubts 0,494296 0,000136
downloading 0,562119 0,000155
draught 0,579818 0,000159
draw 0,105361 0,000029
drawing 0,139262 0,000038
drawn 0,094311 0,000026
draws 0,755023 0,000208
dreamed 0,562119 0,000155
dressed 0,261365 0,000072
drew 0,162519 0,000045
drink 0,150823 0,000041
drinking 0,371064 0,000102
drive 0,186330 0,000051
driven 0,127833 0,000035
drop 0,150823 0,000041
drudge 1,897120 0,000522
drudgery 2,302585 0,000633
drugs 1,609438 0,000443
drum 1,203973 0,000331
duly 0,843970 0,000232
duo 3,218876 0,000885
duos 3,218876 0,000885
durable 1,714798 0,000472
duration 1,078810 0,000297
dust 0,174353 0,000048
duties 0,356675 0,000098
duty 0,083382 0,000023
dwell 0,478036 0,000131
dwells 1,469676 0,000404
dying 0,261365 0,000072
ea 3,218876 0,000885
earth 0,051293 0,000014
earthly 0,673345 0,000185
earthquake 1,139434 0,000313
ease 0,162519 0,000045
easier 0,385662 0,000106
easily 0,072571 0,000020
easiness 2,525729 0,000695
easy 0,040822 0,000011
eat 0,083382 0,000023
eating 0,235722 0,000065
eccl 3,506558 0,000964
ecclesiastic 2,302585 0,000633
ecclesiastical 1,560648 0,000429
edict 1,966113 0,000541
edited 1,966113 0,000541
edition 0,287682 0,000079
editions 0,385662 0,000106
editor 1,108663 0,000305
educate 1,514128 0,000416
education 0,446287 0,000123
educational 0,446287 0,000123
effective 0,967584 0,000266
effectual 1,203973 0,000331
effectually 1,203973 0,000331
effort 0,094311 0,000026
efforts 0,139262 0,000038
ego 1,771957 0,000487
egyptian 1,203973 0,000331
elder 0,478036 0,000131
eldest 0,867501 0,000239
elect 0,328504 0,000090
electing 2,525729 0,000695
election 1,309333 0,000360
elections 2,302585 0,000633
elective 3,506558 0,000964
electors 2,813411 0,000774
electronic 0,544727 0,000150
electronically 0,544727 0,000150
elude 1,469676 0,000404
email 0,562119 0,000155
eminent 0,967584 0,000266
empire 0,653926 0,000180
empires 1,832581 0,000504
employ 0,510826 0,000140
employed 0,415515 0,000114
employee 0,527633 0,000145
employees 0,544727 0,000150
employing 1,171183 0,000322
employment 0,579818 0,000159
employs 1,560648 0,000429
empowered 1,966113 0,000541
enact 2,120264 0,000583
enacted 1,386294 0,000381
enacting 2,407946 0,000662
enacts 3,218876 0,000885
enclosed 0,916291 0,000252
enclosing 1,714798 0,000472
enclosure 1,272966 0,000350
encoding 0,653926 0,000180
encouraged 0,527633 0,000145
encouragement 0,798508 0,000220
encroached 2,525729 0,000695
encroachment 2,813411 0,000774
encroachments 2,407946 0,000662
endamaging 3,912023 0,001076
endanger 2,040221 0,000561
endeavour 0,867501 0,000239
endless 0,478036 0,000131
endure 0,342490 0,000094
endured 0,673345 0,000185
endures 2,040221 0,000561
enemies 0,314711 0,000087
enemy 0,174353 0,000048
enforcing 2,120264 0,000583
engage 0,634878 0,000175
engaged 0,198451 0,000055
engagement 0,820981 0,000226
engagements 1,203973 0,000331
engages 2,302585 0,000633
england 0,385662 0,000106
english 0,094311 0,000026
englishman 0,916291 0,000252
enjoin 1,966113 0,000541
enjoy 0,150823 0,000041
enjoyed 0,415515 0,000114
enjoying 0,579818 0,000159
enjoyment 0,634878 0,000175
enjoyments 1,514128 0,000416
enjoys 1,139434 0,000313
enlarge 1,272966 0,000350
enmity 1,237874 0,000340
enquire 2,040221 0,000561
enquiry 2,302585 0,000633
enslave 2,040221 0,000561
ensuring 0,544727 0,000150
enter 0,094311 0,000026
entered 0,051293 0,000014
entering 0,356675 0,000098
enters 0,843970 0,000232
entire 0,274437 0,000075
entity 0,544727 0,000150
entrance 0,210721 0,000058
eo 2,813411 0,000774
equal 0,174353 0,000048
equality 0,967584 0,000266
equally 0,223144 0,000061
equals 1,049822 0,000289
equipment 0,430783 0,000118
equitable 1,966113 0,000541
equity 1,832581 0,000504
erect 0,597837 0,000164
erected 0,843970 0,000232
erecting 1,897120 0,000522
ergo 2,525729 0,000695
err 1,108663 0,000305
errors 0,248461 0,000068
esau 2,207275 0,000607
escape 0,094311 0,000026
espouses 3,218876 0,000885
espousing 2,407946 0,000662
essay 1,078810 0,000297
esse 2,813411 0,000774
essence 0,693147 0,000191
est 1,309333 0,000360
establish 0,713350 0,000196
established 0,301105 0,000083
establisher 3,506558 0,000964
establishing 1,203973 0,000331
establishment 0,713350 0,000196
estate 0,510826 0,000140
estates 1,237874 0,000340
esteem 0,494296 0,000136
esteemed 0,916291 0,000252
estimate 0,867501 0,000239
eternal 0,415515 0,000114
etiam 2,995732 0,000824
europe 0,510826 0,000140
european 0,867501 0,000239
eve 0,673345 0,000185
event 0,342490 0,000094
events 0,223144 0,000061
evidence 0,261365 0,000072
evident 0,356675 0,000098
evidently 0,371064 0,000102
evil 0,162519 0,000045
evils 0,798508 0,000220
examination 0,385662 0,000106
examine 0,400478 0,000110
examining 0,446287 0,000123
exceed 0,967584 0,000266
exceeding 0,916291 0,000252
exceedingly 0,462035 0,000127
exceeds 1,660731 0,000457
excellency 1,560648 0,000429
excellent 0,150823 0,000041
exception 0,544727 0,000150
excess 0,653926 0,000180
exchange 0,342490 0,000094
exclude 1,469676 0,000404
excluded 0,967584 0,000266
excludes 2,407946 0,000662
exclusion 0,371064 0,000102
exclusive 1,203973 0,000331
excuse 0,174353 0,000048
excuses 1,078810 0,000297
execute 0,941609 0,000259
executed 0,733969 0,000202
executing 1,386294 0,000381
execution 0,597837 0,000164
executioner 1,560648 0,000429
executive 1,171183 0,000322
executor 2,120264 0,000583
exemplum 3,912023 0,001076
exempt 0,371064 0,000102
exempted 1,771957 0,000487
exemption 2,302585 0,000633
exempts 2,995732 0,000824
exercise 0,287682 0,000079
exercised 0,867501 0,000239
exercises 0,891598 0,000245
exercising 1,514128 0,000416
exhorted 1,832581 0,000504
exigencies 2,207275 0,000607
exists 0,235722 0,000065
exorbitant 1,771957 0,000487
expect 0,186330 0,000051
expectation 0,462035 0,000127
expected 0,105361 0,000029
expend 0,462035 0,000127
expense 0,150823 0,000041
expenses 0,210721 0,000058
experience 0,083382 0,000023
experiment 0,733969 0,000202
experiments 0,967584 0,000266
explanation 0,139262 0,000038
explicit 1,347074 0,000370
exporting 0,510826 0,000140
expose 0,755023 0,000208
exposed 0,301105 0,000083
express 0,127833 0,000035
expresses 1,139434 0,000313
expression 0,127833 0,000035
expressions 0,634878 0,000175
expressly 0,820981 0,000226
extemporary 3,912023 0,001076
extend 0,867501 0,000239
extended 0,446287 0,000123
extending 0,820981 0,000226
extends 1,139434 0,000313
extent 0,083382 0,000023
external 0,562119 0,000155
extorted 1,714798 0,000472
extorting 2,813411 0,000774
extorts 3,218876 0,000885
extravagancy 3,912023 0,001076
eye 0,030459 0,000008
fabric 1,427116 0,000392
facility 0,356675 0,000098
facit 3,912023 0,001076
faction 1,897120 0,000522
factions 1,832581 0,000504
factious 2,207275 0,000607
facto 2,659260 0,000731
factum 3,506558 0,000964
faculties 0,693147 0,000191
fail 0,235722 0,000065
fails 0,891598 0,000245
fain 0,967584 0,000266
fair 0,051293 0,000014
faith 0,210721 0,000058
fall 0,020203 0,000006
falls 0,328504 0,000090
false 0,210721 0,000058
fame 0,478036 0,000131
familiar 0,150823 0,000041
families 0,430783 0,000118
family 0,072571 0,000020
fancies 0,733969 0,000202
fancy 0,198451 0,000055
fantastical 2,995732 0,000824
farthing 1,347074 0,000370
fashion 0,174353 0,000048
fatal 0,342490 0,000094
fate 0,174353 0,000048
father 0,072571 0,000020
fatherhood 3,912023 0,001076
fatherly 1,966113 0,000541
fathers 0,478036 0,000131
fault 0,162519 0,000045
faults 0,693147 0,000191
favourable 0,776529 0,000214
favoured 1,021651 0,000281
favourite 0,653926 0,000180
favours 1,272966 0,000350
fealty 3,506558 0,000964
fear 0,020203 0,000006
feared 0,235722 0,000065
fears 0,274437 0,000075
federal 0,527633 0,000145
federative 3,912023 0,001076
fee 0,342490 0,000094
feeblest 2,813411 0,000774
feed 0,462035 0,000127
feeding 0,616186 0,000169
feeds 1,660731 0,000457
feel 0,020203 0,000006
feeling 0,105361 0,000029
fees 0,415515 0,000114
felicity 1,309333 0,000360
fell 0,051293 0,000014
felled 1,309333 0,000360
fellow 0,051293 0,000014
fellowship 1,237874 0,000340
female 0,385662 0,000106
fence 0,891598 0,000245
fences 1,560648 0,000429
ferment 2,207275 0,000607
fertile 1,021651 0,000281
fiat 2,995732 0,000824
fide 2,813411 0,000774
fiduciary 3,912023 0,001076
fight 0,162519 0,000045
fighting 0,342490 0,000094
file 0,235722 0,000065
files 0,478036 0,000131
filial 1,309333 0,000360
filmer 3,912023 0,001076
finally 0,150823 0,000041
financial 0,415515 0,000114
finis 2,813411 0,000774
firm 0,274437 0,000075
fish 0,314711 0,000087
fit 0,061875 0,000017
fitness 0,446287 0,000123
fitted 0,261365 0,000072
fitter 1,832581 0,000504
fittest 2,120264 0,000583
fixed 1,272966 0,000350
flatter 0,713350 0,000196
flattered 0,843970 0,000232
flatterers 1,897120 0,000522
flattery 0,891598 0,000245
flesh 0,210721 0,000058
flocks 1,108663 0,000305
florida 2,407946 0,000662
flourish 0,994252 0,000273
flourishing 1,021651 0,000281
flows 0,941609 0,000259
flux 2,302585 0,000633
follow 0,020203 0,000006
followers 0,755023 0,000208
folly 0,301105 0,000083
food 0,127833 0,000035
foolish 0,235722 0,000065
footsteps 0,478036 0,000131
forasmuch 2,302585 0,000633
force 0,061875 0,000017
forced 0,139262 0,000038
forces 0,462035 0,000127
fore 0,755023 0,000208
foregoing 1,714798 0,000472
foreign 0,301105 0,000083
foreigners 1,237874 0,000340
foresee 1,049822 0,000289
foresight 1,139434 0,000313
forfeit 1,660731 0,000457
forfeited 1,660731 0,000457
forfeits 2,995732 0,000824
forfeiture 2,525729 0,000695
forget 0,072571 0,000020
form 0,040822 0,000011
format 0,562119 0,000155
formats 0,562119 0,000155
forms 0,248461 0,000068
forte 1,897120 0,000522
fortescue 3,218876 0,000885
fortunate 0,415515 0,000114
fortunes 0,616186 0,000169
forwards 1,237874 0,000340
foster 1,171183 0,000322
fought 0,371064 0,000102
foundation 0,174353 0,000048
foundations 0,843970 0,000232
founders 1,966113 0,000541
fountain 0,713350 0,000196
fourthly 1,832581 0,000504
foxes 1,832581 0,000504
frailty 2,302585 0,000633
frame 0,235722 0,000065
framed 0,916291 0,000252
framers 3,218876 0,000885
framing 1,897120 0,000522
france 0,544727 0,000150
fraud 1,078810 0,000297
freedom 0,223144 0,000061
freely 0,105361 0,000029
freeman 1,897120 0,000522
freemen 2,659260 0,000731
french 0,342490 0,000094
frequent 0,342490 0,000094
frequently 0,287682 0,000079
friend 0,040822 0,000011
friends 0,020203 0,000006
friendship 0,287682 0,000079
fruit 0,274437 0,000075
fruitful 1,171183 0,000322
fruitless 1,049822 0,000289
fruits 0,446287 0,000123
function 1,347074 0,000370
fundamental 1,237874 0,000340
furnish 0,579818 0,000159
furnished 0,328504 0,000090
furnishes 1,560648 0,000429
fury 0,328504 0,000090
future 0,105361 0,000029
gain 0,174353 0,000048
galley 1,609438 0,000443
garden 0,198451 0,000055
gathered 0,150823 0,000041
gathering 0,430783 0,000118
generation 0,510826 0,000140
generations 0,198451 0,000055
gentle 0,274437 0,000075
gentleman 0,301105 0,000083
genuine 0,597837 0,000164
gideon 2,302585 0,000633
glad 0,072571 0,000020
gladly 0,544727 0,000150
glib 2,813411 0,000774
goals 0,544727 0,000150
god 0,094311 0,000026
godlike 1,771957 0,000487
gold 0,083382 0,000023
golden 0,342490 0,000094
goodness 0,328504 0,000090
gospel 1,021651 0,000281
govern 0,342490 0,000094
governed 1,049822 0,000289
governing 1,714798 0,000472
government 0,494296 0,000136
governments 1,469676 0,000404
governor 0,820981 0,000226
governors 1,514128 0,000416
governs 1,660731 0,000457
gowan 3,912023 0,001076
grand 0,342490 0,000094
grant 0,371064 0,000102
granted 0,150823 0,000041
granting 1,203973 0,000331
grants 1,897120 0,000522
grasp 0,385662 0,000106
grass 0,314711 0,000087
gratefully 0,415515 0,000114
gratitude 0,478036 0,000131
greatly 0,210721 0,000058
greatness 0,693147 0,000191
grecian 1,427116 0,000392
grew 0,139262 0,000038
grievances 1,966113 0,000541
grieve 0,916291 0,000252
groaned 1,021651 0,000281
gross 0,235722 0,000065
ground 0,030459 0,000008
grounded 1,560648 0,000429
grounds 0,446287 0,000123
grow 0,139262 0,000038
growing 0,174353 0,000048
grown 0,116534 0,000032
growth 0,462035 0,000127
guard 0,174353 0,000048
guarded 0,597837 0,000164
guardian 0,693147 0,000191
guardians 1,427116 0,000392
guards 0,673345 0,000185
guide 0,261365 0,000072
guided 0,462035 0,000127
guilt 0,544727 0,000150
guilty 0,356675 0,000098
habet 2,995732 0,000824
habitations 1,660731 0,000457
haec 3,912023 0,001076
hand 0,010050 0,000003
hands 0,020203 0,000006
hang 0,400478 0,000110
happen 0,150823 0,000041
happened 0,094311 0,000026
happening 0,634878 0,000175
happier 0,544727 0,000150
happiness 0,150823 0,000041
happy 0,072571 0,000020
harass 1,714798 0,000472
harbours 2,207275 0,000607
hard 0,040822 0,000011
hardship 1,108663 0,000305
hare 1,203973 0,000331
harm 0,210721 0,000058
harmless 0,248461 0,000068
harshness 1,560648 0,000429
hart 0,462035 0,000127
harvest 0,755023 0,000208
hast 0,891598 0,000245
hasty 0,510826 0,000140
hath 2,040221 0,000561
hatred 0,494296 0,000136
hazard 1,021651 0,000281
head 0,000000 0,000000
heads 0,094311 0,000026
heady 3,218876 0,000885
health 0,198451 0,000055
healthy 0,356675 0,000098
heap 0,494296 0,000136
hear 0,010050 0,000003
heard 0,020203 0,000006
hearken 1,897120 0,000522
heart 0,010050 0,000003
hearts 0,261365 0,000072
heat 0,274437 0,000075
heats 2,302585 0,000633
heaven 0,198451 0,000055
heavy 0,030459 0,000008
hedges 1,108663 0,000305
heinousness 3,506558 0,000964
heir 0,653926 0,000180
heirs 1,203973 0,000331
held 0,040822 0,000011
helpless 0,328504 0,000090
hen 1,560648 0,000429
herd 0,713350 0,000196
herds 1,237874 0,000340
hereditary 1,108663 0,000305
hereunto 3,218876 0,000885
heroes 0,713350 0,000196
hezekiah 2,995732 0,000824
hidden 0,248461 0,000068
highly 0,261365 0,000072
highway 1,108663 0,000305
hinder 0,820981 0,000226
hindered 1,347074 0,000370
hinders 1,897120 0,000522
hindrance 1,139434 0,000313
history 0,186330 0,000051
hitherto 0,385662 0,000106
hoard 1,771957 0,000487
hoarded 2,207275 0,000607
hoc 2,302585 0,000633
hold 0,020203 0,000006
holder 0,446287 0,000123
holds 0,342490 0,000094
holland 1,514128 0,000416
homage 1,078810 0,000297
honest 0,235722 0,000065
honesty 0,733969 0,000202
honour 0,510826 0,000140
honouring 2,040221 0,000561
hook 0,798508 0,000220
hooker 2,813411 0,000774
hope 0,010050 0,000003
hoped 0,210721 0,000058
hopes 0,210721 0,000058
horse 0,162519 0,000045
horses 0,261365 0,000072
hostile 0,776529 0,000214
house 0,020203 0,000006
housing 2,040221 0,000561
hubba 3,912023 0,001076
huic 3,506558 0,000964
human 0,083382 0,000023
humour 0,733969 0,000202
hundredth 1,347074 0,000370
hundredths 3,218876 0,000885
hunting 0,462035 0,000127
hurt 0,198451 0,000055
hurtful 1,714798 0,000472
hurting 1,309333 0,000360
husband 0,248461 0,000068
husbandry 1,966113 0,000541
hymen 2,659260 0,000731
hypothesis 1,272966 0,000350
ibid 2,813411 0,000774
identification 0,527633 0,000145
identify 0,415515 0,000114
igitur 3,218876 0,000885
ignorance 0,287682 0,000079
ignorant 0,301105 0,000083
iii 0,287682 0,000079
illegal 1,660731 0,000457
image 0,371064 0,000102
imaginary 0,755023 0,000208
imagine 0,139262 0,000038
imagined 0,287682 0,000079
imbodied 3,506558 0,000964
impair 2,302585 0,000633
impartial 1,237874 0,000340
imperfect 0,673345 0,000185
imperfection 1,560648 0,000429
imperfections 1,771957 0,000487
imperious 1,237874 0,000340
imperiously 1,966113 0,000541
imperium 3,218876 0,000885
impertinent 1,171183 0,000322
implanted 1,832581 0,000504
implied 0,371064 0,000102
impose 0,941609 0,000259
imposed 0,210721 0,000058
impositions 2,525729 0,000695
impossibility 1,021651 0,000281
impossible 0,094311 0,000026
impoverish 3,506558 0,000964
impower 3,506558 0,000964
impowered 3,912023 0,001076
impowers 3,912023 0,001076
impracticable 1,237874 0,000340
improbable 1,021651 0,000281
improve 0,733969 0,000202
improved 0,562119 0,000155
improvement 0,673345 0,000185
improvements 1,139434 0,000313
improves 2,120264 0,000583
improving 1,049822 0,000289
impunity 1,347074 0,000370
imputed 1,609438 0,000443
inaccurate 0,510826 0,000140
inauguration 2,813411 0,000774
incapable 0,562119 0,000155
incident 0,527633 0,000145
incidental 0,446287 0,000123
inclination 0,579818 0,000159
inclinations 1,309333 0,000360
inclose 2,995732 0,000824
inclosed 2,040221 0,000561
incloses 3,912023 0,001076
include 0,274437 0,000075
included 0,162519 0,000045
includes 0,462035 0,000127
including 0,139262 0,000038
incomplete 0,301105 0,000083
inconsiderable 1,560648 0,000429
inconsistencies 1,714798 0,000472
inconsistent 1,272966 0,000350
inconstant 2,120264 0,000583
inconvenience 1,078810 0,000297
inconveniences 2,120264 0,000583
inconveniencies 3,506558 0,000964
inconveniency 2,659260 0,000731
inconvenient 1,237874 0,000340
incorporate 2,302585 0,000633
incorporated 1,771957 0,000487
incorporates 3,912023 0,001076
increase 0,287682 0,000079
increased 0,248461 0,000068
increasing 0,127833 0,000035
incumbent 1,714798 0,000472
inde 2,813411 0,000774
indefinitely 1,469676 0,000404
indemnify 0,527633 0,000145
indemnity 0,527633 0,000145
independent 0,510826 0,000140
indian 0,597837 0,000164
indianapolis 3,506558 0,000964
indians 1,108663 0,000305
indifferent 0,400478 0,000110
indifferently 1,049822 0,000289
indirect 0,446287 0,000123
indirectly 0,371064 0,000102
indiscretion 1,469676 0,000404
indispensable 0,843970 0,000232
indispensably 2,302585 0,000633
individual 0,150823 0,000041
individuals 0,673345 0,000185
induced 0,527633 0,000145
inducement 1,469676 0,000404
industrious 1,078810 0,000297
industry 0,867501 0,000239
inequality 1,560648 0,000429
inevitably 0,843970 0,000232
infancies 3,912023 0,001076
infancy 0,916291 0,000252
infants 1,171183 0,000322
inferior 0,597837 0,000164
infinite 0,430783 0,000118
infinitely 0,673345 0,000185
infirmities 1,966113 0,000541
inflexible 1,771957 0,000487
influence 0,198451 0,000055
inform 0,510826 0,000140
informed 0,371064 0,000102
infringement 0,544727 0,000150
ingross 3,912023 0,001076
inhabit 1,203973 0,000331
inhabitants 0,446287 0,000123
inhabited 0,713350 0,000196
inherit 1,203973 0,000331
inheritance 0,798508 0,000220
injure 0,941609 0,000259
injured 0,579818 0,000159
injures 2,207275 0,000607
injuria 3,506558 0,000964
injuries 0,916291 0,000252
injurious 1,427116 0,000392
injury 0,446287 0,000123
injustice 0,673345 0,000185
inland 1,469676 0,000404
innocence 0,634878 0,000175
innocent 0,186330 0,000051
innocents 2,120264 0,000583
inquire 0,494296 0,000136
inroad 2,525729 0,000695
inroads 2,207275 0,000607
insensible 0,843970 0,000232
insensibly 1,386294 0,000381
inseparable 1,203973 0,000331
inseparably 1,966113 0,000541
insignificant 0,891598 0,000245
insolence 0,994252 0,000273
insolent 0,941609 0,000259
inspiration 0,867501 0,000239
instance 0,150823 0,000041
instances 0,653926 0,000180
instant 0,210721 0,000058
instituted 1,514128 0,000416
institution 0,820981 0,000226
instruct 1,078810 0,000297
instructed 0,713350 0,000196
instruction 0,713350 0,000196
instrument 0,356675 0,000098
instruments 0,527633 0,000145
intellectual 0,235722 0,000065
intelligent 0,342490 0,000094
intelligible 1,021651 0,000281
intend 0,494296 0,000136
intended 0,174353 0,000048
intending 0,733969 0,000202
intends 1,347074 0,000370
intent 0,527633 0,000145
intention 0,186330 0,000051
intercepted 1,771957 0,000487
internal 0,261365 0,000072
international 0,494296 0,000136
interpose 1,897120 0,000522
interposed 1,139434 0,000313
interpreted 0,274437 0,000075
interpreter 1,171183 0,000322
interregnum 2,995732 0,000824
interval 0,579818 0,000159
intervals 0,510826 0,000140
intervened 1,347074 0,000370
intestine 2,407946 0,000662
intire 3,506558 0,000964
intitled 3,912023 0,001076
intolerable 0,673345 0,000185
intrench 3,218876 0,000885
intricate 1,078810 0,000297
intrinsic 2,407946 0,000662
introduce 0,562119 0,000155
introduced 0,356675 0,000098
introduces 1,897120 0,000522
introducing 1,108663 0,000305
introduction 0,400478 0,000110
intrust 2,525729 0,000695
intrusted 2,040221 0,000561
invade 1,347074 0,000370
invaded 1,237874 0,000340
invades 3,218876 0,000885
invading 1,660731 0,000457
invalidate 2,995732 0,000824
invalidity 0,527633 0,000145
invasion 1,469676 0,000404
invasions 2,995732 0,000824
invested 1,203973 0,000331
involves 1,832581 0,000504
inwardly 0,798508 0,000220
ipse 3,506558 0,000964
ipso 2,995732 0,000824
iron 0,198451 0,000055
irregular 0,733969 0,000202
irreparable 1,832581 0,000504
irs 0,562119 0,000155
island 0,400478 0,000110
israel 1,386294 0,000381
israelites 2,207275 0,000607
issue 0,462035 0,000127
ita 3,218876 0,000885
italy 0,820981 0,000226
iv 0,328504 0,000090
ix 0,494296 0,000136
jam 1,609438 0,000443
james 0,673345 0,000185
jews 1,078810 0,000297
john 0,328504 0,000090
joint 0,673345 0,000185
jointly 2,407946 0,000662
jot 2,207275 0,000607
judah 2,302585 0,000633
judge 0,116534 0,000032
judged 0,430783 0,000118
judges 0,597837 0,000164
judging 0,713350 0,000196
judgment 0,198451 0,000055
judgments 1,237874 0,000340
judicature 2,525729 0,000695
judicial 1,309333 0,000360
judicious 1,139434 0,000313
jugulum 3,912023 0,001076
jumbled 2,207275 0,000607
jupiter 1,560648 0,000429
jure 3,218876 0,000885
juris 3,218876 0,000885
jurisdiction 1,609438 0,000443
jurisdictions 2,813411 0,000774
jus 3,218876 0,000885
justice 0,162519 0,000045
justifiable 2,040221 0,000561
justify 0,693147 0,000191
justin 3,218876 0,000885
justly 0,653926 0,000180
juvenal 2,659260 0,000731
keeping 1,078810 0,000297
kill 0,127833 0,000035
killed 0,223144 0,000061
kindness 0,287682 0,000079
king 0,223144 0,000061
kingdom 0,494296 0,000136
kingdoms 1,108663 0,000305
kingly 2,040221 0,000561
kings 0,527633 0,000145
knock 0,616186 0,000169
knot 0,673345 0,000185
knowledge 0,061875 0,000017
laborious 1,171183 0,000322
labour 0,634878 0,000175
labourer 1,832581 0,000504
laid 0,072571 0,000020
lake 0,210721 0,000058
lamb 0,776529 0,000214
land 0,072571 0,000020
lands 0,544727 0,000150
language 0,072571 0,000020
largeness 1,897120 0,000522
lasting 1,771957 0,000487
late 0,094311 0,000026
latins 2,407946 0,000662
latitude 1,309333 0,000360
laurels 1,771957 0,000487
law 0,030459 0,000008
lawful 1,078810 0,000297
lawfully 2,040221 0,000561
lawfulness 3,506558 0,000964
lawmaking 3,912023 0,001076
laws 0,083382 0,000023
lay 0,051293 0,000014
laying 0,274437 0,000075
lays 0,798508 0,000220
lead 0,083382 0,000023
leader 0,462035 0,000127
leaders 0,820981 0,000226
leads 0,462035 0,000127
league 0,916291 0,000252
leagues 1,347074 0,000370
leaks 2,525729 0,000695
learn 0,020203 0,000006
learned 0,105361 0,000029
learning 0,301105 0,000083
leather 0,544727 0,000150
leave 0,000000 0,000000
leaves 0,094311 0,000026
led 0,040822 0,000011
left 0,000000 0,000000
legal 0,261365 0,000072
legally 0,342490 0,000094
legislative 1,771957 0,000487
legislator 2,120264 0,000583
legislators 2,040221 0,000561
legislature 2,120264 0,000583
leisure 0,579818 0,000159
lessen 1,171183 0,000322
lessens 2,525729 0,000695
letter 0,116534 0,000032
letters 0,198451 0,000055
lev 3,506558 0,000964
level 0,274437 0,000075
levels 1,966113 0,000541
leviathan 2,659260 0,000731
levy 2,120264 0,000583
lex 2,995732 0,000824
liability 0,462035 0,000127
liable 0,235722 0,000065
lib 2,659260 0,000731
liber 3,506558 0,000964
liberal 0,616186 0,000169
liberally 1,347074 0,000370
libertas 3,912023 0,001076
liberties 1,309333 0,000360
liberty 0,223144 0,000061
liberum 3,506558 0,000964
library 0,223144 0,000061
licence 1,560648 0,000429
license 0,301105 0,000083
licensed 0,430783 0,000118
licentious 2,120264 0,000583
lie 0,040822 0,000011
lies 0,162519 0,000045
lieu 0,415515 0,000114
life -0,009950 -0,000003
lifetime 0,867501 0,000239
light 0,010050 0,000003
lighted 0,261365 0,000072
limb 0,798508 0,000220
limbs 0,274437 0,000075
lime 1,514128 0,000416
limit 0,673345 0,000185
limitation 0,478036 0,000131
limitations 1,660731 0,000457
limited 0,261365 0,000072
limiting 2,407946 0,000662
limits 0,494296 0,000136
linked 0,385662 0,000106
links 0,415515 0,000114
lion 0,713350 0,000196
lions 1,021651 0,000281
lists 1,469676 0,000404
literary 0,287682 0,000079
live 0,010050 0,000003
lived 0,061875 0,000017
lives 0,072571 0,000020
living 0,020203 0,000006
loaf 1,171183 0,000322
local 0,713350 0,000196
located 0,400478 0,000110
locations 0,544727 0,000150
lodged 0,776529 0,000214
lodges 1,609438 0,000443
lodging 0,776529 0,000214
london 0,415515 0,000114
loose 0,105361 0,000029
loosen 1,514128 0,000416
lord 0,223144 0,000061
lords 0,843970 0,000232
lose 0,094311 0,000026
loses 0,916291 0,000252
loss 0,094311 0,000026
losses 1,386294 0,000381
lost 0,020203 0,000006
lot 0,061875 0,000017
loudly 0,400478 0,000110
love 0,051293 0,000014
loved 0,198451 0,000055
loves 0,562119 0,000155
lunatics 2,207275 0,000607
lure 1,609438 0,000443
lust 0,891598 0,000245
luxury 0,527633 0,000145
lying 0,061875 0,000017
machine 0,248461 0,000068
mad 0,261365 0,000072
madmen 1,897120 0,000522
magistrate 0,994252 0,000273
magistrates 1,347074 0,000370
maim 2,525729 0,000695
main 0,127833 0,000035
maintain 0,562119 0,000155
maintained 0,653926 0,000180
maintaining 0,235722 0,000065
maintains 1,427116 0,000392
maintenance 1,171183 0,000322
majority 0,597837 0,000164
maker 0,867501 0,000239
makers 1,309333 0,000360
maladministration 3,506558 0,000964
malcontent 3,218876 0,000885
male 0,597837 0,000164
malice 0,776529 0,000214
malum 3,506558 0,000964
manage 0,462035 0,000127
managed 0,342490 0,000094
management 0,843970 0,000232
manager 0,653926 0,000180
managing 1,386294 0,000381
manet 3,506558 0,000964
mangle 2,207275 0,000607
manifest 0,755023 0,000208
manifestly 1,469676 0,000404
mankind 0,478036 0,000131
manner 0,040822 0,000011
manners 0,274437 0,000075
march 0,274437 0,000075
marked 0,061875 0,000017
marriage 0,314711 0,000087
martial 1,469676 0,000404
master 0,083382 0,000023
mastered 0,967584 0,000266
masters 0,446287 0,000123
masts 1,272966 0,000350
materials 0,733969 0,000202
mates 1,309333 0,000360
matrimony 1,771957 0,000487
matter 0,010050 0,000003
mature 1,272966 0,000350
maturity 1,427116 0,000392
maxims 1,427116 0,000392
maximum 0,478036 0,000131
measure 0,301105 0,000083
measured 0,579818 0,000159
measures 0,579818 0,000159
meat 0,356675 0,000098
meddle 1,078810 0,000297
meditator 3,912023 0,001076
medium 0,223144 0,000061
meet 0,010050 0,000003
meeting 0,186330 0,000051
meetings 0,916291 0,000252
memory 0,174353 0,000048
mentioned 0,223144 0,000061
merchantability 0,994252 0,000273
mercy 0,223144 0,000061
mere 0,094311 0,000026
merit 0,544727 0,000150
met 0,040822 0,000011
metal 0,597837 0,000164
metals 1,427116 0,000392
method 0,094311 0,000026
methods 0,210721 0,000058
mexico 1,660731 0,000457
michael 0,400478 0,000110
middle 0,030459 0,000008
mightily 1,469676 0,000404
mighty 0,328504 0,000090
milton 1,609438 0,000443
mind 0,020203 0,000006
mindful 1,514128 0,000416
minds 0,235722 0,000065
ministerial 2,659260 0,000731
ministerially 3,912023 0,001076
ministers 0,776529 0,000214
minor 0,733969 0,000202
minority 1,386294 0,000381
misapply 3,912023 0,001076
miscarriages 3,506558 0,000964
mischief 0,494296 0,000136
mischiefs 2,525729 0,000695
miscite 3,912023 0,001076
miserable 0,210721 0,000058
miseries 0,967584 0,000266
misery 0,301105 0,000083
misled 1,139434 0,000313
mismanagement 2,407946 0,000662
mission 0,210721 0,000058
mississippi 0,415515 0,000114
mistake 0,223144 0,000061
mistaken 0,261365 0,000072
mistakes 0,755023 0,000208
mistress 0,510826 0,000140
misuse 2,302585 0,000633
mitigate 2,207275 0,000607
mixed 0,385662 0,000106
mixing 1,272966 0,000350
mixture 0,616186 0,000169
mockery 0,941609 0,000259
model 0,634878 0,000175
moderate 0,653926 0,000180
moderated 2,207275 0,000607
modest 0,371064 0,000102
modicum 2,302585 0,000633
modification 0,494296 0,000136
modified 0,385662 0,000106
modo 2,995732 0,000824
moment 0,010050 0,000003
monarch 1,171183 0,000322
monarchical 2,407946 0,000662
monarchies 2,207275 0,000607
monarchs 1,771957 0,000487
monarchy 1,897120 0,000522
money 0,051293 0,000014
morrow 0,328504 0,000090
moss 1,049822 0,000289
mother 0,072571 0,000020
mould 0,891598 0,000245
mount 0,494296 0,000136
mouth 0,105361 0,000029
multiplicity 1,714798 0,000472
multiplied 1,309333 0,000360
multiply 1,272966 0,000350
multitude 0,446287 0,000123
multitudes 1,203973 0,000331
municipal 2,040221 0,000561
murder 0,314711 0,000087
murderer 0,733969 0,000202
murmur 0,494296 0,000136
mutiny 1,469676 0,000404
mutual 0,510826 0,000140
mutually 1,386294 0,000381
mystery 0,301105 0,000083
nam 2,525729 0,000695
narrow 0,105361 0,000029
narrowness 1,560648 0,000429
nation 0,579818 0,000159
nations 0,673345 0,000185
native 0,328504 0,000090
natura 2,995732 0,000824
natural 0,094311 0,000026
naturally 0,210721 0,000058
nature 0,094311 0,000026
nearer 0,400478 0,000110
necessities 1,203973 0,000331
necessity 0,261365 0,000072
neck 0,186330 0,000051
needful 1,108663 0,000305
needy 1,660731 0,000457
neglect 0,494296 0,000136
neglected 0,400478 0,000110
neglects 2,040221 0,000561
negligence 0,415515 0,000114
negligent 1,609438 0,000443
neighbour 0,653926 0,000180
neighbourhood 0,776529 0,000214
neighbours 0,713350 0,000196
nest 0,733969 0,000202
network 0,415515 0,000114
newsletter 0,562119 0,000155
nice 0,400478 0,000110
night 0,010050 0,000003
nisi 3,218876 0,000885
noah 1,514128 0,000416
nobility 0,755023 0,000208
nobler 1,171183 0,000322
noise 0,139262 0,000038
nominating 2,995732 0,000824
nonage 3,506558 0,000964
nonproprietary 0,562119 0,000155
nonsense 0,478036 0,000131
norman 1,966113 0,000541
normans 2,995732 0,000824
north 0,083382 0,000023
note 0,127833 0,000035
notice 0,030459 0,000008
notifies 0,527633 0,000145
notion 0,371064 0,000102
notions 0,776529 0,000214
nourish 1,386294 0,000381
nourished 1,660731 0,000457
nourishes 2,659260 0,000731
nourishment 0,994252 0,000273
novas 3,912023 0,001076
noxious 1,897120 0,000522
nullum 3,912023 0,001076
num 3,218876 0,000885
numerous 0,235722 0,000065
nurse 0,478036 0,000131
nursing 0,867501 0,000239
nuts 1,049822 0,000289
oak 0,673345 0,000185
oath 0,510826 0,000140
oaths 0,891598 0,000245
obedience 0,494296 0,000136
obey 0,400478 0,000110
obeyed 0,579818 0,000159
obeying 0,941609 0,000259
objected 0,755023 0,000208
objection 0,616186 0,000169
objections 0,820981 0,000226
obligation 0,843970 0,000232
obligations 1,021651 0,000281
oblige 0,967584 0,000266
obliged 0,287682 0,000079
obliges 2,302585 0,000633
obscure 0,544727 0,000150
obscurities 2,207275 0,000607
observance 1,514128 0,000416
observation 0,446287 0,000123
observations 0,867501 0,000239
observe 0,235722 0,000065
observed 0,162519 0,000045
observers 1,609438 0,000443
observing 0,510826 0,000140
obsolete 0,446287 0,000123
obstinate 0,713350 0,000196
obstructed 1,714798 0,000472
obvious 0,415515 0,000114
occasion 0,105361 0,000029
occasional 0,510826 0,000140
occasioned 0,798508 0,000220
occasions 0,430783 0,000118
occur 0,150823 0,000041
occurrences 1,386294 0,000381
ocean 0,430783 0,000118
odd 0,385662 0,000106
oddly 1,469676 0,000404
odds 1,108663 0,000305
odium 2,525729 0,000695
offence 0,579818 0,000159
offences 1,427116 0,000392
offended 0,616186 0,000169
offender 1,514128 0,000416
offenders 1,966113 0,000541
offending 1,309333 0,000360
offer 0,162519 0,000045
offered 0,139262 0,000038
offers 0,198451 0,000055
office 0,072571 0,000020
officer 0,478036 0,000131
officers 0,494296 0,000136
offices 0,510826 0,000140
official 0,235722 0,000065
offspring 0,994252 0,000273
oftener 1,049822 0,000289
oil 0,527633 0,000145
oligarchy 2,659260 0,000731
omit 1,021651 0,000281
omni 2,813411 0,000774
omnipotency 3,506558 0,000964
omnipotent 1,660731 0,000457
online 0,510826 0,000140
openly 0,494296 0,000136
operates 2,040221 0,000561
operators 2,813411 0,000774
opinion 0,139262 0,000038
opinions 0,527633 0,000145
opportunities 0,235722 0,000065
opportunity 0,061875 0,000017
oppose 0,733969 0,000202
opposed 0,653926 0,000180
opposers 3,218876 0,000885
opposes 2,407946 0,000662
opposing 0,891598 0,000245
opposition 0,494296 0,000136
oppress 1,771957 0,000487
oppressed 0,693147 0,000191
oppression 0,916291 0,000252
oppressors 2,040221 0,000561
oracles 1,771957 0,000487
ordained 1,108663 0,000305
ordaining 2,995732 0,000824
ordains 1,897120 0,000522
ordinance 1,714798 0,000472
ordinarily 1,469676 0,000404
ordinary 0,186330 0,000051
ore 1,832581 0,000504
organized 0,356675 0,000098
original 0,105361 0,000029
originally 0,673345 0,000185
originals 2,207275 0,000607
originator 0,527633 0,000145
outdated 0,562119 0,000155
outlast 2,995732 0,000824
outlived 2,302585 0,000633
outward 0,579818 0,000159
outweigh 1,832581 0,000504
oven 1,469676 0,000404
overcomes 2,302585 0,000633
overplus 2,659260 0,000731
overrun 1,660731 0,000457
overthrown 1,469676 0,000404
overturn 2,120264 0,000583
overturning 2,040221 0,000561
overturns 3,218876 0,000885
owe 0,494296 0,000136
owed 0,139262 0,000038
owen 2,995732 0,000824
owes 1,139434 0,000313
owner 0,116534 0,000032
oxen 1,427116 0,000392
paction 3,912023 0,001076
paid 0,061875 0,000017
pains 0,301105 0,000083
paper 0,083382 0,000023
paperback 3,912023 0,001076
papers 0,385662 0,000106
paperwork 0,562119 0,000155
paragraph 0,328504 0,000090
paragraphs 0,494296 0,000136
paramount 1,714798 0,000472
parcel 1,139434 0,000313
parcels 1,560648 0,000429
pardon 0,301105 0,000083
parental 1,514128 0,000416
parents 0,314711 0,000087
parish 0,916291 0,000252
parliament 1,049822 0,000289
parliaments 2,995732 0,000824
partage 3,912023 0,001076
partake 1,171183 0,000322
partial 0,733969 0,000202
partiality 1,427116 0,000392
particulars 0,776529 0,000214
parties 0,371064 0,000102
party 0,061875 0,000017
pass 0,040822 0,000011
passed 0,040822 0,000011
passes 0,415515 0,000114
passion 0,186330 0,000051
passionate 0,634878 0,000175
passive 0,941609 0,000259
pasturage 3,218876 0,000885
pasture 1,203973 0,000331
paterfamilias 3,912023 0,001076
paternal 1,171183 0,000322
patience 0,139262 0,000038
patriarch 1,897120 0,000522
patron 0,867501 0,000239
pattern 0,693147 0,000191
pauperis 3,912023 0,001076
pay 0,051293 0,000014
paying 0,116534 0,000032
payments 0,415515 0,000114
peace 0,094311 0,000026
peaceable 1,347074 0,000370
peaceably 1,714798 0,000472
peaceful 0,478036 0,000131
pebble 1,966113 0,000541
peculiar 0,223144 0,000061
penalties 1,514128 0,000416
pence 1,560648 0,000429
penny 0,755023 0,000208
penury 2,120264 0,000583
people 0,010050 0,000003
peopled 1,514128 0,000416
peoples 1,514128 0,000416
peopling 2,995732 0,000824
perceive 0,356675 0,000098
perdition 1,832581 0,000504
perfect 0,072571 0,000020
perfecting 1,966113 0,000541
perfection 0,478036 0,000131
perfectly 0,162519 0,000045
perform 0,150823 0,000041
performances 0,314711 0,000087
performed 0,127833 0,000035
performing 0,261365 0,000072
perilous 0,798508 0,000220
periodic 0,544727 0,000150
periods 0,867501 0,000239
perish 0,733969 0,000202
perishable 2,120264 0,000583
perishableness 3,506558 0,000964
perished 0,733969 0,000202
perishing 1,469676 0,000404
perjured 2,525729 0,000695
permanent 0,223144 0,000061
permission 0,150823 0,000041
permit 0,446287 0,000123
permits 1,427116 0,000392
permitted 0,105361 0,000029
permitting 1,386294 0,000381
perpetual 0,478036 0,000131
perpetually 1,078810 0,000297
person 0,010050 0,000003
personally 0,798508 0,000220
personas 3,912023 0,001076
persons 0,210721 0,000058
persuade 0,446287 0,000123
persuaded 0,527633 0,000145
persuading 1,049822 0,000289
peru 2,207275 0,000607
perverted 1,347074 0,000370
perverting 2,813411 0,000774
pest 1,660731 0,000457
pests 2,995732 0,000824
peter 0,820981 0,000226
petty 0,776529 0,000214
phantom 1,078810 0,000297
philistines 2,407946 0,000662
phrase 0,174353 0,000048
physical 0,198451 0,000055
picked 0,400478 0,000110
piece 0,072571 0,000020
pieces 0,139262 0,000038
piety 1,078810 0,000297
pillaged 1,897120 0,000522
pirates 1,427116 0,000392
pistol 0,941609 0,000259
pitch 0,342490 0,000094
pitched 0,820981 0,000226
pitcher 1,714798 0,000472
pitied 0,891598 0,000245
plain 0,040822 0,000011
plainer 1,660731 0,000457
plainly 0,261365 0,000072
plane 1,309333 0,000360
plant 0,579818 0,000159
planted 0,634878 0,000175
planting 1,560648 0,000429
plants 0,527633 0,000145
plead 0,867501 0,000239
pleased 0,150823 0,000041
pleasure 0,051293 0,000014
plentiful 1,049822 0,000289
plenty 0,235722 0,000065
plough 1,386294 0,000381
plums 2,525729 0,000695
plurality 2,120264 0,000583
pocket 0,371064 0,000102
poison 0,446287 0,000123
pol 3,218876 0,000885
pole 0,597837 0,000164
policy 0,820981 0,000226
politic 2,207275 0,000607
political 0,562119 0,000155
politicians 1,660731 0,000457
politics 0,713350 0,000196
polities 3,506558 0,000964
polity 2,995732 0,000824
polyphemus 2,995732 0,000824
poor 0,030459 0,000008
popular 0,430783 0,000118
populi 3,506558 0,000964
populous 1,386294 0,000381
populum 3,506558 0,000964
populus 3,506558 0,000964
portion 0,356675 0,000098
portions 0,891598 0,000245
positive 0,597837 0,000164
possess 0,356675 0,000098
possessed 0,094311 0,000026
possessing 0,891598 0,000245
possession 0,083382 0,000023
possessions 0,776529 0,000214
possessor 1,139434 0,000313
possessors 2,302585 0,000633
possibility 0,162519 0,000045
post 0,248461 0,000068
posted 0,301105 0,000083
posterity 1,139434 0,000313
posture 1,021651 0,000281
potentate 2,813411 0,000774
potestas 3,912023 0,001076
potestate 3,912023 0,001076
pounds 0,494296 0,000136
pouring 0,693147 0,000191
power 0,030459 0,000008
powerful 0,223144 0,000061
powers 0,248461 0,000068
practicable 1,309333 0,000360
practically 0,235722 0,000065
practice 0,162519 0,000045
praecipuum 3,912023 0,001076
preached 1,237874 0,000340
precede 1,832581 0,000504
precedency 3,218876 0,000885
precedent 1,771957 0,000487
precept 1,609438 0,000443
precipices 1,897120 0,000522
precise 0,776529 0,000214
predecessors 1,609438 0,000443
preengages 3,912023 0,001076
preface 0,733969 0,000202
prefer 0,385662 0,000106
preferable 1,386294 0,000381
preferred 0,342490 0,000094
prefix 2,659260 0,000731
prejudice 0,733969 0,000202
premises 1,021651 0,000281
prepare 0,162519 0,000045
prepared 0,105361 0,000029
prerogative 2,040221 0,000561
prescribe 1,966113 0,000541
prescribed 1,021651 0,000281
prescribes 2,120264 0,000583
prescribing 2,659260 0,000731
prescription 1,966113 0,000541
presently 0,385662 0,000106
preservation 1,049822 0,000289
preserve 0,150823 0,000041
preserved 0,415515 0,000114
preserving 1,171183 0,000322
pressing 0,385662 0,000106
presumed 1,078810 0,000297
presuming 1,714798 0,000472
pretence 0,891598 0,000245
pretences 2,040221 0,000561
pretend 0,446287 0,000123
pretended 0,562119 0,000155
pretends 1,714798 0,000472
prevailed 0,673345 0,000185
prevails 1,427116 0,000392
prevarications 3,912023 0,001076
prevent 0,083382 0,000023
prevented 0,328504 0,000090
preventing 1,237874 0,000340
prevention 2,040221 0,000561
previous 0,094311 0,000026
prey 0,527633 0,000145
pride 0,150823 0,000041
priest 0,634878 0,000175
priests 1,021651 0,000281
prince 0,462035 0,000127
princes 0,843970 0,000232
principal 0,287682 0,000079
principality 2,995732 0,000824
principle 0,430783 0,000118
principles 0,510826 0,000140
print 0,261365 0,000072
printed 0,174353 0,000048
private 0,198451 0,000055
privatum 3,912023 0,001076
privilege 0,527633 0,000145
privileges 1,021651 0,000281
pro 2,040221 0,000561
probable 0,494296 0,000136
proceed 0,301105 0,000083
process 0,400478 0,000110
processing 0,562119 0,000155
proclaimed 0,941609 0,000259
procreation 2,525729 0,000695
procure 0,693147 0,000191
procured 0,733969 0,000202
procuring 1,347074 0,000370
produce 0,127833 0,000035
produced 0,105361 0,000029
produces 0,916291 0,000252
product 1,237874 0,000340
production 0,314711 0,000087
products 1,771957 0,000487
profane 1,203973 0,000331
professor 0,287682 0,000079
profit 0,248461 0,000068
profits 0,314711 0,000087
progenitors 2,207275 0,000607
progresses 2,813411 0,000774
prohibition 0,430783 0,000118
project -0,009950 -0,000003
prominently 0,494296 0,000136
promiscuously 2,525729 0,000695
promise 0,116534 0,000032
promised 0,198451 0,000055
promises 0,510826 0,000140
promote 1,386294 0,000381
promotes 2,525729 0,000695
promoting 0,430783 0,000118
promotion 0,342490 0,000094
promulgated 2,525729 0,000695
proof 0,287682 0,000079
proofread 0,562119 0,000155
proofs 0,798508 0,000220
propagating 2,813411 0,000774
proper 0,061875 0,000017
properest 2,659260 0,000731
properly 0,385662 0,000106
properties 1,203973 0,000331
property 0,127833 0,000035
proportion 0,371064 0,000102
proportionably 2,813411 0,000774
proportionate 1,771957 0,000487
proportions 0,776529 0,000214
propositions 1,771957 0,000487
proprietary 0,562119 0,000155
proprietor 1,139434 0,000313
proprietors 1,514128 0,000416
propriety 0,994252 0,000273
propter 3,218876 0,000885
prosecuting 2,207275 0,000607
prosecution 1,309333 0,000360
prospered 1,714798 0,000472
prosperity 0,820981 0,000226
protect 0,186330 0,000051
protected 0,415515 0,000114
protection 0,314711 0,000087
protectors 1,966113 0,000541
prove 0,174353 0,000048
proved 0,116534 0,000032
provide 0,162519 0,000045
providing 0,261365 0,000072
provision 0,248461 0,000068
provisions 0,223144 0,000061
provocation 1,171183 0,000322
provocations 2,302585 0,000633
prudence 0,713350 0,000196
prudent 0,616186 0,000169
public 0,083382 0,000023
publicly 0,994252 0,000273
published 0,579818 0,000159
publishing 1,771957 0,000487
pull 0,328504 0,000090
pulled 0,371064 0,000102
pulpit 1,203973 0,000331
punish 0,597837 0,000164
punished 0,544727 0,000150
punishes 2,302585 0,000633
punishing 1,714798 0,000472
punishment 0,301105 0,000083
punishments 1,609438 0,000443
punitive 0,562119 0,000155
pupil 0,941609 0,000259
pupilage 3,506558 0,000964
purchase 0,527633 0,000145
pure 0,150823 0,000041
purely 0,713350 0,000196
purifies 2,659260 0,000731
purpose 0,040822 0,000011
purposes 0,478036 0,000131
purse 0,616186 0,000169
pursuant 2,407946 0,000662
pursue 0,510826 0,000140
pursues 1,660731 0,000457
quae 2,995732 0,000824
qualities 0,446287 0,000123
quam 2,995732 0,000824
quarrel 0,328504 0,000090
quarrelling 1,386294 0,000381
quarrels 1,108663 0,000305
quarrelsome 1,771957 0,000487
quarters 0,248461 0,000068
quench 1,309333 0,000360
question 0,051293 0,000014
questioned 0,673345 0,000185
qui 1,469676 0,000404
quia 2,407946 0,000662
quibus 2,995732 0,000824
quick 0,139262 0,000038
quid 1,966113 0,000541
quiet 0,116534 0,000032
quietly 0,261365 0,000072
quit 0,616186 0,000169
quits 2,040221 0,000561
quitted 1,049822 0,000289
quitting 1,386294 0,000381
quod 2,207275 0,000607
quorum 2,813411 0,000774
quotation 1,897120 0,000522
race 0,198451 0,000055
races 0,713350 0,000196
rage 0,261365 0,000072
railing 1,386294 0,000381
raiment 1,714798 0,000472
raise 0,174353 0,000048
rank 0,287682 0,000079
ranks 0,616186 0,000169
rapine 1,966113 0,000541
rare 0,274437 0,000075
rated 1,832581 0,000504
rational 0,867501 0,000239
ravenous 1,514128 0,000416
raving 1,309333 0,000360
reach 0,051293 0,000014
reaches 0,820981 0,000226
reaching 0,083382 0,000023
read 0,020203 0,000006
readable 0,510826 0,000140
reader 0,342490 0,000094
readiest 1,966113 0,000541
reading 0,061875 0,000017
reads 0,867501 0,000239
ready 0,030459 0,000008
real 0,040822 0,000011
reap 1,049822 0,000289
reaped 1,609438 0,000443
reaper 2,813411 0,000774
reason 0,010050 0,000003
reasonable 0,116534 0,000032
reasons 0,223144 0,000061
rebelled 1,832581 0,000504
rebellion 0,967584 0,000266
rebellious 1,049822 0,000289
rebels 1,272966 0,000350
recant 3,506558 0,000964
receipt 0,314711 0,000087
receive 0,083382 0,000023
received 0,040822 0,000011
receives 0,916291 0,000252
receiving 0,116534 0,000032
reciprocal 1,897120 0,000522
reckon 0,693147 0,000191
reckoned 0,653926 0,000180
recompence 2,813411 0,000774
recompensed 2,120264 0,000583
reconcile 0,967584 0,000266
reconciliation 1,049822 0,000289
recorded 0,733969 0,000202
records 0,798508 0,000220
recover 0,356675 0,000098
recovered 0,385662 0,000106
recovering 0,755023 0,000208
rectified 2,407946 0,000662
rectitude 1,897120 0,000522
reddest 3,218876 0,000885
redeemed 1,272966 0,000350
redistribute 0,544727 0,000150
redistributing 0,562119 0,000155
redistribution 0,562119 0,000155
redress 1,714798 0,000472
reduce 0,916291 0,000252
reduced 0,371064 0,000102
refer 0,653926 0,000180
reference 0,562119 0,000155
references 0,430783 0,000118
reflection 0,356675 0,000098
refuge 0,446287 0,000123
refund 0,562119 0,000155
refuses 1,272966 0,000350
refusing 0,776529 0,000214
regal 1,897120 0,000522
regard 0,150823 0,000041
regiment 1,078810 0,000297
registered 0,430783 0,000118
regnum 3,218876 0,000885
regulate 1,469676 0,000404
regulated 1,203973 0,000331
regulates 2,302585 0,000633
regulating 0,415515 0,000114
regulation 1,469676 0,000404
rei 2,813411 0,000774
reign 0,733969 0,000202
reigns 1,347074 0,000370
reinstate 2,659260 0,000731
relation 0,446287 0,000123
relations 0,287682 0,000079
release 0,210721 0,000058
relief 0,198451 0,000055
relieved 0,478036 0,000131
religion 0,446287 0,000123
relying 1,560648 0,000429
remain 0,040822 0,000011
remainder 0,616186 0,000169
remained 0,116534 0,000032
remaining 0,094311 0,000026
remains 0,150823 0,000041
remedies 0,415515 0,000114
remedium 3,912023 0,001076
remedy 0,693147 0,000191
remember 0,083382 0,000023
remiss 2,040221 0,000561
remit 2,525729 0,000695
remove 0,127833 0,000035
removed 0,061875 0,000017
removes 1,832581 0,000504
removing 0,673345 0,000185
renamed 0,562119 0,000155
rendering 0,891598 0,000245
renders 1,347074 0,000370
renew 0,776529 0,000214
renounced 1,427116 0,000392
rent 0,597837 0,000164
repair 0,693147 0,000191
repaired 0,941609 0,000259
reparation 1,832581 0,000504
repeat 0,328504 0,000090
repellant 3,218876 0,000885
repent 0,713350 0,000196
replace 0,342490 0,000094
replacement 0,562119 0,000155
reply 0,174353 0,000048
reported 0,162519 0,000045
reports 0,261365 0,000072
reposed 1,427116 0,000392
representation 1,021651 0,000281
representations 0,356675 0,000098
representative 1,078810 0,000297
representatives 1,386294 0,000381
represented 0,462035 0,000127
representing 0,891598 0,000245
reprinted 1,966113 0,000541
reproach 0,371064 0,000102
republic 1,427116 0,000392
republished 2,407946 0,000662
repugnant 1,771957 0,000487
repulse 1,609438 0,000443
request 0,127833 0,000035
require 0,127833 0,000035
required 0,083382 0,000023
requirements 0,415515 0,000114
requires 0,673345 0,000185
requiring 1,108663 0,000305
requisite 1,108663 0,000305
resemblance 0,755023 0,000208
reservation 1,832581 0,000504
resign 1,203973 0,000331
resigned 0,967584 0,000266
resigning 2,207275 0,000607
resist 0,430783 0,000118
resistance 0,430783 0,000118
resisted 0,776529 0,000214
resisting 1,272966 0,000350
resists 1,771957 0,000487
resolution 0,462035 0,000127
resolutions 1,309333 0,000360
resolve 0,713350 0,000196
resolved 0,342490 0,000094
respect 0,094311 0,000026
respectful 0,755023 0,000208
respects 0,527633 0,000145
responsum 3,912023 0,001076
rest 0,010050 0,000003
restore 0,653926 0,000180
restored 0,385662 0,000106
restorer 2,659260 0,000731
restrain 0,673345 0,000185
restrained 0,776529 0,000214
restraining 1,427116 0,000392
restraint 0,733969 0,000202
restrictions 0,385662 0,000106
resume 0,776529 0,000214
retain 0,597837 0,000164
retains 1,514128 0,000416
retake 3,218876 0,000885
retire 0,673345 0,000185
retract 1,897120 0,000522
retribute 3,912023 0,001076
retribution 1,714798 0,000472
return 0,040822 0,000011
returned 0,061875 0,000017
returns 0,235722 0,000065
revealed 0,415515 0,000114
revelation 0,820981 0,000226
revenge 0,544727 0,000150
revenue 0,371064 0,000102
reverence 0,634878 0,000175
reverso 3,912023 0,001076
revert 1,897120 0,000522
reverted 1,609438 0,000443
reverts 2,407946 0,000662
revoking 3,506558 0,000964
revolting 1,560648 0,000429
revolutions 1,272966 0,000350
reward 0,328504 0,000090
rewarded 0,713350 0,000196
rewards 1,237874 0,000340
rex 2,995732 0,000824
rich 0,139262 0,000038
richardson 2,207275 0,000607
riches 0,798508 0,000220
richly 0,891598 0,000245
richness 1,469676 0,000404
rid 0,223144 0,000061
ridiculous 0,478036 0,000131
righteous 1,203973 0,000331
rightful 1,560648 0,000429
rightfully 2,659260 0,000731
rightly 0,430783 0,000118
rigid 0,820981 0,000226
rigour 1,897120 0,000522
rise 0,040822 0,000011
risen 0,342490 0,000094
river 0,174353 0,000048
rob 0,653926 0,000180
robbed 0,733969 0,000202
robber 0,891598 0,000245
robbers 1,078810 0,000297
robbery 1,078810 0,000297
robert 1,078810 0,000297
rome 0,713350 0,000196
root 0,385662 0,000106
roots 0,634878 0,000175
ropes 1,021651 0,000281
rotted 1,832581 0,000504
royalties 0,527633 0,000145
royalty 0,385662 0,000106
ruin 0,287682 0,000079
ruins 0,755023 0,000208
rule 0,198451 0,000055
ruler 1,108663 0,000305
rulers 1,469676 0,000404
rules 0,150823 0,000041
ruling 1,171183 0,000322
sacred 0,415515 0,000114
sacredness 2,407946 0,000662
sacrifices 0,867501 0,000239
safe 0,116534 0,000032
safely 0,371064 0,000102
safer 0,994252 0,000273
safety 0,356675 0,000098
sake 0,094311 0,000026
sale 0,798508 0,000220
salt 0,116534 0,000032
salus 3,506558 0,000964
saluted 1,078810 0,000297
sam 1,771957 0,000487
samuel 1,237874 0,000340
sanction 1,309333 0,000360
sanctuary 1,347074 0,000370
satisfaction 0,186330 0,000051
satisfied 0,105361 0,000029
satisfy 0,342490 0,000094
satisfying 1,171183 0,000322
saul 1,966113 0,000541
savage 0,356675 0,000098
save 0,030459 0,000008
saved 0,274437 0,000075
saving 0,478036 0,000131
saxons 2,525729 0,000695
scarce 0,693147 0,000191
scarcely 0,301105 0,000083
scattered 0,139262 0,000038
scepter 2,813411 0,000774
scilicet 3,506558 0,000964
score 0,713350 0,000196
scotch 1,309333 0,000360
scripture 1,386294 0,000381
scruples 1,609438 0,000443
scrupulous 1,139434 0,000313
seal 0,562119 0,000155
search 0,051293 0,000014
season 0,287682 0,000079
seasons 0,673345 0,000185
secretly 0,597837 0,000164
sect 1,171183 0,000322
secundum 2,813411 0,000774
secure 0,072571 0,000020
secured 0,494296 0,000136
securing 1,021651 0,000281
security 0,544727 0,000150
sed 2,525729 0,000695
sedate 2,120264 0,000583
sedition 2,120264 0,000583
seditious 2,120264 0,000583
seed 0,597837 0,000164
seek 0,198451 0,000055
seeking 0,274437 0,000075
seeks 1,021651 0,000281
seignior 3,912023 0,001076
seize 0,446287 0,000123
seldom 0,301105 0,000083
select 0,867501 0,000239
sell 0,430783 0,000118
selling 0,820981 0,000226
semper 2,525729 0,000695
senate 1,660731 0,000457
send 0,030459 0,000008
sending 0,083382 0,000023
sends 0,544727 0,000150
sense 0,051293 0,000014
sentence 0,127833 0,000035
separate 0,248461 0,000068
separated 0,274437 0,000075
separately 1,108663 0,000305
separating 1,203973 0,000331
separation 0,776529 0,000214
sequel 1,078810 0,000297
serio 3,506558 0,000964
serjeant 2,995732 0,000824
servant 0,186330 0,000051
servants 0,162519 0,000045
serve 0,174353 0,000048
served 0,186330 0,000051
serves 0,776529 0,000214
service 0,072571 0,000020
servile 1,309333 0,000360
serving 0,634878 0,000175
set 0,010050 0,000003
sets 0,385662 0,000106
setting 0,186330 0,000051
settle 0,356675 0,000098
settled 0,127833 0,000035
severe 0,342490 0,000094
severer 2,407946 0,000662
severity 0,798508 0,000220
shadow 0,223144 0,000061
shake 0,287682 0,000079
shaking 0,371064 0,000102
shalt 1,171183 0,000322
share 0,040822 0,000011
shared 0,139262 0,000038
shares 1,272966 0,000350
sharing 0,248461 0,000068
shattered 0,867501 0,000239
shechemites 3,218876 0,000885
sheep 0,371064 0,000102
sheepcote 3,218876 0,000885
shepherd 0,941609 0,000259
shew 2,207275 0,000607
shewed 2,659260 0,000731
shewing 2,995732 0,000824
shewn 2,659260 0,000731
shews 3,218876 0,000885
shield 0,733969 0,000202
shift 0,843970 0,000232
ship 0,314711 0,000087
short 0,020203 0,000006
shorter 0,579818 0,000159
shuts 1,714798 0,000472
sight 0,051293 0,000014
signification 1,832581 0,000504
signified 1,560648 0,000429
signifies 1,272966 0,000350
signify 0,994252 0,000273
silence 0,105361 0,000029
silent 0,051293 0,000014
silk 0,478036 0,000131
silver 0,210721 0,000058
simple 0,094311 0,000026
sincerely 0,867501 0,000239
sincerity 0,653926 0,000180
single 0,083382 0,000023
sir 0,150823 0,000041
sirs 2,207275 0,000607
sit 0,061875 0,000017
sits 0,820981 0,000226
sitting 0,105361 0,000029
sixth 0,446287 0,000123
skill 0,301105 0,000083
skins 1,021651 0,000281
slackened 1,203973 0,000331
slaughter 0,967584 0,000266
slave 0,494296 0,000136
slavery 0,798508 0,000220
slaves 0,634878 0,000175
slavish 1,771957 0,000487
slay 1,171183 0,000322
slight 0,150823 0,000041
slighted 1,386294 0,000381
slips 1,272966 0,000350
slow 0,139262 0,000038
slowness 1,514128 0,000416
soberly 1,469676 0,000404
sociable 1,309333 0,000360
societies 1,049822 0,000289
society 0,210721 0,000058
soever 1,966113 0,000541
soil 0,494296 0,000136
sold 0,385662 0,000106
soldier 0,562119 0,000155
soldiers 0,653926 0,000180
sole 0,342490 0,000094
solely 0,733969 0,000202
solemn 0,301105 0,000083
solemnly 0,579818 0,000159
solicit 0,430783 0,000118
solicitation 0,510826 0,000140
solo 2,207275 0,000607
solutions 2,302585 0,000633
son 0,105361 0,000029
sons 0,356675 0,000098
sore 0,616186 0,000169
sort 0,105361 0,000029
sorts 0,356675 0,000098
sought 0,150823 0,000041
soul 0,105361 0,000029
souls 0,342490 0,000094
sound 0,020203 0,000006
sounding 0,634878 0,000175
source 0,328504 0,000090
sovereign 0,776529 0,000214
sovereignty 1,771957 0,000487
sow 1,078810 0,000297
sowed 2,120264 0,000583
sown 1,078810 0,000297
spain 0,994252 0,000273
spare 0,210721 0,000058
spared 0,544727 0,000150
sparing 1,272966 0,000350
sparkling 0,776529 0,000214
sparta 2,120264 0,000583
speak 0,051293 0,000014
speaking 0,072571 0,000020
special 0,083382 0,000023
species 0,634878 0,000175
specious 1,966113 0,000541
speech 0,198451 0,000055
spend 0,328504 0,000090
spenders 3,912023 0,001076
spending 0,597837 0,000164
spirit 0,051293 0,000014
spoil 0,673345 0,000185
spoiled 0,916291 0,000252
spoiling 1,514128 0,000416
spoils 0,994252 0,000273
spoke 0,116534 0,000032
spontaneous 1,139434 0,000313
sprang 0,400478 0,000110
spread 0,061875 0,000017
spreading 0,446287 0,000123
spring 0,083382 0,000023
sprung 0,544727 0,000150
staff 0,274437 0,000075
stamp 0,693147 0,000191
stand 0,000000 0,000000
standard 0,562119 0,000155
standing 0,030459 0,000008
stands 0,261365 0,000072
start -0,009950 -0,000003
starve 0,994252 0,000273
starved 1,049822 0,000289
statements 0,430783 0,000118
station 0,356675 0,000098
stations 1,049822 0,000289
status 0,446287 0,000123
steadily 0,415515 0,000114
steady 0,356675 0,000098
steering 1,386294 0,000381
stickler 3,506558 0,000964
stile 1,897120 0,000522
stir 0,400478 0,000110
stock 0,328504 0,000090
stocked 1,832581 0,000504
stocks 1,272966 0,000350
stolen 0,430783 0,000118
stone 0,116534 0,000032
stones 0,301105 0,000083
stood 0,030459 0,000008
stoop 1,049822 0,000289
store 0,385662 0,000106
stored 0,342490 0,000094
story 0,051293 0,000014
stoutest 1,966113 0,000541
straitened 2,525729 0,000695
straitening 3,912023 0,001076
strange 0,061875 0,000017
stranger 0,139262 0,000038
strangers 0,356675 0,000098
straw 0,356675 0,000098
street 0,198451 0,000055
strength 0,030459 0,000008
stress 0,891598 0,000245
stretching 0,733969 0,000202
strict 0,210721 0,000058
strifes 2,995732 0,000824
strike 0,210721 0,000058
striking 0,274437 0,000075
strip 0,597837 0,000164
stripped 0,776529 0,000214
strong 0,030459 0,000008
stronger 0,287682 0,000079
strongest 0,653926 0,000180
stuck 0,462035 0,000127
studier 3,506558 0,000964
study 0,162519 0,000045
subdue 1,171183 0,000322
subdued 0,494296 0,000136
subduing 1,771957 0,000487
subject 0,072571 0,000020
subjected 0,820981 0,000226
subjection 1,272966 0,000350
subjects 0,356675 0,000098
submission 0,776529 0,000214
submit 0,579818 0,000159
submits 2,207275 0,000607
submitted 0,755023 0,000208
submitting 1,469676 0,000404
subordinate 1,139434 0,000313
subordination 2,525729 0,000695
subscribe 0,494296 0,000136
subservient 1,897120 0,000522
subsist 1,832581 0,000504
subsisted 1,832581 0,000504
subsistence 1,609438 0,000443
subsisting 2,207275 0,000607
subsists 2,302585 0,000633
substance 0,415515 0,000114
substitute 1,021651 0,000281
subvert 2,813411 0,000774
subverts 3,912023 0,001076
success 0,162519 0,000045
succession 0,510826 0,000140
successions 2,407946 0,000662
successor 1,078810 0,000297
successors 1,427116 0,000392
sudden 0,072571 0,000020
suddenly 0,040822 0,000011
suffer 0,127833 0,000035
suffered 0,210721 0,000058
sufferers 1,514128 0,000416
suffice 0,673345 0,000185
sufficient 0,139262 0,000038
sugar 0,776529 0,000214
suit 0,261365 0,000072
suitable 0,462035 0,000127
suitably 2,040221 0,000561
suited 0,597837 0,000164
summer 0,186330 0,000051
summoned 0,733969 0,000202
summons 0,867501 0,000239
sundry 1,386294 0,000381
sunk 0,371064 0,000102
sunt 2,302585 0,000633
superintend 1,714798 0,000472
superior 0,274437 0,000075
superiority 0,693147 0,000191
supplied 0,478036 0,000131
supplies 0,891598 0,000245
supply 0,371064 0,000102
support 0,127833 0,000035
supported 0,415515 0,000114
supports 1,427116 0,000392
suppose 0,072571 0,000020
supposed 0,174353 0,000048
supposes 1,771957 0,000487
supposing 0,478036 0,000131
supposition 0,820981 0,000226
suppress 1,049822 0,000289
supreme 0,616186 0,000169
survive 0,274437 0,000075
suspected 0,328504 0,000090
suspicion 0,287682 0,000079
suspicions 0,616186 0,000169
sustained 0,579818 0,000159
sustenance 1,469676 0,000404
swaddling 1,966113 0,000541
swallowed 0,462035 0,000127
swamp 0,342490 0,000094
sweat 0,634878 0,000175
sweep 0,673345 0,000185
swiss 1,897120 0,000522
sword 0,462035 0,000127
swords 0,994252 0,000273
sympathy 0,328504 0,000090
synonymous 0,446287 0,000123
syracuse 2,207275 0,000607
tacit 1,560648 0,000429
tacitly 2,302585 0,000633
talk 0,083382 0,000023
talks 0,733969 0,000202
tamed 1,609438 0,000443
tantum 3,506558 0,000964
tar 1,609438 0,000443
task 0,261365 0,000072
taught 0,248461 0,000068
tax 0,328504 0,000090
taxes 0,385662 0,000106
teachers 0,776529 0,000214
teaches 1,203973 0,000331
teat 2,995732 0,000824
temper 0,274437 0,000075
temporary 0,713350 0,000196
tempore 3,218876 0,000885
temptation 0,527633 0,000145
tempted 0,527633 0,000145
tenant 1,514128 0,000416
tend 0,733969 0,000202
tended 0,916291 0,000252
tendency 0,634878 0,000175
tender 0,314711 0,000087
tenderness 0,616186 0,000169
tending 0,994252 0,000273
tenths 2,207275 0,000607
term 0,371064 0,000102
terminates 2,120264 0,000583
terms 0,061875 0,000017
terrify 1,832581 0,000504
territories 1,966113 0,000541
territory 1,272966 0,000350
testament 1,108663 0,000305
testimonies 2,120264 0,000583
theatre 0,820981 0,000226
thee 0,597837 0,000164
thenceforth 1,560648 0,000429
thereunto 2,813411 0,000774
therewith 1,560648 0,000429
thief 0,653926 0,000180
thinness 2,207275 0,000607
thirdly 1,347074 0,000370
thirst 0,527633 0,000145
tho 2,207275 0,000607
thousandth 1,897120 0,000522
threaten 0,916291 0,000252
threatened 0,415515 0,000114
threatens 1,469676 0,000404
threats 0,994252 0,000273
thresher 3,506558 0,000964
thro 2,407946 0,000662
throat 0,261365 0,000072
throne 0,798508 0,000220
throw 0,083382 0,000023
thrust 0,328504 0,000090
thy 0,634878 0,000175
tie 0,510826 0,000140
tied 0,261365 0,000072
ties 0,967584 0,000266
tillage 1,966113 0,000541
tim 2,407946 0,000662
timber 0,867501 0,000239
time -0,009950 -0,000003
times 0,010050 0,000003
title 0,116534 0,000032
titles 1,021651 0,000281
tobacco 0,713350 0,000196
toil 0,616186 0,000169
tolerable 0,994252 0,000273
tools 0,820981 0,000226
tooth 1,049822 0,000289
torn 0,248461 0,000068
totally 0,916291 0,000252
totum 2,995732 0,000824
touching 0,301105 0,000083
town 0,105361 0,000029
trace 0,371064 0,000102
tracing 1,237874 0,000340
tract 1,386294 0,000381
tracts 1,427116 0,000392
trade 0,328504 0,000090
trademark 0,562119 0,000155
train 0,274437 0,000075
tranquillity 1,049822 0,000289
transactions 1,427116 0,000392
transcribe 0,494296 0,000136
transcription 0,527633 0,000145
transfer 1,203973 0,000331
transferring 2,407946 0,000662
transgress 1,832581 0,000504
transgressed 1,966113 0,000541
transgressing 2,407946 0,000662
transgression 1,832581 0,000504
transgressions 1,771957 0,000487
transgressors 3,218876 0,000885
travelling 0,693147 0,000191
treasure 0,385662 0,000106
treat 0,287682 0,000079
treated 0,261365 0,000072
treatise 1,386294 0,000381
treatises 2,207275 0,000607
treatment 0,127833 0,000035
treats 1,108663 0,000305
trees 0,127833 0,000035
trespass 1,832581 0,000504
trespasses 2,995732 0,000824
tribes 1,108663 0,000305
tribunal 1,560648 0,000429
tribute 1,021651 0,000281
triumph 0,274437 0,000075
triumphs 1,347074 0,000370
troops 0,941609 0,000259
trouble 0,051293 0,000014
troubles 0,478036 0,000131
truck 1,609438 0,000443
true 0,020203 0,000006
trust 0,116534 0,000032
trusted 0,544727 0,000150
trustee 2,207275 0,000607
truth 0,030459 0,000008
tu 1,609438 0,000443
tuition 1,771957 0,000487
tumult 0,820981 0,000226
turbulency 3,912023 0,001076
turbulent 1,560648 0,000429
turfs 3,912023 0,001076
turkish 1,427116 0,000392
tutor 1,171183 0,000322
tutors 2,120264 0,000583
tye 3,912023 0,001076
types 0,385662 0,000106
tyranni 3,506558 0,000964
tyrannical 1,514128 0,000416
tyrannize 2,659260 0,000731
tyrannus 3,506558 0,000964
tyranny 1,203973 0,000331
tyrant 0,891598 0,000245
tyrants 1,514128 0,000416
ubi 2,659260 0,000731
ultimate 0,941609 0,000259
ultimately 1,108663 0,000305
ulysses 1,832581 0,000504
umpirage 3,912023 0,001076
umpire 2,659260 0,000731
unabridged 3,506558 0,000964
unalterable 1,309333 0,000360
unalterably 2,813411 0,000774
unassisted 2,407946 0,000662
unavoidably 2,120264 0,000583
unbiassed 3,506558 0,000964
uncapable 3,218876 0,000885
uncertain 0,301105 0,000083
uncertainty 0,820981 0,000226
unconceivable 3,912023 0,001076
unconcernedness 3,912023 0,001076
unconfined 3,218876 0,000885
uncultivated 2,207275 0,000607
undeniably 2,525729 0,000695
underhand 2,407946 0,000662
understand 0,030459 0,000008
understanding 0,223144 0,000061
understandings 2,120264 0,000583
understands 1,108663 0,000305
understood 0,061875 0,000017
undertake 0,579818 0,000159
undertakes 2,207275 0,000607
undetermined 2,525729 0,000695
undoubted 1,386294 0,000381
undoubtedly 0,634878 0,000175
uneasy 0,544727 0,000150
unenforceability 0,562119 0,000155
unequal 0,843970 0,000232
unfit 1,108663 0,000305
unforeseeing 3,912023 0,001076
unforeseen 1,514128 0,000416
unfortunate 0,314711 0,000087
unfrequented 2,040221 0,000561
ungrateful 0,798508 0,000220
unhinge 3,218876 0,000885
uniform 0,210721 0,000058
union 0,510826 0,000140
unite 1,078810 0,000297
united 0,094311 0,000026
unites 1,832581 0,000504
uniting 1,514128 0,000416
unity 1,108663 0,000305
universal 0,478036 0,000131
universally 0,967584 0,000266
universe 0,733969 0,000202
unjust 0,693147 0,000191
unjustice 3,912023 0,001076
unjustly 1,108663 0,000305
unknown 0,105361 0,000029
unlawful 1,469676 0,000404
unlimited 1,078810 0,000297
unlink 0,562119 0,000155
unpossessed 3,506558 0,000964
unprotected 0,673345 0,000185
unprovided 2,302585 0,000633
unquestionable 1,714798 0,000472
unreasonable 0,967584 0,000266
unrestrained 1,714798 0,000472
unsafe 1,897120 0,000522
unsecure 3,912023 0,001076
unsolicited 0,510826 0,000140
unsteady 1,469676 0,000404
untie 2,040221 0,000561
untouched 1,171183 0,000322
unum 2,813411 0,000774
unwilling 0,653926 0,000180
unwritten 1,966113 0,000541
upbraids 2,995732 0,000824
updated 0,510826 0,000140
upright 0,328504 0,000090
uprightness 1,771957 0,000487
urge 0,967584 0,000266
urged 0,356675 0,000098
usage 0,891598 0,000245
useless 0,235722 0,000065
user 0,562119 0,000155
usual 0,139262 0,000038
usurp 2,207275 0,000607
usurpation 2,302585 0,000633
usurped 1,832581 0,000504
usurper 1,897120 0,000522
usurping 2,407946 0,000662
ut 0,510826 0,000140
utensils 1,386294 0,000381
utmost 0,356675 0,000098
utterly 0,371064 0,000102
vacant 0,693147 0,000191
vain 0,116534 0,000032
valid 1,966113 0,000541
valuable 0,371064 0,000102
vanilla 0,544727 0,000150
vanish 0,967584 0,000266
vanquished 1,108663 0,000305
variable 1,897120 0,000522
variableness 2,995732 0,000824
variation 1,347074 0,000370
varied 0,673345 0,000185
variety 0,162519 0,000045
vary 1,108663 0,000305
varying 0,755023 0,000208
vast 0,223144 0,000061
vega 3,912023 0,001076
vel 2,813411 0,000774
venice 1,427116 0,000392
venison 1,771957 0,000487
vented 2,302585 0,000633
version 0,385662 0,000106
vested 1,966113 0,000541
vial 2,659260 0,000731
vicious 0,653926 0,000180
victor 1,049822 0,000289
victory 0,371064 0,000102
viewed 0,261365 0,000072
viewing 0,415515 0,000114
vigour 0,843970 0,000232
vii 0,430783 0,000118
viii 0,446287 0,000123
villain 0,967584 0,000266
vim 3,218876 0,000885
vindicated 2,207275 0,000607
violated 1,427116 0,000392
violates 0,527633 0,000145
violating 2,040221 0,000561
violation 1,609438 0,000443
violence 0,248461 0,000068
violences 2,813411 0,000774
violent 0,223144 0,000061
violently 0,462035 0,000127
vipers 2,813411 0,000774
virtue 0,328504 0,000090
virtuous 0,653926 0,000180
virus 0,527633 0,000145
visible 0,235722 0,000065
visibly 0,916291 0,000252
visit 0,061875 0,000017
vitae 3,912023 0,001076
viviparous 3,218876 0,000885
voice 0,020203 0,000006
void 0,274437 0,000075
voluntary 0,843970 0,000232
volunteer 0,478036 0,000131
volunteers 0,430783 0,000118
vote 1,078810 0,000297
votes 1,514128 0,000416
wages 0,916291 0,000252
walks 0,162519 0,000045
wandered 0,494296 0,000136
wandering 0,274437 0,000075
wantonness 1,514128 0,000416
war 0,162519 0,000045
ward 0,916291 0,000252
ware 1,660731 0,000457
warrant 0,713350 0,000196
warranties 0,562119 0,000155
warranty 0,544727 0,000150
warred 2,995732 0,000824
wars 0,820981 0,000226
waste 0,186330 0,000051
wasted 0,400478 0,000110
wasting 0,673345 0,000185
watch 0,094311 0,000026
watching 0,210721 0,000058
water 0,051293 0,000014
weak 0,116534 0,000032
weaker 0,634878 0,000175
weakness 0,261365 0,000072
weal 1,771957 0,000487
wealth 0,287682 0,000079
wealths 3,912023 0,001076
wear 0,274437 0,000075
wearer 1,966113 0,000541
weary 0,198451 0,000055
weather 0,248461 0,000068
week 0,235722 0,000065
weighed 0,430783 0,000118
weight 0,116534 0,000032
welfare 0,916291 0,000252
west 0,083382 0,000023
whatsoever 0,287682 0,000079
wheat 0,994252 0,000273
whensoever 2,659260 0,000731
whereat 1,560648 0,000429
wherefore 1,139434 0,000313
whereof 1,237874 0,000340
wheresoever 2,207275 0,000607
whirl 1,078810 0,000297
white 0,051293 0,000014
wholly 0,400478 0,000110
whomsoever 1,897120 0,000522
whoso 2,207275 0,000607
whosoever 1,714798 0,000472
wicked 0,356675 0,000098
wider 0,755023 0,000208
widespread 0,916291 0,000252
widest 0,446287 0,000123
wife 0,094311 0,000026
wild 0,051293 0,000014
wilderness 0,693147 0,000191
wilfully 1,609438 0,000443
william 0,798508 0,000220
willingly 0,527633 0,000145
wind 0,105361 0,000029
windings 1,560648 0,000429
winds 0,494296 0,000136
wine 0,248461 0,000068
wing 0,562119 0,000155
winter 0,198451 0,000055
wisdom 0,287682 0,000079
wise 0,105361 0,000029
wiser 0,597837 0,000164
wisest 0,733969 0,000202
wisht 2,659260 0,000731
withdraw 0,597837 0,000164
withdrawing 1,078810 0,000297
withstood 1,560648 0,000429
withy 3,506558 0,000964
wives 0,400478 0,000110
woful 3,218876 0,000885
wolf 0,867501 0,000239
woman 0,061875 0,000017
wonderful 0,162519 0,000045
wood 0,116534 0,000032
woodfall 3,912023 0,001076
woods 0,430783 0,000118
wool 1,049822 0,000289
word 0,020203 0,000006
workmanship 1,272966 0,000350
workmen 0,916291 0,000252
worldly 0,820981 0,000226
worse 0,083382 0,000023
worth 0,061875 0,000017
worthiest 2,207275 0,000607
worthless 0,843970 0,000232
worthy 0,186330 0,000051
woven 1,108663 0,000305
wrapt 1,714798 0,000472
wresting 2,525729 0,000695
wretched 0,328504 0,000090
writ 1,427116 0,000392
writers 0,867501 0,000239
writing 0,061875 0,000017
written 0,051293 0,000014
wrong 0,083382 0,000023
wrongs 1,078810 0,000297
xi 0,597837 0,000164
xii 0,579818 0,000159
xiii 0,673345 0,000185
xiv 0,693147 0,000191
xix 0,867501 0,000239
xvi 0,776529 0,000214
xvii 0,843970 0,000232
xviii 0,891598 0,000245
xx 0,916291 0,000252
xxi 0,867501 0,000239
yellow 0,328504 0,000090
yield 0,342490 0,000094
yielded 0,510826 0,000140
yielding 0,653926 0,000180
yoke 1,049822 0,000289
zealous 1,049822 0,000289
