abandoned 0,371064 0,000104
abide 0,287682 0,000081
abilities 1,139434 0,000321
ablaze 2,207275 0,000621
aboard 1,237874 0,000348
absence 0,274437 0,000077
absent 0,385662 0,000109
absently 2,302585 0,000648
absolutely 0,287682 0,000081
absorbed 0,634878 0,000179
accept 0,094311 0,000027
accidentally 0,820981 0,000231
accompanied 0,223144 0,000063
account 0,010050 0,000003
accounts 0,597837 0,000168
accurate 0,941609 0,000265
accustomed 0,287682 0,000081
aches 1,966113 0,000553
achievement 1,560648 0,000439
achievements 1,469676 0,000414
acquaint 1,771957 0,000499
acres 1,021651 0,000287
action 0,139262 0,000039
actions 0,356675 0,000100
active 0,127833 0,000036
activity 0,446287 0,000126
addressing 0,579818 0,000163
adjoining 0,843970 0,000237
administer 1,771957 0,000499
admiring 0,776529 0,000218
admiringly 2,407946 0,000678
admission 0,713350 0,000201
admit 0,235722 0,000066
admits 1,021651 0,000287
admitted 0,301105 0,000085
adrift 1,660731 0,000467
advance 0,223144 0,000063
advantage 0,139262 0,000039
adventures 0,562119 0,000158
advice 0,186330 0,000052
advise 0,462035 0,000130
advised 0,616186 0,000173
affair 0,301105 0,000085
affairs 0,235722 0,000066
affect 0,478036 0,000135
affirmed 1,309333 0,000368
afford 0,301105 0,000085
afforded 0,616186 0,000173
afraid 0,105361 0,000030
african 1,427116 0,000402
afternoon 0,287682 0,000081
afterward 1,139434 0,000321
age 0,051293 0,000014
agents 0,967584 0,000272
ages 0,261365 0,000074
aggravate 1,660731 0,000467
aggravation 1,966113 0,000553
agility 1,272966 0,000358
agonies 1,427116 0,000402
agonizing 1,832581 0,000516
agree 0,116534 0,000033
agreed 0,116534 0,000033
ahem 2,525729 0,000711
aided 0,916291 0,000258
aim 0,462035 0,000130
aimed 0,891598 0,000251
air 0,061875 0,000017
airily 2,120264 0,000597
airing 2,207275 0,000621
akin 1,203973 0,000339
alarm 0,356675 0,000100
alarmed 0,478036 0,000135
alaska 2,813411 0,000792
alert 0,843970 0,000237
alive 0,051293 0,000014
alkali 2,525729 0,000711
alligator 2,659260 0,000748
alligators 2,813411 0,000792
aloud 0,301105 0,000085
alternated 2,813411 0,000792
alternately 1,021651 0,000287
amazed 0,634878 0,000179
amazement 0,446287 0,000126
amazes 2,659260 0,000748
ambiguous 1,771957 0,000499
ambled 2,995732 0,000843
ambling 2,813411 0,000792
america 0,579818 0,000163
american 0,733969 0,000207
ammunition 1,660731 0,000467
amused 0,562119 0,000158
amusement 0,544727 0,000153
anchored 1,560648 0,000439
anger 0,328504 0,000092
angleworm 3,912023 0,001101
angrily 0,867501 0,000244
angry 0,174353 0,000049
animal 0,261365 0,000074
animals 0,494296 0,000139
ankle 1,171183 0,000330
ankles 1,347074 0,000379
annoying 1,469676 0,000414
answer 0,040822 0,000011
answered 0,072571 0,000020
answering 0,510826 0,000144
anticipation 0,843970 0,000237
antics 2,407946 0,000678
anxious 0,261365 0,000074
anxiously 0,693147 0,000195
apologize 1,714798 0,000482
apologized 2,040221 0,000574
apologizing 2,120264 0,000597
apology 0,713350 0,000201
appearance 0,083382 0,000023
appetite 0,371064 0,000104
appetites 1,049822 0,000295
applaud 1,966113 0,000553
appoint 1,347074 0,000379
appreciation 1,049822 0,000295
appreciatively 3,506558 0,000987
apprehensive 1,514128 0,000426
apprehensively 2,207275 0,000621
approach 0,083382 0,000023
approaching 0,235722 0,000066
approval 0,798508 0,000225
approved 0,693147 0,000195
approving 1,427116 0,000402
approvingly 1,771957 0,000499
argument 0,371064 0,000104
arguments 0,562119 0,000158
aright 1,078810 0,000304
arizona 2,813411 0,000792
arm 0,094311 0,000027
armed 0,385662 0,000109
armful 2,407946 0,000678
arms 0,051293 0,000014
army 0,371064 0,000104
arouse 1,237874 0,000348
aroused 0,755023 0,000212
arouses 2,525729 0,000711
arousing 1,966113 0,000553
arrange 0,579818 0,000163
arranged 0,328504 0,000092
arrangement 0,462035 0,000130
arrangements 0,634878 0,000179
arrested 0,733969 0,000207
arrival 0,356675 0,000100
arrived 0,150823 0,000042
arriving 0,634878 0,000179
ash 1,386294 0,000390
asleep 0,162519 0,000046
assailant 1,469676 0,000414
assailants 1,897120 0,000534
assailing 2,659260 0,000748
assault 0,916291 0,000258
assented 1,108663 0,000312
assigned 0,733969 0,000207
assistance 0,105361 0,000030
assisted 0,634878 0,000179
assisting 1,078810 0,000304
assuming 0,916291 0,000258
assured 0,301105 0,000085
astonished 0,301105 0,000085
astride 1,514128 0,000426
ate 0,415515 0,000117
attached 0,127833 0,000036
attack 0,301105 0,000085
attacked 0,462035 0,000130
attacking 1,203973 0,000339
attacks 0,867501 0,000244
attempt 0,083382 0,000023
attend 0,301105 0,000085
attended 0,342490 0,000096
attention 0,083382 0,000023
attentively 0,755023 0,000212
attracted 0,356675 0,000100
attracting 1,427116 0,000402
audibly 1,560648 0,000439
aunt 0,843970 0,000237
author 0,116534 0,000033
average 0,820981 0,000231
averred 2,407946 0,000678
avoid 0,174353 0,000049
avoided 0,371064 0,000104
awaiting 0,693147 0,000195
awake 0,356675 0,000100
awakened 0,673345 0,000189
awakening 1,108663 0,000312
awe 0,597837 0,000168
awed 1,560648 0,000439
awful 0,328504 0,000092
awkward 0,544727 0,000153
awkwardness 1,386294 0,000390
axe 1,049822 0,000295
baby 0,673345 0,000189
bacon 0,994252 0,000280
bad 0,051293 0,000014
badly 0,446287 0,000126
bag 0,544727 0,000153
baggage 0,941609 0,000265
bagging 3,506558 0,000987
bags 0,967584 0,000272
bait 1,078810 0,000304
baked 1,237874 0,000348
balance 0,544727 0,000153
bamboo 1,771957 0,000499
band 0,430783 0,000121
bang 1,469676 0,000414
banged 1,714798 0,000482
bank 0,261365 0,000074
bare 0,162519 0,000046
barefooted 1,714798 0,000482
barely 0,798508 0,000225
bargain 0,597837 0,000168
barker 3,218876 0,000906
barking 1,237874 0,000348
barred 0,916291 0,000258
base 0,301105 0,000085
bath 0,562119 0,000158
battle 0,287682 0,000081
battles 0,916291 0,000258
battling 2,407946 0,000678
bay 0,544727 0,000153
baying 2,120264 0,000597
bayou 2,995732 0,000843
bayous 3,218876 0,000906
beach 1,049822 0,000295
bead 2,207275 0,000621
beaked 2,407946 0,000678
bear 0,061875 0,000017
beard 0,579818 0,000163
bearded 1,108663 0,000312
bearing 0,162519 0,000046
bears 0,510826 0,000144
beast 0,342490 0,000096
beastly 1,897120 0,000534
beasts 0,430783 0,000121
beat 0,186330 0,000052
beaten 0,400478 0,000113
beating 0,314711 0,000089
beautifully 0,867501 0,000244
bed 0,051293 0,000014
bedraggled 2,995732 0,000843
bee 1,078810 0,000304
befallen 1,078810 0,000304
beg 0,210721 0,000059
begged 0,462035 0,000130
behave 0,713350 0,000201
behavior 1,714798 0,000482
belligerently 3,912023 0,001101
belong 0,235722 0,000066
belongings 1,714798 0,000482
belt 0,713350 0,000201
bend 0,510826 0,000144
beneath 0,198451 0,000056
benefit 0,415515 0,000117
bent 0,174353 0,000049
berries 1,897120 0,000534
bet 1,108663 0,000312
bid 0,400478 0,000113
bidding 0,820981 0,000231
billy 2,207275 0,000621
birch 1,714798 0,000482
bird 0,235722 0,000066
birds 0,301105 0,000085
bit 0,174353 0,000049
bite 0,798508 0,000225
bitten 1,272966 0,000358
black 0,072571 0,000020
blackened 1,386294 0,000390
blacks 1,427116 0,000402
blade 0,755023 0,000212
blame 0,174353 0,000049
blanket 1,386294 0,000390
blankets 1,171183 0,000330
blast 0,693147 0,000195
blasts 1,609438 0,000453
blaze 0,941609 0,000265
blazed 1,203973 0,000339
blazes 1,832581 0,000516
blazing 0,916291 0,000258
bled 1,469676 0,000414
bleeding 0,843970 0,000237
blew 0,494296 0,000139
blind 0,223144 0,000063
blinked 1,897120 0,000534
blinking 1,347074 0,000379
blistered 2,207275 0,000621
blood 0,116534 0,000033
blooded 1,560648 0,000439
bloodshed 1,386294 0,000390
blow 0,139262 0,000039
blowing 0,510826 0,000144
blown 0,579818 0,000163
blows 0,371064 0,000104
blue 0,174353 0,000049
boar 1,514128 0,000426
boars 2,207275 0,000621
bodied 1,897120 0,000534
bodies 0,174353 0,000049
body 0,030459 0,000009
boil 1,237874 0,000348
boiled 0,798508 0,000225
bone 0,527633 0,000148
boned 2,407946 0,000678
bones 0,235722 0,000066
boot 0,941609 0,000265
bootless 2,995732 0,000843
boots 0,510826 0,000144
bored 0,994252 0,000280
born 0,105361 0,000030
borne 0,261365 0,000074
boss 1,660731 0,000467
bother 0,916291 0,000258
bothered 1,514128 0,000426
bothering 1,771957 0,000499
bothers 2,302585 0,000648
bouncing 2,040221 0,000574
bound 0,030459 0,000009
bounded 0,634878 0,000179
bounding 1,171183 0,000330
bout 1,309333 0,000368
bow 0,287682 0,000081
bowed 0,371064 0,000104
bowing 0,994252 0,000280
bows 0,776529 0,000218
box 0,248461 0,000070
boxer 2,407946 0,000678
boy 0,139262 0,000039
boys 0,328504 0,000092
brag 1,832581 0,000516
brags 3,218876 0,000906
brains 0,776529 0,000218
brake 1,660731 0,000467
brakes 2,407946 0,000678
branches 0,371064 0,000104
brave 0,415515 0,000117
bravery 1,272966 0,000358
bravest 1,386294 0,000390
break 0,083382 0,000023
breakfast 0,356675 0,000100
breaking 0,210721 0,000059
breaks 0,733969 0,000207
breast 0,210721 0,000059
breath 0,174353 0,000049
breathe 0,478036 0,000135
breathing 0,462035 0,000130
bred 0,478036 0,000135
breeze 0,713350 0,000201
bridle 1,021651 0,000287
bright 0,116534 0,000033
brightest 1,171183 0,000330
bring 0,010050 0,000003
bringing 0,105361 0,000030
brisk 1,021651 0,000287
briskly 0,967584 0,000272
bristled 2,207275 0,000621
broad 0,139262 0,000039
broadly 1,897120 0,000534
broke 0,116534 0,000033
broken 0,061875 0,000017
brother 0,127833 0,000036
brought 0,010050 0,000003
brown 0,274437 0,000077
browsing 2,407946 0,000678
bruin 3,506558 0,000987
brush 0,755023 0,000212
brushing 1,386294 0,000390
buck 1,514128 0,000426
bucket 1,309333 0,000368
buckets 1,714798 0,000482
buds 1,714798 0,000482
built 0,150823 0,000042
bulging 1,771957 0,000499
bullet 1,108663 0,000312
bullets 1,347074 0,000379
bunch 0,994252 0,000280
bundle 0,755023 0,000212
burden 0,223144 0,000063
buried 0,248461 0,000070
burn 0,400478 0,000113
burned 0,400478 0,000113
burning 0,150823 0,000042
burro 3,506558 0,000987
burst 0,287682 0,000081
bury 0,776529 0,000218
burying 1,386294 0,000390
bush 0,820981 0,000231
bushes 0,733969 0,000207
bushy 1,272966 0,000358
business 0,040822 0,000011
bustled 1,560648 0,000439
busy 0,223144 0,000063
butler 1,203973 0,000339
butt 1,171183 0,000330
button 1,049822 0,000295
buzz 1,609438 0,000453
buzzes 3,506558 0,000987
buzzing 1,347074 0,000379
bye 0,776529 0,000218
cached 3,912023 0,001101
cackling 2,407946 0,000678
cage 1,237874 0,000348
calculation 1,139434 0,000321
calf 1,078810 0,000304
calm 0,301105 0,000085
calmly 0,510826 0,000144
camel 1,609438 0,000453
camp 0,597837 0,000168
campers 3,912023 0,001101
campfire 2,995732 0,000843
camping 2,407946 0,000678
cane 0,916291 0,000258
canebrake 3,912023 0,001101
canebrakes 3,506558 0,000987
canes 2,407946 0,000678
cannon 0,941609 0,000265
captains 1,171183 0,000330
captor 2,995732 0,000843
capture 0,820981 0,000231
captured 0,916291 0,000258
carcass 1,469676 0,000414
care 0,000000 0,000000
cared 0,494296 0,000139
careful 0,174353 0,000049
carefully 0,139262 0,000039
carelessly 0,776529 0,000218
carpet 0,653926 0,000184
carried 0,030459 0,000009
carry 0,030459 0,000009
carrying 0,083382 0,000023
cartridge 2,040221 0,000574
cartridges 1,966113 0,000553
castaway 2,525729 0,000711
casting 0,544727 0,000153
cat 0,562119 0,000158
cataract 2,040221 0,000574
catch 0,210721 0,000059
catching 0,562119 0,000158
caught 0,162519 0,000046
caution 0,527633 0,000148
cautious 0,673345 0,000189
cautiously 0,867501 0,000244
caverns 1,514128 0,000426
caves 1,203973 0,000339
cayuse 3,912023 0,001101
ceased 0,235722 0,000066
cent 1,139434 0,000321
center 1,469676 0,000414
centipedes 3,506558 0,000987
chafing 1,771957 0,000499
chair 0,274437 0,000077
champion 1,171183 0,000330
chance 0,083382 0,000023
chanced 0,843970 0,000237
chances 0,562119 0,000158
chancing 2,207275 0,000621
chandeliers 2,525729 0,000711
change 0,010050 0,000003
changed 0,051293 0,000014
changing 0,248461 0,000070
channel 0,798508 0,000225
chapter 0,342490 0,000096
character 0,061875 0,000017
characteristic 0,597837 0,000168
charge 0,051293 0,000014
charged 0,328504 0,000092
charges 0,223144 0,000063
charm 0,544727 0,000153
charming 0,527633 0,000148
chase 0,653926 0,000184
chased 0,941609 0,000265
chaser 3,218876 0,000906
chasing 1,203973 0,000339
chattered 1,514128 0,000426
check 0,174353 0,000049
checked 0,579818 0,000163
cheeks 0,415515 0,000117
cheer 0,562119 0,000158
cheerful 0,385662 0,000109
cheerfully 0,820981 0,000231
cheerily 1,660731 0,000467
cheery 1,560648 0,000439
chest 0,371064 0,000104
chew 1,771957 0,000499
chief 0,094311 0,000027
children 0,072571 0,000020
chin 0,478036 0,000135
chips 1,966113 0,000553
chivalrous 1,560648 0,000439
choice 0,150823 0,000042
choker 3,218876 0,000906
choking 0,941609 0,000265
choosing 0,867501 0,000244
chop 1,514128 0,000426
chopped 1,714798 0,000482
chops 2,302585 0,000648
chorus 1,021651 0,000287
chose 0,301105 0,000085
chosen 0,186330 0,000052
chuckled 1,237874 0,000348
chuckling 2,040221 0,000574
chunk 2,302585 0,000648
chunky 3,912023 0,001101
cinched 3,506558 0,000987
cinches 3,506558 0,000987
circle 0,223144 0,000063
circled 1,514128 0,000426
circles 0,733969 0,000207
circling 1,203973 0,000339
circumstances 0,162519 0,000046
circus 1,427116 0,000402
clamber 2,120264 0,000597
clapping 1,108663 0,000312
clash 1,469676 0,000414
class 0,314711 0,000089
classes 0,653926 0,000184
clean 0,248461 0,000070
cleaned 1,139434 0,000321
cleaning 1,049822 0,000295
cleverest 1,832581 0,000516
climb 0,693147 0,000195
climbed 0,673345 0,000189
climbing 0,733969 0,000207
clinging 0,867501 0,000244
clip 2,302585 0,000648
close 0,051293 0,000014
closed 0,116534 0,000033
closely 0,223144 0,000063
closer 0,385662 0,000109
closing 0,446287 0,000126
cloth 0,356675 0,000100
clothes 0,127833 0,000036
clothing 0,776529 0,000218
cloud 0,301105 0,000085
clouds 0,342490 0,000096
club 0,713350 0,000201
clubbed 2,407946 0,000678
clucking 2,813411 0,000792
clues 2,407946 0,000678
clump 1,427116 0,000402
clutched 0,994252 0,000280
clutching 1,203973 0,000339
coach 0,843970 0,000237
coat 0,274437 0,000077
coated 1,609438 0,000453
coats 0,653926 0,000184
cob 2,302585 0,000648
cocked 1,237874 0,000348
coffee 0,562119 0,000158
coil 1,237874 0,000348
coiled 1,832581 0,000516
coils 1,897120 0,000534
cold 0,040822 0,000011
coldly 0,916291 0,000258
collapsed 1,514128 0,000426
collar 0,713350 0,000201
collected 0,415515 0,000117
colonel 0,967584 0,000272
colonels 2,525729 0,000711
color 1,021651 0,000287
colored 1,171183 0,000330
colorless 2,525729 0,000711
combatants 1,660731 0,000467
combustible 2,407946 0,000678
comfortable 0,261365 0,000074
comforting 1,139434 0,000321
command 0,162519 0,000046
commanded 0,462035 0,000130
commanding 0,755023 0,000212
commence 0,941609 0,000265
comment 0,673345 0,000189
common 0,072571 0,000020
commotion 1,078810 0,000304
companion 0,248461 0,000070
companions 0,301105 0,000085
company 0,020203 0,000006
comparatively 0,634878 0,000179
comparison 0,478036 0,000135
compass 0,673345 0,000189
complained 0,562119 0,000158
complaining 0,891598 0,000251
complaint 0,616186 0,000173
completed 0,446287 0,000126
comprehend 0,616186 0,000173
comprehended 0,967584 0,000272
comprehension 1,203973 0,000339
compression 2,525729 0,000711
comrade 0,967584 0,000272
concentrated 0,867501 0,000244
concerned 0,287682 0,000081
conclude 0,843970 0,000237
concluded 0,356675 0,000100
conclusion 0,235722 0,000066
condescended 1,897120 0,000534
condition 0,094311 0,000027
conditions 0,342490 0,000096
conducted 0,415515 0,000117
confess 0,198451 0,000056
confidence 0,139262 0,000039
confident 0,510826 0,000144
confidently 1,049822 0,000295
confined 0,385662 0,000109
conflict 0,693147 0,000195
confounded 0,693147 0,000195
conquer 1,021651 0,000287
consciousness 0,371064 0,000104
consent 0,328504 0,000092
consented 0,562119 0,000158
consequence 0,328504 0,000092
consequences 0,371064 0,000104
considerable 0,105361 0,000030
considerably 0,776529 0,000218
consideration 0,274437 0,000077
constant 0,051293 0,000014
constantly 0,371064 0,000104
constructing 1,714798 0,000482
consult 0,579818 0,000163
consumed 0,634878 0,000179
contact 0,210721 0,000059
contend 0,891598 0,000251
contents 0,094311 0,000027
continued 0,072571 0,000020
contracted 0,755023 0,000212
contrary 0,198451 0,000056
controlling 1,469676 0,000414
convenient 0,462035 0,000130
converging 2,813411 0,000792
conversation 0,186330 0,000052
convicted 1,469676 0,000414
convulsed 1,427116 0,000402
cook 0,430783 0,000121
cooked 0,916291 0,000258
cooking 0,967584 0,000272
cool 0,314711 0,000089
coon 2,995732 0,000843
copperhead 3,506558 0,000987
copperheads 3,912023 0,001101
copyright 0,415515 0,000117
corners 0,430783 0,000121
corrected 0,733969 0,000207
correctly 0,843970 0,000237
count 0,248461 0,000070
counted 0,527633 0,000148
countenance 0,415515 0,000117
counting 0,693147 0,000195
country 0,010050 0,000003
couple 0,287682 0,000081
courage 0,150823 0,000042
courtliness 2,995732 0,000843
courts 0,544727 0,000153
cover 0,261365 0,000074
covered 0,139262 0,000039
cow 0,733969 0,000207
coward 0,994252 0,000280
cowardly 0,994252 0,000280
cowboy 3,506558 0,000987
crab 1,832581 0,000516
crabs 2,302585 0,000648
cracking 1,386294 0,000390
crackled 1,897120 0,000534
crackling 1,560648 0,000439
crash 0,776529 0,000218
crashing 1,386294 0,000390
crawled 0,891598 0,000251
crawling 0,941609 0,000265
crazy 0,916291 0,000258
cream 1,171183 0,000330
credit 0,094311 0,000027
creep 0,820981 0,000231
creepers 2,525729 0,000711
creeping 0,634878 0,000179
crept 0,494296 0,000139
cribs 2,995732 0,000843
criminal 0,693147 0,000195
criminals 1,386294 0,000390
crinkles 3,912023 0,001101
crisp 1,309333 0,000368
critical 0,235722 0,000066
critter 3,912023 0,001101
cross 0,139262 0,000039
crossed 0,301105 0,000085
crosswise 2,659260 0,000748
crotch 3,506558 0,000987
crouch 1,660731 0,000467
crouched 1,203973 0,000339
crouching 1,049822 0,000295
crowd 0,198451 0,000056
crunching 2,407946 0,000678
crushed 0,544727 0,000153
cubs 2,302585 0,000648
cunning 0,462035 0,000130
cur 1,514128 0,000426
curious 0,261365 0,000074
curiously 0,776529 0,000218
curled 0,941609 0,000265
current 0,127833 0,000036
curving 1,897120 0,000534
cut 0,040822 0,000011
cute 3,218876 0,000906
cuts 0,820981 0,000231
cutting 0,415515 0,000117
cypress 1,714798 0,000482
dabbed 3,506558 0,000987
daffy 3,218876 0,000906
damage 0,261365 0,000074
damp 0,415515 0,000117
dan 1,897120 0,000534
danced 0,653926 0,000184
dancing 0,371064 0,000104
dandy 1,660731 0,000467
danger 0,116534 0,000033
dangerous 0,150823 0,000042
dangers 0,597837 0,000168
dangling 1,139434 0,000321
dark 0,051293 0,000014
darkness 0,186330 0,000052
darted 0,776529 0,000218
darting 1,021651 0,000287
dash 0,673345 0,000189
dashed 0,616186 0,000173
dashing 1,078810 0,000304
dat 2,525729 0,000711
daughters 0,510826 0,000144
dawn 0,478036 0,000135
dawned 1,049822 0,000295
day 0,000000 0,000000
daybreak 1,203973 0,000339
daylight 0,446287 0,000126
days 0,020203 0,000006
dazed 1,427116 0,000402
dazedly 3,506558 0,000987
dead 0,072571 0,000020
deadly 0,478036 0,000135
deaf 0,634878 0,000179
deal 0,105361 0,000030
dealing 0,616186 0,000173
death 0,020203 0,000006
deceived 0,430783 0,000121
deceiving 1,203973 0,000339
decide 0,274437 0,000077
decided 0,186330 0,000052
decision 0,579818 0,000163
declared 0,210721 0,000059
declaring 0,891598 0,000251
decorate 2,040221 0,000574
deduced 1,832581 0,000516
deemed 0,755023 0,000212
deep 0,051293 0,000014
deeper 0,328504 0,000092
deeply 0,261365 0,000074
deer 0,867501 0,000244
defend 0,400478 0,000113
defending 1,049822 0,000295
defense 1,514128 0,000426
defensive 1,560648 0,000439
defiantly 1,609438 0,000453
definite 0,755023 0,000212
definition 1,272966 0,000358
deftly 1,660731 0,000467
degree 0,198451 0,000056
delay 0,287682 0,000081
deliberate 0,755023 0,000212
delicious 0,713350 0,000201
delight 0,162519 0,000046
delighted 0,287682 0,000081
deluge 1,609438 0,000453
demanded 0,400478 0,000113
demonstrated 1,237874 0,000348
demurred 2,525729 0,000711
denies 1,660731 0,000467
denizens 1,966113 0,000553
dens 1,514128 0,000426
dense 0,776529 0,000218
departing 1,108663 0,000312
depend 0,371064 0,000104
depended 0,653926 0,000184
depends 0,198451 0,000056
depth 0,494296 0,000139
depths 0,446287 0,000126
descended 0,400478 0,000113
description 0,274437 0,000077
desire 0,072571 0,000020
desired 0,150823 0,000042
desperate 0,328504 0,000092
desperately 0,843970 0,000237
destination 1,078810 0,000304
destined 0,494296 0,000139
destroy 0,127833 0,000036
destroying 0,776529 0,000218
determine 0,210721 0,000059
determined 0,174353 0,000049
detonating 3,912023 0,001101
detour 2,207275 0,000621
developing 1,386294 0,000390
diagnosis 2,659260 0,000748
die 0,105361 0,000030
died 0,061875 0,000017
difference 0,198451 0,000056
difficult 0,116534 0,000033
difficulties 0,385662 0,000109
difficulty 0,139262 0,000039
dig 0,776529 0,000218
diggers 2,525729 0,000711
digging 1,108663 0,000312
dignified 0,755023 0,000212
dignifiedly 3,912023 0,001101
dignity 0,314711 0,000089
dine 0,673345 0,000189
dining 0,510826 0,000144
dinner 0,198451 0,000056
dip 1,139434 0,000321
dire 1,347074 0,000379
direct 0,083382 0,000023
directed 0,287682 0,000081
direction 0,083382 0,000023
directions 0,314711 0,000089
dirt 0,544727 0,000153
disadvantage 0,994252 0,000280
disagreeable 0,733969 0,000207
disappeared 0,356675 0,000100
disappearing 1,347074 0,000379
disapproving 2,207275 0,000621
disarm 1,771957 0,000499
disarms 3,506558 0,000987
discard 2,407946 0,000678
discipline 0,653926 0,000184
disconsolate 1,609438 0,000453
discords 2,407946 0,000678
discover 0,083382 0,000023
discovered 0,051293 0,000014
discovery 0,371064 0,000104
discreetly 1,347074 0,000379
discuss 0,673345 0,000189
discussing 0,916291 0,000258
disengage 1,714798 0,000482
disgrace 0,510826 0,000144
disgust 0,446287 0,000126
dishes 0,755023 0,000212
dismal 0,843970 0,000237
dismally 1,771957 0,000499
dismount 1,832581 0,000516
dismounted 1,469676 0,000414
dismounting 2,525729 0,000711
dispelled 1,771957 0,000499
dispose 0,994252 0,000280
disposed 0,385662 0,000109
disposing 1,469676 0,000414
disposition 0,400478 0,000113
distance 0,105361 0,000030
distanced 2,995732 0,000843
distinctness 1,469676 0,000414
distinguish 0,356675 0,000100
distinguished 0,301105 0,000085
distinguishes 1,714798 0,000482
distract 1,309333 0,000368
distress 0,274437 0,000077
disturbance 0,798508 0,000225
disturbed 0,356675 0,000100
dive 1,347074 0,000379
divide 0,616186 0,000173
divided 0,210721 0,000059
diving 1,660731 0,000467
divulged 2,302585 0,000648
docile 1,714798 0,000482
dodged 1,660731 0,000467
dodging 2,120264 0,000597
doe 2,995732 0,000843
dog 0,261365 0,000074
dogs 0,342490 0,000096
doings 0,967584 0,000272
door 0,040822 0,000011
doors 0,105361 0,000030
dose 1,386294 0,000390
double 0,186330 0,000052
doubled 0,653926 0,000184
doubt 0,040822 0,000011
doubts 0,494296 0,000139
doughty 2,995732 0,000843
dozen 0,446287 0,000126
dragged 0,462035 0,000130
dragging 0,673345 0,000189
dragons 1,966113 0,000553
drank 0,371064 0,000104
draw 0,105361 0,000030
drawing 0,139262 0,000039
drawled 2,120264 0,000597
drawn 0,094311 0,000027
dread 0,371064 0,000104
dreaming 0,562119 0,000158
dress 0,186330 0,000052
dressed 0,261365 0,000074
dressing 0,527633 0,000148
drew 0,162519 0,000046
driftwood 2,995732 0,000843
drink 0,150823 0,000042
drip 1,966113 0,000553
dripping 0,891598 0,000251
drive 0,186330 0,000052
driven 0,127833 0,000036
drives 0,867501 0,000244
driving 0,371064 0,000104
drollery 3,218876 0,000906
drooped 1,347074 0,000379
drooping 1,021651 0,000287
drop 0,150823 0,000042
dropped 0,274437 0,000077
dropping 0,673345 0,000189
drops 0,544727 0,000153
drove 0,248461 0,000070
drown 0,820981 0,000231
drowned 0,616186 0,000173
drubbing 2,813411 0,000792
dry 0,127833 0,000036
drying 1,237874 0,000348
dude 3,218876 0,000906
dug 0,673345 0,000189
duke 0,994252 0,000280
dull 0,174353 0,000049
dust 0,174353 0,000049
duties 0,356675 0,000100
duty 0,083382 0,000023
dyed 1,272966 0,000358
eager 0,210721 0,000059
eagerly 0,385662 0,000109
eagerness 0,544727 0,000153
ear 0,139262 0,000039
earned 0,693147 0,000195
earnest 0,261365 0,000074
earnestly 0,415515 0,000117
ears 0,105361 0,000030
earth 0,051293 0,000014
ease 0,162519 0,000046
easier 0,385662 0,000109
easiest 1,171183 0,000330
easily 0,072571 0,000020
east 0,235722 0,000066
eastern 0,733969 0,000207
eastward 1,203973 0,000339
easy 0,040822 0,000011
eat 0,083382 0,000023
eaten 0,446287 0,000126
echoed 0,798508 0,000225
echoes 1,272966 0,000358
edge 0,210721 0,000059
education 0,446287 0,000126
effective 0,967584 0,000272
effort 0,094311 0,000027
efforts 0,139262 0,000039
elapsed 0,967584 0,000272
elated 1,469676 0,000414
eldest 0,867501 0,000244
element 0,510826 0,000144
elephant 1,237874 0,000348
elevated 0,891598 0,000251
embers 1,139434 0,000321
embraced 0,562119 0,000158
emergency 1,272966 0,000358
emphasis 0,891598 0,000251
emphatic 1,427116 0,000402
enabled 0,430783 0,000121
enclosed 0,916291 0,000258
enclosing 1,714798 0,000482
encouraged 0,527633 0,000148
endurable 2,407946 0,000678
enemy 0,174353 0,000049
engaged 0,198451 0,000056
engineers 1,660731 0,000467
england 0,385662 0,000109
enjoy 0,150823 0,000042
enjoyed 0,415515 0,000117
enjoying 0,579818 0,000163
enjoyment 0,634878 0,000179
enraged 1,021651 0,000287
entered 0,051293 0,000014
entertained 0,616186 0,000173
enthusiasm 0,653926 0,000184
enthusiastic 1,021651 0,000287
entire 0,274437 0,000077
entrance 0,210721 0,000059
entry 0,820981 0,000231
equal 0,174353 0,000049
equipment 0,430783 0,000121
equipped 1,049822 0,000295
ere 0,634878 0,000179
error 0,371064 0,000104
escape 0,094311 0,000027
escaped 0,235722 0,000066
espied 1,966113 0,000553
establishment 0,713350 0,000201
estimated 1,272966 0,000358
evasive 2,207275 0,000621
evasively 2,040221 0,000574
evening 0,083382 0,000023
event 0,342490 0,000096
eventful 1,897120 0,000534
events 0,223144 0,000063
eventually 1,171183 0,000330
evidence 0,261365 0,000074
evident 0,356675 0,000100
evidently 0,371064 0,000104
exact 0,287682 0,000081
examine 0,400478 0,000113
examined 0,356675 0,000100
examining 0,446287 0,000126
excellent 0,150823 0,000042
exception 0,544727 0,000153
excited 0,248461 0,000070
excitedly 1,609438 0,000453
excitement 0,430783 0,000121
exciting 0,693147 0,000195
exclaimed 0,494296 0,000139
exclamation 0,994252 0,000280
exclusion 0,371064 0,000104
excursions 1,469676 0,000414
excuse 0,174353 0,000049
execution 0,597837 0,000168
exhibition 1,139434 0,000321
exist 0,342490 0,000096
existed 0,510826 0,000144
expectantly 2,407946 0,000678
expected 0,105361 0,000030
expecting 0,510826 0,000144
experience 0,083382 0,000023
experienced 0,356675 0,000100
experiences 0,755023 0,000212
expert 1,078810 0,000304
explain 0,186330 0,000052
explained 0,248461 0,000070
explaining 0,733969 0,000207
explode 2,207275 0,000621
exploded 1,714798 0,000482
explorations 2,407946 0,000678
explosion 1,309333 0,000368
explosions 2,207275 0,000621
expose 0,755023 0,000212
expressed 0,274437 0,000077
expression 0,127833 0,000036
expressively 2,407946 0,000678
extended 0,446287 0,000126
extending 0,820981 0,000231
extent 0,083382 0,000023
extracted 1,203973 0,000339
exultant 1,897120 0,000534
exulted 2,302585 0,000648
eye 0,030459 0,000009
eyebrows 0,798508 0,000225
eyed 0,597837 0,000168
eyeing 1,714798 0,000482
eyes 0,010050 0,000003
faced 0,820981 0,000231
failed 0,198451 0,000056
failing 0,562119 0,000158
failure 0,446287 0,000126
faint 0,261365 0,000074
faintly 0,713350 0,000201
fair 0,051293 0,000014
faithful 0,261365 0,000074
fall 0,020203 0,000006
fallen 0,083382 0,000023
falling 0,083382 0,000023
falls 0,328504 0,000092
false 0,210721 0,000059
familiar 0,150823 0,000042
familiarly 1,272966 0,000358
family 0,072571 0,000020
famished 1,272966 0,000358
fan 0,916291 0,000258
fancy 0,198451 0,000056
fangled 2,207275 0,000621
fangs 1,660731 0,000467
fanning 1,832581 0,000516
fantastic 0,798508 0,000225
fascinated 1,309333 0,000368
fascinating 1,139434 0,000321
fascination 1,108663 0,000312
fashioned 0,446287 0,000126
fast 0,061875 0,000017
fastening 1,386294 0,000390
faster 0,562119 0,000158
fat 0,314711 0,000089
fatigue 0,616186 0,000173
fault 0,162519 0,000046
favor 1,021651 0,000287
favorable 1,469676 0,000414
favors 1,966113 0,000553
fear 0,020203 0,000006
feared 0,235722 0,000066
fearful 0,400478 0,000113
fears 0,274437 0,000077
feathers 0,673345 0,000189
feats 1,272966 0,000358
feature 0,562119 0,000158
features 0,328504 0,000092
feeble 0,371064 0,000104
feed 0,462035 0,000130
feel 0,020203 0,000006
feeling 0,105361 0,000030
feels 0,446287 0,000126
feet 0,061875 0,000017
feigned 1,139434 0,000321
fell 0,051293 0,000014
fellow 0,051293 0,000014
fellows 0,287682 0,000081
fence 0,891598 0,000251
ferocious 1,203973 0,000339
ferociously 2,525729 0,000711
festoons 1,966113 0,000553
fetch 0,616186 0,000173
fetched 0,941609 0,000265
fetching 1,660731 0,000467
fever 0,371064 0,000104
fiercely 0,776529 0,000218
fight 0,162519 0,000046
fighters 2,207275 0,000621
fighting 0,342490 0,000096
fights 0,916291 0,000258
figure 0,072571 0,000020
figured 1,514128 0,000426
file 0,235722 0,000066
filtered 1,966113 0,000553
final 0,342490 0,000096
finally 0,150823 0,000042
finches 3,506558 0,000987
fine 0,072571 0,000020
finest 0,494296 0,000139
fingered 2,302585 0,000648
fingers 0,235722 0,000066
finish 0,314711 0,000089
finished 0,162519 0,000046
firemen 2,407946 0,000678
firewood 1,897120 0,000534
firing 1,660731 0,000467
firm 0,274437 0,000077
firmly 0,342490 0,000096
fishing 0,755023 0,000212
fishpoles 3,912023 0,001101
fist 0,713350 0,000201
fit 0,061875 0,000017
fits 0,634878 0,000179
fitted 0,261365 0,000074
fixedly 1,427116 0,000402
fizzle 3,506558 0,000987
flame 0,400478 0,000113
flames 0,616186 0,000173
flank 1,272966 0,000358
flanks 1,347074 0,000379
flared 1,832581 0,000516
flash 0,510826 0,000144
flashed 0,693147 0,000195
flat 0,248461 0,000070
flecked 1,897120 0,000534
fled 0,371064 0,000104
flesh 0,210721 0,000059
flew 0,314711 0,000089
flickering 1,108663 0,000312
flinging 1,203973 0,000339
float 0,967584 0,000272
floating 0,597837 0,000168
flood 0,544727 0,000153
floor 0,186330 0,000052
floors 1,309333 0,000368
flopped 2,659260 0,000748
floundering 1,660731 0,000467
flower 0,342490 0,000096
flung 0,579818 0,000163
flushed 0,713350 0,000201
flushing 1,560648 0,000439
fluttering 0,994252 0,000280
fly 0,210721 0,000059
flying 0,235722 0,000066
fog 0,713350 0,000201
folding 1,049822 0,000295
foliage 0,916291 0,000258
folks 0,941609 0,000265
follow 0,020203 0,000006
fond 0,287682 0,000081
food 0,127833 0,000036
fool 0,314711 0,000089
foolish 0,235722 0,000066
foot 0,083382 0,000023
footprints 2,120264 0,000597
force 0,061875 0,000017
forced 0,139262 0,000039
forces 0,462035 0,000130
forcibly 0,820981 0,000231
fore 0,755023 0,000212
forehead 0,430783 0,000121
forenoon 1,347074 0,000379
foresight 1,139434 0,000321
forest 0,430783 0,000121
forests 0,891598 0,000251
forget 0,072571 0,000020
forgetting 0,597837 0,000168
forgot 0,261365 0,000074
forgotten 0,162519 0,000046
form 0,040822 0,000011
formation 1,139434 0,000321
formations 2,659260 0,000748
formed 0,210721 0,000059
forming 0,527633 0,000148
fortunate 0,415515 0,000117
fought 0,371064 0,000104
foul 0,634878 0,000179
foundation 0,174353 0,000049
fours 1,771957 0,000499
foxy 3,506558 0,000987
fraction 1,832581 0,000516
fraid 2,995732 0,000843
frame 0,235722 0,000066
frank 0,616186 0,000173
frantic 0,820981 0,000231
frantically 1,386294 0,000390
fraught 1,514128 0,000426
fray 1,427116 0,000402
freckle 3,506558 0,000987
freed 2,995732 0,000843
freedom 0,223144 0,000063
freely 0,105361 0,000030
frequent 0,342490 0,000096
frequently 0,287682 0,000081
fresh 0,105361 0,000030
fresher 1,469676 0,000414
fret 1,272966 0,000358
fried 1,714798 0,000482
friend 0,040822 0,000011
friends 0,020203 0,000006
fright 0,653926 0,000184
frighten 0,798508 0,000225
frightened 0,301105 0,000085
frontispiece 1,714798 0,000482
frowningly 2,995732 0,000843
fry 2,120264 0,000597
fudge 3,506558 0,000987
fumbled 1,771957 0,000499
fun 0,798508 0,000225
funny 1,021651 0,000287
fur 0,994252 0,000280
furnished 0,328504 0,000092
furnishing 1,427116 0,000402
furry 2,207275 0,000621
fury 0,328504 0,000092
fuse 2,995732 0,000843
fussed 2,995732 0,000843
fussing 2,525729 0,000711
gained 0,261365 0,000074
gaining 0,544727 0,000153
gallop 0,994252 0,000280
galloped 1,832581 0,000516
galloping 1,309333 0,000368
game 0,248461 0,000070
gang 1,237874 0,000348
garden 0,198451 0,000056
garfish 3,506558 0,000987
garments 0,597837 0,000168
gasp 1,171183 0,000330
gasped 1,021651 0,000287
gather 0,328504 0,000092
gathered 0,150823 0,000042
gathering 0,430783 0,000121
gator 3,912023 0,001101
gaze 0,544727 0,000153
gazed 0,597837 0,000168
gazing 0,597837 0,000168
gee 2,659260 0,000748
gentle 0,274437 0,000077
gentleman 0,301105 0,000085
gentlemen 0,430783 0,000121
genuine 0,597837 0,000168
genuinely 1,897120 0,000534
george 0,616186 0,000173
german 0,510826 0,000144
germans 1,108663 0,000312
germany 1,049822 0,000295
gesture 0,634878 0,000179
ghostly 1,237874 0,000348
giant 0,634878 0,000179
gifted 1,049822 0,000295
giggled 2,407946 0,000678
girl 0,235722 0,000066
girth 1,966113 0,000553
git 2,302585 0,000648
glad 0,072571 0,000020
glance 0,248461 0,000070
glanced 0,653926 0,000184
glances 0,798508 0,000225
glancing 0,693147 0,000195
glow 0,527633 0,000148
glowering 2,995732 0,000843
glowing 0,510826 0,000144
glued 1,966113 0,000553
gnarled 1,560648 0,000439
gold 0,083382 0,000023
goners 3,506558 0,000987
goodness 0,328504 0,000092
goose 0,941609 0,000265
government 0,494296 0,000139
grab 1,832581 0,000516
grabbed 2,120264 0,000597
grabbing 2,995732 0,000843
gracious 0,544727 0,000153
gradually 0,328504 0,000092
grand 0,342490 0,000096
grasp 0,385662 0,000109
grasping 0,891598 0,000251
gravely 0,693147 0,000195
gray 0,733969 0,000207
graying 3,912023 0,001101
greatly 0,210721 0,000059
greedily 1,078810 0,000304
green 0,105361 0,000030
greeted 1,049822 0,000295
grew 0,139262 0,000039
grilling 2,995732 0,000843
grim 0,776529 0,000218
grimly 1,108663 0,000312
grin 0,967584 0,000272
grinned 1,514128 0,000426
grinning 1,049822 0,000295
grip 0,916291 0,000258
gripping 1,966113 0,000553
grit 2,207275 0,000621
groan 0,891598 0,000251
groaned 1,021651 0,000287
groped 1,609438 0,000453
grouchy 3,506558 0,000987
ground 0,030459 0,000009
grounds 0,446287 0,000126
grow 0,139262 0,000039
growing 0,174353 0,000049
growled 1,203973 0,000339
growling 1,427116 0,000402
growls 2,302585 0,000648
grows 0,527633 0,000148
growth 0,462035 0,000130
growths 2,207275 0,000621
grudge 1,171183 0,000330
grumble 1,714798 0,000482
grumbled 1,203973 0,000339
grumbling 1,427116 0,000402
grumblingly 2,813411 0,000792
grunted 1,560648 0,000439
guard 0,174353 0,000049
guardian 0,693147 0,000195
guess 0,314711 0,000089
guessed 0,616186 0,000173
guests 0,446287 0,000126
guidance 0,776529 0,000218
guide 0,261365 0,000074
guided 0,462035 0,000130
guides 1,108663 0,000312
guilt 0,544727 0,000153
gulf 0,755023 0,000212
gums 2,040221 0,000574
gun 0,755023 0,000212
guns 0,843970 0,000237
gwine 3,218876 0,000906
ha 0,891598 0,000251
habit 0,223144 0,000063
hail 0,634878 0,000179
hailing 1,966113 0,000553
hair 0,094311 0,000027
haired 0,820981 0,000231
hairs 0,916291 0,000258
halted 0,843970 0,000237
halting 1,309333 0,000368
hand 0,010050 0,000003
handed 0,274437 0,000077
handful 0,867501 0,000244
handfuls 1,609438 0,000453
handing 1,309333 0,000368
handkerchiefs 1,660731 0,000467
handle 0,415515 0,000117
handled 0,916291 0,000258
hands 0,020203 0,000006
handsome 0,328504 0,000092
handy 0,994252 0,000280
hang 0,400478 0,000113
hanged 1,049822 0,000295
hanging 0,261365 0,000074
hankering 2,407946 0,000678
hapless 1,714798 0,000482
happen 0,150823 0,000042
happened 0,094311 0,000027
happily 0,478036 0,000135
happiness 0,150823 0,000042
happy 0,072571 0,000020
hard 0,040822 0,000011
harder 0,597837 0,000168
hardy 0,994252 0,000280
harm 0,210721 0,000059
harrying 2,995732 0,000843
harshly 1,078810 0,000304
haste 0,371064 0,000104
hastened 0,616186 0,000173
hastily 0,462035 0,000130
hasty 0,510826 0,000144
hat 0,478036 0,000135
hatchet 1,966113 0,000553
hate 0,274437 0,000077
hats 0,941609 0,000265
haul 1,609438 0,000453
hauled 1,171183 0,000330
hauling 1,660731 0,000467
haunches 1,714798 0,000482
haunt 1,049822 0,000295
havoc 1,714798 0,000482
haw 2,407946 0,000678
haying 3,218876 0,000906
head 0,000000 0,000000
headed 0,510826 0,000144
heading 1,203973 0,000339
heads 0,094311 0,000027
headway 1,966113 0,000553
healthy 0,356675 0,000100
heap 0,494296 0,000139
heaped 0,994252 0,000280
heaping 2,120264 0,000597
heaps 0,733969 0,000207
hear 0,010050 0,000003
heard 0,020203 0,000006
hearing 0,139262 0,000039
heart 0,010050 0,000003
hearted 0,415515 0,000117
heartily 0,597837 0,000168
heat 0,274437 0,000077
heavier 0,776529 0,000218
heavily 0,400478 0,000113
heavy 0,030459 0,000009
heed 0,693147 0,000195
heels 0,446287 0,000126
height 0,261365 0,000074
held 0,040822 0,000011
helpless 0,328504 0,000092
henry 0,713350 0,000201
herd 0,713350 0,000201
herding 2,525729 0,000711
hereabouts 2,040221 0,000574
hero 0,544727 0,000153
hesitate 0,616186 0,000173
hesitated 0,653926 0,000184
hewing 2,659260 0,000748
hey 1,347074 0,000379
hidden 0,248461 0,000070
hideous 0,527633 0,000148
hiding 0,616186 0,000173
highways 1,660731 0,000467
hike 3,218876 0,000906
hikes 3,912023 0,001101
hindering 1,966113 0,000553
hinge 2,207275 0,000621
hinges 0,994252 0,000280
hit 0,356675 0,000100
hitch 1,714798 0,000482
hits 2,040221 0,000574
hitting 1,386294 0,000390
ho 1,203973 0,000339
hoarse 0,867501 0,000244
hoarsely 1,560648 0,000439
hold 0,020203 0,000006
holding 0,174353 0,000049
holds 0,342490 0,000096
hole 0,356675 0,000100
hollow 0,446287 0,000126
hollows 1,832581 0,000516
holster 3,912023 0,001101
honda 3,506558 0,000987
honored 1,427116 0,000402
hoof 1,560648 0,000439
hoofprint 3,912023 0,001101
hook 0,798508 0,000225
hooray 2,995732 0,000843
hooting 2,407946 0,000678
hoots 3,912023 0,001101
hope 0,010050 0,000003
hoped 0,210721 0,000059
hoping 0,430783 0,000121
horn 0,776529 0,000218
horns 0,867501 0,000244
horrible 0,356675 0,000100
horse 0,162519 0,000046
horseback 0,843970 0,000237
horseless 3,912023 0,001101
horseman 1,386294 0,000390
horsemanship 2,995732 0,000843
horses 0,261365 0,000074
hospitable 1,078810 0,000304
hospitality 0,713350 0,000201
hostelry 2,813411 0,000792
hostess 1,347074 0,000379
hosts 1,237874 0,000348
hot 0,116534 0,000033
hotel 0,820981 0,000231
hound 1,272966 0,000358
hounds 1,139434 0,000321
hour 0,083382 0,000023
hours 0,094311 0,000027
house 0,020203 0,000006
howard 2,659260 0,000748
howdy 2,995732 0,000843
howl 1,021651 0,000287
howled 1,386294 0,000390
howling 0,755023 0,000212
huddled 1,237874 0,000348
huge 0,400478 0,000113
huh 3,218876 0,000906
human 0,083382 0,000023
humble 0,301105 0,000085
humiliate 2,207275 0,000621
hummer 3,912023 0,001101
humming 1,237874 0,000348
humored 1,897120 0,000534
hunched 2,040221 0,000574
hung 0,174353 0,000049
hungry 0,328504 0,000092
hunt 0,544727 0,000153
hunter 0,820981 0,000231
hunters 1,171183 0,000330
hunting 0,462035 0,000130
hurled 1,171183 0,000330
hurrah 1,386294 0,000390
hurried 0,356675 0,000100
hurry 0,328504 0,000092
hurt 0,198451 0,000056
hustle 2,995732 0,000843
hustler 3,912023 0,001101
hut 0,916291 0,000258
idea 0,105361 0,000030
identified 1,386294 0,000390
identify 0,415515 0,000117
idle 0,274437 0,000077
ignore 1,832581 0,000516
iii 0,287682 0,000081
illustrated 1,021651 0,000287
imagination 0,223144 0,000063
imagine 0,139262 0,000039
imagined 0,287682 0,000081
immaterial 1,966113 0,000553
impatient 0,371064 0,000104
impending 1,171183 0,000330
impossible 0,094311 0,000027
impression 0,210721 0,000059
imprint 1,966113 0,000553
improved 0,562119 0,000158
improvement 0,673345 0,000189
inactivity 2,040221 0,000574
inanimate 1,272966 0,000358
incessant 0,941609 0,000265
inch 0,634878 0,000179
inches 0,733969 0,000207
incidents 0,693147 0,000195
incisive 2,659260 0,000748
inclined 0,186330 0,000052
including 0,139262 0,000039
increased 0,248461 0,000070
increasing 0,127833 0,000036
indefinitely 1,469676 0,000414
indian 0,597837 0,000168
indians 1,108663 0,000312
indication 1,171183 0,000330
indifferent 0,400478 0,000113
indignantly 1,203973 0,000339
induce 0,634878 0,000179
inexperienced 1,203973 0,000339
infested 1,897120 0,000534
influence 0,198451 0,000056
informed 0,371064 0,000104
inhabitants 0,446287 0,000126
injured 0,579818 0,000163
injury 0,446287 0,000126
innocent 0,186330 0,000052
innocently 1,427116 0,000402
inquired 0,544727 0,000153
inquiring 0,798508 0,000225
insecure 2,207275 0,000621
insist 0,462035 0,000130
insisted 0,400478 0,000113
insisting 1,309333 0,000368
inspection 0,820981 0,000231
inspiring 1,108663 0,000312
instance 0,150823 0,000042
instances 0,653926 0,000184
instant 0,210721 0,000059
instantly 0,356675 0,000100
instinct 0,430783 0,000121
instinctively 0,733969 0,000207
instructions 0,579818 0,000163
insult 0,673345 0,000189
intend 0,494296 0,000139
intended 0,174353 0,000049
intending 0,733969 0,000207
intends 1,347074 0,000379
intention 0,186330 0,000052
interestingly 3,506558 0,000987
interfere 0,544727 0,000153
interfered 1,108663 0,000312
interfering 1,660731 0,000467
interior 0,673345 0,000189
interiors 2,813411 0,000792
interjected 2,813411 0,000792
interpreted 0,274437 0,000077
interrupted 0,301105 0,000085
interruption 0,776529 0,000218
interview 0,673345 0,000189
introduce 0,562119 0,000158
introduced 0,356675 0,000100
investigate 1,386294 0,000390
investigation 0,967584 0,000272
inwardly 0,798508 0,000225
irresistibly 1,203973 0,000339
island 0,400478 0,000113
iv 0,328504 0,000092
ix 0,494296 0,000139
jab 3,912023 0,001101
jacked 3,912023 0,001101
jackson 1,714798 0,000482
january 0,693147 0,000195
jaunt 2,525729 0,000711
jaw 0,820981 0,000231
jaws 0,733969 0,000207
jealous 0,446287 0,000126
jeered 2,040221 0,000574
jeering 1,714798 0,000482
jerked 1,237874 0,000348
jerking 1,660731 0,000467
jest 0,673345 0,000189
jig 2,302585 0,000648
jingling 1,427116 0,000402
job 0,673345 0,000189
jogged 2,207275 0,000621
jogging 2,995732 0,000843
joint 0,673345 0,000189
joints 1,108663 0,000312
joke 0,494296 0,000139
joked 2,120264 0,000597
jokes 1,078810 0,000304
joking 0,994252 0,000280
jolting 2,120264 0,000597
journey 0,198451 0,000056
joy 0,139262 0,000039
joyful 0,798508 0,000225
judge 0,116534 0,000033
judged 0,430783 0,000121
judging 0,713350 0,000201
judgment 0,198451 0,000056
jump 0,733969 0,000207
jumped 0,653926 0,000184
jumping 0,798508 0,000225
juncture 1,386294 0,000390
jungle 1,966113 0,000553
keel 1,386294 0,000390
keen 0,415515 0,000117
keener 1,469676 0,000414
keenest 1,386294 0,000390
keenly 0,967584 0,000272
kick 0,653926 0,000184
kicked 0,843970 0,000237
kicker 3,218876 0,000906
kicking 1,078810 0,000304
kid 1,469676 0,000414
kiddie 3,912023 0,001101
kids 1,832581 0,000516
kill 0,127833 0,000036
killed 0,223144 0,000063
killer 2,120264 0,000597
killers 2,995732 0,000843
killing 0,597837 0,000168
kindly 0,223144 0,000063
kit 2,207275 0,000621
kits 3,218876 0,000906
knee 0,462035 0,000130
kneeling 0,798508 0,000225
knees 0,223144 0,000063
knife 0,356675 0,000100
knot 0,673345 0,000189
knots 1,139434 0,000321
knowledge 0,061875 0,000017
lad 0,713350 0,000201
ladies 0,314711 0,000089
lads 1,139434 0,000321
laid 0,072571 0,000020
lake 0,210721 0,000059
lakes 1,237874 0,000348
lamely 2,995732 0,000843
land 0,072571 0,000020
landed 0,527633 0,000148
landing 0,562119 0,000158
lands 0,544727 0,000153
language 0,072571 0,000020
lariat 3,912023 0,001101
lash 1,386294 0,000390
lashed 1,203973 0,000339
lashing 1,832581 0,000516
lashings 2,525729 0,000711
lasso 2,813411 0,000792
late 0,094311 0,000027
laugh 0,127833 0,000036
laughed 0,248461 0,000070
laughing 0,248461 0,000070
laughingly 1,714798 0,000482
laughter 0,274437 0,000077
launched 1,171183 0,000330
lawn 1,237874 0,000348
lay 0,051293 0,000014
laying 0,274437 0,000077
lays 0,798508 0,000225
lazily 1,237874 0,000348
lead 0,083382 0,000023
leader 0,462035 0,000130
leadin 3,218876 0,000906
leading 0,139262 0,000039
leaned 0,634878 0,000179
leaning 0,301105 0,000085
leap 0,562119 0,000158
leaped 0,713350 0,000201
leaping 0,713350 0,000201
learn 0,020203 0,000006
learned 0,105361 0,000030
learnedly 2,813411 0,000792
leash 2,525729 0,000711
leashes 3,506558 0,000987
leather 0,544727 0,000153
leave 0,000000 0,000000
leaves 0,094311 0,000027
leaving 0,083382 0,000023
led 0,040822 0,000011
left 0,000000 0,000000
leg 0,478036 0,000135
legs 0,274437 0,000077
lemonade 2,659260 0,000748
lessened 1,272966 0,000358
lessening 1,660731 0,000467
lesson 0,400478 0,000113
letter 0,116534 0,000033
leveled 2,407946 0,000678
leveling 3,506558 0,000987
liberal 0,616186 0,000173
liberty 0,223144 0,000063
licked 1,609438 0,000453
licking 1,272966 0,000358
licks 2,302585 0,000648
lie 0,040822 0,000011
lief 3,218876 0,000906
life -0,009950 -0,000003
lifting 0,653926 0,000184
light 0,010050 0,000003
lighted 0,261365 0,000074
lightly 0,430783 0,000121
lights 0,301105 0,000085
lilly 3,912023 0,001101
limb 0,798508 0,000225
limber 2,813411 0,000792
limbered 3,218876 0,000906
limbs 0,274437 0,000077
limping 1,771957 0,000499
lips 0,127833 0,000036
listen 0,127833 0,000036
listened 0,274437 0,000077
listeners 1,609438 0,000453
listening 0,261365 0,000074
literally 0,713350 0,000201
litter 0,994252 0,000280
live 0,010050 0,000003
lived 0,061875 0,000017
lively 0,400478 0,000113
liver 1,203973 0,000339
lives 0,072571 0,000020
living 0,020203 0,000006
load 0,634878 0,000179
loaded 0,616186 0,000173
loader 3,506558 0,000987
loading 1,309333 0,000368
lobby 2,040221 0,000574
locate 2,207275 0,000621
located 0,400478 0,000113
locked 0,430783 0,000121
log 0,941609 0,000265
lone 1,514128 0,000426
lonely 0,415515 0,000117
lookout 1,514128 0,000426
loop 1,771957 0,000499
loose 0,105361 0,000030
loosening 2,302585 0,000648
lope 2,659260 0,000748
loping 3,912023 0,001101
lose 0,094311 0,000027
losing 0,235722 0,000066
loss 0,094311 0,000027
lost 0,020203 0,000006
lot 0,061875 0,000017
lots 0,733969 0,000207
loud 0,174353 0,000049
louder 0,527633 0,000148
loudly 0,400478 0,000113
louisiana 2,302585 0,000648
love 0,051293 0,000014
loved 0,198451 0,000056
luck 0,446287 0,000126
lucky 0,527633 0,000148
ludicrous 1,386294 0,000390
lunged 2,659260 0,000748
lurched 2,040221 0,000574
lurked 1,714798 0,000482
lurking 1,049822 0,000295
lustily 1,897120 0,000534
luxuriant 1,427116 0,000402
luxury 0,527633 0,000148
lying 0,061875 0,000017
mad 0,261365 0,000074
magazine 1,469676 0,000414
main 0,127833 0,000036
maine 2,120264 0,000597
mainspring 2,407946 0,000678
majesty 0,544727 0,000153
major 1,108663 0,000312
majors 3,506558 0,000987
malicious 0,941609 0,000265
maligned 2,995732 0,000843
manage 0,462035 0,000130
managed 0,342490 0,000096
manhunt 3,912023 0,001101
manifold 1,386294 0,000390
manner 0,040822 0,000011
manners 0,274437 0,000077
mansion 0,867501 0,000244
mark 0,127833 0,000036
marked 0,061875 0,000017
marking 1,203973 0,000339
marks 0,328504 0,000092
marooned 3,218876 0,000906
marvelous 1,609438 0,000453
mary 0,693147 0,000195
master 0,083382 0,000023
match 0,385662 0,000109
matches 1,049822 0,000295
mate 0,867501 0,000244
matter 0,010050 0,000003
matters 0,139262 0,000039
mauling 3,912023 0,001101
maze 1,609438 0,000453
meal 0,301105 0,000085
meals 0,776529 0,000218
meaning 0,210721 0,000059
measly 3,912023 0,001101
measure 0,301105 0,000085
meat 0,356675 0,000100
medicine 0,597837 0,000168
meet 0,010050 0,000003
meeting 0,186330 0,000052
meets 0,713350 0,000201
memory 0,174353 0,000049
menacing 1,272966 0,000358
menagerie 2,040221 0,000574
mere 0,094311 0,000027
merrily 1,272966 0,000358
merriment 1,139434 0,000321
mess 0,891598 0,000251
message 0,446287 0,000126
met 0,040822 0,000011
methodically 2,120264 0,000597
mexico 1,660731 0,000467
middle 0,030459 0,000009
midway 1,514128 0,000426
mighty 0,328504 0,000092
mile 0,342490 0,000096
miles 0,223144 0,000063
mind 0,020203 0,000006
minds 0,235722 0,000066
minute 0,235722 0,000066
minutes 0,235722 0,000066
mischief 0,494296 0,000139
mischievous 1,078810 0,000304
mischievously 2,407946 0,000678
miserable 0,210721 0,000059
mishap 1,771957 0,000499
missing 1,386294 0,000390
mission 0,210721 0,000059
mississippi 0,415515 0,000117
missouri 2,120264 0,000597
mist 0,544727 0,000153
mistake 0,223144 0,000063
mistaken 0,261365 0,000074
mister 1,832581 0,000516
mists 1,139434 0,000321
mixed 0,385662 0,000109
mixes 2,207275 0,000621
moan 1,139434 0,000321
moaned 1,386294 0,000390
moccasin 3,506558 0,000987
moccasins 2,813411 0,000792
mock 0,755023 0,000212
mocking 0,994252 0,000280
mockingbirds 3,912023 0,001101
mockingly 1,966113 0,000553
modest 0,371064 0,000104
modestly 1,139434 0,000321
moist 0,843970 0,000237
moisture 1,108663 0,000312
moment 0,010050 0,000003
momentarily 1,832581 0,000516
moments 0,287682 0,000081
momentum 2,525729 0,000711
money 0,051293 0,000014
monkey 1,049822 0,000295
monosyllables 2,813411 0,000792
monsters 0,941609 0,000265
monstrous 0,400478 0,000113
montana 3,506558 0,000987
mood 0,527633 0,000148
morning 0,040822 0,000011
morrow 0,328504 0,000092
mosquito 2,813411 0,000792
mosquitoes 2,040221 0,000574
mother 0,072571 0,000020
motioned 1,139434 0,000321
motionless 0,544727 0,000153
motive 0,597837 0,000168
mount 0,494296 0,000139
mountain 0,400478 0,000113
mountains 0,400478 0,000113
mounted 0,446287 0,000126
mounts 1,560648 0,000439
mourned 1,771957 0,000499
moustache 1,609438 0,000453
mouth 0,105361 0,000030
mouthful 1,347074 0,000379
movement 0,328504 0,000092
movements 0,494296 0,000139
muck 2,525729 0,000711
mud 0,478036 0,000135
muddy 0,916291 0,000258
mumbled 1,514128 0,000426
murder 0,314711 0,000089
muriel 3,912023 0,001101
murmured 0,673345 0,000189
murmuring 0,967584 0,000272
muscled 3,506558 0,000987
muscles 1,021651 0,000287
muscular 1,203973 0,000339
mused 1,714798 0,000482
music 0,198451 0,000056
muskrats 3,506558 0,000987
mustang 3,218876 0,000906
muttered 0,798508 0,000225
mutton 1,272966 0,000358
muzzle 1,309333 0,000368
mysteriously 1,171183 0,000330
mystery 0,301105 0,000085
nag 2,040221 0,000574
nagging 2,525729 0,000711
nails 0,616186 0,000173
nap 1,771957 0,000499
napping 2,525729 0,000711
narrow 0,105361 0,000030
narrowly 1,272966 0,000358
nary 2,813411 0,000792
nasty 1,171183 0,000330
natural 0,094311 0,000027
nature 0,094311 0,000027
natured 0,733969 0,000207
naturedly 1,897120 0,000534
navigated 2,407946 0,000678
nearby 2,659260 0,000748
nearer 0,400478 0,000113
neat 0,673345 0,000189
neatly 1,049822 0,000295
neck 0,186330 0,000052
necks 0,891598 0,000251
ned 2,407946 0,000678
neglected 0,400478 0,000113
neglectful 2,525729 0,000711
neighing 2,302585 0,000648
nerve 0,867501 0,000244
nervously 1,203973 0,000339
nervousness 1,714798 0,000482
newcomer 1,897120 0,000534
news 0,210721 0,000059
nibble 2,120264 0,000597
nice 0,400478 0,000113
nigger 2,407946 0,000678
nigh 0,843970 0,000237
night 0,010050 0,000003
nod 0,798508 0,000225
nodded 0,634878 0,000179
nodding 0,941609 0,000265
noise 0,139262 0,000039
noiseless 1,609438 0,000453
noises 0,967584 0,000272
noisiest 3,218876 0,000906
nonsense 0,478036 0,000135
noon 0,430783 0,000121
north 0,083382 0,000023
northwest 2,302585 0,000648
nose 0,274437 0,000077
nosed 1,560648 0,000439
noses 1,021651 0,000287
nostrils 0,891598 0,000251
note 0,127833 0,000036
notes 0,261365 0,000074
notice 0,030459 0,000009
noticed 0,328504 0,000092
notion 0,371064 0,000104
novice 1,660731 0,000467
oaks 1,237874 0,000348
ob 2,407946 0,000678
obey 0,400478 0,000113
obeying 0,941609 0,000265
object 0,127833 0,000036
objected 0,755023 0,000212
objection 0,616186 0,000173
objections 0,820981 0,000231
obliged 0,287682 0,000081
obliquely 2,120264 0,000597
observable 1,771957 0,000499
observe 0,235722 0,000066
observed 0,162519 0,000046
observer 1,021651 0,000287
observing 0,510826 0,000144
obstacles 0,798508 0,000225
occasion 0,105361 0,000030
occasional 0,510826 0,000144
occupied 0,235722 0,000066
occupy 0,634878 0,000179
occur 0,150823 0,000042
occurred 0,261365 0,000074
occurring 1,427116 0,000402
odor 1,560648 0,000439
odors 2,120264 0,000597
offer 0,162519 0,000046
offered 0,139262 0,000039
oftener 1,049822 0,000295
oiling 3,218876 0,000906
ooze 2,525729 0,000711
oozing 1,966113 0,000553
oozy 2,995732 0,000843
operation 0,693147 0,000195
opinion 0,139262 0,000039
opportunity 0,061875 0,000017
orderly 0,941609 0,000265
ordinary 0,186330 0,000052
original 0,105361 0,000030
ouch 3,218876 0,000906
outdistancing 3,912023 0,001101
outdone 1,966113 0,000553
outdoors 2,995732 0,000843
outer 0,510826 0,000144
outfit 1,237874 0,000348
outfits 2,659260 0,000748
outing 2,525729 0,000711
outright 1,309333 0,000368
outskirts 1,560648 0,000439
outwitted 2,813411 0,000792
overcame 0,941609 0,000265
overcast 1,660731 0,000467
overcharged 2,302585 0,000648
overcome 0,261365 0,000074
overflowed 1,347074 0,000379
overhaul 2,813411 0,000792
overhauled 2,525729 0,000711
overhauling 2,659260 0,000748
overtake 0,755023 0,000212
overwhelmed 0,891598 0,000251
ow 2,040221 0,000574
owe 0,494296 0,000139
owed 0,139262 0,000039
owl 1,309333 0,000368
owls 1,832581 0,000516
owner 0,116534 0,000033
pace 0,328504 0,000092
paces 0,673345 0,000189
pack 0,597837 0,000168
packages 1,832581 0,000516
packed 0,616186 0,000173
packing 1,108663 0,000312
packs 1,966113 0,000553
paid 0,061875 0,000017
pail 1,469676 0,000414
pailful 3,506558 0,000987
pain 0,174353 0,000049
pained 1,203973 0,000339
painful 0,328504 0,000092
pains 0,301105 0,000085
painting 0,798508 0,000225
pair 0,235722 0,000066
pajamas 3,506558 0,000987
palatable 2,659260 0,000748
pale 0,198451 0,000056
pallid 1,237874 0,000348
palmettos 3,506558 0,000987
pan 0,967584 0,000272
panted 1,427116 0,000402
pantry 2,040221 0,000574
parallel 0,891598 0,000251
paralyzed 1,966113 0,000553
pardon 0,301105 0,000085
parley 1,609438 0,000453
parlor 1,714798 0,000482
partially 0,967584 0,000272
parties 0,371064 0,000104
party 0,061875 0,000017
pass 0,040822 0,000011
passed 0,040822 0,000011
passing 0,094311 0,000027
path 0,198451 0,000056
patience 0,139262 0,000039
patient 0,274437 0,000077
patiently 0,733969 0,000207
pause 0,371064 0,000104
pausing 1,078810 0,000304
paw 1,560648 0,000439
pawing 2,302585 0,000648
paws 1,237874 0,000348
pay 0,051293 0,000014
peal 1,309333 0,000368
peculiar 0,223144 0,000063
peculiarities 1,049822 0,000295
peeled 1,966113 0,000553
peered 1,237874 0,000348
peering 0,891598 0,000251
pelt 2,302585 0,000648
people 0,010050 0,000003
perceiving 0,867501 0,000244
perceptible 1,171183 0,000330
perched 1,347074 0,000379
perfect 0,072571 0,000020
performance 0,478036 0,000135
peril 0,867501 0,000244
perilous 0,798508 0,000225
perils 1,203973 0,000339
period 0,274437 0,000077
permanent 0,223144 0,000063
permission 0,150823 0,000042
permit 0,446287 0,000126
permitted 0,105361 0,000030
perplexed 0,755023 0,000212
perplexedly 3,218876 0,000906
persisted 0,713350 0,000201
person 0,010050 0,000003
personal 0,223144 0,000063
persons 0,210721 0,000059
perspiration 1,237874 0,000348
pert 1,966113 0,000553
pests 2,995732 0,000843
pete 2,813411 0,000792
petty 0,776529 0,000218
phantom 1,078810 0,000304
phase 1,427116 0,000402
philadelphia 2,120264 0,000597
phrase 0,174353 0,000049
physician 0,693147 0,000195
pick 0,415515 0,000117
pickaninny 3,506558 0,000987
picked 0,400478 0,000113
picking 0,634878 0,000179
piece 0,072571 0,000020
piercing 0,843970 0,000237
pig 0,634878 0,000179
pigeon 1,386294 0,000390
pigs 1,108663 0,000312
piling 1,832581 0,000516
pillared 2,525729 0,000711
pinch 1,021651 0,000287
pinioned 2,207275 0,000621
pink 0,867501 0,000244
piped 2,525729 0,000711
pistol 0,941609 0,000265
pitch 0,342490 0,000096
pitched 0,820981 0,000231
pitcher 1,714798 0,000482
pith 2,525729 0,000711
pity 0,150823 0,000042
plain 0,040822 0,000011
plainly 0,261365 0,000074
plains 0,967584 0,000272
plan 0,261365 0,000074
planned 0,916291 0,000258
plans 0,371064 0,000104
plant 0,579818 0,000163
plantation 1,469676 0,000414
plantations 1,771957 0,000499
plastered 1,897120 0,000534
plate 0,527633 0,000148
play 0,072571 0,000020
played 0,198451 0,000056
playing 0,186330 0,000052
pleaded 0,891598 0,000251
pleasant 0,162519 0,000046
pleasantry 1,469676 0,000414
pleased 0,150823 0,000042
pleasure 0,051293 0,000014
plentiful 1,049822 0,000295
plenty 0,235722 0,000066
plowed 2,302585 0,000648
pluck 0,967584 0,000272
pluckily 3,506558 0,000987
plucky 2,207275 0,000621
plug 2,040221 0,000574
pluming 3,218876 0,000906
plunge 0,733969 0,000207
plunged 0,544727 0,000153
plunked 3,912023 0,001101
pocket 0,371064 0,000104
pockets 0,733969 0,000207
poised 1,469676 0,000414
poke 1,897120 0,000534
poking 1,469676 0,000414
pole 0,597837 0,000168
poles 1,078810 0,000304
pommel 2,407946 0,000678
pompously 2,207275 0,000621
pond 1,203973 0,000339
pondered 1,347074 0,000379
pondering 1,237874 0,000348
ponies 2,207275 0,000621
pony 1,714798 0,000482
pooh 1,514128 0,000426
pool 0,798508 0,000225
poor 0,030459 0,000009
popping 2,120264 0,000597
population 0,941609 0,000265
pork 1,272966 0,000358
porters 1,771957 0,000499
portion 0,356675 0,000100
position 0,162519 0,000046
positions 0,941609 0,000265
positive 0,597837 0,000168
possessed 0,094311 0,000027
possessing 0,891598 0,000251
possum 2,995732 0,000843
post 0,248461 0,000070
posting 1,660731 0,000467
posture 1,021651 0,000287
pot 0,597837 0,000168
potatoes 1,237874 0,000348
pound 0,776529 0,000218
pounder 3,218876 0,000906
poured 0,385662 0,000109
pouter 3,912023 0,001101
power 0,030459 0,000009
powerful 0,223144 0,000063
powerless 1,139434 0,000321
practically 0,235722 0,000066
practice 0,162519 0,000046
practise 0,967584 0,000272
pray 0,371064 0,000104
precious 0,162519 0,000046
predicament 1,560648 0,000439
predicted 1,427116 0,000402
prediction 1,514128 0,000426
prefer 0,385662 0,000109
preferred 0,342490 0,000096
preferring 1,078810 0,000304
preliminary 0,994252 0,000280
preparations 0,616186 0,000173
prepared 0,105361 0,000030
preparing 0,415515 0,000117
presence 0,094311 0,000027
pressed 0,274437 0,000077
pressing 0,385662 0,000109
pressure 0,527633 0,000148
presume 0,634878 0,000179
pretending 0,755023 0,000212
prettiest 1,560648 0,000439
pretty 0,150823 0,000042
previous 0,094311 0,000027
prey 0,527633 0,000148
price 0,314711 0,000089
pricked 1,203973 0,000339
pricking 1,966113 0,000553
printed 0,174353 0,000049
prints 1,560648 0,000439
prison 0,287682 0,000081
prisoner 0,385662 0,000109
prize 0,579818 0,000163
probability 0,776529 0,000218
proceed 0,301105 0,000085
proceeded 0,274437 0,000077
proceeding 0,510826 0,000144
proceedings 0,713350 0,000201
proclaimed 0,941609 0,000265
procure 0,693147 0,000195
procured 0,733969 0,000207
prod 3,218876 0,000906
professor 0,287682 0,000081
profit 0,248461 0,000070
programme 1,609438 0,000453
progress 0,174353 0,000049
project -0,009950 -0,000003
promise 0,116534 0,000033
promised 0,198451 0,000056
proper 0,061875 0,000017
property 0,127833 0,000036
prophet 0,994252 0,000280
proportion 0,371064 0,000104
proposal 0,733969 0,000207
propose 0,527633 0,000148
proposed 0,371064 0,000104
prospect 0,446287 0,000126
prostrate 0,843970 0,000237
protect 0,186330 0,000052
protecting 1,309333 0,000368
protection 0,314711 0,000089
protest 0,798508 0,000225
protested 0,867501 0,000244
protruded 1,897120 0,000534
proudly 0,733969 0,000207
prove 0,174353 0,000049
proved 0,116534 0,000033
proves 0,776529 0,000218
proving 0,820981 0,000231
provocation 1,171183 0,000330
prowess 1,609438 0,000453
prudence 0,713350 0,000201
prudent 0,616186 0,000173
pshaw 2,813411 0,000792
published 0,579818 0,000163
puddle 1,714798 0,000482
puff 1,347074 0,000379
puffed 1,272966 0,000358
pull 0,328504 0,000092
pulled 0,371064 0,000104
pulling 0,634878 0,000179
pulse 0,891598 0,000251
punch 1,469676 0,000414
punished 0,544727 0,000153
punk 3,218876 0,000906
purpose 0,040822 0,000011
pursued 0,328504 0,000092
pursuing 0,494296 0,000139
pursuit 0,328504 0,000092
pushed 0,400478 0,000113
puzzled 0,494296 0,000139
puzzles 1,771957 0,000499
quarry 1,427116 0,000402
quarter 0,223144 0,000063
quarters 0,248461 0,000070
queer 0,776529 0,000218
quest 0,776529 0,000218
question 0,051293 0,000014
questioned 0,673345 0,000189
questioning 0,798508 0,000225
questions 0,127833 0,000036
quick 0,139262 0,000039
quickest 1,897120 0,000534
quickness 1,237874 0,000348
quiet 0,116534 0,000033
quietly 0,261365 0,000074
quizzed 3,912023 0,001101
quizzically 3,506558 0,000987
rabbits 1,660731 0,000467
race 0,198451 0,000056
raced 1,966113 0,000553
racket 2,120264 0,000597
rage 0,261365 0,000074
raged 1,272966 0,000358
rail 0,798508 0,000225
railway 1,203973 0,000339
rain 0,223144 0,000063
raised 0,061875 0,000017
raising 0,274437 0,000077
raked 1,897120 0,000534
rampage 3,218876 0,000906
rancher 3,506558 0,000987
range 0,446287 0,000126
rangers 2,995732 0,000843
rank 0,287682 0,000081
ranks 0,616186 0,000173
rapid 0,371064 0,000104
rapidly 0,371064 0,000104
rate 0,274437 0,000077
rattle 0,891598 0,000251
rattlers 3,912023 0,001101
rattling 0,916291 0,000258
raw 0,713350 0,000201
reach 0,051293 0,000014
reached 0,127833 0,000036
reaching 0,083382 0,000023
read 0,020203 0,000006
reader 0,342490 0,000096
ready 0,030459 0,000009
real 0,040822 0,000011
reality 0,328504 0,000092
realize 1,021651 0,000287
realized 0,843970 0,000237
realizing 1,832581 0,000516
reappearing 2,120264 0,000597
rear 0,527633 0,000148
reared 0,891598 0,000251
rearing 1,514128 0,000426
reason 0,010050 0,000003
reasoned 0,994252 0,000280
reasoning 0,733969 0,000207
reasons 0,223144 0,000063
rebelliously 2,995732 0,000843
rebuked 1,609438 0,000453
rebukingly 3,912023 0,001101
receipt 0,314711 0,000089
receive 0,083382 0,000023
received 0,040822 0,000011
receiving 0,116534 0,000033
reckon 0,693147 0,000195
reckoned 0,653926 0,000184
reckoning 0,843970 0,000237
reckonings 2,995732 0,000843
reckons 1,966113 0,000553
recognized 0,820981 0,000231
recollection 0,616186 0,000173
recommended 0,634878 0,000179
recover 0,356675 0,000100
recovered 0,385662 0,000109
recovering 0,755023 0,000212
recovery 0,616186 0,000173
rector 2,120264 0,000597
red 0,072571 0,000020
redder 1,966113 0,000553
redeemed 1,272966 0,000358
redwoods 3,912023 0,001101
refer 0,653926 0,000184
referred 0,616186 0,000173
refinement 1,078810 0,000304
reflected 0,371064 0,000104
reflecting 0,755023 0,000212
reflection 0,356675 0,000100
reflectively 1,897120 0,000534
refused 0,235722 0,000066
regarded 0,301105 0,000085
regretful 2,659260 0,000748
regrets 1,108663 0,000312
regular 0,287682 0,000081
regulations 1,237874 0,000348
rein 1,386294 0,000390
reins 1,049822 0,000295
rejoined 1,021651 0,000287
relapse 1,386294 0,000390
relate 0,562119 0,000158
relaxed 0,994252 0,000280
released 0,616186 0,000173
relic 1,272966 0,000358
relief 0,198451 0,000056
relieved 0,478036 0,000135
reluctant 1,021651 0,000287
reluctantly 0,941609 0,000265
remain 0,040822 0,000011
remained 0,116534 0,000033
remains 0,150823 0,000042
remark 0,314711 0,000089
remarkable 0,235722 0,000066
remarked 0,415515 0,000117
remedy 0,693147 0,000195
remember 0,083382 0,000023
reminded 0,527633 0,000148
remote 0,544727 0,000153
remove 0,127833 0,000036
removed 0,061875 0,000017
removing 0,673345 0,000189
renewed 0,510826 0,000144
rent 0,597837 0,000168
rents 1,714798 0,000482
repairs 1,514128 0,000426
repeated 0,127833 0,000036
repeating 0,527633 0,000148
replaced 0,820981 0,000231
replied 0,235722 0,000066
reply 0,174353 0,000049
report 0,301105 0,000085
represent 0,494296 0,000139
repress 1,237874 0,000348
reproachfully 1,714798 0,000482
reprovingly 2,659260 0,000748
reptile 1,771957 0,000499
reptiles 2,525729 0,000711
reputation 0,385662 0,000109
requested 0,843970 0,000237
require 0,127833 0,000036
requiring 1,108663 0,000312
rescue 0,562119 0,000158
rescuing 2,120264 0,000597
resembled 0,867501 0,000244
resentful 1,966113 0,000553
reserve 0,478036 0,000135
residents 1,966113 0,000553
resisting 1,272966 0,000358
resolution 0,462035 0,000130
respectable 0,430783 0,000121
responded 0,916291 0,000258
response 0,916291 0,000258
responsibilities 1,832581 0,000516
responsibility 0,776529 0,000218
responsible 0,693147 0,000195
rest 0,010050 0,000003
rested 0,314711 0,000089
resting 0,314711 0,000089
restless 0,478036 0,000135
restored 0,385662 0,000109
restraint 0,733969 0,000207
result 0,174353 0,000049
resumed 0,415515 0,000117
retard 2,120264 0,000597
retarded 1,832581 0,000516
retorted 1,139434 0,000321
retreat 0,494296 0,000139
return 0,040822 0,000011
returned 0,061875 0,000017
returning 0,127833 0,000036
revealed 0,415515 0,000117
revelation 0,820981 0,000231
revenge 0,544727 0,000153
revengeful 1,469676 0,000414
revolver 1,660731 0,000467
revolvers 2,407946 0,000678
reward 0,328504 0,000092
ribbon 1,237874 0,000348
ribs 1,021651 0,000287
rid 0,223144 0,000063
ridden 1,309333 0,000368
ride 0,462035 0,000130
rider 1,078810 0,000304
riderless 3,506558 0,000987
riders 1,560648 0,000439
ridge 0,994252 0,000280
ridges 1,469676 0,000414
riding 0,562119 0,000158
rifle 1,514128 0,000426
rig 2,040221 0,000574
rigged 1,609438 0,000453
rink 3,218876 0,000906
ripped 1,386294 0,000390
rippled 1,966113 0,000553
rippling 1,560648 0,000439
rise 0,040822 0,000011
rises 0,634878 0,000179
rising 0,116534 0,000033
rivaled 2,995732 0,000843
river 0,174353 0,000049
road 0,150823 0,000042
roaming 2,040221 0,000574
roar 0,597837 0,000168
roared 0,673345 0,000189
roaring 0,713350 0,000201
rockies 3,506558 0,000987
rocky 1,049822 0,000295
rod 0,673345 0,000189
rode 0,616186 0,000173
rods 1,309333 0,000368
roil 3,912023 0,001101
roll 0,415515 0,000117
rolled 0,356675 0,000100
roller 2,407946 0,000678
rolling 0,415515 0,000117
roofs 0,994252 0,000280
root 0,385662 0,000109
rope 0,616186 0,000173
roped 2,813411 0,000792
roper 3,912023 0,001101
ropes 1,021651 0,000287
roping 3,506558 0,000987
rose 0,094311 0,000027
rotten 0,941609 0,000265
rotting 1,514128 0,000426
rough 0,186330 0,000052
roughly 0,544727 0,000153
roundabout 1,771957 0,000499
rout 1,609438 0,000453
route 1,049822 0,000295
row 0,544727 0,000153
rowels 3,218876 0,000906
royal 0,400478 0,000113
rubbed 0,544727 0,000153
rubber 1,609438 0,000453
rubbing 0,713350 0,000201
rug 1,386294 0,000390
rugs 1,897120 0,000534
rules 0,150823 0,000042
running 0,967584 0,000272
runways 3,218876 0,000906
ruse 1,832581 0,000516
rush 0,287682 0,000081
rushing 0,597837 0,000168
rust 1,272966 0,000358
rustle 1,139434 0,000321
sad 0,223144 0,000063
saddle 0,916291 0,000258
saddles 1,897120 0,000534
sadly 0,510826 0,000144
safe 0,116534 0,000033
safely 0,371064 0,000104
safer 0,994252 0,000280
safety 0,356675 0,000100
sah 3,506558 0,000987
sailing 0,653926 0,000184
sails 0,798508 0,000225
sake 0,094311 0,000027
salute 0,967584 0,000272
salvation 0,798508 0,000225
sandwiched 2,995732 0,000843
sang 0,415515 0,000117
sarcastic 1,427116 0,000402
sarcastically 2,120264 0,000597
sat 0,083382 0,000023
satisfaction 0,186330 0,000052
satisfactory 0,562119 0,000158
satisfied 0,105361 0,000030
satisfy 0,342490 0,000096
satisfying 1,171183 0,000330
saturated 1,714798 0,000482
sauntered 1,771957 0,000499
savage 0,356675 0,000100
savagely 1,427116 0,000402
save 0,030459 0,000009
saved 0,274437 0,000077
saves 1,347074 0,000379
scanned 1,560648 0,000439
scarcely 0,301105 0,000085
scare 1,427116 0,000402
scared 0,941609 0,000265
scattered 0,139262 0,000039
scattering 1,139434 0,000321
scene 0,198451 0,000056
scent 0,733969 0,000207
scented 1,203973 0,000339
scents 1,771957 0,000499
scheme 0,634878 0,000179
school 0,174353 0,000049
scoffed 2,207275 0,000621
scooping 3,506558 0,000987
scoundrel 1,203973 0,000339
scout 1,966113 0,000553
scowl 1,897120 0,000534
scrambled 1,469676 0,000414
scratched 1,049822 0,000295
scratches 2,207275 0,000621
scratching 1,108663 0,000312
scream 0,693147 0,000195
screeches 3,912023 0,001101
screened 1,897120 0,000534
scrub 1,771957 0,000499
scrubbing 2,040221 0,000574
scurrying 2,302585 0,000648
search 0,051293 0,000014
searched 0,713350 0,000201
searching 0,415515 0,000117
season 0,287682 0,000081
seasoned 1,609438 0,000453
seated 0,223144 0,000063
seating 1,609438 0,000453
secret 0,061875 0,000017
secreted 1,966113 0,000553
secure 0,072571 0,000020
secured 0,494296 0,000139
securing 1,021651 0,000287
seech 3,912023 0,001101
seek 0,198451 0,000056
seemingly 0,967584 0,000272
seized 0,235722 0,000066
seldom 0,301105 0,000085
semicircle 1,771957 0,000499
send 0,030459 0,000009
sending 0,083382 0,000023
sense 0,051293 0,000014
sensitive 0,693147 0,000195
sentiment 0,478036 0,000135
separated 0,274437 0,000077
series 0,494296 0,000139
servant 0,186330 0,000052
servants 0,162519 0,000046
serve 0,174353 0,000049
served 0,186330 0,000052
serves 0,776529 0,000218
service 0,072571 0,000020
services 0,494296 0,000139
set 0,010050 0,000003
setting 0,186330 0,000052
settle 0,356675 0,000100
settled 0,127833 0,000036
settling 0,755023 0,000212
sha 1,309333 0,000368
shack 3,218876 0,000906
shacks 3,912023 0,001101
shade 0,274437 0,000077
shadows 0,494296 0,000139
shake 0,287682 0,000081
shaken 0,494296 0,000139
shaking 0,371064 0,000104
shape 0,186330 0,000052
shapes 0,755023 0,000212
share 0,040822 0,000011
sharp 0,162519 0,000046
sharply 0,510826 0,000144
shattered 0,867501 0,000244
sheepish 2,120264 0,000597
sheepishly 2,207275 0,000621
shelf 0,891598 0,000251
shied 2,302585 0,000648
shielding 2,659260 0,000748
shine 0,616186 0,000173
shines 0,994252 0,000280
shinned 3,506558 0,000987
shins 2,407946 0,000678
shirks 2,995732 0,000843
shirt 0,653926 0,000184
shiver 0,994252 0,000280
shock 0,446287 0,000126
shod 1,203973 0,000339
shoe 0,776529 0,000218
shoes 0,430783 0,000121
shook 0,235722 0,000066
shoot 0,494296 0,000139
shooter 2,407946 0,000678
shooting 0,634878 0,000179
shore 0,342490 0,000096
shores 0,820981 0,000231
short 0,020203 0,000006
shortly 0,462035 0,000130
shot 0,223144 0,000063
shots 1,469676 0,000414
shoulder 0,210721 0,000059
shouldered 1,309333 0,000368
shoulders 0,174353 0,000049
shouted 0,478036 0,000135
shouting 0,446287 0,000126
shouts 0,843970 0,000237
shoved 1,309333 0,000368
shreds 1,347074 0,000379
shrewdly 1,714798 0,000482
shrieked 1,171183 0,000330
shrill 0,820981 0,000231
shrugged 1,203973 0,000339
shudder 0,693147 0,000195
shut 0,072571 0,000020
sick 0,150823 0,000042
sided 1,714798 0,000482
sidewalk 2,407946 0,000678
sierras 3,506558 0,000987
sight 0,051293 0,000014
sighted 0,733969 0,000207
sights 0,755023 0,000212
sign 0,139262 0,000039
signal 0,544727 0,000153
signaling 2,995732 0,000843
signs 0,186330 0,000052
silence 0,105361 0,000030
silent 0,051293 0,000014
silently 0,544727 0,000153
silly 0,400478 0,000113
simply 0,150823 0,000042
sincerely 0,867501 0,000244
sink 0,462035 0,000130
sir 0,150823 0,000042
sit 0,061875 0,000017
sitting 0,105361 0,000030
situation 0,198451 0,000056
size 0,248461 0,000070
sizes 1,309333 0,000368
skates 2,813411 0,000792
skating 2,207275 0,000621
skies 0,967584 0,000272
skill 0,301105 0,000085
skin 0,210721 0,000059
skinned 1,609438 0,000453
skirmish 2,040221 0,000574
slacked 2,813411 0,000792
slackened 1,203973 0,000339
slap 1,660731 0,000467
slapped 1,272966 0,000358
slashed 1,832581 0,000516
slashing 2,207275 0,000621
sleep 0,072571 0,000020
sleepily 2,120264 0,000597
sleeping 0,235722 0,000066
sleepy 0,713350 0,000201
slept 0,223144 0,000063
slice 1,309333 0,000368
slickest 3,912023 0,001101
slight 0,150823 0,000042
slightest 0,415515 0,000117
slinking 1,966113 0,000553
slip 0,462035 0,000130
slipped 0,494296 0,000139
slipping 0,967584 0,000272
sloppy 2,813411 0,000792
slow 0,139262 0,000039
slower 1,347074 0,000379
slowly 0,150823 0,000042
slumbers 1,386294 0,000390
smack 1,771957 0,000499
smart 0,634878 0,000179
smeared 1,560648 0,000439
smell 0,371064 0,000104
smelled 1,660731 0,000467
smelling 0,843970 0,000237
smile 0,274437 0,000077
smiled 0,356675 0,000100
smiling 0,301105 0,000085
smoke 0,314711 0,000089
smoked 0,867501 0,000244
smoking 0,462035 0,000130
smote 1,021651 0,000287
smothered 1,203973 0,000339
smudge 2,525729 0,000711
smugglers 2,813411 0,000792
smuggling 2,659260 0,000748
snake 0,891598 0,000251
snakes 1,347074 0,000379
snap 1,078810 0,000304
snapped 0,891598 0,000251
snapping 1,514128 0,000426
snarling 1,714798 0,000482
snatched 0,733969 0,000207
snatches 1,514128 0,000426
snatching 1,469676 0,000414
sneaking 1,609438 0,000453
sneered 1,609438 0,000453
snoring 1,609438 0,000453
snort 1,771957 0,000499
snorted 2,407946 0,000678
snout 1,966113 0,000553
snubbed 2,659260 0,000748
soaked 1,272966 0,000358
soberly 1,469676 0,000414
social 0,371064 0,000104
soft 0,210721 0,000059
sole 0,342490 0,000096
solemn 0,301105 0,000085
solemnly 0,579818 0,000163
solve 0,653926 0,000184
solved 0,867501 0,000244
sombrero 3,218876 0,000906
song 0,371064 0,000104
songs 0,544727 0,000153
soothed 1,203973 0,000339
sore 0,616186 0,000173
sorrow 0,287682 0,000081
sort 0,105361 0,000030
sortie 3,218876 0,000906
sorts 0,356675 0,000100
sot 2,302585 0,000648
sought 0,150823 0,000042
sound 0,020203 0,000006
sounded 0,371064 0,000104
sounding 0,634878 0,000179
soundly 1,021651 0,000287
sounds 0,223144 0,000063
south 0,235722 0,000066
southern 0,579818 0,000163
southerner 3,218876 0,000906
southwest 2,302585 0,000648
space 0,116534 0,000033
spare 0,210721 0,000059
sparrows 1,832581 0,000516
spattered 2,207275 0,000621
speak 0,051293 0,000014
speaking 0,072571 0,000020
special 0,083382 0,000023
speck 1,108663 0,000312
spectacular 2,813411 0,000792
spectator 0,820981 0,000231
spectators 0,820981 0,000231
sped 1,272966 0,000358
speed 0,328504 0,000092
speeds 2,302585 0,000648
spells 1,427116 0,000402
spend 0,328504 0,000092
spent 0,105361 0,000030
spider 1,237874 0,000348
spinning 1,021651 0,000287
spite 0,139262 0,000039
splash 1,309333 0,000368
splashed 1,347074 0,000379
splashing 1,560648 0,000439
splendid 0,400478 0,000113
split 0,798508 0,000225
spoil 0,673345 0,000189
spoiled 0,916291 0,000258
spoke 0,116534 0,000033
spoken 0,150823 0,000042
sport 0,597837 0,000168
sportsman 1,897120 0,000534
spot 0,162519 0,000046
spots 0,562119 0,000158
sprang 0,400478 0,000113
sprawled 2,120264 0,000597
spread 0,061875 0,000017
spreading 0,446287 0,000126
spring 0,083382 0,000023
springing 0,733969 0,000207
sprinting 3,506558 0,000987
spur 1,139434 0,000321
spurs 1,386294 0,000390
spurts 3,218876 0,000906
sputtering 2,525729 0,000711
squarely 1,966113 0,000553
squatting 2,207275 0,000621
squawks 3,506558 0,000987
squirm 2,995732 0,000843
squirming 2,995732 0,000843
squirrel 2,120264 0,000597
squirrels 2,207275 0,000621
stable 0,579818 0,000163
stacy 3,912023 0,001101
stage 0,223144 0,000063
stagger 1,469676 0,000414
staggered 0,733969 0,000207
staggering 1,237874 0,000348
stairs 0,430783 0,000121
stake 0,693147 0,000195
stalk 1,386294 0,000390
stalked 1,560648 0,000439
stammered 1,108663 0,000312
stamp 0,693147 0,000195
stampede 2,659260 0,000748
stamping 1,049822 0,000295
stand 0,000000 0,000000
standard 0,562119 0,000158
standing 0,030459 0,000009
stands 0,261365 0,000074
stare 0,713350 0,000201
staring 0,634878 0,000179
start -0,009950 -0,000003
started 0,150823 0,000042
starting 0,371064 0,000104
startled 0,415515 0,000117
startling 0,967584 0,000272
station 0,356675 0,000100
stationed 1,237874 0,000348
stay 0,083382 0,000023
steadily 0,415515 0,000117
steady 0,356675 0,000100
steak 2,120264 0,000597
steaks 2,525729 0,000711
steal 0,510826 0,000144
steals 1,386294 0,000390
steaming 1,203973 0,000339
steel 0,510826 0,000144
stemmed 2,995732 0,000843
stems 1,832581 0,000516
step 0,083382 0,000023
stepped 0,510826 0,000144
stepping 0,755023 0,000212
steps 0,094311 0,000027
sternly 0,820981 0,000231
stew 1,897120 0,000534
stick 0,342490 0,000096
stickiest 3,912023 0,001101
sticks 0,733969 0,000207
sticky 2,120264 0,000597
stiff 0,430783 0,000121
stillman 3,912023 0,001101
stir 0,400478 0,000113
stirred 0,446287 0,000126
stirrup 2,207275 0,000621
stirrups 2,120264 0,000597
stock 0,328504 0,000092
stocking 1,560648 0,000439
stockings 0,891598 0,000251
stole 0,494296 0,000139
stolen 0,430783 0,000121
stomach 0,693147 0,000195
stone 0,116534 0,000033
stood 0,030459 0,000009
stooped 0,776529 0,000218
stooping 0,867501 0,000244
store 0,385662 0,000109
stories 0,328504 0,000092
storm 0,342490 0,000096
story 0,051293 0,000014
stowed 1,660731 0,000467
stowing 2,525729 0,000711
straight 0,105361 0,000030
straightened 1,347074 0,000379
straightening 1,832581 0,000516
straighter 2,302585 0,000648
straining 0,867501 0,000244
strange 0,061875 0,000017
strangely 0,579818 0,000163
stranger 0,139262 0,000039
straw 0,356675 0,000100
strayed 1,078810 0,000304
streak 1,203973 0,000339
streaked 1,832581 0,000516
streaking 2,995732 0,000843
stream 0,210721 0,000059
street 0,198451 0,000056
streets 0,274437 0,000077
strength 0,030459 0,000009
strenuous 1,514128 0,000426
stretch 0,446287 0,000126
stretched 0,274437 0,000077
stretches 1,309333 0,000368
strewn 1,139434 0,000321
strides 1,203973 0,000339
striding 1,771957 0,000499
strike 0,210721 0,000059
strikes 0,544727 0,000153
striking 0,274437 0,000077
string 0,634878 0,000179
stringent 2,120264 0,000597
stripped 0,776529 0,000218
stripping 2,120264 0,000597
strode 1,139434 0,000321
strolled 1,237874 0,000348
strolling 1,469676 0,000414
strong 0,030459 0,000009
struck 0,083382 0,000023
struggling 0,462035 0,000130
strung 1,386294 0,000390
stub 2,525729 0,000711
stubbornly 1,832581 0,000516
stuck 0,462035 0,000130
study 0,162519 0,000046
studying 0,653926 0,000184
stuff 0,385662 0,000109
stuffy 2,120264 0,000597
stumble 1,139434 0,000321
stumbled 0,891598 0,000251
stumbling 1,108663 0,000312
stumps 1,832581 0,000516
stunt 3,218876 0,000906
stunts 3,912023 0,001101
stupor 1,560648 0,000439
sturdy 1,171183 0,000330
subdued 0,494296 0,000139
subject 0,072571 0,000020
subjected 0,820981 0,000231
submit 0,579818 0,000163
substantial 0,755023 0,000212
succeeded 0,186330 0,000052
success 0,162519 0,000046
sudden 0,072571 0,000020
suddenly 0,040822 0,000011
suffer 0,127833 0,000036
suffered 0,210721 0,000059
suffering 0,248461 0,000070
sufficient 0,139262 0,000039
suffocating 1,966113 0,000553
suggestion 0,510826 0,000144
suggestively 2,659260 0,000748
suit 0,261365 0,000074
summer 0,186330 0,000052
sums 1,021651 0,000287
sun 0,072571 0,000020
sunflower 3,218876 0,000906
sunk 0,371064 0,000104
sunlight 0,843970 0,000237
sunny 0,867501 0,000244
supervised 2,813411 0,000792
supper 0,446287 0,000126
supplies 0,891598 0,000251
supply 0,371064 0,000104
suppose 0,072571 0,000020
supposed 0,174353 0,000049
surely 0,186330 0,000052
surface 0,301105 0,000085
surfaces 2,040221 0,000574
surmise 1,609438 0,000453
surmising 3,218876 0,000906
surplus 1,771957 0,000499
surprise 0,174353 0,000049
surprised 0,210721 0,000059
surprises 1,347074 0,000379
surrender 0,891598 0,000251
surrounded 0,223144 0,000063
surroundings 0,994252 0,000280
survey 0,755023 0,000212
suspect 0,342490 0,000096
suspected 0,328504 0,000092
suspending 2,659260 0,000748
suspicion 0,287682 0,000081
suspicious 0,579818 0,000163
sustained 0,579818 0,000163
swale 3,506558 0,000987
swam 1,108663 0,000312
swamp 0,342490 0,000096
swampy 2,302585 0,000648
swat 3,912023 0,001101
swaying 1,021651 0,000287
sweep 0,673345 0,000189
sweet 0,174353 0,000049
swelled 0,776529 0,000218
swept 0,385662 0,000109
swerved 2,207275 0,000621
swerving 2,525729 0,000711
swift 0,415515 0,000117
swiftly 0,713350 0,000201
swim 0,755023 0,000212
swimming 0,820981 0,000231
swing 0,693147 0,000195
swinging 0,798508 0,000225
swollen 0,867501 0,000244
swooned 1,832581 0,000516
swooped 2,040221 0,000574
swung 0,733969 0,000207
sympathetically 1,897120 0,000534
table 0,094311 0,000027
tables 0,415515 0,000117
tackle 1,469676 0,000414
tackled 2,040221 0,000574
tackles 3,218876 0,000906
tactics 1,832581 0,000516
tad 2,995732 0,000843
tail 0,462035 0,000130
taku 3,912023 0,001101
talk 0,083382 0,000023
talked 0,261365 0,000074
talking 0,150823 0,000042
talks 0,733969 0,000207
tall 0,223144 0,000063
tan 1,609438 0,000453
tapping 1,347074 0,000379
target 1,514128 0,000426
tarnation 3,506558 0,000987
task 0,261365 0,000074
taunted 2,407946 0,000678
taut 2,207275 0,000621
tautness 3,912023 0,001101
tawny 1,832581 0,000516
tearing 0,673345 0,000189
teasing 1,897120 0,000534
teeth 0,198451 0,000056
temper 0,274437 0,000077
temporary 0,713350 0,000201
tempting 0,967584 0,000272
tend 0,733969 0,000207
tender 0,314711 0,000089
tenderfeet 3,912023 0,001101
tenderfoot 3,218876 0,000906
tensas 3,506558 0,000987
tense 1,609438 0,000453
tent 0,994252 0,000280
tents 1,171183 0,000330
terms 0,061875 0,000017
terrible 0,186330 0,000052
terrific 1,108663 0,000312
terror 0,198451 0,000056
terse 2,120264 0,000597
tersely 2,995732 0,000843
testily 2,120264 0,000597
tethered 2,207275 0,000621
tethering 3,912023 0,001101
texas 2,407946 0,000678
tha 2,995732 0,000843
thaddeus 3,506558 0,000987
thankful 0,843970 0,000237
thatched 2,120264 0,000597
theft 1,347074 0,000379
thickly 1,108663 0,000312
thief 0,653926 0,000184
thighs 1,514128 0,000426
thinking 0,274437 0,000077
thirsty 0,843970 0,000237
thorn 1,560648 0,000439
thoughtful 0,693147 0,000195
thoughtfully 0,994252 0,000280
thrashing 1,609438 0,000453
threatened 0,415515 0,000117
threatening 0,544727 0,000153
threats 0,994252 0,000280
threshing 2,207275 0,000621
threw 0,116534 0,000033
thrilled 1,386294 0,000390
thrilling 1,139434 0,000321
thrills 1,966113 0,000553
throat 0,261365 0,000074
throw 0,083382 0,000023
throwing 0,287682 0,000081
thrown 0,116534 0,000033
thrushes 3,218876 0,000906
thrust 0,328504 0,000092
thrusting 1,171183 0,000330
tickled 1,469676 0,000414
tide 0,653926 0,000184
tie 0,510826 0,000144
tied 0,261365 0,000074
tight 0,616186 0,000173
tightly 0,867501 0,000244
tilted 1,609438 0,000453
tilting 2,207275 0,000621
time -0,009950 -0,000003
timely 1,514128 0,000426
times 0,010050 0,000003
timidity 1,469676 0,000414
tire 0,994252 0,000280
tired 0,198451 0,000056
tiresome 1,078810 0,000304
tiring 2,659260 0,000748
title 0,116534 0,000033
toe 1,049822 0,000295
toes 0,755023 0,000212
togs 2,659260 0,000748
tomorrow 0,755023 0,000212
tone 0,248461 0,000070
tonight 1,272966 0,000358
toots 3,506558 0,000987
toppled 2,995732 0,000843
torch 1,021651 0,000287
tore 0,527633 0,000148
torn 0,248461 0,000070
tornado 2,659260 0,000748
torrents 1,347074 0,000379
tossed 0,673345 0,000189
tossing 0,916291 0,000258
tote 2,813411 0,000792
touch 0,083382 0,000023
touched 0,139262 0,000039
touching 0,301105 0,000085
touchy 2,813411 0,000792
tough 0,994252 0,000280
toughest 2,525729 0,000711
towering 1,469676 0,000414
town 0,105361 0,000030
trace 0,371064 0,000104
track 0,510826 0,000144
tracked 1,832581 0,000516
trackless 2,813411 0,000792
tracks 1,139434 0,000321
trade 0,328504 0,000092
trail 1,021651 0,000287
trailed 1,609438 0,000453
trailer 3,506558 0,000987
trailing 1,237874 0,000348
trails 2,302585 0,000648
train 0,274437 0,000077
trained 0,544727 0,000153
tramping 1,514128 0,000426
trampled 0,843970 0,000237
trampling 1,347074 0,000379
trap 0,653926 0,000184
trappings 1,832581 0,000516
traps 1,386294 0,000390
travel 0,356675 0,000100
traveled 1,714798 0,000482
traveling 1,560648 0,000439
tread 0,562119 0,000158
treat 0,287682 0,000081
treated 0,261365 0,000074
treatment 0,127833 0,000036
tree 0,235722 0,000066
trees 0,127833 0,000036
trembling 0,287682 0,000081
tribal 3,912023 0,001101
tribe 0,941609 0,000265
trick 0,510826 0,000144
tricks 0,579818 0,000163
trifle 0,579818 0,000163
trigger 1,771957 0,000499
trip 0,713350 0,000201
tripped 1,469676 0,000414
trips 1,832581 0,000516
triumph 0,274437 0,000077
trivial 0,776529 0,000218
trod 0,733969 0,000207
tropical 1,560648 0,000439
trot 1,139434 0,000321
trotted 1,427116 0,000402
trotting 1,514128 0,000426
trouble 0,051293 0,000014
troubled 0,287682 0,000081
trouncing 3,506558 0,000987
trousers 0,843970 0,000237
truant 2,302585 0,000648
true 0,020203 0,000006
trunk 0,755023 0,000212
trunks 0,941609 0,000265
trust 0,116534 0,000033
truth 0,030459 0,000009
tug 1,347074 0,000379
tugged 1,771957 0,000499
tugging 1,514128 0,000426
tumble 1,237874 0,000348
tumbling 0,967584 0,000272
tune 0,755023 0,000212
turkey 1,078810 0,000304
turtle 1,832581 0,000516
turtles 2,040221 0,000574
tut 1,897120 0,000534
tutor 1,171183 0,000330
twig 1,660731 0,000467
twilight 0,733969 0,000207
twinkling 1,021651 0,000287
twisted 0,562119 0,000158
twisting 1,049822 0,000295
twitched 1,714798 0,000482
type 0,446287 0,000126
ugh 1,771957 0,000499
ugly 0,415515 0,000117
unable 0,248461 0,000070
unafraid 3,506558 0,000987
unaided 2,120264 0,000597
unarmed 1,514128 0,000426
unbend 2,813411 0,000792
uncanny 1,560648 0,000439
uncertain 0,301105 0,000085
uncertainty 0,820981 0,000231
unconcernedly 2,659260 0,000748
unconscious 0,400478 0,000113
underclothing 2,995732 0,000843
underfoot 2,207275 0,000621
undergoing 1,427116 0,000402
understand 0,030459 0,000009
understanding 0,223144 0,000063
understood 0,061875 0,000017
understudy 3,912023 0,001101
underwear 3,218876 0,000906
undone 0,994252 0,000280
undoubtedly 0,634878 0,000179
undue 2,040221 0,000574
uneasily 1,347074 0,000379
unerringly 3,218876 0,000906
unexpected 0,430783 0,000121
unexpectedly 0,916291 0,000258
unfamiliar 1,386294 0,000390
unfortunate 0,314711 0,000089
ungrateful 0,798508 0,000225
unhealthful 3,506558 0,000987
unhorse 3,506558 0,000987
unhorsed 3,218876 0,000906
unimportant 1,386294 0,000390
united 0,094311 0,000027
unity 1,108663 0,000312
unknown 0,105361 0,000030
unleashed 2,813411 0,000792
unlooked 2,040221 0,000574
unmanageable 2,407946 0,000678
unpleasantness 1,832581 0,000516
unrecognizable 3,218876 0,000906
unreliable 2,302585 0,000648
unseating 3,506558 0,000987
unspeakable 0,994252 0,000280
unsurpassed 2,995732 0,000843
untied 1,609438 0,000453
untroubled 1,966113 0,000553
unusual 0,415515 0,000117
unusually 0,891598 0,000251
unwillingly 1,171183 0,000330
uproar 1,049822 0,000295
upset 0,776529 0,000218
upstairs 0,891598 0,000251
upward 0,579818 0,000163
urged 0,356675 0,000100
urgent 0,798508 0,000225
urging 0,967584 0,000272
usual 0,139262 0,000039
utmost 0,356675 0,000100
utter 0,248461 0,000070
uttered 0,430783 0,000121
uttering 0,994252 0,000280
vain 0,116534 0,000033
valuables 2,120264 0,000597
vantage 2,120264 0,000597
varieties 1,171183 0,000330
variety 0,162519 0,000046
vast 0,223144 0,000063
vaulted 1,469676 0,000414
vegetation 1,560648 0,000439
venison 1,771957 0,000499
venture 0,342490 0,000096
ventured 0,478036 0,000135
venturesome 2,525729 0,000711
veranda 2,525729 0,000711
verge 0,967584 0,000272
verification 2,207275 0,000621
veritable 1,560648 0,000439
veteran 1,714798 0,000482
vibration 2,120264 0,000597
vicinity 1,078810 0,000304
vicious 0,653926 0,000184
victim 0,462035 0,000130
victims 0,916291 0,000258
view 0,105361 0,000030
vigilance 1,309333 0,000368
vigor 1,347074 0,000379
vii 0,430783 0,000121
viii 0,446287 0,000126
village 0,356675 0,000100
villainous 1,609438 0,000453
vine 1,049822 0,000295
vines 1,237874 0,000348
violent 0,223144 0,000063
violently 0,462035 0,000130
visit 0,061875 0,000017
visited 0,328504 0,000092
vital 0,693147 0,000195
voice 0,020203 0,000006
voiced 1,714798 0,000482
voices 0,287682 0,000081
volume 0,494296 0,000139
voraciously 2,525729 0,000711
voting 2,120264 0,000597
waffle 3,506558 0,000987
waffles 3,506558 0,000987
waged 1,897120 0,000534
wager 1,427116 0,000402
wagon 1,171183 0,000330
wailed 1,832581 0,000516
waist 0,713350 0,000201
wait 0,094311 0,000027
waited 0,198451 0,000056
waiting 0,083382 0,000023
wake 0,462035 0,000130
waking 0,562119 0,000158
walk 0,105361 0,000030
walked 0,210721 0,000059
walking 0,083382 0,000023
wall 0,198451 0,000056
walter 1,966113 0,000553
wandered 0,494296 0,000139
war 0,162519 0,000046
warded 2,813411 0,000792
warm 0,139262 0,000039
warned 0,527633 0,000148
warning 0,248461 0,000070
warrant 0,713350 0,000201
wary 1,203973 0,000339
washed 0,494296 0,000139
washington 1,609438 0,000453
waste 0,186330 0,000052
watch 0,094311 0,000027
watched 0,210721 0,000059
watches 0,798508 0,000225
watchful 1,171183 0,000330
watching 0,210721 0,000059
water 0,051293 0,000014
waters 0,356675 0,000100
watery 1,272966 0,000358
waugh 3,912023 0,001101
wave 0,527633 0,000148
waved 0,755023 0,000212
waving 0,653926 0,000184
waxed 1,514128 0,000426
weak 0,116534 0,000033
weaker 0,634878 0,000179
weakly 1,347074 0,000379
weapon 0,634878 0,000179
weapons 0,693147 0,000195
wearing 0,415515 0,000117
weather 0,248461 0,000070
weazened 3,218876 0,000906
weeks 0,248461 0,000070
weight 0,116534 0,000033
weird 1,309333 0,000368
west 0,083382 0,000023
westward 1,139434 0,000321
wet 0,287682 0,000081
wha 3,218876 0,000906
whack 2,659260 0,000748
whacking 3,506558 0,000987
wheeled 1,021651 0,000287
wheeling 1,514128 0,000426
whelp 2,407946 0,000678
whelps 2,302585 0,000648
whereat 1,560648 0,000439
whew 2,407946 0,000678
whinny 3,506558 0,000987
whip 0,597837 0,000168
whipcord 2,995732 0,000843
whipped 1,078810 0,000304
whirled 1,078810 0,000304
whirling 0,843970 0,000237
whispered 0,400478 0,000113
white 0,051293 0,000014
whites 1,469676 0,000414
whoa 2,813411 0,000792
wholesome 0,867501 0,000244
wholly 0,400478 0,000113
whoop 1,966113 0,000553
whoope 3,912023 0,001101
whooping 2,407946 0,000678
wide 0,061875 0,000017
widening 1,714798 0,000482
wife 0,094311 0,000027
wild 0,051293 0,000014
wildness 1,514128 0,000426
win 0,462035 0,000130
wind 0,105361 0,000030
winding 0,634878 0,000179
window 0,274437 0,000077
windows 0,261365 0,000074
wing 0,562119 0,000158
wink 1,078810 0,000304
winked 1,272966 0,000358
winning 0,867501 0,000244
winter 0,198451 0,000056
wipe 0,776529 0,000218
wiping 1,108663 0,000312
wiry 1,832581 0,000516
wisdom 0,287682 0,000081
wise 0,105361 0,000030
wisely 0,653926 0,000184
wit 0,328504 0,000092
withdrawing 1,078810 0,000304
withdrew 0,510826 0,000144
witnessed 0,798508 0,000225
wits 0,713350 0,000201
wobbled 3,506558 0,000987
woke 0,820981 0,000231
wolf 0,867501 0,000244
wolves 1,049822 0,000295
woman 0,061875 0,000017
women 0,094311 0,000027
wonderful 0,162519 0,000046
wood 0,116534 0,000033
wooden 0,415515 0,000117
woodman 2,302585 0,000648
woods 0,430783 0,000121
woodsman 3,218876 0,000906
word 0,020203 0,000006
wore 0,274437 0,000077
worn 0,223144 0,000063
worried 0,867501 0,000244
worry 0,820981 0,000231
worrying 1,560648 0,000439
worse 0,083382 0,000023
worst 0,186330 0,000052
worth 0,061875 0,000017
wound 0,274437 0,000077
wounded 0,274437 0,000077
wounds 0,562119 0,000158
wow 2,525729 0,000711
wrapped 0,579818 0,000163
wrapping 1,386294 0,000390
wrecked 1,272966 0,000358
wretch 0,733969 0,000207
wriggled 1,966113 0,000553
wriggling 1,771957 0,000499
write 0,150823 0,000042
writhing 1,203973 0,000339
wrong 0,083382 0,000023
wrote 0,150823 0,000042
xi 0,597837 0,000168
xii 0,579818 0,000163
xiii 0,673345 0,000189
xiv 0,693147 0,000195
xix 0,867501 0,000244
xvi 0,776529 0,000218
xvii 0,843970 0,000237
xviii 0,891598 0,000251
xx 0,916291 0,000258
xxi 0,867501 0,000244
xxii 0,967584 0,000272
xxiii 0,967584 0,000272
xxiv 0,994252 0,000280
ya 2,659260 0,000748
yard 0,430783 0,000121
yearling 2,995732 0,000843
yell 1,203973 0,000339
yelled 1,427116 0,000402
yelling 1,514128 0,000426
yells 1,714798 0,000482
yelping 2,040221 0,000574
yelps 2,813411 0,000792
yesterday 0,301105 0,000085
yonder 0,843970 0,000237
youngster 1,514128 0,000426
youngsters 1,832581 0,000516
youth 0,150823 0,000042
