abandoned 0,371064 0,000183
abide 0,287682 0,000142
abiding 1,309333 0,000646
abomination 1,966113 0,000969
absence 0,274437 0,000135
absolutely 0,287682 0,000142
accept 0,094311 0,000047
accepted 0,139262 0,000069
accepting 0,287682 0,000142
access 0,314711 0,000155
accessed 0,562119 0,000277
accessible 0,446287 0,000220
accessories 2,207275 0,001088
accomplices 1,897120 0,000935
accomplishing 1,560648 0,000770
account 0,010050 0,000005
accumulation 1,609438 0,000794
accusations 1,660731 0,000819
accused 0,616186 0,000304
accusers 2,525729 0,001245
acquiesced 1,469676 0,000725
acquiescence 1,427116 0,000704
acquitted 1,347074 0,000664
action 0,139262 0,000069
actions 0,356675 0,000176
active 0,127833 0,000063
actual 0,174353 0,000086
adams 2,813411 0,001387
add 0,198451 0,000098
addition 0,116534 0,000057
additional 0,198451 0,000098
additions 0,371064 0,000183
address 0,116534 0,000057
addressed 0,274437 0,000135
addresses 0,385662 0,000190
adds 0,798508 0,000394
adroit 2,120264 0,001045
advancement 1,203973 0,000594
advances 0,820981 0,000405
advantages 0,579818 0,000286
advice 0,186330 0,000092
advised 0,616186 0,000304
affair 0,301105 0,000148
affairs 0,235722 0,000116
afraid 0,105361 0,000052
afro 3,912023 0,001929
afterward 1,139434 0,000562
age 0,051293 0,000025
aged 0,198451 0,000098
agencies 1,966113 0,000969
agent 0,274437 0,000135
agents 0,967584 0,000477
aggressor 2,525729 0,001245
agree 0,116534 0,000057
agreed 0,116534 0,000057
agreement 0,210721 0,000104
aided 0,916291 0,000452
ak 1,347074 0,000664
alabama 2,525729 0,001245
alarm 0,356675 0,000176
alarmed 0,478036 0,000236
alarming 0,867501 0,000428
alas 0,462035 0,000228
alive 0,051293 0,000025
alteration 0,314711 0,000155
alternate 0,328504 0,000162
altogether 0,198451 0,000098
american 0,733969 0,000362
americans 1,237874 0,000610
ancestor 1,560648 0,000770
antebellum 3,506558 0,001729
apathetic 2,120264 0,001045
apologies 1,237874 0,000610
apologist 3,218876 0,001587
appalling 1,237874 0,000610
apparent 0,314711 0,000155
appeal 0,342490 0,000169
appeals 0,916291 0,000452
appearance 0,083382 0,000041
applicable 0,400478 0,000197
apply 0,162519 0,000080
appointment 0,693147 0,000342
appreciation 1,049822 0,000518
approach 0,083382 0,000041
approaching 0,235722 0,000116
archive 0,544727 0,000269
arkansas 2,995732 0,001477
arm 0,094311 0,000047
armed 0,385662 0,000190
arms 0,051293 0,000025
army 0,371064 0,000183
arouse 1,237874 0,000610
aroused 0,755023 0,000372
arousing 1,966113 0,000969
array 0,314711 0,000155
arrested 0,733969 0,000362
ascii 0,562119 0,000277
aspect 0,462035 0,000228
assailant 1,469676 0,000725
assault 0,916291 0,000452
assaulted 1,897120 0,000935
assaulting 2,659260 0,001311
asserted 0,755023 0,000372
assertion 0,941609 0,000464
asserts 1,609438 0,000794
assistance 0,105361 0,000052
association 1,203973 0,000594
assumed 0,385662 0,000190
athens 1,386294 0,000684
atrocious 1,427116 0,000704
attached 0,127833 0,000063
attack 0,301105 0,000148
attacked 0,462035 0,000228
attempt 0,083382 0,000041
attempted 0,356675 0,000176
attempting 0,579818 0,000286
attended 0,342490 0,000169
attention 0,083382 0,000041
attract 0,634878 0,000313
attraction 0,798508 0,000394
author 0,116534 0,000057
authorities 0,843970 0,000416
authority 0,261365 0,000129
availed 1,272966 0,000628
avenging 1,714798 0,000846
awaited 0,733969 0,000362
awe 0,597837 0,000295
awful 0,328504 0,000162
baby 0,673345 0,000332
backbone 1,966113 0,000969
bad 0,051293 0,000025
bail 2,040221 0,001006
bailey 2,407946 0,001187
ball 0,356675 0,000176
ballot 2,525729 0,001245
baltimore 2,407946 0,001187
barbarism 1,771957 0,000874
barbarity 2,302585 0,001135
bare 0,162519 0,000080
barrett 2,813411 0,001387
based 0,371064 0,000183
baser 2,040221 0,001006
bay 0,544727 0,000269
bear 0,061875 0,000031
bearing 0,162519 0,000080
beasts 0,430783 0,000212
beat 0,186330 0,000092
bed 0,051293 0,000025
beg 0,210721 0,000104
begs 1,832581 0,000904
belief 0,198451 0,000098
belonged 0,314711 0,000155
bestial 1,966113 0,000969
betrayed 0,494296 0,000244
binary 0,562119 0,000277
birth 0,301105 0,000148
bishop 1,049822 0,000518
biting 0,713350 0,000352
black 0,072571 0,000036
blackened 1,386294 0,000684
blackguard 1,660731 0,000819
blacks 1,427116 0,000704
blind 0,223144 0,000110
blood 0,116534 0,000057
bloodless 1,469676 0,000725
bloodthirsty 2,302585 0,001135
bloody 0,527633 0,000260
blue 0,174353 0,000086
bodies 0,174353 0,000086
bodily 0,673345 0,000332
body 0,030459 0,000015
bondage 1,203973 0,000594
books 0,139262 0,000069
boorish 2,659260 0,001311
born 0,105361 0,000052
bound 0,030459 0,000015
box 0,248461 0,000123
boy 0,139262 0,000069
boycott 3,506558 0,001729
boys 0,328504 0,000162
branch 0,385662 0,000190
brand 1,203973 0,000594
brave 0,415515 0,000205
breach 0,274437 0,000135
bred 0,478036 0,000236
breeding 0,967584 0,000477
bridge 0,494296 0,000244
bring 0,010050 0,000005
bringing 0,105361 0,000052
broad 0,139262 0,000069
broke 0,116534 0,000057
broken 0,061875 0,000031
brooklyn 2,995732 0,001477
brothers 0,356675 0,000176
brought 0,010050 0,000005
brown 0,274437 0,000135
brunette 2,407946 0,001187
brutal 0,755023 0,000372
brutalized 2,813411 0,001387
brutalizing 2,995732 0,001477
brute 0,579818 0,000286
buchanan 2,659260 0,001311
building 0,223144 0,000110
bullets 1,347074 0,000664
bundles 1,427116 0,000704
burglars 2,120264 0,001045
burly 1,609438 0,000794
burn 0,400478 0,000197
burned 0,400478 0,000197
burning 0,150823 0,000074
business 0,040822 0,000020
butcheries 3,912023 0,001929
bystander 2,525729 0,001245
calculate 0,328504 0,000162
calculated 0,174353 0,000086
calumnies 2,207275 0,001088
calvin 2,813411 0,001387
campaign 1,021651 0,000504
camphor 2,407946 0,001187
candy 2,207275 0,001088
cannon 0,941609 0,000464
capital 0,328504 0,000162
captured 0,916291 0,000452
car 0,994252 0,000490
card 0,223144 0,000110
care 0,000000 0,000000
careful 0,174353 0,000086
carolina 2,207275 0,001088
carried 0,030459 0,000015
carry 0,030459 0,000015
cars 1,660731 0,000819
caucasian 2,995732 0,001477
cease 0,139262 0,000069
ceased 0,235722 0,000116
cedar 1,514128 0,000747
centers 2,813411 0,001387
centre 0,462035 0,000228
century 0,494296 0,000244
change 0,010050 0,000005
character 0,061875 0,000031
charge 0,051293 0,000025
charged 0,328504 0,000162
charges 0,223144 0,000110
charitable 0,287682 0,000142
charities 0,494296 0,000244
chattanooga 3,506558 0,001729
cheated 1,347074 0,000664
check 0,174353 0,000086
checks 0,478036 0,000236
chestnuts 1,966113 0,000969
chicago 2,120264 0,001045
chief 0,094311 0,000047
child 0,072571 0,000036
childhood 0,527633 0,000260
children 0,072571 0,000036
chloroformed 3,506558 0,001729
choose 0,083382 0,000041
chose 0,301105 0,000148
christian 0,430783 0,000212
christianity 1,347074 0,000664
christianized 3,506558 0,001729
church 0,261365 0,000129
circumstances 0,162519 0,000080
circumstantial 1,714798 0,000846
cited 1,560648 0,000770
cities 0,616186 0,000304
citizen 0,843970 0,000416
citizens 0,916291 0,000452
city 0,051293 0,000025
civil 0,544727 0,000269
civilization 1,347074 0,000664
civilized 1,237874 0,000610
claim 0,116534 0,000057
claimed 0,843970 0,000416
clark 2,302585 0,001135
clarksville 3,506558 0,001729
class 0,314711 0,000155
clean 0,248461 0,000123
clergy 1,272966 0,000628
clerk 0,673345 0,000332
cleveland 2,659260 0,001311
climb 0,693147 0,000342
closed 0,116534 0,000057
clothes 0,127833 0,000063
clothing 0,776529 0,000383
clutches 1,714798 0,000846
coach 0,843970 0,000416
coachman 1,108663 0,000547
codes 0,510826 0,000252
cole 3,218876 0,001587
collection 0,174353 0,000086
color 1,021651 0,000504
colored 1,171183 0,000578
columbia 2,813411 0,001387
combination 0,693147 0,000342
comment 0,673345 0,000332
commercial 0,274437 0,000135
commission 0,693147 0,000342
committed 0,150823 0,000074
committee 1,309333 0,000646
commotion 1,078810 0,000532
communities 1,714798 0,000846
company 0,020203 0,000010
compare 0,510826 0,000252
comparison 0,478036 0,000236
compelled 0,527633 0,000260
competent 1,139434 0,000562
compilation 0,494296 0,000244
compiled 2,120264 0,001045
compliance 0,342490 0,000169
comply 0,342490 0,000169
complying 0,446287 0,000220
compressed 0,342490 0,000169
compunction 1,714798 0,000846
conceded 1,660731 0,000819
concedes 2,525729 0,001245
concept 0,544727 0,000269
concerned 0,287682 0,000142
concession 1,771957 0,000874
conclave 2,525729 0,001245
conclusion 0,235722 0,000116
condemn 0,867501 0,000428
condemnation 1,347074 0,000664
condemnatory 3,506558 0,001729
condemning 1,427116 0,000704
condition 0,094311 0,000047
conditions 0,342490 0,000169
conduct 0,198451 0,000098
conference 1,272966 0,000628
confess 0,198451 0,000098
confessed 0,579818 0,000286
confession 0,579818 0,000286
confirmation 0,356675 0,000176
confirmed 0,174353 0,000086
conjectures 1,078810 0,000532
conscience 0,314711 0,000155
consent 0,328504 0,000162
consented 0,562119 0,000277
consequence 0,328504 0,000162
consequential 0,478036 0,000236
considerable 0,105361 0,000052
considerations 0,891598 0,000440
consort 1,514128 0,000747
conspiracy 1,171183 0,000578
conspirators 2,040221 0,001006
constant 0,051293 0,000025
construed 2,040221 0,001006
consuming 1,171183 0,000578
consummation 1,966113 0,000969
contact 0,210721 0,000104
content 0,186330 0,000092
continue 0,261365 0,000129
continued 0,072571 0,000036
contract 0,261365 0,000129
contracted 0,755023 0,000372
contrary 0,198451 0,000098
contribute 1,049822 0,000518
contribution 1,771957 0,000874
contributions 0,430783 0,000212
controlled 1,171183 0,000578
convention 1,832581 0,000904
convert 0,385662 0,000190
convict 1,272966 0,000628
convicted 1,469676 0,000725
convincing 1,108663 0,000547
cook 0,430783 0,000212
cool 0,314711 0,000155
coon 2,995732 0,001477
copying 0,494296 0,000244
copyright 0,415515 0,000205
cordon 2,813411 0,001387
corner 0,127833 0,000063
corporation 0,462035 0,000228
corporations 2,302585 0,001135
correct 0,385662 0,000190
correspondent 1,272966 0,000628
corrupt 0,274437 0,000135
corruption 0,820981 0,000405
cost 0,105361 0,000052
costs 0,287682 0,000142
cotton 0,891598 0,000440
counsel 0,527633 0,000260
counselled 1,966113 0,000969
counteract 1,966113 0,000969
countries 0,235722 0,000116
country 0,010050 0,000005
county 0,941609 0,000464
courage 0,150823 0,000074
court 0,127833 0,000063
courteous 0,967584 0,000477
courts 0,544727 0,000269
cow 0,733969 0,000362
cowards 1,386294 0,000684
coy 2,995732 0,001477
create 0,597837 0,000295
created 0,116534 0,000057
creating 0,342490 0,000169
creation 0,235722 0,000116
credit 0,094311 0,000047
creditors 1,609438 0,000794
creme 3,912023 0,001929
crime 0,314711 0,000155
crimes 0,653926 0,000322
criminal 0,693147 0,000342
criminally 3,506558 0,001729
criminis 3,912023 0,001929
cringes 3,506558 0,001729
crisis 0,891598 0,000440
critical 0,235722 0,000116
crow 1,272966 0,000628
crowd 0,198451 0,000098
cruel 0,261365 0,000129
cruelty 0,478036 0,000236
crusade 2,525729 0,001245
curiosities 1,386294 0,000684
current 0,127833 0,000063
curtains 0,579818 0,000286
cut 0,040822 0,000020
cutthroats 3,218876 0,001587
dailies 3,506558 0,001729
daily 0,248461 0,000123
dainty 0,798508 0,000394
damage 0,261365 0,000129
damaged 0,356675 0,000176
damages 0,400478 0,000197
damaging 1,966113 0,000969
dames 1,897120 0,000935
danger 0,116534 0,000057
dangerous 0,150823 0,000074
dark 0,051293 0,000025
dastardly 2,302585 0,001135
data 0,494296 0,000244
daughter 0,261365 0,000129
daughters 0,510826 0,000252
day 0,000000 0,000000
daylight 0,446287 0,000220
days 0,020203 0,000010
dealer 1,347074 0,000664
dealt 0,597837 0,000295
death 0,020203 0,000010
decay 0,634878 0,000313
december 0,562119 0,000277
decent 0,693147 0,000342
decide 0,274437 0,000135
declaration 0,994252 0,000490
declared 0,210721 0,000104
declares 1,049822 0,000518
declaring 0,891598 0,000440
dedicated 1,108663 0,000547
deductible 0,562119 0,000277
deed 0,478036 0,000236
deep 0,051293 0,000025
defect 0,328504 0,000162
defective 0,356675 0,000176
defects 0,301105 0,000148
defend 0,400478 0,000197
defended 0,653926 0,000322
defenders 1,966113 0,000969
defending 1,049822 0,000518
defense 1,514128 0,000747
defenseless 2,659260 0,001311
deference 0,967584 0,000477
degeneracy 2,302585 0,001135
degree 0,198451 0,000098
delay 0,287682 0,000142
delegates 2,302585 0,001135
delegations 3,506558 0,001729
deletions 0,562119 0,000277
deliberate 0,755023 0,000372
deliberately 0,693147 0,000342
deliverance 0,941609 0,000464
demand 0,127833 0,000063
demanded 0,400478 0,000197
demanding 1,203973 0,000594
demands 0,673345 0,000332
demi 2,040221 0,001006
denied 0,287682 0,000142
denounced 1,609438 0,000794
denunciation 2,302585 0,001135
depends 0,198451 0,000098
depraved 1,560648 0,000770
depravity 1,560648 0,000770
deprived 0,579818 0,000286
deputies 2,120264 0,001045
deputy 1,347074 0,000664
derivative 0,510826 0,000252
derive 0,342490 0,000169
derived 0,248461 0,000123
deserted 0,385662 0,000190
deserved 0,634878 0,000313
deserves 0,776529 0,000383
designated 1,660731 0,000819
desire 0,072571 0,000036
desires 0,478036 0,000236
desirous 0,634878 0,000313
desperadoes 2,995732 0,001477
despoiler 3,912023 0,001929
destroy 0,127833 0,000063
destroyed 0,274437 0,000135
destruction 0,342490 0,000169
detach 0,446287 0,000220
detective 1,660731 0,000819
detectives 2,120264 0,001045
determination 0,634878 0,000313
determine 0,210721 0,000104
deterring 3,218876 0,001587
developed 0,544727 0,000269
devilish 1,237874 0,000610
deviltry 3,506558 0,001729
devise 1,427116 0,000704
devoting 1,660731 0,000819
devotion 0,510826 0,000252
died 0,061875 0,000031
difference 0,198451 0,000098
difficulty 0,139262 0,000069
dipped 1,203973 0,000594
direct 0,083382 0,000041
director 0,798508 0,000394
dirty 0,544727 0,000269
disappeared 0,356675 0,000176
disapprove 1,714798 0,000846
disarmed 1,771957 0,000874
discarded 1,309333 0,000646
discharged 0,820981 0,000405
disclaim 0,510826 0,000252
disclaimer 0,562119 0,000277
disclaimers 0,562119 0,000277
disclaiming 2,813411 0,001387
discontinue 0,544727 0,000269
discouraging 1,714798 0,000846
discover 0,083382 0,000041
discovered 0,051293 0,000025
discoveries 0,941609 0,000464
disease 0,371064 0,000183
disfranchised 3,218876 0,001587
disgrace 0,510826 0,000252
disgraced 1,347074 0,000664
disk 0,446287 0,000220
dispatches 2,120264 0,001045
display 0,261365 0,000129
displayed 0,198451 0,000098
displaying 0,342490 0,000169
disposition 0,400478 0,000197
disregard 1,021651 0,000504
distance 0,105361 0,000052
distribute 0,400478 0,000197
distributed 0,248461 0,000123
distributing 0,446287 0,000220
distribution 0,430783 0,000212
distributor 0,562119 0,000277
disturb 0,478036 0,000236
dive 1,347074 0,000664
divorce 1,714798 0,000846
divulge 2,120264 0,001045
doctor 0,446287 0,000220
doctored 2,659260 0,001311
dollar 1,771957 0,000874
domain 0,328504 0,000162
donate 0,562119 0,000277
donation 0,494296 0,000244
donations 0,494296 0,000244
donors 0,527633 0,000260
door 0,040822 0,000020
doors 0,105361 0,000052
dorr 3,912023 0,001929
doubt 0,040822 0,000020
doubtless 0,430783 0,000212
downloading 0,562119 0,000277
dragged 0,462035 0,000228
drawing 0,139262 0,000069
dread 0,371064 0,000183
drifted 1,108663 0,000547
drive 0,186330 0,000092
drug 1,514128 0,000747
drunk 0,415515 0,000205
drunkard 1,237874 0,000610
drunken 0,820981 0,000405
duke 0,994252 0,000490
dusk 0,941609 0,000464
dust 0,174353 0,000086
duty 0,083382 0,000041
earnest 0,261365 0,000129
earth 0,051293 0,000025
easily 0,072571 0,000036
easy 0,040822 0,000020
edition 0,287682 0,000142
editions 0,385662 0,000190
editor 1,108663 0,000547
editorial 2,525729 0,001245
editorials 3,506558 0,001729
editors 2,407946 0,001187
education 0,446287 0,000220
educational 0,446287 0,000220
educator 2,813411 0,001387
edward 1,049822 0,000518
effective 0,967584 0,000477
effectual 1,203973 0,000594
effectually 1,203973 0,000594
effort 0,094311 0,000047
efforts 0,139262 0,000069
eighteen 0,462035 0,000228
elect 0,328504 0,000162
electronic 0,544727 0,000269
electronically 0,544727 0,000269
element 0,510826 0,000252
elicit 2,040221 0,001006
email 0,562119 0,000277
emancipation 1,771957 0,000874
emigration 2,040221 0,001006
employ 0,510826 0,000252
employed 0,415515 0,000205
employee 0,527633 0,000260
employees 0,544727 0,000269
employer 1,560648 0,000770
enable 0,579818 0,000286
enabled 0,430783 0,000212
encoding 0,653926 0,000322
encouraged 0,527633 0,000260
encouragement 0,798508 0,000394
energetic 1,078810 0,000532
energies 1,108663 0,000547
england 0,385662 0,000190
english 0,094311 0,000047
ensuring 0,544727 0,000269
enter 0,094311 0,000047
entered 0,051293 0,000025
entire 0,274437 0,000135
entity 0,544727 0,000269
equal 0,174353 0,000086
equally 0,223144 0,000110
equipment 0,430783 0,000212
errors 0,248461 0,000123
escape 0,094311 0,000047
escaped 0,235722 0,000116
eschewing 3,912023 0,001929
escort 1,021651 0,000504
established 0,301105 0,000148
esteem 0,494296 0,000244
eternity 0,693147 0,000342
evening 0,083382 0,000041
evidence 0,261365 0,000129
evidenced 2,995732 0,001477
exact 0,287682 0,000142
examination 0,385662 0,000190
exceptional 1,386294 0,000684
exchange 0,342490 0,000169
excitement 0,430783 0,000212
exclusion 0,371064 0,000183
excursions 1,469676 0,000725
excuse 0,174353 0,000086
excused 1,021651 0,000504
execute 0,941609 0,000464
executive 1,171183 0,000578
exempt 0,371064 0,000183
exercise 0,287682 0,000142
exercising 1,514128 0,000747
exile 0,891598 0,000440
exiled 1,469676 0,000725
exist 0,342490 0,000169
existed 0,510826 0,000252
existence 0,162519 0,000080
existing 0,891598 0,000440
exists 0,235722 0,000116
expend 0,462035 0,000228
expense 0,150823 0,000074
expenses 0,210721 0,000104
experience 0,083382 0,000041
explainable 3,506558 0,001729
explained 0,248461 0,000123
explanation 0,139262 0,000069
exporting 0,510826 0,000252
exposed 0,301105 0,000148
exposing 1,386294 0,000684
exposition 1,714798 0,000846
exposure 1,139434 0,000562
express 0,127833 0,000063
expresses 1,139434 0,000562
extent 0,083382 0,000041
extreme 0,235722 0,000116
eyes 0,010050 0,000005
facility 0,356675 0,000176
factor 1,469676 0,000725
faintly 0,713350 0,000352
fair 0,051293 0,000025
fairbanks 1,386294 0,000684
faithful 0,261365 0,000129
fall 0,020203 0,000010
fallen 0,083382 0,000041
falls 0,328504 0,000162
falsehood 0,733969 0,000362
families 0,430783 0,000212
family 0,072571 0,000036
fancy 0,198451 0,000098
farm 0,798508 0,000394
farmer 0,867501 0,000428
fascination 1,108663 0,000547
fashionable 0,916291 0,000452
fast 0,061875 0,000031
father 0,072571 0,000036
fathers 0,478036 0,000236
favorable 1,469676 0,000725
fear 0,020203 0,000010
feared 0,235722 0,000116
fearful 0,400478 0,000197
fearing 0,673345 0,000332
fears 0,274437 0,000135
feature 0,562119 0,000277
february 0,820981 0,000405
federal 0,527633 0,000260
fee 0,342490 0,000169
feeble 0,371064 0,000183
feel 0,020203 0,000010
fees 0,415515 0,000205
fellow 0,051293 0,000025
fellows 0,287682 0,000142
fever 0,371064 0,000183
fidelity 0,967584 0,000477
field 0,150823 0,000074
fiendish 1,832581 0,000904
fiendishly 2,813411 0,001387
fight 0,162519 0,000080
file 0,235722 0,000116
files 0,478036 0,000236
filthy 1,078810 0,000532
final 0,342490 0,000169
financial 0,415515 0,000205
fit 0,061875 0,000031
fitness 0,446287 0,000220
flaying 2,659260 0,001311
fled 0,371064 0,000183
fleming 2,813411 0,001387
flourishing 1,021651 0,000504
folks 0,941609 0,000464
follow 0,020203 0,000010
force 0,061875 0,000031
forced 0,139262 0,000069
forces 0,462035 0,000228
foregoing 1,714798 0,000846
forehead 0,430783 0,000212
forget 0,072571 0,000036
form 0,040822 0,000020
formal 0,673345 0,000332
format 0,562119 0,000277
formats 0,562119 0,000277
formula 1,514128 0,000747
fosters 3,506558 0,001729
foundation 0,174353 0,000086
fowler 3,218876 0,001587
frank 0,616186 0,000304
fred 2,120264 0,001045
frederick 1,272966 0,000628
freedom 0,223144 0,000110
freely 0,105361 0,000052
frenzied 1,660731 0,000819
frequency 1,660731 0,000819
frequent 0,342490 0,000169
frequently 0,287682 0,000142
friction 1,771957 0,000874
friends 0,020203 0,000010
fruits 0,446287 0,000220
furniture 0,415515 0,000205
fury 0,328504 0,000162
future 0,105361 0,000052
gained 0,261365 0,000129
gambler 1,966113 0,000969
gang 1,237874 0,000610
garbled 2,995732 0,001477
gaze 0,544727 0,000269
gazette 1,609438 0,000794
generation 0,510826 0,000252
generations 0,198451 0,000098
georgia 2,120264 0,001045
girl 0,235722 0,000116
girls 0,400478 0,000197
glad 0,072571 0,000036
gladly 0,544727 0,000269
glee 1,309333 0,000646
goals 0,544727 0,000269
god 0,094311 0,000047
godmother 2,207275 0,001088
gods 0,653926 0,000322
gold 0,083382 0,000041
govern 0,342490 0,000169
government 0,494296 0,000244
governor 0,820981 0,000405
grand 0,342490 0,000169
granted 0,150823 0,000074
gratefully 0,415515 0,000205
gratification 0,994252 0,000490
grave 0,127833 0,000063
greatly 0,210721 0,000104
gregory 1,139434 0,000562
grimly 1,108663 0,000547
grocery 2,207275 0,001088
gross 0,235722 0,000116
ground 0,030459 0,000015
growing 0,174353 0,000086
grown 0,116534 0,000057
grows 0,527633 0,000260
guard 0,174353 0,000086
guarded 0,597837 0,000295
guardians 1,427116 0,000704
guilt 0,544727 0,000269
guilty 0,356675 0,000176
gun 0,755023 0,000372
hair 0,094311 0,000047
hall 0,314711 0,000155
halt 0,755023 0,000372
hamburg 2,040221 0,001006
hand 0,010050 0,000005
hands 0,020203 0,000010
handsome 0,328504 0,000162
hanged 1,049822 0,000518
hanging 0,261365 0,000129
happened 0,094311 0,000047
hardened 0,820981 0,000405
harm 0,210721 0,000104
harmed 1,897120 0,000935
harmless 0,248461 0,000123
hart 0,462035 0,000228
hate 0,274437 0,000135
head 0,000000 0,000000
heads 0,094311 0,000047
healthier 2,525729 0,001245
healthy 0,356675 0,000176
hear 0,010050 0,000005
heard 0,020203 0,000010
hearing 0,139262 0,000069
heart 0,010050 0,000005
heaven 0,198451 0,000098
heavens 0,430783 0,000212
heavy 0,030459 0,000015
heeded 1,469676 0,000725
heinous 1,897120 0,000935
held 0,040822 0,000020
helpless 0,328504 0,000162
henry 0,713350 0,000352
herald 1,469676 0,000725
heralded 2,407946 0,001187
hide 0,287682 0,000142
highway 1,108663 0,000547
hill 0,248461 0,000123
hindered 1,347074 0,000664
history 0,186330 0,000092
hold 0,020203 0,000010
holder 0,446287 0,000220
honest 0,235722 0,000116
honestly 0,843970 0,000416
honor 0,891598 0,000440
hope 0,010050 0,000005
hoped 0,210721 0,000104
hopelessly 1,078810 0,000532
hoping 0,430783 0,000212
horrible 0,356675 0,000176
horrified 1,272966 0,000628
horror 0,248461 0,000123
horrors 0,693147 0,000342
hospital 0,916291 0,000452
host 0,478036 0,000236
hot 0,116534 0,000057
house 0,020203 0,000010
human 0,083382 0,000041
humiliation 0,941609 0,000464
hundredth 1,347074 0,000664
hung 0,174353 0,000086
hunt 0,544727 0,000269
hunting 0,462035 0,000228
hurling 1,771957 0,000874
husband 0,248461 0,000123
hushed 1,049822 0,000518
hypothesis 1,272966 0,000628
ida 2,040221 0,001006
idea 0,105361 0,000052
identical 0,994252 0,000490
identification 0,527633 0,000260
identify 0,415515 0,000205
idolized 2,525729 0,001245
ignorance 0,287682 0,000142
illicit 2,995732 0,001477
illustrative 2,407946 0,001187
imagination 0,223144 0,000110
imperilled 2,302585 0,001135
implicated 2,120264 0,001045
implied 0,371064 0,000183
imposed 0,210721 0,000104
impossible 0,094311 0,000047
impress 0,776529 0,000383
impressed 0,510826 0,000252
impression 0,210721 0,000104
imprisoned 1,021651 0,000504
improvement 0,673345 0,000332
impunity 1,347074 0,000664
inaccurate 0,510826 0,000252
incapable 0,562119 0,000277
incentive 2,407946 0,001187
incidental 0,446287 0,000220
include 0,274437 0,000135
included 0,162519 0,000080
includes 0,462035 0,000228
including 0,139262 0,000069
incomplete 0,301105 0,000148
increasing 0,127833 0,000063
indemnify 0,527633 0,000260
indemnity 0,527633 0,000260
independence 0,843970 0,000416
independent 0,510826 0,000252
indict 3,912023 0,001929
indicted 3,218876 0,001587
indifferent 0,400478 0,000197
indignation 0,510826 0,000252
indirect 0,446287 0,000220
indirectly 0,371064 0,000183
indiscreet 1,609438 0,000794
individual 0,150823 0,000074
individuals 0,673345 0,000332
indulged 0,941609 0,000464
industrial 2,302585 0,001135
inevitable 0,544727 0,000269
infamous 1,049822 0,000518
infant 0,673345 0,000332
inferiors 1,832581 0,000904
inflicted 0,798508 0,000394
infliction 2,659260 0,001311
influence 0,198451 0,000098
infringement 0,544727 0,000269
inhabitants 0,446287 0,000220
inhuman 1,108663 0,000547
injured 0,579818 0,000286
injuries 0,916291 0,000452
injustice 0,673345 0,000332
inmate 1,897120 0,000935
innocence 0,634878 0,000313
innocent 0,186330 0,000092
inquiry 0,634878 0,000313
insatiate 1,966113 0,000969
insolence 0,994252 0,000490
inspiration 0,867501 0,000428
inspired 0,510826 0,000252
instance 0,150823 0,000074
instances 0,653926 0,000322
instinct 0,430783 0,000212
institution 0,820981 0,000405
insulted 1,078810 0,000532
intellectual 0,235722 0,000116
intelligence 0,301105 0,000148
intelligent 0,342490 0,000169
intention 0,186330 0,000092
inter 1,714798 0,000846
intercepted 1,771957 0,000874
internal 0,261365 0,000129
international 0,494296 0,000244
interpreted 0,274437 0,000135
intersection 2,995732 0,001477
intervention 1,514128 0,000747
intimacy 0,843970 0,000416
intimate 0,462035 0,000228
intimations 2,813411 0,001387
introduced 0,356675 0,000176
invalidity 0,527633 0,000260
invariably 0,798508 0,000394
investigation 0,967584 0,000477
invitation 0,579818 0,000286
invite 0,693147 0,000342
invited 0,415515 0,000205
iron 0,198451 0,000098
irs 0,562119 0,000277
issue 0,462035 0,000228
issued 0,579818 0,000286
jackson 1,714798 0,000846
jacksonville 2,995732 0,001477
jail 1,427116 0,000704
jailed 3,218876 0,001587
jails 2,525729 0,001245
january 0,693147 0,000342
jarvis 3,506558 0,001729
jeanette 3,912023 0,001929
jim 1,966113 0,000969
john 0,328504 0,000162
johnson 1,514128 0,000747
jones 1,309333 0,000646
journal 0,941609 0,000464
journals 1,966113 0,000969
judge 0,116534 0,000057
judges 0,597837 0,000295
judgment 0,198451 0,000098
judicious 1,139434 0,000562
july 0,616186 0,000304
june 0,527633 0,000260
juries 2,207275 0,001088
jurisdiction 1,609438 0,000794
jury 1,237874 0,000610
justice 0,162519 0,000080
justify 0,693147 0,000342
kansas 2,995732 0,001477
kentucky 2,407946 0,001187
keynote 2,995732 0,001477
kill 0,127833 0,000063
killing 0,597837 0,000295
kitchen 0,597837 0,000295
knives 0,916291 0,000452
knowledge 0,061875 0,000031
labor 1,272966 0,000628
lack 0,478036 0,000236
lacking 1,171183 0,000578
ladies 0,314711 0,000155
lady 0,248461 0,000123
lake 0,210721 0,000104
land 0,072571 0,000036
language 0,072571 0,000036
lap 0,634878 0,000313
law 0,030459 0,000015
lawbreakers 3,912023 0,001929
lawless 1,660731 0,000819
lawlessness 2,525729 0,001245
laws 0,083382 0,000041
lawyer 0,798508 0,000394
lead 0,083382 0,000041
leader 0,462035 0,000228
leaders 0,820981 0,000405
leading 0,139262 0,000069
learn 0,020203 0,000010
learned 0,105361 0,000052
learning 0,301105 0,000148
leave 0,000000 0,000000
leaving 0,083382 0,000041
led 0,040822 0,000020
ledger 2,407946 0,001187
left 0,000000 0,000000
legal 0,261365 0,000129
legalized 3,506558 0,001729
legally 0,342490 0,000169
legislature 2,120264 0,001045
legitimate 1,139434 0,000562
lesson 0,400478 0,000197
letter 0,116534 0,000057
letters 0,198451 0,000098
level 0,274437 0,000135
lewis 1,897120 0,000935
liability 0,462035 0,000228
liable 0,235722 0,000116
liaison 2,407946 0,001187
libelous 3,218876 0,001587
liberally 1,347074 0,000664
liberty 0,223144 0,000110
library 0,223144 0,000110
license 0,301105 0,000148
licensed 0,430783 0,000212
lie 0,040822 0,000020
lieu 0,415515 0,000205
life -0,009950 -0,000005
lifeless 1,108663 0,000547
light 0,010050 0,000005
limit 0,673345 0,000332
limitation 0,478036 0,000236
limited 0,261365 0,000129
limits 0,494296 0,000244
liners 2,995732 0,001477
linked 0,385662 0,000190
links 0,415515 0,000205
literary 0,287682 0,000142
live 0,010050 0,000005
lived 0,061875 0,000031
lives 0,072571 0,000036
living 0,020203 0,000010
loathing 1,427116 0,000704
loathsome 1,078810 0,000532
lobby 2,040221 0,001006
localities 1,832581 0,000904
located 0,400478 0,000197
locations 0,544727 0,000269
locked 0,430783 0,000212
loose 0,105361 0,000052
losing 0,235722 0,000116
loss 0,094311 0,000047
lost 0,020203 0,000010
lot 0,061875 0,000031
louisiana 2,302585 0,001135
love 0,051293 0,000025
loved 0,198451 0,000098
lust 0,891598 0,000440
lustful 1,832581 0,000904
lusts 1,897120 0,000935
lynch 2,659260 0,001311
lynched 3,506558 0,001729
lynchers 3,912023 0,001929
lynching 3,506558 0,001729
lynchings 3,912023 0,001929
lyric 2,120264 0,001045
machine 0,248461 0,000123
madison 3,218876 0,001587
maggie 2,995732 0,001477
main 0,127833 0,000063
maintained 0,653926 0,000322
maintaining 0,235722 0,000116
majesty 0,544727 0,000269
majority 0,597837 0,000295
malicious 0,941609 0,000464
manager 0,653926 0,000322
manhood 0,776529 0,000383
mania 1,347074 0,000664
manner 0,040822 0,000020
manners 0,274437 0,000135
march 0,274437 0,000135
marked 0,061875 0,000031
markedly 2,659260 0,001311
married 0,248461 0,000123
marry 0,430783 0,000212
marshall 2,659260 0,001311
mask 0,843970 0,000416
masks 1,560648 0,000770
mass 0,301105 0,000148
massacres 2,525729 0,001245
master 0,083382 0,000041
masters 0,446287 0,000220
match 0,385662 0,000190
material 0,328504 0,000162
materialize 3,912023 0,001929
matter 0,010050 0,000005
maximum 0,478036 0,000236
measure 0,301105 0,000148
measured 0,579818 0,000286
medium 0,223144 0,000110
meet 0,010050 0,000005
meeting 0,186330 0,000092
melissa 3,912023 0,001929
melted 0,713350 0,000352
memphis 2,995732 0,001477
mercies 1,897120 0,000935
merciful 0,994252 0,000490
mercy 0,223144 0,000110
met 0,040822 0,000020
method 0,094311 0,000047
methods 0,210721 0,000104
michael 0,400478 0,000197
midday 1,108663 0,000547
middle 0,030459 0,000015
mighty 0,328504 0,000162
mile 0,342490 0,000169
miles 0,223144 0,000110
military 0,616186 0,000304
militia 1,897120 0,000935
minimum 2,407946 0,001187
minister 0,616186 0,000304
ministers 0,776529 0,000383
minneapolis 3,506558 0,001729
minor 0,733969 0,000362
minutes 0,235722 0,000116
miscegenation 3,912023 0,001929
misrepresenting 2,995732 0,001477
mission 0,210721 0,000104
mississippi 0,415515 0,000205
mistake 0,223144 0,000110
mob 1,171183 0,000578
mobs 2,813411 0,001387
mockery 0,941609 0,000464
modification 0,494296 0,000244
modified 0,385662 0,000190
moment 0,010050 0,000005
monde 2,207275 0,001088
money 0,051293 0,000025
monroe 2,525729 0,001245
montgomery 2,659260 0,001311
month 0,174353 0,000086
months 0,094311 0,000047
moral 0,301105 0,000148
morgan 2,813411 0,001387
morning 0,040822 0,000020
mortification 1,049822 0,000518
moses 1,139434 0,000562
mother 0,072571 0,000036
motive 0,597837 0,000295
motives 0,579818 0,000286
mouths 0,462035 0,000228
mulatto 3,218876 0,001587
mule 1,347074 0,000664
murder 0,314711 0,000155
murdered 0,733969 0,000362
murderers 1,386294 0,000684
murdering 1,309333 0,000646
mustered 1,832581 0,000904
mutual 0,510826 0,000252
naked 0,274437 0,000135
nashville 3,506558 0,001729
natchez 3,506558 0,001729
natural 0,094311 0,000047
naturally 0,210721 0,000104
nauseating 3,506558 0,001729
necessity 0,261365 0,000129
needless 1,049822 0,000518
negligence 0,415515 0,000205
negro 1,171183 0,000578
negroes 1,386294 0,000684
neighborhood 1,171183 0,000578
neighbors 1,272966 0,000628
network 0,415515 0,000205
news 0,210721 0,000104
newsletter 0,562119 0,000277
newspapers 0,820981 0,000405
night 0,010050 0,000005
nineteenth 1,171183 0,000578
noble 0,248461 0,000123
nonproprietary 0,562119 0,000277
north 0,083382 0,000041
northern 0,653926 0,000322
note 0,127833 0,000063
notice 0,030459 0,000015
notifies 0,527633 0,000260
notion 0,371064 0,000183
notorious 1,049822 0,000518
numerous 0,235722 0,000116
obedience 0,494296 0,000244
obeys 1,832581 0,000904
objection 0,616186 0,000304
obliged 0,287682 0,000142
obscene 1,660731 0,000819
obsolete 0,446287 0,000220
obstinately 1,272966 0,000628
occur 0,150823 0,000074
occurred 0,261365 0,000129
ocean 0,430783 0,000212
october 0,653926 0,000322
offending 1,309333 0,000646
offense 1,609438 0,000794
offensive 0,693147 0,000342
offered 0,139262 0,000069
offers 0,198451 0,000098
office 0,072571 0,000036
officers 0,494296 0,000244
official 0,235722 0,000116
officials 1,347074 0,000664
oft 1,347074 0,000664
ohio 2,407946 0,001187
oil 0,527633 0,000260
oklahoma 3,506558 0,001729
omaha 3,506558 0,001729
online 0,510826 0,000252
openly 0,494296 0,000244
operate 1,309333 0,000646
operation 0,693147 0,000342
opportunities 0,235722 0,000116
opportunity 0,061875 0,000031
opposition 0,494296 0,000244
organ 0,776529 0,000383
organized 0,356675 0,000176
original 0,105361 0,000052
originator 0,527633 0,000260
orleans 1,966113 0,000969
outcropping 3,912023 0,001929
outcry 1,427116 0,000704
outdated 0,562119 0,000277
outermost 2,302585 0,001135
outfit 1,237874 0,000610
outrage 1,049822 0,000518
outraged 1,272966 0,000628
outrageous 1,386294 0,000684
outrages 1,897120 0,000935
outraging 3,218876 0,001587
overcome 0,261365 0,000129
overpowered 1,049822 0,000518
overreach 3,506558 0,001729
owe 0,494296 0,000244
owed 0,139262 0,000069
owes 1,139434 0,000562
owner 0,116534 0,000057
owners 0,891598 0,000440
packer 2,995732 0,001477
paid 0,061875 0,000031
pains 0,301105 0,000148
painstaking 2,207275 0,001088
pair 0,235722 0,000116
pale 0,198451 0,000098
palliate 3,218876 0,001587
pamphlet 1,966113 0,000969
papa 1,272966 0,000628
paper 0,083382 0,000041
papers 0,385662 0,000190
paperwork 0,562119 0,000277
paraded 1,897120 0,000935
paragraph 0,328504 0,000162
paragraphs 0,494296 0,000244
parish 0,916291 0,000452
participation 1,660731 0,000819
parties 0,371064 0,000183
partisan 1,966113 0,000969
partitions 2,407946 0,001187
partner 0,673345 0,000332
party 0,061875 0,000031
pass 0,040822 0,000020
passed 0,040822 0,000020
passion 0,186330 0,000092
passions 0,478036 0,000236
pat 1,386294 0,000684
patience 0,139262 0,000069
patronage 1,272966 0,000628
patronize 2,813411 0,001387
pay 0,051293 0,000025
paying 0,116534 0,000057
payments 0,415515 0,000205
peace 0,094311 0,000047
peaceful 0,478036 0,000236
penalty 1,049822 0,000518
penitentiary 2,995732 0,001477
penned 2,040221 0,001006
pennsylvania 2,302585 0,001135
people 0,010050 0,000005
perform 0,150823 0,000074
performances 0,314711 0,000155
performed 0,127833 0,000063
performing 0,261365 0,000129
periodic 0,544727 0,000269
perished 0,733969 0,000362
permanent 0,223144 0,000110
permission 0,150823 0,000074
permitted 0,105361 0,000052
perpetrated 1,714798 0,000846
perpetration 2,813411 0,001387
perpetrators 2,995732 0,001477
persist 1,309333 0,000646
persistent 1,347074 0,000664
persistently 1,560648 0,000770
person 0,010050 0,000005
personal 0,223144 0,000110
personally 0,798508 0,000394
persons 0,210721 0,000104
perusal 1,309333 0,000646
perversion 2,207275 0,001088
petition 1,078810 0,000532
petitions 1,897120 0,000935
phase 1,427116 0,000704
phases 1,714798 0,000846
phenomenal 2,407946 0,001187
phrase 0,174353 0,000086
physical 0,198451 0,000098
physician 0,693147 0,000342
pictured 1,049822 0,000518
pieces 0,139262 0,000069
piles 1,049822 0,000518
pistol 0,941609 0,000464
pitiful 0,798508 0,000394
plain 0,040822 0,000020
plains 0,967584 0,000477
planned 0,916291 0,000452
plans 0,371064 0,000183
platform 0,891598 0,000440
plausible 1,078810 0,000532
playing 0,186330 0,000092
plea 1,139434 0,000562
plead 0,867501 0,000428
pleading 1,272966 0,000628
pleasant 0,162519 0,000080
pleasure 0,051293 0,000025
plenty 0,235722 0,000116
plow 2,207275 0,001088
plowing 2,525729 0,001245
plunged 0,544727 0,000269
pocket 0,371064 0,000183
poisoned 1,237874 0,000610
poker 1,660731 0,000819
police 0,755023 0,000372
polite 0,693147 0,000342
politeness 0,798508 0,000394
political 0,562119 0,000277
politics 0,713350 0,000352
ponder 1,714798 0,000846
poor 0,030459 0,000015
poplar 1,660731 0,000819
populated 2,120264 0,001045
population 0,941609 0,000464
port 0,579818 0,000286
position 0,162519 0,000080
posse 2,207275 0,001088
possessed 0,094311 0,000047
possession 0,083382 0,000041
possibility 0,162519 0,000080
post 0,248461 0,000123
posted 0,301105 0,000148
poured 0,385662 0,000190
power 0,030459 0,000015
powerless 1,139434 0,000562
practical 0,494296 0,000244
practically 0,235722 0,000116
practiced 1,560648 0,000770
practicing 2,407946 0,001187
preface 0,733969 0,000362
preference 0,867501 0,000428
prejudice 0,733969 0,000362
prejudices 1,021651 0,000504
preliminary 0,994252 0,000490
prepare 0,162519 0,000080
prepared 0,105361 0,000052
presence 0,094311 0,000047
preserve 0,150823 0,000074
president 1,049822 0,000518
press 0,274437 0,000135
pretend 0,446287 0,000220
pretext 0,941609 0,000464
pretty 0,150823 0,000074
prevails 1,427116 0,000704
prevalence 1,832581 0,000904
prevent 0,083382 0,000041
prevented 0,328504 0,000162
previous 0,094311 0,000047
preys 2,813411 0,001387
principal 0,287682 0,000142
principally 1,108663 0,000547
principles 0,510826 0,000252
print 0,261365 0,000129
printed 0,174353 0,000086
prisoner 0,385662 0,000190
processing 0,562119 0,000277
proclaim 1,171183 0,000578
proclaimed 0,941609 0,000464
proclamation 1,714798 0,000846
produce 0,127833 0,000063
produced 0,105361 0,000052
production 0,314711 0,000155
professor 0,287682 0,000142
profit 0,248461 0,000123
profits 0,314711 0,000155
programme 1,609438 0,000794
progress 0,174353 0,000086
prohibition 0,430783 0,000212
project -0,009950 -0,000005
prominent 0,967584 0,000477
prominently 0,494296 0,000244
promises 0,510826 0,000252
promoting 0,430783 0,000212
promotion 0,342490 0,000169
prompt 0,776529 0,000383
prompted 0,891598 0,000440
promptings 2,407946 0,001187
proof 0,287682 0,000142
proofread 0,562119 0,000277
proofreading 1,966113 0,000969
propensities 1,966113 0,000969
proper 0,061875 0,000031
properly 0,385662 0,000190
property 0,127833 0,000063
proposal 0,733969 0,000362
proposed 0,371064 0,000183
proprietary 0,562119 0,000277
proprietors 1,514128 0,000747
protect 0,186330 0,000092
protection 0,314711 0,000155
protector 1,347074 0,000664
protesting 1,309333 0,000646
prove 0,174353 0,000086
proved 0,116534 0,000057
proven 1,966113 0,000969
proves 0,776529 0,000383
provide 0,162519 0,000080
providing 0,261365 0,000129
proving 0,820981 0,000405
provision 0,248461 0,000123
provisions 0,223144 0,000110
provocation 1,171183 0,000578
public 0,083382 0,000041
publication 1,171183 0,000578
publicly 0,994252 0,000490
published 0,579818 0,000286
publishes 3,506558 0,001729
pulpit 1,203973 0,000594
pulpits 2,659260 0,001311
punish 0,597837 0,000295
punished 0,544727 0,000269
punishing 1,714798 0,000846
punishment 0,301105 0,000148
punitive 0,562119 0,000277
purpose 0,040822 0,000020
purposes 0,478036 0,000236
purse 0,616186 0,000304
question 0,051293 0,000025
quick 0,139262 0,000069
quoting 1,714798 0,000846
race 0,198451 0,000098
races 0,713350 0,000352
racket 2,120264 0,001045
radius 2,120264 0,001045
raged 1,272966 0,000628
raids 2,207275 0,001088
railroad 1,771957 0,000874
railroads 2,207275 0,001088
raining 1,660731 0,000819
raise 0,174353 0,000086
raised 0,061875 0,000031
rally 1,609438 0,000794
rank 0,287682 0,000142
rape 2,207275 0,001088
raped 3,506558 0,001729
rapes 3,218876 0,001587
rapidly 0,371064 0,000183
raping 3,912023 0,001929
rapist 3,912023 0,001929
rapists 3,912023 0,001929
reach 0,051293 0,000025
reached 0,127833 0,000063
reaching 0,083382 0,000041
reaction 1,272966 0,000628
read 0,020203 0,000010
readable 0,510826 0,000252
reader 0,342490 0,000169
reading 0,061875 0,000031
real 0,040822 0,000020
realize 1,021651 0,000504
realized 0,843970 0,000416
reason 0,010050 0,000005
reasonable 0,116534 0,000057
reasons 0,223144 0,000110
receipt 0,314711 0,000155
receive 0,083382 0,000041
received 0,040822 0,000020
receiving 0,116534 0,000057
reconstruction 2,407946 0,001187
record 0,400478 0,000197
red 0,072571 0,000036
redistribute 0,544727 0,000269
redistributing 0,562119 0,000277
redistribution 0,562119 0,000277
redress 1,714798 0,000846
reduced 0,371064 0,000183
reese 3,912023 0,001929
references 0,430783 0,000212
reflecting 0,755023 0,000372
reflection 0,356675 0,000176
refuge 0,446287 0,000220
refund 0,562119 0,000277
refusal 0,843970 0,000416
refuse 0,371064 0,000183
refused 0,235722 0,000116
refuses 1,272966 0,000628
regard 0,150823 0,000074
registered 0,430783 0,000212
regular 0,287682 0,000142
regulating 0,415515 0,000205
rehabilitation 2,995732 0,001477
reign 0,733969 0,000362
reiterated 1,560648 0,000770
relation 0,446287 0,000220
relations 0,287682 0,000142
release 0,210721 0,000104
released 0,616186 0,000304
relic 1,272966 0,000628
religion 0,446287 0,000220
remain 0,040822 0,000020
remained 0,116534 0,000057
remaining 0,094311 0,000047
remains 0,150823 0,000074
remarkable 0,235722 0,000116
remarked 0,415515 0,000205
remedies 0,415515 0,000205
remedy 0,693147 0,000342
remembered 0,162519 0,000080
remorse 0,755023 0,000372
remove 0,127833 0,000063
removed 0,061875 0,000031
renamed 0,562119 0,000277
render 0,371064 0,000183
repeal 2,302585 0,001135
repealed 2,659260 0,001311
repeated 0,127833 0,000063
replace 0,342490 0,000169
replacement 0,562119 0,000277
report 0,301105 0,000148
reported 0,162519 0,000080
reports 0,261365 0,000129
representations 0,356675 0,000176
reprinted 1,966113 0,000969
reproduce 1,514128 0,000747
republic 1,427116 0,000704
republican 1,609438 0,000794
repulsed 1,347074 0,000664
repulsive 1,049822 0,000518
reputation 0,385662 0,000190
reputed 1,514128 0,000747
request 0,127833 0,000063
requests 1,469676 0,000725
require 0,127833 0,000063
required 0,083382 0,000041
requirements 0,415515 0,000205
resent 1,427116 0,000704
resented 1,203973 0,000594
resenting 2,040221 0,001006
resentment 0,820981 0,000405
residence 0,713350 0,000352
resist 0,430783 0,000212
resisted 0,776529 0,000383
resolutions 1,309333 0,000646
respect 0,094311 0,000047
respectability 1,427116 0,000704
response 0,916291 0,000452
responsible 0,693147 0,000342
rest 0,010050 0,000005
restraining 1,427116 0,000704
restraint 0,733969 0,000362
restrictions 0,385662 0,000190
result 0,174353 0,000086
retained 0,527633 0,000260
return 0,040822 0,000020
returned 0,061875 0,000031
returns 0,235722 0,000116
reveal 0,616186 0,000304
revenue 0,371064 0,000183
revived 0,820981 0,000405
revolting 1,560648 0,000770
revolution 0,713350 0,000352
richard 1,021651 0,000504
ride 0,462035 0,000228
rifle 1,514128 0,000747
rifles 1,897120 0,000935
rights 2,813411 0,001387
riot 1,309333 0,000646
rise 0,040822 0,000020
risk 0,371064 0,000183
roads 0,597837 0,000295
robbed 0,733969 0,000362
robberies 2,207275 0,001088
robbers 1,078810 0,000532
robbery 1,078810 0,000532
rock 0,385662 0,000190
roll 0,415515 0,000205
rolling 0,415515 0,000205
rough 0,186330 0,000092
roving 1,469676 0,000725
royalties 0,527633 0,000260
royalty 0,385662 0,000190
ruffian 1,560648 0,000770
ruffians 1,832581 0,000904
ruined 0,371064 0,000183
rule 0,198451 0,000098
rules 0,150823 0,000074
rumor 1,897120 0,000935
rumored 2,407946 0,001187
rush 0,287682 0,000142
russell 2,407946 0,001187
sacrifice 0,328504 0,000162
saddled 1,771957 0,000874
safely 0,371064 0,000183
sagacity 1,139434 0,000562
sake 0,094311 0,000047
salt 0,116534 0,000057
sanction 1,309333 0,000646
sarah 2,040221 0,001006
sassy 3,506558 0,001729
sat 0,083382 0,000041
satisfied 0,105361 0,000052
saturday 0,843970 0,000416
savage 0,356675 0,000176
save 0,030459 0,000015
scattered 0,139262 0,000069
scene 0,198451 0,000098
science 0,446287 0,000220
scimitar 2,525729 0,001245
scoundrel 1,203973 0,000594
scoundrels 1,560648 0,000770
scrap 1,386294 0,000684
scream 0,693147 0,000342
screamed 0,733969 0,000362
screen 1,021651 0,000504
search 0,051293 0,000025
secret 0,061875 0,000031
secretly 0,597837 0,000295
secure 0,072571 0,000036
secured 0,494296 0,000244
seduce 1,714798 0,000846
seeking 0,274437 0,000135
seldom 0,301105 0,000148
selected 0,634878 0,000313
send 0,030459 0,000015
sending 0,083382 0,000041
sensation 0,462035 0,000228
sensibility 1,427116 0,000704
sentence 0,127833 0,000063
sentiment 0,478036 0,000236
separate 0,248461 0,000123
servant 0,186330 0,000092
serve 0,174353 0,000086
served 0,186330 0,000092
service 0,072571 0,000036
servile 1,309333 0,000646
set 0,010050 0,000005
sets 0,385662 0,000190
settled 0,127833 0,000063
seventeen 0,693147 0,000342
severe 0,342490 0,000169
shadow 0,223144 0,000110
shame 0,223144 0,000110
share 0,040822 0,000020
shared 0,139262 0,000069
sharing 0,248461 0,000123
shears 2,207275 0,001088
sheriff 2,120264 0,001045
sheriffs 2,995732 0,001477
shield 0,733969 0,000362
shielding 2,659260 0,001311
shockingly 2,659260 0,001311
shoot 0,494296 0,000244
shooting 0,634878 0,000313
short 0,020203 0,000010
shot 0,223144 0,000110
showered 1,714798 0,000846
signed 0,843970 0,000416
silenced 1,049822 0,000518
silencing 2,407946 0,001187
silent 0,051293 0,000025
silver 0,210721 0,000104
similarity 1,427116 0,000704
simply 0,150823 0,000074
singles 2,995732 0,001477
singularly 0,843970 0,000416
sinned 1,347074 0,000664
sinning 1,832581 0,000904
sisters 0,527633 0,000260
situation 0,198451 0,000098
slandering 2,995732 0,001477
slave 0,494296 0,000244
slavery 0,798508 0,000394
slaves 0,634878 0,000313
slight 0,150823 0,000074
slogan 3,218876 0,001587
smiles 0,693147 0,000342
smith 0,891598 0,000440
smoking 0,462035 0,000228
social 0,371064 0,000183
society 0,210721 0,000104
sold 0,385662 0,000190
solicit 0,430783 0,000212
solicitation 0,510826 0,000252
solid 0,274437 0,000135
solve 0,653926 0,000322
solved 0,867501 0,000428
sort 0,105361 0,000052
sought 0,150823 0,000074
soul 0,105361 0,000052
sounded 0,371064 0,000183
source 0,328504 0,000162
south 0,235722 0,000116
southern 0,579818 0,000286
spare 0,210721 0,000104
speak 0,051293 0,000025
special 0,083382 0,000041
specific 0,820981 0,000405
specimens 0,941609 0,000464
spectacle 0,544727 0,000269
speech 0,198451 0,000098
speeches 0,867501 0,000428
speedy 0,941609 0,000464
spelling 1,237874 0,000610
spending 0,597837 0,000295
spirit 0,051293 0,000025
spite 0,139262 0,000069
spoken 0,150823 0,000074
spread 0,061875 0,000031
spreading 0,446287 0,000220
spring 0,083382 0,000041
staff 0,274437 0,000135
stagnation 2,120264 0,001045
stain 0,994252 0,000490
stained 0,653926 0,000322
stake 0,693147 0,000342
stalks 1,609438 0,000794
stamp 0,693147 0,000342
stamped 0,693147 0,000342
stamps 2,525729 0,001245
stanchions 3,218876 0,001587
stand 0,000000 0,000000
standing 0,030459 0,000015
start -0,009950 -0,000005
statement 0,544727 0,000269
statements 0,430783 0,000212
statistics 1,966113 0,000969
status 0,446287 0,000220
statute 1,714798 0,000846
stay 0,083382 0,000041
staying 0,653926 0,000322
step 0,083382 0,000041
stifled 1,272966 0,000628
stifling 1,469676 0,000725
stimulate 1,966113 0,000969
stirring 0,510826 0,000252
stole 0,494296 0,000244
store 0,385662 0,000190
stored 0,342490 0,000169
stories 0,328504 0,000162
story 0,051293 0,000025
strange 0,061875 0,000031
strangers 0,356675 0,000176
strangulation 3,218876 0,001587
street 0,198451 0,000098
streets 0,274437 0,000135
strength 0,030459 0,000015
strict 0,210721 0,000104
strife 1,021651 0,000504
strong 0,030459 0,000015
stumping 2,995732 0,001477
subdue 1,171183 0,000578
subject 0,072571 0,000036
subjection 1,272966 0,000628
subjugation 2,525729 0,001245
submission 0,776529 0,000383
subordination 2,525729 0,001245
subscribe 0,494296 0,000244
subsequently 1,469676 0,000725
substantiate 3,218876 0,001587
substantiated 2,813411 0,001387
substituting 1,897120 0,000935
suburb 1,469676 0,000725
subvert 2,813411 0,001387
succession 0,510826 0,000252
succumbs 3,506558 0,001729
sudden 0,072571 0,000036
suffer 0,127833 0,000063
sufficient 0,139262 0,000069
suggestion 0,510826 0,000252
suit 0,261365 0,000129
suitor 1,514128 0,000747
suits 0,776529 0,000383
sun 0,072571 0,000036
superintendent 1,771957 0,000874
superior 0,274437 0,000135
support 0,127833 0,000063
supported 0,415515 0,000205
supposition 0,820981 0,000405
suppressed 0,673345 0,000332
surgical 1,832581 0,000904
survive 0,274437 0,000135
suspect 0,342490 0,000169
suspended 0,634878 0,000313
suspension 1,966113 0,000969
sustains 1,897120 0,000935
suzanne 3,912023 0,001929
swamp 0,342490 0,000169
sweethearting 3,912023 0,001929
swift 0,415515 0,000205
swore 0,634878 0,000313
sworn 0,673345 0,000332
swung 0,733969 0,000362
sympathy 0,328504 0,000162
synonymous 0,446287 0,000220
tacit 1,560648 0,000770
tailor 1,386294 0,000684
tax 0,328504 0,000162
taxes 0,385662 0,000190
taxpayers 3,912023 0,001929
teach 0,248461 0,000123
teachers 0,776529 0,000383
teaches 1,203973 0,000594
team 1,139434 0,000562
telegrams 2,120264 0,001045
tenants 1,469676 0,000725
tender 0,314711 0,000155
tennessee 2,813411 0,001387
terms 0,061875 0,000031
territories 1,966113 0,000969
territory 1,272966 0,000628
terror 0,198451 0,000098
testify 1,347074 0,000664
testimony 0,579818 0,000286
therefor 2,813411 0,001387
thickly 1,108663 0,000547
thinly 2,120264 0,001045
thirstiness 3,912023 0,001929
thirteen 0,579818 0,000286
thoughtful 0,693147 0,000342
thrashed 1,714798 0,000846
thread 0,430783 0,000212
threatened 0,415515 0,000205
threatening 0,544727 0,000269
threats 0,994252 0,000490
thrifty 2,040221 0,001006
thrown 0,116534 0,000057
tie 0,510826 0,000252
tillman 3,912023 0,001929
time -0,009950 -0,000005
times 0,010050 0,000005
title 0,116534 0,000057
tolerate 1,427116 0,000704
tolerated 1,469676 0,000725
torn 0,248461 0,000123
tough 0,994252 0,000490
toughs 3,506558 0,001729
town 0,105361 0,000052
towns 0,527633 0,000260
traced 0,820981 0,000405
trademark 0,562119 0,000277
traditional 1,514128 0,000747
transcribe 0,494296 0,000244
transcriber 1,832581 0,000904
transcription 0,527633 0,000260
travel 0,356675 0,000176
treasurer 1,966113 0,000969
treatment 0,127833 0,000063
tree 0,235722 0,000116
tremendous 0,693147 0,000342
trial 0,314711 0,000155
tribune 2,040221 0,001006
trouble 0,051293 0,000025
true 0,020203 0,000010
trust 0,116534 0,000057
truth 0,030459 0,000015
types 0,385662 0,000190
ugliest 2,207275 0,001088
unabated 2,040221 0,001006
uncontradicted 3,218876 0,001587
understand 0,030459 0,000015
underwood 2,407946 0,001187
undisturbed 1,049822 0,000518
unenforceability 0,562119 0,000277
unfortunate 0,314711 0,000155
unheard 0,994252 0,000490
uniform 0,210721 0,000104
union 0,510826 0,000252
united 0,094311 0,000047
unknown 0,105361 0,000052
unlink 0,562119 0,000277
unmistakably 1,832581 0,000904
unprecedented 1,771957 0,000874
unprotected 0,673345 0,000332
unquestioned 2,659260 0,001311
unreliable 2,302585 0,001135
unselfish 1,609438 0,000794
unsolicited 0,510826 0,000252
untruthful 3,218876 0,001587
unvarnished 3,218876 0,001587
unwritten 1,966113 0,000969
updated 0,510826 0,000252
uplifted 1,560648 0,000770
urge 0,967584 0,000477
urged 0,356675 0,000176
user 0,562119 0,000277
ut 0,510826 0,000252
utter 0,248461 0,000123
utterance 0,941609 0,000464
utterances 2,207275 0,001088
utters 1,897120 0,000935
vacation 1,386294 0,000684
vanilla 0,544727 0,000269
variety 0,162519 0,000080
vehemently 1,386294 0,000684
vengeance 0,579818 0,000286
verification 2,207275 0,001088
verify 1,832581 0,000904
version 0,385662 0,000190
vicinity 1,078810 0,000532
victim 0,462035 0,000228
victims 0,916291 0,000452
viewed 0,261365 0,000129
viewing 0,415515 0,000205
vilest 1,660731 0,000819
vindicate 2,040221 0,001006
violates 0,527633 0,000260
violation 1,609438 0,000794
violence 0,248461 0,000123
violent 0,223144 0,000110
virtue 0,328504 0,000162
virus 0,527633 0,000260
visit 0,061875 0,000031
visited 0,328504 0,000162
vital 0,693147 0,000342
voice 0,020203 0,000010
void 0,274437 0,000135
volume 0,494296 0,000244
volunteer 0,478036 0,000236
volunteers 0,430783 0,000212
waited 0,198451 0,000098
waiting 0,083382 0,000041
walking 0,083382 0,000041
walks 0,162519 0,000080
wandered 0,494296 0,000244
war 0,162519 0,000080
warning 0,248461 0,000123
warped 1,897120 0,000935
warrant 0,713350 0,000352
warranties 0,562119 0,000277
warranty 0,544727 0,000269
watched 0,210721 0,000104
watching 0,210721 0,000104
weak 0,116534 0,000057
weakness 0,261365 0,000129
wealth 0,287682 0,000142
wealthiest 1,832581 0,000904
wednesday 1,139434 0,000562
week 0,235722 0,000116
weeklies 3,506558 0,001729
weeks 0,248461 0,000123
weighed 0,430783 0,000212
west 0,083382 0,000041
western 0,616186 0,000304
whatsoever 0,287682 0,000142
white 0,051293 0,000025
whites 1,469676 0,000725
wholesale 1,771957 0,000874
wholesome 0,867501 0,000428
wide 0,061875 0,000031
widest 0,446287 0,000220
widow 0,579818 0,000286
wife 0,094311 0,000047
wild 0,051293 0,000025
william 0,798508 0,000394
winchester 2,302585 0,001135
wings 0,430783 0,000212
winter 0,198451 0,000098
withdrawn 0,616186 0,000304
withhold 1,832581 0,000904
wives 0,400478 0,000197
woman 0,061875 0,000031
women 0,094311 0,000047
wonderful 0,162519 0,000080
woods 0,430783 0,000212
word 0,020203 0,000010
wording 2,525729 0,001245
worse 0,083382 0,000041
worst 0,186330 0,000092
worthy 0,186330 0,000092
wounded 0,274437 0,000135
wounding 1,609438 0,000794
wrath 0,634878 0,000313
wreak 2,302585 0,001135
wretch 0,733969 0,000362
writer 0,415515 0,000205
writing 0,061875 0,000031
written 0,051293 0,000025
wrongs 1,078810 0,000532
yard 0,430783 0,000212
yield 0,342490 0,000169
yielding 0,653926 0,000322
yields 1,469676 0,000725
york 0,916291 0,000452
zeal 0,579818 0,000286
