aboard 1,237874 0,003232
absolutely 0,287682 0,000751
accepted 0,139262 0,000364
activity 0,446287 0,001165
addition 0,116534 0,000304
age 0,051293 0,000134
ages 0,261365 0,000682
agreed 0,116534 0,000304
aiming 1,309333 0,003419
air 0,061875 0,000162
amused 0,562119 0,001468
amusement 0,544727 0,001422
analog 3,912023 0,010214
annoying 1,469676 0,003837
answered 0,072571 0,000189
anticipated 0,755023 0,001971
apologized 2,040221 0,005327
apparatus 1,347074 0,003517
arrangement 0,462035 0,001206
astonishment 0,301105 0,000786
atomic 2,995732 0,007822
attack 0,301105 0,000786
attacking 1,203973 0,003144
attempt 0,083382 0,000218
awed 1,560648 0,004075
awkward 0,544727 0,001422
awkwardly 1,272966 0,003324
bad 0,051293 0,000134
barely 0,798508 0,002085
base 0,301105 0,000786
beasts 0,430783 0,001125
birth 0,301105 0,000786
bit 0,174353 0,000455
biting 0,713350 0,001863
blasted 1,347074 0,003517
bleakness 2,995732 0,007822
blow 0,139262 0,000364
blown 0,579818 0,001514
boast 0,430783 0,001125
boasting 1,108663 0,002895
born 0,105361 0,000275
bound 0,030459 0,000080
brag 1,832581 0,004785
breaking 0,210721 0,000550
built 0,150823 0,000394
bulk 0,843970 0,002204
busily 1,021651 0,002667
camps 1,660731 0,004336
captain 0,371064 0,000969
car 0,994252 0,002596
carelessness 1,021651 0,002667
cargo 1,272966 0,003324
carpeted 1,714798 0,004477
carrying 0,083382 0,000218
cast 0,116534 0,000304
catastrophic 3,506558 0,009156
ceiling 0,527633 0,001378
chance 0,083382 0,000218
change 0,010050 0,000026
cheering 1,609438 0,004202
chilling 1,832581 0,004785
circled 1,514128 0,003953
circles 0,733969 0,001916
circling 1,203973 0,003144
clawing 2,207275 0,005763
climbed 0,673345 0,001758
closed 0,116534 0,000304
clumsily 1,714798 0,004477
colonies 1,469676 0,003837
colonize 2,995732 0,007822
commander 0,967584 0,002526
conditioning 3,218876 0,008404
continued 0,072571 0,000189
controlled 1,171183 0,003058
controls 2,207275 0,005763
copyright 0,415515 0,001085
corridor 1,203973 0,003144
corridors 1,609438 0,004202
cowards 1,386294 0,003620
crater 2,407946 0,006287
creatures 0,235722 0,000615
crew 0,755023 0,001971
cross 0,139262 0,000364
crossed 0,301105 0,000786
crowd 0,198451 0,000518
crowing 2,120264 0,005536
cup 0,385662 0,001007
cups 0,820981 0,002144
cut 0,040822 0,000107
dar 2,525729 0,006595
day 0,000000 0,000000
demanded 0,400478 0,001046
despair 0,198451 0,000518
devil 0,356675 0,000931
direction 0,083382 0,000218
disastrous 1,108663 0,002895
dismantling 2,995732 0,007822
dispensed 1,427116 0,003726
divided 0,210721 0,000550
dome 1,427116 0,003726
donald 3,218876 0,008404
door 0,040822 0,000107
douglas 2,302585 0,006012
drained 1,514128 0,003953
drive 0,186330 0,000487
driver 0,867501 0,002265
earth 0,051293 0,000134
eased 1,469676 0,003837
easy 0,040822 0,000107
echoed 0,798508 0,002085
encased 2,407946 0,006287
enemy 0,174353 0,000455
entered 0,051293 0,000134
entire 0,274437 0,000717
entrance 0,210721 0,000550
equipment 0,430783 0,001125
evidence 0,261365 0,000682
exclaimed 0,494296 0,001291
extended 0,446287 0,001165
extending 0,820981 0,002144
extensive 0,798508 0,002085
eyes 0,010050 0,000026
fall 0,020203 0,000053
fiction 0,891598 0,002328
finally 0,150823 0,000394
fine 0,072571 0,000189
flashed 0,693147 0,001810
fledgling 3,218876 0,008404
floors 1,309333 0,003419
fluttered 0,967584 0,002526
forget 0,072571 0,000189
formalities 1,660731 0,004336
frame 0,235722 0,000615
frankly 0,798508 0,002085
frantically 1,386294 0,003620
friend 0,040822 0,000107
fright 0,653926 0,001707
furnishings 2,659260 0,006943
galaxy 2,995732 0,007822
gesture 0,634878 0,001658
gloomily 1,386294 0,003620
gratefully 0,415515 0,001085
gravity 0,713350 0,001863
greeting 0,798508 0,002085
ground 0,030459 0,000080
guided 0,462035 0,001206
habits 0,356675 0,000931
happen 0,150823 0,000394
happened 0,094311 0,000246
happy 0,072571 0,000189
hastily 0,462035 0,001206
hate 0,274437 0,000717
heavily 0,400478 0,001046
hectic 1,966113 0,005133
helmet 1,427116 0,003726
hint 0,462035 0,001206
history 0,186330 0,000487
hit 0,356675 0,000931
hope 0,010050 0,000026
hopeful 0,916291 0,002392
hopelessly 1,078810 0,002817
horror 0,248461 0,000649
hot 0,116534 0,000304
housing 2,040221 0,005327
illustrated 1,021651 0,002667
imagine 0,139262 0,000364
impending 1,171183 0,003058
indefinitely 1,469676 0,003837
indication 1,171183 0,003058
intact 1,609438 0,004202
interfere 0,544727 0,001422
invariably 0,798508 0,002085
irritation 1,171183 0,003058
jerked 1,237874 0,003232
job 0,673345 0,001758
jokes 1,078810 0,002817
kill 0,127833 0,000334
killing 0,597837 0,001561
kills 1,139434 0,002975
launch 1,427116 0,003726
laws 0,083382 0,000218
leave 0,000000 0,000000
led 0,040822 0,000107
left 0,000000 0,000000
life -0,009950 -0,000026
light 0,010050 0,000026
limp 1,309333 0,003419
livable 3,506558 0,009156
living 0,020203 0,000053
lock 0,385662 0,001007
lose 0,094311 0,000246
lots 0,733969 0,001916
lumbered 2,995732 0,007822
mad 0,261365 0,000682
mail 0,891598 0,002328
main 0,127833 0,000334
malfunctions 3,912023 0,010214
manned 1,771957 0,004627
matter 0,010050 0,000026
meet 0,010050 0,000026
melted 0,713350 0,001863
military 0,616186 0,001609
mind 0,020203 0,000053
minute 0,235722 0,000615
moment 0,010050 0,000026
moon 0,287682 0,000751
morale 2,995732 0,007822
motion 0,328504 0,000858
motioned 1,139434 0,002975
nasty 1,171183 0,003058
nearby 2,659260 0,006943
negation 2,302585 0,006012
nerves 0,544727 0,001422
nice 0,400478 0,001046
nodded 0,634878 0,001658
noticed 0,328504 0,000858
occasional 0,510826 0,001334
orderly 0,941609 0,002459
original 0,105361 0,000275
originally 0,673345 0,001758
outdo 2,813411 0,007346
outer 0,510826 0,001334
overstated 3,506558 0,009156
painted 0,356675 0,000931
panels 1,386294 0,003620
people 0,010050 0,000026
perch 1,347074 0,003517
periphery 3,506558 0,009156
picked 0,400478 0,001046
picture 0,248461 0,000649
pictures 0,415515 0,001085
piece 0,072571 0,000189
pieces 0,139262 0,000364
planet 1,272966 0,003324
planets 1,427116 0,003726
planning 1,021651 0,002667
plate 0,527633 0,001378
practically 0,235722 0,000615
practice 0,162519 0,000424
presence 0,094311 0,000246
pretty 0,150823 0,000394
proceeding 0,510826 0,001334
prodding 3,506558 0,009156
produced 0,105361 0,000275
project -0,009950 -0,000026
proper 0,061875 0,000162
publication 1,171183 0,003058
pumps 1,832581 0,004785
quarters 0,248461 0,000649
radiation 2,995732 0,007822
raised 0,061875 0,000162
ramp 2,995732 0,007822
rate 0,274437 0,000717
reaching 0,083382 0,000218
ready 0,030459 0,000080
red 0,072571 0,000189
relief 0,198451 0,000518
remote 0,544727 0,001422
removed 0,061875 0,000162
renewed 0,510826 0,001334
replacements 3,912023 0,010214
repressed 1,427116 0,003726
result 0,174353 0,000455
returned 0,061875 0,000162
returning 0,127833 0,000334
ripple 1,560648 0,004075
rippled 1,966113 0,005133
rock 0,385662 0,001007
rocky 1,049822 0,002741
rubbish 1,108663 0,002895
rush 0,287682 0,000751
salute 0,967584 0,002526
sat 0,083382 0,000218
satellite 2,659260 0,006943
satisfied 0,105361 0,000275
science 0,446287 0,001165
scrabbling 3,218876 0,008404
searching 0,415515 0,001085
seat 0,105361 0,000275
seated 0,223144 0,000583
secrecy 0,820981 0,002144
sending 0,083382 0,000218
sensibilities 2,302585 0,006012
september 0,673345 0,001758
serve 0,174353 0,000455
settled 0,127833 0,000334
ship 0,314711 0,000822
shocked 0,776529 0,002027
shook 0,235722 0,000615
shooting 0,634878 0,001658
short 0,020203 0,000053
shout 0,634878 0,001658
sign 0,139262 0,000364
simple 0,094311 0,000246
simply 0,150823 0,000394
sit 0,061875 0,000162
sixth 0,446287 0,001165
slight 0,150823 0,000394
slightest 0,415515 0,001085
sloppily 3,912023 0,010214
sloppy 2,813411 0,007346
slowly 0,150823 0,000394
smoothly 1,021651 0,002667
snapped 0,891598 0,002328
sorts 0,356675 0,000931
space 0,116534 0,000304
spaceship 3,912023 0,010214
spacesuit 3,912023 0,010214
spacesuits 3,912023 0,010214
speaking 0,072571 0,000189
spectacular 2,813411 0,007346
speed 0,328504 0,000858
spotted 0,994252 0,002596
squabbles 3,218876 0,008404
staff 0,274437 0,000717
stage 0,223144 0,000583
start -0,009950 -0,000026
started 0,150823 0,000394
startled 0,415515 0,001085
steaming 1,203973 0,003144
steered 1,560648 0,004075
stood 0,030459 0,000080
stretched 0,274437 0,000717
studying 0,653926 0,001707
stuff 0,385662 0,001007
subject 0,072571 0,000189
suit 0,261365 0,000682
suitable 0,462035 0,001206
supplies 0,891598 0,002328
suppose 0,072571 0,000189
surprise 0,174353 0,000455
surprised 0,210721 0,000550
suspect 0,342490 0,000894
sympathetic 1,021651 0,002667
sympathetically 1,897120 0,004953
talking 0,150823 0,000394
tentacle 3,506558 0,009156
tentacles 3,218876 0,008404
terrible 0,186330 0,000487
thankfully 2,040221 0,005327
theory 0,478036 0,001248
thirst 0,527633 0,001378
thoughtfully 0,994252 0,002596
time -0,009950 -0,000026
toll 1,660731 0,004336
touched 0,139262 0,000364
transferred 0,994252 0,002596
trick 0,510826 0,001334
trip 0,713350 0,001863
truck 1,609438 0,004202
unbelievable 2,659260 0,006943
uncover 2,040221 0,005327
underground 1,309333 0,003419
uneven 1,427116 0,003726
united 0,094311 0,000246
universe 0,733969 0,001916
unloading 2,120264 0,005536
unused 1,966113 0,005133
upset 0,776529 0,002027
vicious 0,653926 0,001707
vivid 0,776529 0,002027
vulture 1,897120 0,004953
vultures 1,771957 0,004627
wait 0,094311 0,000246
waited 0,198451 0,000518
waiting 0,083382 0,000218
walked 0,210721 0,000550
walking 0,083382 0,000218
wall 0,198451 0,000518
walls 0,139262 0,000364
wan 1,427116 0,003726
war 0,162519 0,000424
waste 0,186330 0,000487
watched 0,210721 0,000550
waved 0,755023 0,001971
weary 0,198451 0,000518
whipped 1,078810 0,002817
wit 0,328504 0,000858
workmen 0,916291 0,002392
worry 0,820981 0,002144
worst 0,186330 0,000487
worth 0,061875 0,000162
wrong 0,083382 0,000218
