abide 0,287682 0,000146
absence 0,274437 0,000139
absurd 0,430783 0,000218
acceptance 0,967584 0,000489
accident 0,371064 0,000188
accidentally 0,820981 0,000415
account 0,010050 0,000005
accounting 1,832581 0,000927
accounts 0,597837 0,000302
accusation 1,049822 0,000531
accustomed 0,287682 0,000146
ache 1,309333 0,000662
ada 3,912023 0,001979
adding 0,510826 0,000258
addressed 0,274437 0,000139
addressing 0,579818 0,000293
adjourn 2,995732 0,001515
adoption 1,771957 0,000896
advance 0,223144 0,000113
advantage 0,139262 0,000070
adventures 0,562119 0,000284
advice 0,186330 0,000094
advisable 1,309333 0,000662
advise 0,462035 0,000234
affair 0,301105 0,000152
affectionately 1,237874 0,000626
afford 0,301105 0,000152
afore 1,609438 0,000814
afraid 0,105361 0,000053
age 0,051293 0,000026
agony 0,544727 0,000276
agree 0,116534 0,000059
ahem 2,525729 0,001278
air 0,061875 0,000031
airs 1,078810 0,000546
alarm 0,356675 0,000180
alarmed 0,478036 0,000242
alas 0,462035 0,000234
alice 2,207275 0,001116
alive 0,051293 0,000026
aloud 0,301105 0,000152
altered 0,510826 0,000258
alternately 1,021651 0,000517
altogether 0,198451 0,000100
ambition 0,597837 0,000302
ancient 0,198451 0,000100
anger 0,328504 0,000166
angrily 0,867501 0,000439
angry 0,174353 0,000088
animal 0,261365 0,000132
animals 0,494296 0,000250
ann 2,302585 0,001165
annoy 1,309333 0,000662
annoyed 0,733969 0,000371
answer 0,040822 0,000021
answered 0,072571 0,000037
answers 0,415515 0,000210
antipathies 2,659260 0,001345
anxious 0,261365 0,000132
anxiously 0,693147 0,000351
appealed 1,021651 0,000517
appearance 0,083382 0,000042
applause 0,967584 0,000489
apple 0,616186 0,000312
apples 0,916291 0,000463
arch 0,820981 0,000415
archbishop 1,609438 0,000814
arches 1,427116 0,000722
argue 0,597837 0,000302
argued 0,798508 0,000404
argument 0,371064 0,000188
arguments 0,562119 0,000284
arithmetic 1,203973 0,000609
arm 0,094311 0,000048
arms 0,051293 0,000026
arranged 0,328504 0,000166
arrived 0,150823 0,000076
arrow 0,653926 0,000331
ashamed 0,248461 0,000126
askance 1,660731 0,000840
asleep 0,162519 0,000082
assembled 0,510826 0,000258
ate 0,415515 0,000210
atheling 3,912023 0,001979
atom 1,771957 0,000896
attempt 0,083382 0,000042
attempted 0,356675 0,000180
attempts 0,478036 0,000242
attended 0,342490 0,000173
attending 0,713350 0,000361
attends 1,560648 0,000789
audibly 1,560648 0,000789
australia 2,040221 0,001032
authority 0,261365 0,000132
avoid 0,174353 0,000088
axes 1,469676 0,000743
axis 2,525729 0,001278
baby 0,673345 0,000341
bad 0,051293 0,000026
bag 0,544727 0,000276
baked 1,237874 0,000626
balanced 1,021651 0,000517
balls 0,798508 0,000404
bank 0,261365 0,000132
banks 0,494296 0,000250
banquet 1,272966 0,000644
bark 0,597837 0,000302
barking 1,237874 0,000626
barley 1,609438 0,000814
barrowful 3,912023 0,001979
bat 1,469676 0,000743
bathing 1,272966 0,000644
bats 1,897120 0,000960
bawled 2,120264 0,001072
beak 1,427116 0,000722
bear 0,061875 0,000031
beast 0,342490 0,000173
beasts 0,430783 0,000218
beat 0,186330 0,000094
beating 0,314711 0,000159
beau 1,771957 0,000896
beauti 3,912023 0,001979
beautiful 0,083382 0,000042
beautifully 0,867501 0,000439
beautify 2,302585 0,001165
bed 0,051293 0,000026
beds 0,430783 0,000218
bee 1,078810 0,000546
beg 0,210721 0,000107
begged 0,462035 0,000234
behead 3,506558 0,001774
beheaded 1,897120 0,000960
beheading 2,995732 0,001515
bells 0,597837 0,000302
belong 0,235722 0,000119
belongs 0,415515 0,000210
beloved 0,415515 0,000210
belt 0,713350 0,000361
bend 0,510826 0,000258
bent 0,174353 0,000088
bird 0,235722 0,000119
birds 0,301105 0,000152
birthday 1,108663 0,000561
bit 0,174353 0,000088
bite 0,798508 0,000404
bitter 0,235722 0,000119
blacking 2,659260 0,001345
blades 1,347074 0,000681
blame 0,174353 0,000088
blasts 1,609438 0,000814
bleeds 1,966113 0,000994
blew 0,494296 0,000250
blow 0,139262 0,000070
blown 0,579818 0,000293
blows 0,371064 0,000188
blue 0,174353 0,000088
body 0,030459 0,000015
boldly 0,462035 0,000234
bone 0,527633 0,000267
bones 0,235722 0,000119
book 0,061875 0,000031
books 0,139262 0,000070
boon 1,560648 0,000789
boots 0,510826 0,000258
bore 0,150823 0,000076
bother 0,916291 0,000463
bottle 0,562119 0,000284
bough 1,203973 0,000609
bound 0,030459 0,000015
bowed 0,371064 0,000188
bowing 0,994252 0,000503
box 0,248461 0,000126
boxed 1,771957 0,000896
boy 0,139262 0,000070
brain 0,356675 0,000180
branch 0,385662 0,000195
branches 0,371064 0,000188
brandy 0,941609 0,000476
brass 0,478036 0,000242
brave 0,415515 0,000210
bread 0,248461 0,000126
break 0,083382 0,000042
breath 0,174353 0,000088
breathe 0,478036 0,000242
breeze 0,713350 0,000361
bright 0,116534 0,000059
brightened 0,967584 0,000489
bring 0,010050 0,000005
bringing 0,105361 0,000053
bristling 1,237874 0,000626
broke 0,116534 0,000059
broken 0,061875 0,000031
brother 0,127833 0,000065
brought 0,010050 0,000005
brown 0,274437 0,000139
brush 0,755023 0,000382
brushing 1,386294 0,000701
burn 0,400478 0,000203
burning 0,150823 0,000076
burnt 0,415515 0,000210
burst 0,287682 0,000146
bursting 0,713350 0,000361
busily 1,021651 0,000517
business 0,040822 0,000021
busy 0,223144 0,000113
butter 0,820981 0,000415
buttercup 3,218876 0,001628
buttered 2,659260 0,001345
butterfly 1,427116 0,000722
buttons 1,108663 0,000561
bye 0,776529 0,000393
cackled 2,659260 0,001345
cake 0,941609 0,000476
cakes 1,237874 0,000626
calmly 0,510826 0,000258
camomile 3,218876 0,001628
canary 1,660731 0,000840
candle 0,544727 0,000276
canterbury 2,659260 0,001345
canvas 0,916291 0,000463
capering 2,407946 0,001218
capital 0,328504 0,000166
cardboard 2,120264 0,001072
cards 0,634878 0,000321
care 0,000000 0,000000
carefully 0,139262 0,000070
cares 0,634878 0,000321
carried 0,030459 0,000015
carrier 1,560648 0,000789
carroll 3,218876 0,001628
carry 0,030459 0,000015
carrying 0,083382 0,000042
cart 0,755023 0,000382
cartwheels 3,506558 0,001774
cat 0,562119 0,000284
catch 0,210721 0,000107
catching 0,562119 0,000284
caterpillar 2,659260 0,001345
cats 1,108663 0,000561
cattle 0,544727 0,000276
caucus 3,506558 0,001774
caught 0,162519 0,000082
cauldron 2,120264 0,001072
cautiously 0,867501 0,000439
ceiling 0,527633 0,000267
centre 0,462035 0,000234
chain 0,415515 0,000210
chains 0,562119 0,000284
chair 0,274437 0,000139
chance 0,083382 0,000042
chanced 0,843970 0,000427
change 0,010050 0,000005
changed 0,051293 0,000026
changing 0,248461 0,000126
chapter 0,342490 0,000173
character 0,061875 0,000031
charges 0,223144 0,000113
cheap 0,673345 0,000341
cheated 1,347074 0,000681
checked 0,579818 0,000293
cheeks 0,415515 0,000210
cheered 0,994252 0,000503
cheerfully 0,820981 0,000415
cherry 1,660731 0,000840
cheshire 3,218876 0,001628
chief 0,094311 0,000048
child 0,072571 0,000037
childhood 0,527633 0,000267
children 0,072571 0,000037
chimney 0,798508 0,000404
chimneys 1,309333 0,000662
chin 0,478036 0,000242
choice 0,150823 0,000076
choke 1,427116 0,000722
choked 0,755023 0,000382
choking 0,941609 0,000476
choosing 0,867501 0,000439
chop 1,514128 0,000766
chorus 1,021651 0,000517
chose 0,301105 0,000152
christmas 0,891598 0,000451
chrysalis 2,995732 0,001515
chuckled 1,237874 0,000626
circle 0,223144 0,000113
circumstances 0,162519 0,000082
civil 0,544727 0,000276
clamour 1,771957 0,000896
clapping 1,108663 0,000561
clasped 0,843970 0,000427
classics 1,966113 0,000994
claws 1,078810 0,000546
clean 0,248461 0,000126
clever 0,400478 0,000203
climb 0,693147 0,000351
clinging 0,867501 0,000439
clock 0,527633 0,000267
close 0,051293 0,000026
closed 0,116534 0,000059
closely 0,223144 0,000113
closer 0,385662 0,000195
clubs 1,272966 0,000644
coast 0,544727 0,000276
coaxing 1,832581 0,000927
coils 1,897120 0,000960
cold 0,040822 0,000021
collar 0,713350 0,000361
collected 0,415515 0,000210
comfits 3,506558 0,001774
comfort 0,150823 0,000076
comfortable 0,261365 0,000132
comfortably 0,693147 0,000351
common 0,072571 0,000037
commotion 1,078810 0,000546
company 0,020203 0,000010
complained 0,562119 0,000284
complaining 0,891598 0,000451
completely 0,274437 0,000139
concert 1,139434 0,000576
concluded 0,356675 0,000180
conclusion 0,235722 0,000119
condemn 0,867501 0,000439
conduct 0,198451 0,000100
confused 0,248461 0,000126
confusing 1,966113 0,000994
confusion 0,301105 0,000152
conger 3,506558 0,001774
conqueror 1,108663 0,000561
conquest 0,967584 0,000489
consented 0,562119 0,000284
constant 0,051293 0,000026
consultation 0,994252 0,000503
contempt 0,446287 0,000226
contemptuous 1,049822 0,000531
contemptuously 1,237874 0,000626
content 0,186330 0,000094
contents 0,094311 0,000048
continued 0,072571 0,000037
contradicted 1,309333 0,000662
conversation 0,186330 0,000094
conversations 0,891598 0,000451
cook 0,430783 0,000218
cool 0,314711 0,000159
corner 0,127833 0,000065
corners 0,430783 0,000218
cost 0,105361 0,000053
counting 0,693147 0,000351
country 0,010050 0,000005
couple 0,287682 0,000146
couples 1,714798 0,000867
courage 0,150823 0,000076
court 0,127833 0,000065
courtiers 2,040221 0,001032
coward 0,994252 0,000503
crab 1,832581 0,000927
crash 0,776529 0,000393
crashed 2,040221 0,001032
crawled 0,891598 0,000451
crawling 0,941609 0,000476
crazy 0,916291 0,000463
creature 0,174353 0,000088
creatures 0,235722 0,000119
creep 0,820981 0,000415
crept 0,494296 0,000250
crimson 0,941609 0,000476
crocodile 2,302585 0,001165
croquet 2,813411 0,001423
croqueted 3,912023 0,001979
croqueting 3,506558 0,001774
cross 0,139262 0,000070
crossed 0,301105 0,000152
crossly 2,302585 0,001165
crouched 1,203973 0,000609
crowd 0,198451 0,000100
crowded 0,301105 0,000152
crown 0,314711 0,000159
crumbs 1,771957 0,000896
crust 1,309333 0,000662
cucumber 2,302585 0,001165
cunning 0,462035 0,000234
cup 0,385662 0,000195
cupboards 2,207275 0,001116
cur 1,514128 0,000766
curiosity 0,223144 0,000113
curious 0,261365 0,000132
curiouser 3,912023 0,001979
curled 0,941609 0,000476
curls 1,139434 0,000576
curly 1,171183 0,000592
currants 2,525729 0,001278
curtain 0,616186 0,000312
curtsey 2,813411 0,001423
curtseying 2,813411 0,001423
curving 1,897120 0,000960
cushion 1,347074 0,000681
custard 3,218876 0,001628
custody 1,560648 0,000789
cut 0,040822 0,000021
cutting 0,415515 0,000210
dainties 1,832581 0,000927
daisies 1,897120 0,000960
daisy 2,659260 0,001345
dance 0,356675 0,000180
dancing 0,371064 0,000188
daresay 1,714798 0,000867
dark 0,051293 0,000026
darkness 0,186330 0,000094
daughter 0,261365 0,000132
day 0,000000 0,000000
days 0,020203 0,000010
dead 0,072571 0,000037
deal 0,105361 0,000053
death 0,020203 0,000010
decided 0,186330 0,000094
decidedly 0,867501 0,000439
declare 0,342490 0,000173
declared 0,210721 0,000107
deep 0,051293 0,000026
deepest 0,673345 0,000341
deeply 0,261365 0,000132
delay 0,287682 0,000146
delight 0,162519 0,000082
delighted 0,287682 0,000146
delightful 0,478036 0,000242
denial 0,798508 0,000404
denied 0,287682 0,000146
denies 1,660731 0,000840
deny 0,301105 0,000152
denying 1,049822 0,000531
depends 0,198451 0,000100
derision 1,108663 0,000561
deserved 0,634878 0,000321
desk 0,891598 0,000451
desks 2,120264 0,001072
despair 0,198451 0,000100
desperate 0,328504 0,000166
desperately 0,843970 0,000427
diamonds 0,967584 0,000489
die 0,105361 0,000053
died 0,061875 0,000031
difficult 0,116534 0,000059
difficulties 0,385662 0,000195
difficulty 0,139262 0,000070
dig 0,776529 0,000393
digging 1,108663 0,000561
diligently 1,203973 0,000609
dinah 3,218876 0,001628
dinner 0,198451 0,000100
dipped 1,203973 0,000609
directed 0,287682 0,000146
direction 0,083382 0,000042
directions 0,314711 0,000159
disagree 1,966113 0,000994
disappeared 0,356675 0,000180
disappointment 0,462035 0,000234
disgust 0,446287 0,000226
dish 0,755023 0,000382
dishes 0,755023 0,000382
dismay 0,776529 0,000393
disobey 1,514128 0,000766
dispute 0,562119 0,000284
distance 0,105361 0,000053
distant 0,162519 0,000082
distraction 1,139434 0,000576
dive 1,347074 0,000681
dodged 1,660731 0,000840
dodo 2,813411 0,001423
dog 0,261365 0,000132
dogs 0,342490 0,000173
door 0,040822 0,000021
doors 0,105361 0,000053
doorway 0,798508 0,000404
dormouse 2,995732 0,001515
doth 1,049822 0,000531
double 0,186330 0,000094
doubled 0,653926 0,000331
doubling 1,714798 0,000867
doubt 0,040822 0,000021
doubtfully 1,660731 0,000840
downward 0,798508 0,000404
doze 1,427116 0,000722
dozing 1,272966 0,000644
draggled 2,525729 0,001278
draw 0,105361 0,000053
drawing 0,139262 0,000070
drawling 2,120264 0,001072
dreadful 0,342490 0,000173
dreadfully 1,021651 0,000517
dream 0,198451 0,000100
dreamed 0,562119 0,000284
dreaming 0,562119 0,000284
dreamy 1,347074 0,000681
dressed 0,261365 0,000132
drew 0,162519 0,000082
dried 0,462035 0,000234
driest 3,506558 0,001774
drink 0,150823 0,000076
drinking 0,371064 0,000188
dripping 0,891598 0,000451
drive 0,186330 0,000094
drop 0,150823 0,000076
dropped 0,274437 0,000139
dropping 0,673345 0,000341
drowned 0,616186 0,000312
drunk 0,415515 0,000210
dry 0,127833 0,000065
duchess 1,660731 0,000840
duck 1,171183 0,000592
dull 0,174353 0,000088
dunce 2,302585 0,001165
eager 0,210721 0,000107
eagerly 0,385662 0,000195
eaglet 3,912023 0,001979
ear 0,139262 0,000070
earls 2,302585 0,001165
earnestly 0,415515 0,000210
ears 0,105361 0,000053
earth 0,051293 0,000026
easily 0,072571 0,000037
easy 0,040822 0,000021
eat 0,083382 0,000042
eaten 0,446287 0,000226
eating 0,235722 0,000119
eats 1,078810 0,000546
edgar 2,207275 0,001116
edge 0,210721 0,000107
edition 0,287682 0,000146
editions 0,385662 0,000195
educations 2,813411 0,001423
edwin 2,813411 0,001423
eel 1,966113 0,000994
eels 2,040221 0,001032
egg 1,108663 0,000561
eggs 0,776529 0,000393
elbow 0,527633 0,000267
elbows 1,021651 0,000517
elegant 0,634878 0,000321
eleventh 1,347074 0,000681
emphasis 0,891598 0,000451
encourage 0,544727 0,000276
encouraged 0,527633 0,000267
encouraging 0,798508 0,000404
energetic 1,078810 0,000546
engaged 0,198451 0,000100
engine 1,021651 0,000517
england 0,385662 0,000195
english 0,094311 0,000048
engraved 1,386294 0,000701
enjoy 0,150823 0,000076
enormous 0,430783 0,000218
entangled 1,237874 0,000626
entrance 0,210721 0,000107
escape 0,094311 0,000048
est 1,309333 0,000662
evening 0,083382 0,000042
evidence 0,261365 0,000132
evidently 0,371064 0,000188
exact 0,287682 0,000146
examining 0,446287 0,000226
excellent 0,150823 0,000076
exclaimed 0,494296 0,000250
exclamation 0,994252 0,000503
execute 0,941609 0,000476
executed 0,733969 0,000371
executes 2,659260 0,001345
execution 0,597837 0,000302
executioner 1,560648 0,000789
executions 2,525729 0,001278
existence 0,162519 0,000082
expected 0,105361 0,000053
expecting 0,510826 0,000258
experiment 0,733969 0,000371
explain 0,186330 0,000094
explained 0,248461 0,000126
explanation 0,139262 0,000070
explanations 0,994252 0,000503
expressing 0,713350 0,000361
expression 0,127833 0,000065
extra 0,843970 0,000427
extraordinary 0,371064 0,000188
extras 2,995732 0,001515
extremely 0,385662 0,000195
eye 0,030459 0,000015
eyed 0,597837 0,000302
eyelids 0,916291 0,000463
eyes 0,010050 0,000005
fading 0,967584 0,000489
failure 0,446287 0,000226
faint 0,261365 0,000132
fainting 0,776529 0,000393
faintly 0,713350 0,000361
fair 0,051293 0,000026
fairy 1,078810 0,000546
fall 0,020203 0,000010
fallen 0,083382 0,000042
falling 0,083382 0,000042
familiarly 1,272966 0,000644
family 0,072571 0,000037
fan 0,916291 0,000463
fancied 0,579818 0,000293
fancy 0,198451 0,000100
fancying 1,427116 0,000722
fanned 1,660731 0,000840
fanning 1,832581 0,000927
farm 0,798508 0,000404
farmer 0,867501 0,000439
fashion 0,174353 0,000088
fast 0,061875 0,000031
faster 0,562119 0,000284
fat 0,314711 0,000159
father 0,072571 0,000037
favoured 1,021651 0,000517
favourite 0,653926 0,000331
fear 0,020203 0,000010
feared 0,235722 0,000119
feather 0,820981 0,000415
feathers 0,673345 0,000341
feeble 0,371064 0,000188
feebly 0,843970 0,000427
feel 0,020203 0,000010
feeling 0,105361 0,000053
feelings 0,314711 0,000159
feet 0,061875 0,000031
fell 0,051293 0,000026
fellow 0,051293 0,000026
fellows 0,287682 0,000146
fender 1,714798 0,000867
ferrets 3,506558 0,001774
fetch 0,616186 0,000312
fidgeted 2,302585 0,001165
field 0,150823 0,000076
fifteenth 1,237874 0,000626
fig 1,347074 0,000681
fight 0,162519 0,000082
fighting 0,342490 0,000173
figure 0,072571 0,000037
figures 0,248461 0,000126
fine 0,072571 0,000037
finger 0,261365 0,000132
finish 0,314711 0,000159
finished 0,162519 0,000082
finishing 0,843970 0,000427
fireplace 1,108663 0,000561
fish 0,314711 0,000159
fishes 0,967584 0,000489
fit 0,061875 0,000031
fits 0,634878 0,000321
fitted 0,261365 0,000132
flame 0,400478 0,000203
flamingo 2,813411 0,001423
flamingoes 3,218876 0,001628
flapper 3,218876 0,001628
flappers 3,506558 0,001774
flashed 0,693147 0,000351
flat 0,248461 0,000126
flavour 1,514128 0,000766
flew 0,314711 0,000159
flinging 1,203973 0,000609
flock 0,653926 0,000331
floor 0,186330 0,000094
flower 0,342490 0,000173
flowers 0,274437 0,000139
flown 1,237874 0,000626
flung 0,579818 0,000293
flurry 2,302585 0,001165
flustered 2,302585 0,001165
fluttered 0,967584 0,000489
fly 0,210721 0,000107
flying 0,235722 0,000119
folded 0,544727 0,000276
folding 1,049822 0,000531
follow 0,020203 0,000010
fond 0,287682 0,000146
foolish 0,235722 0,000119
foot 0,083382 0,000042
footman 1,469676 0,000743
footmen 1,660731 0,000840
footsteps 0,478036 0,000242
forehead 0,430783 0,000218
forepaws 2,659260 0,001345
forget 0,072571 0,000037
forgetting 0,597837 0,000302
forgot 0,261365 0,000132
forgotten 0,162519 0,000082
fork 1,021651 0,000517
form 0,040822 0,000021
fortunately 0,579818 0,000293
forwards 1,237874 0,000626
fountains 1,427116 0,000722
fourteenth 1,347074 0,000681
fourth 0,186330 0,000094
frame 0,235722 0,000119
frames 1,272966 0,000644
france 0,544727 0,000276
french 0,342490 0,000173
friend 0,040822 0,000021
friends 0,020203 0,000010
fright 0,653926 0,000331
frighten 0,798508 0,000404
frightened 0,301105 0,000152
frog 1,609438 0,000814
frontispiece 1,714798 0,000867
frowning 1,108663 0,000561
frying 1,714798 0,000867
fulcrum 2,995732 0,001515
fumbled 1,771957 0,000896
fun 0,798508 0,000404
funny 1,021651 0,000517
fur 0,994252 0,000503
furious 0,430783 0,000218
furiously 0,755023 0,000382
furrow 1,609438 0,000814
furrows 1,897120 0,000960
fury 0,328504 0,000166
gained 0,261365 0,000132
gallons 2,525729 0,001278
game 0,248461 0,000126
games 0,693147 0,000351
garden 0,198451 0,000100
gardeners 1,771957 0,000896
gather 0,328504 0,000166
gay 0,494296 0,000250
gazing 0,597837 0,000302
gently 0,235722 0,000119
geography 1,514128 0,000766
giddy 1,139434 0,000576
girl 0,235722 0,000119
girls 0,400478 0,000203
glad 0,072571 0,000037
glanced 0,653926 0,000331
glaring 0,967584 0,000489
glass 0,186330 0,000094
globe 0,891598 0,000451
gloomily 1,386294 0,000701
gloves 0,693147 0,000351
golden 0,342490 0,000173
goldfish 3,506558 0,001774
goose 0,941609 0,000476
graceful 0,494296 0,000250
grammar 1,203973 0,000609
grand 0,342490 0,000173
grant 0,371064 0,000188
grass 0,314711 0,000159
grave 0,127833 0,000065
gravely 0,693147 0,000351
gravy 2,525729 0,001278
grazed 1,660731 0,000840
green 0,105361 0,000053
grew 0,139262 0,000070
grey 0,562119 0,000284
grief 0,356675 0,000180
grin 0,967584 0,000489
grinned 1,514128 0,000766
grinning 1,049822 0,000531
grins 2,120264 0,001072
ground 0,030459 0,000015
grow 0,139262 0,000070
growing 0,174353 0,000088
growl 1,309333 0,000662
growled 1,203973 0,000609
growling 1,427116 0,000722
growls 2,302585 0,001165
grown 0,116534 0,000059
grumbled 1,203973 0,000609
grunt 2,040221 0,001032
grunted 1,560648 0,000789
gryphon 3,506558 0,001774
guard 0,174353 0,000088
guess 0,314711 0,000159
guessed 0,616186 0,000312
guests 0,446287 0,000226
guilt 0,544727 0,000276
guinea 1,237874 0,000626
hair 0,094311 0,000048
hall 0,314711 0,000159
hand 0,010050 0,000005
handed 0,274437 0,000139
hands 0,020203 0,000010
handsome 0,328504 0,000166
handwriting 1,237874 0,000626
hanging 0,261365 0,000132
happen 0,150823 0,000076
happened 0,094311 0,000048
happening 0,634878 0,000321
happy 0,072571 0,000037
hard 0,040822 0,000021
hare 1,203973 0,000609
harm 0,210721 0,000107
haste 0,371064 0,000188
hastily 0,462035 0,000234
hat 0,478036 0,000242
hatching 2,207275 0,001116
hate 0,274437 0,000139
hated 0,356675 0,000180
hatter 2,813411 0,001423
hatters 3,912023 0,001979
head 0,000000 0,000000
heads 0,094311 0,000048
heap 0,494296 0,000250
hear 0,010050 0,000005
heard 0,020203 0,000010
hearing 0,139262 0,000070
heart 0,010050 0,000005
hearth 0,867501 0,000439
hearthrug 2,525729 0,001278
hearts 0,261365 0,000132
heavy 0,030459 0,000015
hedge 0,994252 0,000503
hedgehog 2,995732 0,001515
hedgehogs 3,506558 0,001774
hedges 1,108663 0,000561
heels 0,446287 0,000226
height 0,261365 0,000132
held 0,040822 0,000021
helpless 0,328504 0,000166
herald 1,469676 0,000743
hide 0,287682 0,000146
hint 0,462035 0,000234
hippopotamus 2,995732 0,001515
hiss 1,347074 0,000681
histories 1,347074 0,000681
history 0,186330 0,000094
hit 0,356675 0,000180
hoarse 0,867501 0,000439
hoarsely 1,560648 0,000789
hold 0,020203 0,000010
holding 0,174353 0,000088
hole 0,356675 0,000180
holiday 0,798508 0,000404
hollow 0,446287 0,000226
honest 0,235722 0,000119
honour 0,510826 0,000258
hookah 3,912023 0,001979
hope 0,010050 0,000005
hoped 0,210721 0,000107
hopeful 0,916291 0,000463
hopeless 0,510826 0,000258
hoping 0,430783 0,000218
horse 0,162519 0,000082
hot 0,116534 0,000059
hour 0,083382 0,000042
hours 0,094311 0,000048
house 0,020203 0,000010
housemaid 1,660731 0,000840
houses 0,139262 0,000070
howled 1,386294 0,000701
howling 0,755023 0,000382
humble 0,301105 0,000152
humbly 0,867501 0,000439
hung 0,174353 0,000088
hungry 0,328504 0,000166
hunting 0,462035 0,000234
hurried 0,356675 0,000180
hurriedly 0,891598 0,000451
hurry 0,328504 0,000166
hurrying 0,673345 0,000341
hurt 0,198451 0,000100
hush 0,776529 0,000393
idea 0,105361 0,000053
idiot 0,941609 0,000476
idiotic 1,347074 0,000681
ignorant 0,301105 0,000152
iii 0,287682 0,000146
imagine 0,139262 0,000070
imitated 0,994252 0,000503
immense 0,314711 0,000159
impatient 0,371064 0,000188
impatiently 0,634878 0,000321
impertinent 1,171183 0,000592
impossible 0,094311 0,000048
improve 0,733969 0,000371
incessantly 0,916291 0,000463
inches 0,733969 0,000371
inclined 0,186330 0,000094
indignant 0,820981 0,000415
indignantly 1,203973 0,000609
injure 0,941609 0,000476
ink 0,941609 0,000476
inkstand 2,407946 0,001218
inquired 0,544727 0,000276
inquisitively 2,040221 0,001032
insolence 0,994252 0,000503
instance 0,150823 0,000076
instantly 0,356675 0,000180
insult 0,673345 0,000341
interrupt 0,755023 0,000382
interrupted 0,301105 0,000152
interrupting 1,203973 0,000609
introduce 0,562119 0,000284
introduced 0,356675 0,000180
invent 0,798508 0,000404
invented 0,597837 0,000302
invitation 0,579818 0,000293
invited 0,415515 0,000210
involved 0,579818 0,000293
inwards 1,966113 0,000994
irons 1,347074 0,000681
irritated 1,078810 0,000546
iv 0,328504 0,000166
ix 0,494296 0,000250
jack 0,820981 0,000415
jar 1,386294 0,000701
jaw 0,820981 0,000415
jaws 0,733969 0,000371
jelly 1,609438 0,000814
jogged 2,207275 0,001116
journey 0,198451 0,000100
joys 0,916291 0,000463
judge 0,116534 0,000059
judging 0,713350 0,000361
jug 1,386294 0,000701
jumped 0,653926 0,000331
jumping 0,798508 0,000404
juror 3,218876 0,001628
jurors 3,218876 0,001628
jury 1,237874 0,000626
jurymen 2,813411 0,001423
justice 0,162519 0,000082
kettle 1,272966 0,000644
key 0,356675 0,000180
kick 0,653926 0,000331
kid 1,469676 0,000743
kill 0,127833 0,000065
killing 0,597837 0,000302
kills 1,139434 0,000576
kindly 0,223144 0,000113
king 0,223144 0,000113
kings 0,527633 0,000267
kiss 0,562119 0,000284
kissed 0,462035 0,000234
kitchen 0,597837 0,000302
knave 1,714798 0,000867
knee 0,462035 0,000234
kneel 1,203973 0,000609
knelt 0,994252 0,000503
knife 0,356675 0,000180
knock 0,616186 0,000312
knocked 0,510826 0,000258
knocking 0,798508 0,000404
knot 0,673345 0,000341
knowledge 0,061875 0,000031
knuckles 1,514128 0,000766
label 1,771957 0,000896
labelled 2,525729 0,001278
lad 0,713350 0,000361
ladder 0,693147 0,000351
lady 0,248461 0,000126
laid 0,072571 0,000037
lamps 0,733969 0,000371
land 0,072571 0,000037
languid 1,049822 0,000531
lap 0,634878 0,000321
lark 1,609438 0,000814
lastly 0,867501 0,000439
late 0,094311 0,000048
latin 0,653926 0,000331
latitude 1,309333 0,000662
laugh 0,127833 0,000065
laughed 0,248461 0,000126
laughing 0,248461 0,000126
laughter 0,274437 0,000139
law 0,030459 0,000015
lay 0,051293 0,000026
lazily 1,237874 0,000626
lazy 0,616186 0,000312
leaders 0,820981 0,000415
leading 0,139262 0,000070
leaning 0,301105 0,000152
leant 1,609438 0,000814
leap 0,562119 0,000284
learn 0,020203 0,000010
learned 0,105361 0,000053
learning 0,301105 0,000152
learnt 0,713350 0,000361
leave 0,000000 0,000000
leaves 0,094311 0,000048
leaving 0,083382 0,000042
led 0,040822 0,000021
ledge 1,272966 0,000644
left 0,000000 0,000000
legged 1,108663 0,000561
legs 0,274437 0,000139
lessen 1,171183 0,000592
lesson 0,400478 0,000203
lessons 0,579818 0,000293
letter 0,116534 0,000059
letters 0,198451 0,000100
lewis 1,897120 0,000960
licking 1,272966 0,000644
lie 0,040822 0,000021
life -0,009950 -0,000005
lifted 0,274437 0,000139
limbs 0,274437 0,000139
linked 0,385662 0,000195
lips 0,127833 0,000065
list 0,400478 0,000203
listen 0,127833 0,000065
listened 0,274437 0,000139
listeners 1,609438 0,000814
listening 0,261365 0,000132
lit 0,653926 0,000331
live 0,010050 0,000005
lived 0,061875 0,000031
livery 1,609438 0,000814
lives 0,072571 0,000037
living 0,020203 0,000010
lizard 1,714798 0,000867
lobster 2,040221 0,001032
lobsters 2,995732 0,001515
lock 0,385662 0,000195
locked 0,430783 0,000218
locks 0,733969 0,000371
lodging 0,776529 0,000393
london 0,415515 0,000210
lonely 0,415515 0,000210
longitude 2,302585 0,001165
loose 0,105361 0,000053
lory 3,912023 0,001979
lose 0,094311 0,000048
losing 0,235722 0,000119
lost 0,020203 0,000010
loud 0,174353 0,000088
louder 0,527633 0,000267
loudly 0,400478 0,000203
love 0,051293 0,000026
loveliest 1,514128 0,000766
lovely 0,494296 0,000250
loving 0,478036 0,000242
lowing 2,525729 0,001278
luckily 1,203973 0,000609
lullaby 2,120264 0,001072
lying 0,061875 0,000031
mabel 2,995732 0,001515
machines 1,386294 0,000701
mad 0,261365 0,000132
magic 0,673345 0,000341
magpie 2,813411 0,001423
majesty 0,544727 0,000276
mallets 3,218876 0,001628
manage 0,462035 0,000234
managed 0,342490 0,000173
managing 1,386294 0,000701
manner 0,040822 0,000021
manners 0,274437 0,000139
maps 1,660731 0,000840
march 0,274437 0,000139
marched 0,891598 0,000451
mark 0,127833 0,000065
marked 0,061875 0,000031
marmalade 2,995732 0,001515
mary 0,693147 0,000351
master 0,083382 0,000042
matter 0,010050 0,000005
matters 0,139262 0,000070
meal 0,301105 0,000152
meaning 0,210721 0,000107
measure 0,301105 0,000152
meat 0,356675 0,000180
meekly 1,469676 0,000743
meet 0,010050 0,000005
meeting 0,186330 0,000094
melancholy 0,342490 0,000173
memorandum 1,966113 0,000994
memory 0,174353 0,000088
mentioned 0,223144 0,000113
merrily 1,272966 0,000644
messages 1,171183 0,000592
met 0,040822 0,000021
mice 1,514128 0,000766
middle 0,030459 0,000015
mile 0,342490 0,000173
miles 0,223144 0,000113
milk 0,446287 0,000226
millennium 2,525729 0,001278
mind 0,020203 0,000010
minded 0,400478 0,000203
minding 1,771957 0,000896
mineral 1,832581 0,000927
minute 0,235722 0,000119
minutes 0,235722 0,000119
mischief 0,494296 0,000250
miserable 0,210721 0,000107
mistake 0,223144 0,000113
mixed 0,385662 0,000195
mock 0,755023 0,000382
moderate 0,653926 0,000331
modern 0,314711 0,000159
moment 0,010050 0,000005
month 0,174353 0,000088
moon 0,287682 0,000146
moral 0,301105 0,000152
morals 1,237874 0,000626
morning 0,040822 0,000021
morsel 1,171183 0,000592
mournful 0,941609 0,000476
mournfully 1,514128 0,000766
mouse 0,941609 0,000476
mouth 0,105361 0,000053
mouths 0,462035 0,000234
muchness 3,912023 0,001979
muddle 2,040221 0,001032
multiplication 1,897120 0,000960
murder 0,314711 0,000159
murdering 1,309333 0,000662
muscular 1,203973 0,000609
mushroom 2,407946 0,001218
music 0,198451 0,000100
mustard 1,714798 0,000867
muttered 0,798508 0,000404
muttering 1,049822 0,000531
mystery 0,301105 0,000152
narrow 0,105361 0,000053
nasty 1,171183 0,000592
natural 0,094311 0,000048
natured 0,733969 0,000371
naturedly 1,897120 0,000960
neat 0,673345 0,000341
neatly 1,049822 0,000531
neck 0,186330 0,000094
neighbour 0,653926 0,000331
neighbouring 0,891598 0,000451
nervous 0,494296 0,000250
nest 0,733969 0,000371
newspapers 0,820981 0,000415
nibbled 2,525729 0,001278
nibbling 2,302585 0,001165
nice 0,400478 0,000203
nicely 1,021651 0,000517
night 0,010050 0,000005
nile 1,469676 0,000743
nodded 0,634878 0,000321
noise 0,139262 0,000070
noises 0,967584 0,000489
nonsense 0,478036 0,000242
normans 2,995732 0,001515
nose 0,274437 0,000139
note 0,127833 0,000065
notice 0,030459 0,000015
noticed 0,328504 0,000166
noticing 0,941609 0,000476
notion 0,371064 0,000188
nurse 0,478036 0,000242
nursing 0,867501 0,000439
obliged 0,287682 0,000146
oblong 1,514128 0,000766
obstacle 0,891598 0,000451
occasional 0,510826 0,000258
occasionally 0,371064 0,000188
occurred 0,261365 0,000132
odd 0,385662 0,000195
offend 1,171183 0,000592
offended 0,616186 0,000312
offer 0,162519 0,000082
officer 0,478036 0,000242
officers 0,494296 0,000250
ointment 2,302585 0,001165
oneself 1,386294 0,000701
onions 1,609438 0,000814
opinion 0,139262 0,000070
opportunity 0,061875 0,000031
orange 0,941609 0,000476
ornamented 1,171183 0,000592
overcome 0,261365 0,000132
overhead 0,843970 0,000427
owl 1,309333 0,000662
oyster 1,660731 0,000840
pace 0,328504 0,000166
pack 0,597837 0,000302
paint 0,693147 0,000351
painting 0,798508 0,000404
pair 0,235722 0,000119
pairs 1,171183 0,000592
pale 0,198451 0,000100
pan 0,967584 0,000489
panted 1,427116 0,000722
panther 1,897120 0,000960
panting 0,597837 0,000302
paper 0,083382 0,000042
parchment 1,832581 0,000927
pardon 0,301105 0,000152
pardoned 1,427116 0,000722
paris 0,562119 0,000284
partner 0,673345 0,000341
partners 0,994252 0,000503
party 0,061875 0,000031
pass 0,040822 0,000021
passage 0,139262 0,000070
passed 0,040822 0,000021
passing 0,094311 0,000048
passion 0,186330 0,000094
passionate 0,634878 0,000321
pat 1,386294 0,000701
patience 0,139262 0,000070
patiently 0,733969 0,000371
patriotic 1,469676 0,000743
patted 1,108663 0,000561
pattering 1,771957 0,000896
pattern 0,693147 0,000351
pause 0,371064 0,000188
paused 0,562119 0,000284
paw 1,560648 0,000789
paws 1,237874 0,000626
pebbles 1,427116 0,000722
peeped 1,049822 0,000531
peeping 1,139434 0,000576
peering 0,891598 0,000451
pegs 2,040221 0,001032
pence 1,560648 0,000789
pencil 0,634878 0,000321
pencils 2,207275 0,001116
pennyworth 2,525729 0,001278
people 0,010050 0,000005
pepper 1,309333 0,000662
perfectly 0,162519 0,000082
permitted 0,105361 0,000053
persisted 0,713350 0,000361
person 0,010050 0,000005
personal 0,223144 0,000113
persons 0,210721 0,000107
pet 1,021651 0,000517
picked 0,400478 0,000203
picking 0,634878 0,000321
picture 0,248461 0,000126
pictured 1,049822 0,000531
pictures 0,415515 0,000210
pie 1,514128 0,000766
piece 0,072571 0,000037
pieces 0,139262 0,000070
pig 0,634878 0,000321
pigeon 1,386294 0,000701
pigs 1,108663 0,000561
pinch 1,021651 0,000517
pinched 1,139434 0,000576
pine 0,673345 0,000341
pink 0,867501 0,000439
piteous 1,272966 0,000644
pitied 0,891598 0,000451
pity 0,150823 0,000076
plainly 0,261365 0,000132
plan 0,261365 0,000132
planning 1,021651 0,000517
plate 0,527633 0,000267
plates 0,653926 0,000331
play 0,072571 0,000037
played 0,198451 0,000100
players 1,108663 0,000561
playing 0,186330 0,000094
pleaded 0,891598 0,000451
pleasant 0,162519 0,000082
pleasanter 1,108663 0,000561
pleased 0,150823 0,000076
pleasing 0,653926 0,000331
pleasure 0,051293 0,000026
plenty 0,235722 0,000119
pocket 0,371064 0,000188
poison 0,446287 0,000226
poker 1,660731 0,000840
poky 2,813411 0,001423
politely 1,078810 0,000546
pool 0,798508 0,000404
poor 0,030459 0,000015
pop 1,966113 0,000994
pope 0,941609 0,000476
porpoise 2,813411 0,001423
position 0,162519 0,000082
positively 0,776529 0,000393
pot 0,597837 0,000302
pounds 0,494296 0,000250
pour 0,544727 0,000276
poured 0,385662 0,000195
powdered 1,609438 0,000814
practice 0,162519 0,000082
pray 0,371064 0,000188
precious 0,162519 0,000082
presently 0,385662 0,000195
pressed 0,274437 0,000139
pressing 0,385662 0,000195
pretend 0,446287 0,000226
pretending 0,755023 0,000382
pretexts 2,207275 0,001116
prettier 1,272966 0,000644
pretty 0,150823 0,000076
prevent 0,083382 0,000042
printed 0,174353 0,000088
prison 0,287682 0,000146
prisoner 0,385662 0,000195
prize 0,579818 0,000293
prizes 1,139434 0,000576
proceed 0,301105 0,000152
procession 0,733969 0,000371
processions 2,120264 0,001072
produced 0,105361 0,000053
producing 0,713350 0,000361
project -0,009950 -0,000005
promise 0,116534 0,000059
promised 0,198451 0,000100
promising 0,430783 0,000218
pronounced 0,446287 0,000226
proper 0,061875 0,000031
proposal 0,733969 0,000371
prosecute 1,660731 0,000840
protection 0,314711 0,000159
prove 0,174353 0,000088
proved 0,116534 0,000059
proves 0,776529 0,000393
provoking 1,078810 0,000546
puffed 1,272966 0,000644
pulled 0,371064 0,000188
pulling 0,634878 0,000321
pun 2,407946 0,001218
punching 2,525729 0,001278
punished 0,544727 0,000276
puppy 1,660731 0,000840
purple 0,616186 0,000312
purpose 0,040822 0,000021
purring 2,995732 0,001515
push 0,562119 0,000284
puss 2,407946 0,001218
puzzle 1,021651 0,000517
puzzled 0,494296 0,000250
puzzling 1,560648 0,000789
quadrille 2,813411 0,001423
quarrel 0,328504 0,000166
quarrelled 1,560648 0,000789
quarrelling 1,386294 0,000701
queen 0,415515 0,000210
queens 1,660731 0,000840
queer 0,776529 0,000393
queerest 1,966113 0,000994
question 0,051293 0,000026
questions 0,127833 0,000065
quick 0,139262 0,000070
quicker 0,867501 0,000439
quiet 0,116534 0,000059
quietly 0,261365 0,000132
quiver 1,021651 0,000517
rabbit 1,171183 0,000592
rabbits 1,660731 0,000840
race 0,198451 0,000100
railway 1,203973 0,000609
raised 0,061875 0,000031
raising 0,274437 0,000139
rapidly 0,371064 0,000188
rapped 1,514128 0,000766
rat 1,078810 0,000546
rate 0,274437 0,000139
rats 1,272966 0,000644
rattle 0,891598 0,000451
rattling 0,916291 0,000463
raven 1,514128 0,000766
ravens 1,897120 0,000960
raving 1,309333 0,000662
raw 0,713350 0,000361
reach 0,051293 0,000026
reaching 0,083382 0,000042
read 0,020203 0,000010
reading 0,061875 0,000031
ready 0,030459 0,000015
real 0,040822 0,000021
reality 0,328504 0,000166
rearing 1,514128 0,000766
reason 0,010050 0,000005
reasonable 0,116534 0,000059
reasons 0,223144 0,000113
received 0,040822 0,000021
recognised 0,891598 0,000451
recovered 0,385662 0,000195
red 0,072571 0,000037
reduced 0,371064 0,000188
reeds 1,386294 0,000701
reeling 1,514128 0,000766
refreshments 1,771957 0,000896
refused 0,235722 0,000119
regular 0,287682 0,000146
relief 0,198451 0,000100
relieved 0,478036 0,000242
remain 0,040822 0,000021
remained 0,116534 0,000059
remaining 0,094311 0,000048
remark 0,314711 0,000159
remarkable 0,235722 0,000119
remarked 0,415515 0,000210
remarking 1,427116 0,000722
remarks 0,462035 0,000234
remedies 0,415515 0,000210
remember 0,083382 0,000042
remembered 0,162519 0,000082
remembering 0,776529 0,000393
reminding 1,049822 0,000531
removed 0,061875 0,000031
repeat 0,328504 0,000166
repeated 0,127833 0,000065
repeating 0,527633 0,000267
replied 0,235722 0,000119
reply 0,174353 0,000088
resource 1,078810 0,000546
respect 0,094311 0,000048
respectable 0,430783 0,000218
respectful 0,755023 0,000382
rest 0,010050 0,000005
resting 0,314711 0,000159
result 0,174353 0,000088
retire 0,673345 0,000341
returned 0,061875 0,000031
returning 0,127833 0,000065
rich 0,139262 0,000070
riddle 1,203973 0,000609
riddles 1,714798 0,000867
ridge 0,994252 0,000503
ridges 1,469676 0,000743
ridiculous 0,478036 0,000242
righthand 3,912023 0,001979
rightly 0,430783 0,000218
ringlets 1,897120 0,000960
riper 2,302585 0,001165
rippling 1,560648 0,000789
rise 0,040822 0,000021
rises 0,634878 0,000321
rising 0,116534 0,000059
roared 0,673345 0,000341
roast 0,994252 0,000503
rock 0,385662 0,000195
rocket 2,407946 0,001218
rome 0,713350 0,000361
roof 0,223144 0,000113
roots 0,634878 0,000321
rope 0,616186 0,000312
rose 0,094311 0,000048
roses 0,941609 0,000476
roughly 0,544727 0,000276
row 0,544727 0,000276
royal 0,400478 0,000203
rubbed 0,544727 0,000276
rubbing 0,713350 0,000361
rude 0,342490 0,000173
rudeness 1,203973 0,000609
rule 0,198451 0,000100
rules 0,150823 0,000076
rumbling 1,609438 0,000814
rush 0,287682 0,000146
rushed 0,478036 0,000242
rustled 1,832581 0,000927
rustling 1,203973 0,000609
sad 0,223144 0,000113
sadly 0,510826 0,000258
safe 0,116534 0,000059
sage 0,916291 0,000463
salmon 1,660731 0,000840
salt 0,116534 0,000059
sand 0,597837 0,000302
sands 1,171183 0,000592
sang 0,415515 0,000210
sat 0,083382 0,000042
saucepan 2,120264 0,001072
saucepans 2,995732 0,001515
saucer 1,609438 0,000814
savage 0,356675 0,000180
save 0,030459 0,000015
saves 1,347074 0,000681
scale 0,446287 0,000226
scaly 2,207275 0,001116
school 0,174353 0,000088
schoolroom 1,966113 0,000994
scolded 1,427116 0,000722
scrambling 2,120264 0,001072
scratching 1,108663 0,000561
scream 0,693147 0,000351
screamed 0,733969 0,000371
screaming 0,916291 0,000463
scroll 1,714798 0,000867
sea 0,116534 0,000059
seals 1,347074 0,000681
search 0,051293 0,000026
seaside 2,407946 0,001218
seated 0,223144 0,000113
secret 0,061875 0,000031
seldom 0,301105 0,000152
sell 0,430783 0,000218
send 0,030459 0,000015
sending 0,083382 0,000042
sends 0,544727 0,000276
sensation 0,462035 0,000234
sense 0,051293 0,000026
sentence 0,127833 0,000065
sentenced 1,560648 0,000789
series 0,494296 0,000250
serpent 0,755023 0,000382
serpents 1,469676 0,000743
set 0,010050 0,000005
setting 0,186330 0,000094
settle 0,356675 0,000180
settled 0,127833 0,000065
settling 0,755023 0,000382
severely 0,634878 0,000321
severity 0,798508 0,000404
sha 1,309333 0,000662
shade 0,274437 0,000139
shake 0,287682 0,000146
shakespeare 1,171183 0,000592
shaking 0,371064 0,000188
shape 0,186330 0,000094
shaped 0,527633 0,000267
share 0,040822 0,000021
shared 0,139262 0,000070
sharing 0,248461 0,000126
shark 2,525729 0,001278
sharks 2,813411 0,001423
sharp 0,162519 0,000082
sharply 0,510826 0,000258
sheep 0,371064 0,000188
shelves 1,171183 0,000592
shepherd 0,941609 0,000476
shifting 0,891598 0,000451
shilling 1,203973 0,000609
shillings 1,171183 0,000592
shingle 1,897120 0,000960
shining 0,385662 0,000195
shiny 1,714798 0,000867
shiver 0,994252 0,000503
shock 0,446287 0,000226
shoes 0,430783 0,000218
shook 0,235722 0,000119
shore 0,342490 0,000173
short 0,020203 0,000010
shorter 0,579818 0,000293
shoulder 0,210721 0,000107
shoulders 0,174353 0,000088
shouted 0,478036 0,000242
shouting 0,446287 0,000226
shower 0,755023 0,000382
shriek 1,078810 0,000546
shrieked 1,171183 0,000592
shrieks 1,309333 0,000662
shrill 0,820981 0,000415
shrimp 3,218876 0,001628
shrink 1,139434 0,000576
shrinking 1,171183 0,000592
shut 0,072571 0,000037
shutting 0,941609 0,000476
shy 0,733969 0,000371
shyly 2,040221 0,001032
sigh 0,342490 0,000173
sighed 0,673345 0,000341
sighing 1,021651 0,000517
sight 0,051293 0,000026
sign 0,139262 0,000070
signed 0,843970 0,000427
signifies 1,272966 0,000644
signify 0,994252 0,000503
silence 0,105361 0,000053
silent 0,051293 0,000026
simple 0,094311 0,000048
simpleton 1,832581 0,000927
simply 0,150823 0,000076
sing 0,415515 0,000210
singers 1,386294 0,000701
singing 0,371064 0,000188
sink 0,462035 0,000234
sir 0,150823 0,000076
sister 0,356675 0,000180
sisters 0,527633 0,000267
sit 0,061875 0,000031
sits 0,820981 0,000415
sitting 0,105361 0,000053
sixpence 1,469676 0,000743
sixteenth 1,203973 0,000609
size 0,248461 0,000126
sizes 1,309333 0,000662
skimming 2,120264 0,001072
skirt 1,078810 0,000546
sky 0,210721 0,000107
slate 1,427116 0,000722
slates 2,813411 0,001423
sleep 0,072571 0,000037
sleepy 0,713350 0,000361
slightest 0,415515 0,000210
slipped 0,494296 0,000250
slippery 1,139434 0,000576
slowly 0,150823 0,000076
sluggard 3,218876 0,001628
smile 0,274437 0,000139
smiled 0,356675 0,000180
smiling 0,301105 0,000152
smoke 0,314711 0,000159
smoking 0,462035 0,000234
snail 1,832581 0,000927
snappishly 2,659260 0,001345
snatch 1,049822 0,000531
sneeze 1,660731 0,000840
sneezed 2,040221 0,001032
sneezes 2,995732 0,001515
sneezing 2,407946 0,001218
snorting 1,966113 0,000994
snout 1,966113 0,000994
sob 1,049822 0,000531
sobbed 1,078810 0,000546
sobbing 0,967584 0,000489
sobs 1,078810 0,000546
soft 0,210721 0,000107
softly 0,400478 0,000203
soldier 0,562119 0,000284
soldiers 0,653926 0,000331
solemn 0,301105 0,000152
solemnly 0,579818 0,000293
soles 1,386294 0,000701
solid 0,274437 0,000139
somersault 2,813411 0,001423
son 0,105361 0,000053
song 0,371064 0,000188
soothing 0,798508 0,000404
sorrow 0,287682 0,000146
sorrowful 1,021651 0,000517
sorrows 0,798508 0,000404
sort 0,105361 0,000053
sorts 0,356675 0,000180
sound 0,020203 0,000010
sounded 0,371064 0,000188
sounds 0,223144 0,000113
soup 1,078810 0,000546
sour 1,049822 0,000531
spades 2,040221 0,001032
speak 0,051293 0,000026
speaker 0,713350 0,000361
speaking 0,072571 0,000037
spectacles 0,843970 0,000427
speech 0,198451 0,000100
speed 0,328504 0,000166
spell 0,820981 0,000415
spirited 0,713350 0,000361
spite 0,139262 0,000070
splash 1,309333 0,000662
splashed 1,347074 0,000681
splashing 1,560648 0,000789
splendidly 1,171183 0,000592
spoke 0,116534 0,000059
spoken 0,150823 0,000076
spoon 1,171183 0,000592
spot 0,162519 0,000082
sprawling 1,347074 0,000681
spread 0,061875 0,000031
spreading 0,446287 0,000226
squeaked 2,813411 0,001423
squeaking 2,407946 0,001218
squeeze 1,171183 0,000592
squeezed 1,171183 0,000592
stairs 0,430783 0,000218
stalk 1,386294 0,000701
stamping 1,049822 0,000531
stand 0,000000 0,000000
standing 0,030459 0,000015
star 0,544727 0,000276
staring 0,634878 0,000321
start -0,009950 -0,000005
started 0,150823 0,000076
startled 0,415515 0,000210
station 0,356675 0,000180
stay 0,083382 0,000042
stays 1,078810 0,000546
steady 0,356675 0,000180
steam 0,820981 0,000415
sternly 0,820981 0,000415
stick 0,342490 0,000173
sticks 0,733969 0,000371
stiff 0,430783 0,000218
stingy 2,120264 0,001072
stirring 0,510826 0,000258
stockings 0,891598 0,000451
stole 0,494296 0,000250
stolen 0,430783 0,000218
stood 0,030459 0,000015
stool 0,733969 0,000371
stoop 1,049822 0,000531
story 0,051293 0,000026
straight 0,105361 0,000053
straightened 1,347074 0,000681
straightening 1,832581 0,000927
strange 0,061875 0,000031
strength 0,030459 0,000015
stretched 0,274437 0,000139
stretching 0,733969 0,000371
strings 0,843970 0,000427
struck 0,083382 0,000042
stuff 0,385662 0,000195
stupid 0,478036 0,000242
stupidest 2,407946 0,001218
stupidly 1,660731 0,000840
subdued 0,494296 0,000250
subject 0,072571 0,000037
subjects 0,356675 0,000180
submitted 0,755023 0,000382
succeeded 0,186330 0,000094
sudden 0,072571 0,000037
suddenly 0,040822 0,000021
suet 3,218876 0,001628
sugar 0,776529 0,000393
suit 0,261365 0,000132
sulkily 2,302585 0,001165
sulky 1,514128 0,000766
summer 0,186330 0,000094
sun 0,072571 0,000037
supple 1,171183 0,000592
suppose 0,072571 0,000037
suppress 1,049822 0,000531
suppressed 0,673345 0,000341
surprise 0,174353 0,000088
surprised 0,210721 0,000107
swallow 0,616186 0,000312
swallowed 0,462035 0,000234
swallowing 1,347074 0,000681
swam 1,108663 0,000561
sweet 0,174353 0,000088
swim 0,755023 0,000382
swimming 0,820981 0,000415
table 0,094311 0,000048
tail 0,462035 0,000234
tails 0,713350 0,000361
tale 0,287682 0,000146
tales 0,579818 0,000293
talk 0,083382 0,000042
talking 0,150823 0,000076
taller 0,941609 0,000476
tart 2,120264 0,001072
tarts 2,659260 0,001345
taste 0,174353 0,000088
tasted 0,544727 0,000276
tastes 0,634878 0,000321
taught 0,248461 0,000126
tea 0,579818 0,000293
teaching 0,462035 0,000234
teacup 3,506558 0,001774
teacups 2,995732 0,001515
teapot 2,040221 0,001032
tears 0,150823 0,000076
teases 3,506558 0,001774
teeth 0,198451 0,000100
telescope 1,609438 0,000814
telescopes 2,659260 0,001345
temper 0,274437 0,000139
tempered 0,653926 0,000331
terms 0,061875 0,000031
terribly 0,733969 0,000371
terrier 2,040221 0,001032
terror 0,198451 0,000100
thatched 2,120264 0,001072
thimble 2,040221 0,001032
thinking 0,274437 0,000139
thirteen 0,579818 0,000293
thistle 2,525729 0,001278
thoughtfully 0,994252 0,000503
threw 0,116534 0,000059
throat 0,261365 0,000132
throne 0,798508 0,000404
throw 0,083382 0,000042
throwing 0,287682 0,000146
thrown 0,116534 0,000059
thump 1,832581 0,000927
thunder 0,462035 0,000234
thunderstorm 2,040221 0,001032
tide 0,653926 0,000331
tidy 1,272966 0,000644
tie 0,510826 0,000258
tied 0,261365 0,000132
tight 0,616186 0,000312
time -0,009950 -0,000005
times 0,010050 0,000005
timid 0,544727 0,000276
timidly 1,171183 0,000592
tinkling 1,609438 0,000814
tiny 0,820981 0,000415
tiptoe 1,049822 0,000531
tired 0,198451 0,000100
tittered 2,302585 0,001165
toast 1,309333 0,000662
toes 0,755023 0,000382
toffee 3,506558 0,001774
tomorrow 0,755023 0,000382
tone 0,248461 0,000126
tones 0,713350 0,000361
tongue 0,162519 0,000082
tortoise 1,609438 0,000814
toss 1,049822 0,000531
tossing 0,916291 0,000463
touch 0,083382 0,000042
tougher 2,659260 0,001345
toys 1,347074 0,000681
trampled 0,843970 0,000427
traps 1,386294 0,000701
tray 1,309333 0,000662
treacle 2,995732 0,001515
treading 1,203973 0,000609
treat 0,287682 0,000146
treated 0,261365 0,000132
tree 0,235722 0,000119
trees 0,127833 0,000065
tremble 0,713350 0,000361
trembled 0,462035 0,000234
trembling 0,287682 0,000146
tremulous 1,347074 0,000681
trial 0,314711 0,000159
trials 0,941609 0,000476
trickling 1,609438 0,000814
tricks 0,579818 0,000293
trims 3,912023 0,001979
triumphantly 0,941609 0,000476
trot 1,139434 0,000576
trotting 1,514128 0,000766
trouble 0,051293 0,000026
true 0,020203 0,000010
trumpet 0,916291 0,000463
trusts 1,469676 0,000743
truth 0,030459 0,000015
truthful 1,427116 0,000722
tucked 1,237874 0,000626
tulip 2,995732 0,001515
tumbled 0,867501 0,000439
tumbling 0,967584 0,000489
tunnel 1,560648 0,000789
tureen 2,995732 0,001515
turkey 1,078810 0,000546
turtle 1,832581 0,000927
turtles 2,040221 0,001032
tut 1,897120 0,000960
twelfth 1,237874 0,000626
twentieth 1,108663 0,000561
twinkle 1,469676 0,000743
twinkled 1,427116 0,000722
twinkling 1,021651 0,000517
twist 1,021651 0,000517
ugh 1,771957 0,000896
uglification 3,912023 0,001979
uglify 3,912023 0,001979
uglifying 3,506558 0,001774
ugly 0,415515 0,000210
unable 0,248461 0,000126
uncivil 1,897120 0,000960
uncomfortable 0,798508 0,000404
uncomfortably 1,771957 0,000896
uncommon 0,798508 0,000404
uncommonly 1,386294 0,000701
uncorked 2,995732 0,001515
understand 0,030459 0,000015
understood 0,061875 0,000031
undertone 1,771957 0,000896
undo 1,309333 0,000662
uneasily 1,347074 0,000681
uneasy 0,544727 0,000276
unfolded 1,237874 0,000626
unfortunate 0,314711 0,000159
unhappy 0,400478 0,000203
unimportant 1,386294 0,000701
unjust 0,693147 0,000351
unlocking 1,771957 0,000896
unpleasant 0,562119 0,000284
unrolled 1,832581 0,000927
untwist 3,912023 0,001979
unusually 0,891598 0,000451
unwillingly 1,171183 0,000592
upright 0,328504 0,000166
upset 0,776529 0,000393
upsetting 1,771957 0,000896
upstairs 0,891598 0,000451
usual 0,139262 0,000070
usurpation 2,302585 0,001165
vague 0,579818 0,000293
vanished 0,527633 0,000267
vanishing 1,427116 0,000722
variations 1,347074 0,000681
vegetable 1,237874 0,000626
velvet 0,916291 0,000463
venture 0,342490 0,000173
ventured 0,478036 0,000242
verdict 1,272966 0,000644
verse 0,653926 0,000331
verses 0,941609 0,000476
vii 0,430783 0,000218
viii 0,446287 0,000226
vinegar 1,078810 0,000546
violence 0,248461 0,000126
violent 0,223144 0,000113
violently 0,462035 0,000234
visit 0,061875 0,000031
voice 0,020203 0,000010
voices 0,287682 0,000146
vote 1,078810 0,000546
vulgar 0,634878 0,000321
wag 1,771957 0,000896
wags 2,407946 0,001218
waist 0,713350 0,000361
waistcoat 1,021651 0,000517
wait 0,094311 0,000048
waited 0,198451 0,000100
waiting 0,083382 0,000042
wake 0,462035 0,000234
walk 0,105361 0,000053
walked 0,210721 0,000107
walking 0,083382 0,000042
walrus 2,995732 0,001515
wander 0,579818 0,000293
wandered 0,494296 0,000250
wandering 0,274437 0,000139
warning 0,248461 0,000126
wash 0,478036 0,000242
washing 0,579818 0,000293
waste 0,186330 0,000094
wasting 0,673345 0,000341
watch 0,094311 0,000048
watched 0,210721 0,000107
watching 0,210721 0,000107
water 0,051293 0,000026
waters 0,356675 0,000180
waving 0,653926 0,000331
weak 0,116534 0,000059
wearily 1,272966 0,000644
week 0,235722 0,000119
weeks 0,248461 0,000126
wept 0,597837 0,000302
wet 0,287682 0,000146
whiskers 1,171183 0,000592
whisper 0,446287 0,000226
whispered 0,400478 0,000203
whispers 1,049822 0,000531
whistle 0,843970 0,000427
whistling 0,916291 0,000463
white 0,051293 0,000026
whiting 2,813411 0,001423
wide 0,061875 0,000031
wider 0,755023 0,000382
wife 0,094311 0,000048
wig 1,309333 0,000662
wild 0,051293 0,000026
wildly 0,776529 0,000393
william 0,798508 0,000404
win 0,462035 0,000234
wind 0,105361 0,000053
window 0,274437 0,000139
wine 0,248461 0,000126
wings 0,430783 0,000218
wink 1,078810 0,000546
winter 0,198451 0,000100
wise 0,105361 0,000053
witness 0,198451 0,000100
wits 0,713350 0,000361
woke 0,820981 0,000415
woman 0,061875 0,000031
wonderful 0,162519 0,000082
wonderland 3,506558 0,001774
wood 0,116534 0,000059
wooden 0,415515 0,000210
word 0,020203 0,000010
wore 0,274437 0,000139
worm 0,843970 0,000427
worried 0,867501 0,000439
worry 0,820981 0,000415
worse 0,083382 0,000042
worth 0,061875 0,000031
wow 2,525729 0,001278
wrapping 1,386294 0,000701
wretched 0,328504 0,000166
wriggling 1,771957 0,000896
write 0,150823 0,000076
writhing 1,203973 0,000609
writing 0,061875 0,000031
written 0,051293 0,000026
wrong 0,083382 0,000042
wrote 0,150823 0,000076
xi 0,597837 0,000302
xii 0,579818 0,000293
yard 0,430783 0,000218
yards 0,400478 0,000203
yawned 1,272966 0,000644
yawning 1,237874 0,000626
yelled 1,427116 0,000722
yelp 2,120264 0,001072
yer 2,040221 0,001032
yesterday 0,301105 0,000152
youth 0,150823 0,000076
zealand 2,120264 0,001072
zigzag 2,207275 0,001116
